4923.53,1378.74,0.28003,38.1786,656542.3,82.2117,2476.82,27.0,41.566,11.196
5869.38,1447.96,0.24669,52.8788,846839.7,76.672,2400.97,72.0,42.0973,10.947
8485.61,2153.73,0.2538,89.4042,1149234.1,117.119,3212.44,81.0,38.809,12.416
14358.1,4744.5,0.33044,125.432,1972557.0,248.299,4240.64,93.0,31.3758,6.073
12068.8,3355.03,0.27799,131.565,1664904.4,171.364,4600.49,111.0,31.309,3.608
7985.51,2298.94,0.28788,90.0894,1105291.2,114.61,3082.88,43.0,37.7938,1.101
10065.1,3048.41,0.30286,91.0065,1418099.1,132.015,4403.68,49.0,33.4614,6.846
13059.2,4079.8,0.3124,126.347,1804823.9,190.203,4987.47,130.0,32.2431,10.63
6975.75,2000.82,0.28682,68.1352,986707.8,89.3835,3050.76,39.0,36.1469,17.757
7507.42,1785.63,0.23784,69.7991,1034374.44,92.6975,3466.4,54.0,34.1733,17.513
12160.7,4700.97,0.38657,111.51,1635160.9,177.141,4635.0,58.0,32.5961,12.103
16618.1,4146.99,0.24954,221.535,2343624.5,271.865,5604.18,114.0,21.8198,2.506
8756.98,3169.11,0.36189,67.1664,1225251.6,113.466,3536.49,80.0,36.9186,15.197
10715.7,2618.02,0.24431,133.669,1493088.4,169.668,4698.46,173.0,28.6731,0.588
14978.6,5358.02,0.35771,184.42,2101511.2,252.402,4482.46,40.0,26.8207,2.143
6903.07,2524.52,0.3657,64.7621,988881.94,91.6068,3602.81,67.0,37.0488,13.113
4211.79,756.03,0.1795,38.4127,551411.0,60.3838,2585.06,11.0,43.2595,2.211
16491.6,3660.39,0.22195,148.28,2261808.0,188.04,4145.99,124.0,31.8399,20.086
9883.17,3985.55,0.40326,87.1645,1364344.8,148.606,3968.36,102.0,33.7844,11.625
14520.9,3335.13,0.22967,173.411,2063747.2,220.687,4862.27,76.0,27.1357,2.846
21633.0,6082.36,0.28116,298.772,2939988.5,319.893,6629.88,289.0,18.6928,1.478
12759.8,3784.95,0.29663,157.91,1804109.1,225.325,4338.69,84.0,30.3916,1.562
8053.09,2278.69,0.28295,95.2448,1135454.4,107.183,3568.27,94.0,36.9107,2.351
4946.82,929.02,0.1878,47.1827,717249.0,56.6478,2177.86,71.0,42.829,2.033
7318.93,2282.92,0.31191,54.5334,1019758.1,121.116,3264.93,20.0,38.8185,15.707
15194.9,3509.72,0.23098,170.336,2150339.8,237.766,4839.14,71.0,27.6387,3.016
8169.11,2468.85,0.30221,88.3019,1158999.8,125.481,3601.74,3.0,36.2055,2.221
9070.43,2113.93,0.23305,108.079,1249834.5,139.433,4026.5,40.0,33.9976,2.117
13762.2,3848.59,0.27964,169.463,1930754.4,224.58,4469.02,85.0,29.4339,1.856
4476.25,948.05,0.21179,44.6088,610522.06,68.6934,2588.0,14.0,42.8954,2.386
8757.7,2486.06,0.28387,77.4158,1222507.4,109.393,4181.74,63.0,34.3706,2.01
11032.0,2751.93,0.24944,144.992,1490525.9,151.018,4464.04,61.0,30.694,3.241
7002.04,2195.4,0.31353,53.251,946451.9,104.743,2677.17,33.0,40.3809,9.793
9112.73,3021.65,0.33158,76.6029,1270260.8,128.975,3587.27,10.0,32.7601,19.199
12836.6,3146.86,0.24514,147.396,1771289.1,179.149,4535.35,29.0,30.2918,2.377
5741.47,1398.42,0.24356,63.5972,785387.06,87.0319,2915.27,41.0,38.8815,3.495
5431.88,1754.97,0.32308,45.0736,758578.44,88.9485,2830.56,39.0,41.512,11.772
5961.26,2047.14,0.3434,54.3636,811501.56,79.8227,3213.76,10.0,39.4808,7.615
5966.33,729.42,0.12225,51.1977,846408.4,71.1785,2353.3,59.0,42.3703,7.404
9459.62,2363.3,0.24983,114.419,1311351.8,126.926,4240.93,61.0,34.0443,2.291
5349.45,1604.31,0.2999,42.1887,733871.06,67.2212,2724.2,65.0,40.9458,14.928
7535.32,1941.11,0.2576,84.0821,1065279.4,94.6213,3877.46,44.0,35.5788,2.559
8663.47,1829.19,0.21113,82.1855,1199284.2,106.016,3805.09,58.0,35.6392,17.192
16029.0,4483.82,0.27973,189.54,2259551.8,222.16,5732.65,69.0,23.3727,1.441
10878.2,3132.51,0.28796,131.588,1531257.6,172.839,4236.8,61.0,32.5343,1.344
8765.64,2515.43,0.28696,101.059,1195294.2,135.203,3387.05,121.0,34.5365,1.334
8035.16,2698.13,0.33579,67.443,1176111.2,110.188,2371.29,75.0,41.9895,13.137
11414.3,3492.91,0.30601,128.768,1566967.5,161.907,4875.73,75.0,29.4112,4.06
11077.0,3720.45,0.33587,103.207,1528717.0,162.781,4253.94,77.0,32.7321,13.77
10892.0,2303.0,0.21143,133.573,1493505.9,148.256,4417.61,88.0,31.2882,2.116
6188.14,2264.56,0.36595,42.2496,871719.8,87.3835,3106.36,54.0,42.756,14.617
11607.9,3950.06,0.34029,118.21,1653179.8,197.21,4499.68,80.0,31.6864,2.667
12233.4,2328.63,0.19035,145.703,1655743.5,197.414,4949.53,137.0,30.2282,0.589
15108.0,3910.64,0.25884,190.612,2143026.2,215.652,5695.96,67.0,23.0308,1.299
15789.5,5592.85,0.35421,137.773,2230614.2,229.672,5355.58,47.0,31.1838,3.117
6637.48,2320.45,0.34959,78.9504,900733.06,94.2076,3258.69,57.0,38.6956,1.803
7266.76,3026.95,0.41654,70.5199,1009407.3,119.196,3220.65,66.0,37.9146,16.706
6387.29,2036.85,0.31889,62.571,869978.75,90.5397,3506.29,63.0,34.9401,1.86
8103.83,1987.97,0.24531,93.6066,1131326.2,122.716,3252.07,4.0,36.5516,0.569
18283.5,7070.32,0.3867,231.065,2457985.0,355.85,5036.67,211.0,25.83,16.81
5944.11,1247.39,0.20985,53.5273,830192.25,67.8687,3039.2,25.0,40.3431,4.268
5749.72,1146.55,0.1994,50.5717,807911.7,68.02,2808.35,8.0,40.2104,11.248
7964.65,2502.41,0.31418,62.1412,1074116.2,103.03,3314.09,32.0,39.186,12.81
8693.35,2824.59,0.32491,98.7593,1195801.1,146.375,3279.71,7.0,36.5168,1.361
7849.38,1617.91,0.20611,89.1966,1093705.9,106.879,3866.43,20.0,35.8109,1.523
10596.5,3488.52,0.32921,126.228,1430361.6,163.697,4134.13,49.0,33.3362,1.81
9481.84,2263.14,0.23868,72.9058,1357466.5,112.592,4063.27,20.0,31.7111,13.381
11748.3,2881.14,0.24523,168.012,1662696.8,185.079,4608.61,105.0,29.8501,2.378
9600.26,4086.06,0.42561,80.9803,1331066.1,154.269,3799.65,116.0,34.3795,2.556
5673.5,1175.27,0.20715,49.8895,802330.06,73.3706,3013.25,54.0,40.0136,12.182
6586.91,2379.78,0.36128,54.8249,941475.8,89.2376,2613.49,50.0,41.3721,6.466
4861.6,1010.48,0.20784,45.4566,677172.4,61.1832,2642.7,17.0,42.1864,3.565
7939.14,2077.72,0.2617,62.6585,1096769.4,92.8257,3741.71,46.0,36.2161,13.501
8099.29,2055.75,0.25381,72.1198,1160688.1,89.1048,3190.98,53.0,38.7871,14.907
6415.45,2090.3,0.32582,53.5065,929234.75,88.755,2814.61,16.0,40.7791,13.595
20388.9,6631.09,0.32523,179.064,2911868.5,291.339,7118.28,231.0,21.2566,11.77
10199.4,2947.45,0.28898,98.75,1419976.4,143.054,3946.85,68.0,34.3637,20.295
5587.22,1649.55,0.29523,46.5282,780294.1,63.557,1960.29,19.0,43.4824,2.47
7765.8,3046.22,0.39226,76.3482,1072139.1,125.826,3479.71,47.0,37.5455,10.585
23201.2,7029.38,0.30297,170.355,3291666.5,338.077,13043.34,222.0,24.9618,7.977
15228.4,4716.96,0.30974,180.15,2127633.2,241.319,5397.07,149.0,24.4006,2.31
8370.89,2056.35,0.24565,68.6898,1169357.4,92.7267,3317.46,24.0,37.5938,6.781
10832.0,2960.61,0.27332,129.109,1522665.0,171.867,4223.4,55.0,32.5283,1.404
13352.3,4380.27,0.32805,187.037,1835554.1,250.052,4454.27,29.0,29.5021,1.988
4136.47,1121.97,0.27123,33.0745,589357.6,48.9586,1896.79,13.0,44.5055,2.018
12671.3,3229.75,0.25488,162.051,1784997.5,210.542,4946.3,199.0,27.9145,1.931
8080.4,3017.63,0.37345,79.4121,1150282.4,125.3,3353.98,33.0,37.6292,3.171
5959.45,1967.05,0.33007,66.843,828863.6,94.0359,2990.74,40.0,40.5221,1.923
10277.3,2816.27,0.27402,105.275,1465330.0,161.249,3290.48,109.0,37.9433,16.416
5205.83,1401.71,0.26925,45.1495,723995.9,63.7101,2035.31,6.0,42.4762,8.394
8488.04,2404.0,0.28322,66.1988,1128069.1,105.829,3901.02,26.0,33.5417,12.426
8401.31,2234.12,0.26592,82.6024,1185184.2,119.281,4138.87,42.0,35.3393,2.613
14705.4,4976.92,0.33844,157.6,2065595.2,193.717,6425.83,49.0,23.7273,17.396
9515.33,2325.5,0.24439,113.26,1315507.8,126.802,4236.44,52.0,33.7565,3.092
6073.63,1404.39,0.23122,53.7462,850127.44,72.5064,3036.97,17.0,39.7104,4.535
4819.62,912.81,0.18939,46.8593,693681.0,56.5364,2190.65,79.0,42.7852,0.639
7668.08,2056.44,0.26818,90.1899,1090711.9,104.342,3823.35,43.0,36.0296,1.994
19667.0,6623.32,0.33677,254.207,2711574.0,330.287,5668.48,97.0,22.7958,5.504
7158.54,1903.43,0.26589,67.8359,993328.06,93.7658,3289.13,27.0,37.1863,10.504
15312.5,5617.84,0.36687,185.916,2119942.2,239.716,5153.44,135.0,27.044,19.225
7493.65,2508.38,0.33473,71.9069,1014622.25,111.711,3384.32,78.0,36.0176,4.132
18217.9,5365.63,0.29452,248.957,2479826.0,257.016,4939.51,260.0,26.5997,4.211
9867.99,2731.45,0.27679,100.62,1391827.1,136.626,3661.02,123.0,35.4742,2.065
15249.9,4140.39,0.2715,158.114,2151786.2,175.955,5391.04,29.0,26.2572,20.264
13947.5,3037.98,0.21781,177.771,1882142.4,206.163,4679.0,136.0,29.057,2.599
7957.35,1691.5,0.21257,74.7083,1137243.2,106.858,4044.1,104.0,34.9332,1.033
9633.14,2934.78,0.30465,74.9217,1321354.2,107.343,4526.18,40.0,32.4777,14.939
14904.3,3949.43,0.26498,186.673,2110468.5,210.811,5702.16,68.0,22.9061,1.238
5989.1,1124.17,0.1877,52.4633,837127.06,65.3767,3039.59,18.0,38.6416,3.77
10362.0,2980.12,0.2876,111.278,1399187.1,118.504,4611.68,33.0,32.1468,14.062
9524.0,2961.3,0.31093,70.5702,1357481.2,112.744,4212.75,60.0,37.7234,20.804
8948.75,3116.1,0.34821,68.8521,1279012.1,118.991,3456.31,67.0,37.0528,17.734
5920.15,1280.75,0.21633,54.3168,818458.0,76.7753,2754.31,19.0,40.559,1.299
10444.4,3212.26,0.30755,129.244,1390400.1,160.56,4036.87,32.0,33.7436,1.903
17662.8,5281.45,0.29901,236.247,2456645.0,311.2,5277.01,186.0,24.6908,6.269
5761.05,1782.55,0.30941,70.6883,804786.6,84.338,3041.84,37.0,40.2203,1.623
12397.4,3811.56,0.30744,106.658,1775789.8,167.687,5417.95,86.0,29.2207,15.99
7092.56,1652.39,0.23297,87.6601,981027.0,103.204,3876.7,22.0,36.1713,1.534
13241.1,4471.44,0.33769,155.562,1772024.1,203.799,4544.81,77.0,30.625,20.955
8567.76,2650.69,0.30937,71.2631,1164470.0,126.55,3764.39,69.0,34.7493,15.71
14860.8,5769.03,0.3882,207.941,1972293.0,252.961,5167.25,92.0,25.9917,5.704
6781.12,2303.37,0.33967,35.9111,914397.9,105.224,3052.35,48.0,38.6785,16.567
14044.1,5084.14,0.36201,196.031,1905095.0,238.808,5163.36,116.0,26.0258,8.19
17559.6,4895.36,0.27878,209.073,2439764.0,275.044,5870.3,236.0,20.6153,8.509
12005.3,3231.85,0.2692,132.917,1690920.0,174.119,4588.37,64.0,30.6244,3.336
5800.46,1313.12,0.22638,54.1766,788123.8,75.3907,2859.63,18.0,40.0483,2.497
6323.6,1718.4,0.27174,69.6129,902339.5,80.1728,3102.51,8.0,38.8601,1.717
6237.84,1767.98,0.28342,68.9692,894891.0,80.8742,3084.8,8.0,38.9391,1.958
9150.86,3057.22,0.33409,87.616,1299011.8,140.227,3478.35,8.0,35.9624,3.488
8112.78,2280.77,0.28113,60.4656,1135949.5,104.088,3351.91,91.0,36.906,1.763
7176.11,1868.41,0.26036,69.2462,1016686.6,86.2173,3705.98,29.0,37.6718,2.009
5645.24,2213.7,0.39213,52.8441,760535.06,90.3929,2629.77,65.0,40.8566,3.753
13516.2,3783.12,0.27989,112.655,1928939.8,183.565,4424.97,137.0,33.7457,17.962
14809.0,4198.28,0.28349,250.909,2009927.6,260.214,4844.29,289.0,27.2797,4.003
14327.3,4587.87,0.32021,184.566,1901448.0,246.249,5129.98,196.0,26.2627,2.324
9592.72,3217.56,0.33541,84.0236,1368994.9,138.988,3501.3,14.0,36.1192,3.728
16671.6,4967.97,0.29798,216.07,2311458.5,282.732,5708.15,200.0,22.0988,2.085
6073.81,2466.06,0.40601,37.8344,826767.2,92.3268,1619.97,7.0,43.377,11.756
23478.5,7043.81,0.30001,340.422,3209219.8,424.572,6311.34,184.0,19.686,1.513
11389.4,3781.73,0.33203,122.702,1588984.9,198.938,4632.17,67.0,30.4082,2.649
14275.5,6376.15,0.44664,140.135,1948667.4,227.156,5654.12,153.0,26.4409,18.047
7965.71,2609.86,0.32763,59.0017,1140623.0,112.307,3336.66,16.0,38.863,14.582
6522.2,2198.97,0.33715,88.2014,787647.8,113.954,2217.83,106.0,41.1269,15.967
11386.5,2956.41,0.25964,128.088,1584559.8,159.286,4444.61,96.0,31.3723,1.773
18670.6,5739.05,0.30738,254.031,2587153.8,313.554,5404.8,205.0,24.1973,4.981
7211.79,2366.82,0.32818,63.2965,991557.8,92.9191,3500.92,27.0,37.5477,3.543
7667.68,2785.28,0.36324,80.4353,1054164.0,93.5977,3359.58,58.0,37.6268,3.179
5945.0,1429.49,0.24045,54.3053,836860.44,72.4689,2918.21,58.0,39.385,2.97
3828.72,1200.98,0.31367,34.0591,521014.1,48.6031,1399.85,17.0,44.2753,1.544
22933.3,7794.33,0.33986,256.35,3103372.2,340.42,6203.88,289.0,19.6297,3.228
6974.81,2150.07,0.30826,64.7254,971324.56,81.7292,3971.43,72.0,37.4447,4.837
13924.4,4191.21,0.30099,160.378,1922559.0,207.405,4744.1,18.0,31.5759,14.181
7449.1,2162.3,0.29027,65.2559,1022819.1,95.7413,3078.3,55.0,39.6713,3.361
6814.01,2236.99,0.32829,64.3151,896913.56,102.066,2867.36,27.0,38.5691,4.899
10929.1,4529.06,0.4144,93.8278,1532998.6,165.413,3768.58,73.0,33.7784,17.168
7067.75,1363.95,0.19298,69.0177,965603.7,87.296,3292.3,19.0,38.4635,12.439
7703.11,1452.68,0.18858,62.0141,1078910.4,76.2383,3148.1,38.0,39.388,14.873
7923.31,2603.2,0.32854,50.0506,1063742.4,118.504,3009.26,31.0,39.9209,10.722
21623.2,4775.48,0.22084,280.799,2962740.0,398.916,6222.6,197.0,19.7932,0.0
6741.04,2313.78,0.34323,57.9659,944217.06,97.6082,3532.8,72.0,37.4916,1.764
14948.4,4762.67,0.3186,182.534,2075974.6,237.629,5290.54,156.0,24.9917,1.891
12735.9,5133.37,0.40306,117.296,1741818.5,200.592,4774.11,97.0,29.7832,14.586
8792.81,2446.77,0.27826,76.5511,1242608.4,107.309,3825.38,40.0,34.8999,18.972
9775.17,2554.38,0.26131,97.1913,1367803.9,121.969,3451.45,38.0,36.3214,10.705
14604.7,4934.71,0.33788,197.705,1984081.1,245.656,4631.55,34.0,28.3251,2.031
10213.5,3329.69,0.326,106.295,1407533.0,137.624,3770.46,19.0,37.0907,4.31
4765.77,1383.9,0.29038,40.619,641483.5,67.1129,1484.65,12.0,43.8872,4.991
4782.03,2168.17,0.45339,56.9202,626423.06,100.718,2831.34,65.0,41.7493,12.91
4976.25,2572.64,0.51698,45.4114,713874.9,93.2028,2540.15,55.0,43.3117,11.677
5508.19,944.89,0.17154,53.5755,752096.0,61.0698,3018.29,19.0,39.72,4.273
15148.5,4960.1,0.32743,227.221,2082246.6,253.002,5309.65,274.0,24.667,3.991
5652.75,2096.42,0.37086,67.0713,764209.2,102.549,3617.67,72.0,37.2139,15.147
4245.74,1008.71,0.23758,30.1362,578476.8,51.2135,2031.05,48.0,44.3538,6.62
7476.14,1782.84,0.23847,68.2496,1026222.2,94.4442,3484.79,59.0,37.8457,15.506
5664.62,1891.18,0.33385,61.4991,798386.9,73.0987,2517.14,62.0,41.7736,7.097
12019.4,2800.76,0.23301,144.484,1671293.4,197.309,4137.85,72.0,32.3024,1.987
8267.72,2910.08,0.35198,66.0698,1168706.6,120.756,3505.19,30.0,37.5631,13.485
11075.0,3388.84,0.30599,133.161,1526847.2,157.488,4888.95,76.0,29.418,3.191
4563.75,1731.45,0.37939,38.7611,627592.6,63.0592,1965.92,68.0,43.6889,12.666
8103.83,1987.97,0.24531,93.6066,1131326.2,122.716,3252.07,4.0,36.9848,0.569
4215.53,751.59,0.17829,39.1405,550019.5,62.9712,2589.74,11.0,43.3558,2.201
12332.8,4137.55,0.33549,149.718,1750690.1,225.235,4688.69,142.0,28.2083,18.842
6305.72,1630.3,0.25854,66.1291,853599.06,85.38,3280.28,46.0,38.4774,8.517
11795.7,2469.89,0.20938,145.971,1673413.9,179.407,4605.89,54.0,29.9611,1.016
9475.06,3038.75,0.32071,97.3684,1328750.5,123.51,3484.21,80.0,46.5464,13.053
16350.8,5038.49,0.30814,178.519,2309716.5,245.589,4798.29,60.0,23.8351,8.629
10221.0,3523.62,0.34474,93.9227,1424834.4,156.369,4715.44,35.0,32.8281,1.419
7453.88,2959.13,0.39699,58.6885,1058225.9,113.227,2805.23,68.0,40.4711,15.197
8367.51,2537.74,0.30328,98.2032,1143060.4,141.359,3270.67,10.0,36.5918,1.911
7823.98,2540.21,0.32466,86.8018,1102370.5,103.857,3482.71,26.0,35.4641,7.703
11024.1,2967.79,0.2692,111.544,1542635.1,161.041,4376.06,67.0,32.6294,3.601
6206.73,1319.99,0.21267,54.8813,853184.44,82.3306,2804.01,19.0,40.276,1.07
9230.12,2348.49,0.25443,98.9533,1301520.1,134.067,3676.82,12.0,33.9061,1.466
8132.05,2976.69,0.36604,63.7884,1124572.0,120.387,3580.01,13.0,37.6897,17.034
10171.5,1476.86,0.14519,136.161,1419337.0,161.377,4613.23,156.0,30.0667,1.692
19362.8,5947.76,0.30717,222.088,2720675.8,310.985,5773.79,202.0,21.7899,2.716
15512.4,5472.51,0.35278,116.323,2173632.8,207.003,5596.33,145.0,28.0289,11.282
16888.1,5855.34,0.34671,242.794,2285666.8,253.033,5526.38,128.0,23.3226,2.816
7532.86,2251.0,0.29882,59.4676,1033160.3,90.6505,3425.19,30.0,37.9086,3.526
12128.3,2382.49,0.19644,104.247,1706521.0,124.0,4288.58,39.0,32.9685,12.92
5840.53,964.96,0.16521,55.3865,809911.0,66.6202,2378.05,32.0,41.702,13.212
10161.5,2927.02,0.28804,131.366,1388921.9,143.901,4865.39,63.0,29.4376,3.612
4486.16,2257.47,0.5032,38.1351,610830.6,72.6826,1382.37,53.0,44.7176,8.05
11558.4,3650.34,0.31581,129.655,1530619.1,195.062,4510.43,153.0,30.9867,19.088
8266.84,3074.17,0.37186,91.7769,1155826.1,136.444,3600.95,30.0,35.5609,3.737
12050.9,4209.3,0.34929,94.4514,1693453.6,175.096,4744.98,91.0,32.439,10.985
9105.05,2110.11,0.23175,97.8518,1278955.1,128.357,3997.26,47.0,35.0869,3.756
8330.89,2054.49,0.24661,87.9469,1128079.1,96.9907,3610.31,52.0,36.4716,12.111
12695.3,4452.96,0.35075,154.32,1757121.8,167.312,5252.27,49.0,28.1273,4.352
8733.36,2443.67,0.2798,107.206,1241846.0,136.639,3893.2,70.0,34.8217,4.721
10460.7,4002.26,0.38259,93.486,1476134.0,138.583,4683.63,34.0,32.4178,14.117
10568.3,2643.34,0.25011,124.644,1423805.0,149.728,3650.98,24.0,34.8382,2.193
12796.9,2619.39,0.20468,156.75,1743597.8,194.253,4782.96,137.0,46.5464,0.878
11867.4,2616.79,0.2205,144.971,1648995.4,190.435,4096.32,68.0,32.1305,1.781
9708.84,2840.23,0.29254,117.128,1362414.6,153.436,4281.27,45.0,33.5768,3.552
19800.4,6058.84,0.30599,259.317,2759545.5,317.479,5548.88,72.0,23.438,3.294
6200.43,1953.69,0.31508,47.9087,844871.0,94.8885,2676.24,34.0,40.9394,15.609
11827.7,3440.12,0.29085,174.142,1628314.0,184.104,4908.47,48.0,27.9877,3.641
10721.2,2655.04,0.24764,73.6149,1526980.4,137.672,4205.52,66.0,33.5365,13.872
13748.6,4550.67,0.33099,158.84,1938032.4,211.193,5410.85,74.0,25.9936,3.38
6242.0,1476.69,0.23657,60.1645,863383.06,82.6684,2584.68,16.0,40.4929,5.565
7163.2,2396.02,0.33449,75.906,1004460.56,105.876,3354.5,54.0,37.6728,0.0
11329.3,3987.39,0.35195,131.272,1516779.9,173.172,4208.48,60.0,34.0585,2.287
6504.47,2417.5,0.37166,82.8337,913142.1,142.807,3268.65,86.0,38.1059,13.715
8487.24,1525.18,0.1797,72.5776,1118865.6,101.797,3512.1,46.0,38.634,13.921
5844.58,1259.43,0.21548,56.6225,755322.94,70.3441,2931.34,38.0,39.7464,18.957
8838.14,2351.54,0.26606,117.983,1215282.9,134.73,4163.85,134.0,32.85,2.213
14155.5,3365.67,0.23776,163.993,1945749.8,194.461,5022.6,132.0,29.2278,1.66
10762.5,3085.64,0.2867,104.689,1582706.0,148.084,4446.82,105.0,32.5714,19.951
10808.7,3807.06,0.35222,103.474,1497679.5,154.616,5081.6,68.0,33.2789,19.114
15995.0,5799.52,0.36258,180.031,2263974.2,249.045,5405.9,146.0,25.7002,17.381
6924.72,2153.74,0.31102,61.4582,989589.94,91.3526,3652.35,48.0,40.0924,14.874
4422.94,759.39,0.17169,41.1104,596663.94,58.9319,2467.21,21.0,43.8715,8.835
8276.29,2275.27,0.27491,71.1444,1135925.2,104.546,3427.4,66.0,37.739,12.307
17259.8,6042.38,0.35008,237.493,2375100.2,270.866,5516.19,139.0,24.8587,2.074
12366.2,3833.94,0.31003,178.571,1626971.2,235.033,4982.04,63.0,27.9519,4.677
13289.6,3590.55,0.27017,197.369,1824611.1,209.034,4562.34,175.0,29.1677,1.689
8154.12,2092.42,0.2566,90.0816,1089538.0,124.416,3909.83,36.0,36.4554,5.174
10843.5,2501.79,0.23071,124.143,1475034.0,172.488,3926.68,54.0,33.0211,1.534
5281.15,1996.35,0.37801,40.3513,730800.2,76.7278,2966.51,40.0,38.785,11.969
6967.47,2479.51,0.35586,60.595,987500.9,102.581,4302.46,38.0,37.3059,13.592
7918.44,2386.27,0.30135,61.7954,1133297.9,105.192,2897.83,40.0,40.3325,12.461
6297.19,2170.47,0.34467,57.8946,874858.9,91.3569,3573.55,76.0,37.4664,1.699
16129.7,6205.52,0.38472,182.867,2216723.2,314.267,5316.74,130.0,25.9684,19.612
15567.0,3915.28,0.25151,150.53,2200728.5,211.362,5593.87,80.0,25.7702,5.021
15048.1,5598.12,0.37201,191.263,2148460.8,272.606,5080.7,110.0,26.794,4.5
11829.8,4396.8,0.37167,101.137,1650861.0,165.027,4638.53,78.0,25.909,17.853
7663.98,2660.23,0.3471,112.039,1051865.4,83.3072,4160.44,93.0,34.0444,3.808
10266.9,2941.98,0.28654,104.285,1404198.5,144.136,4042.76,119.0,33.3907,2.102
4707.89,1916.59,0.4071,46.1055,690536.94,72.2653,2362.41,58.0,42.958,11.006
8125.81,2826.65,0.34786,84.9271,1094352.6,128.511,3554.17,21.0,36.2668,13.729
6374.13,1704.67,0.26743,60.675,910712.6,79.706,3595.48,47.0,37.8681,14.25
7708.5,2660.64,0.34515,58.895,1073573.0,102.692,2875.36,14.0,38.002,12.581
12236.3,5383.16,0.43993,93.0267,1743854.0,174.043,4047.17,73.0,36.0586,17.12
7906.69,2936.01,0.37133,82.5354,1101129.5,127.8,3382.05,95.0,37.3126,15.694
8514.13,2952.23,0.34674,93.8885,1171065.9,99.1935,3529.33,31.0,36.7236,19.449
10701.4,3832.9,0.35816,122.802,1481427.5,182.389,3796.1,37.0,32.2474,3.983
7095.36,2388.22,0.33658,62.3303,929211.8,108.108,2912.53,27.0,39.4031,4.232
7423.92,2443.98,0.3292,60.3206,1064893.4,100.145,4138.38,52.0,37.4722,12.887
8446.34,1673.54,0.19813,65.7365,1195684.4,81.2584,3640.03,45.0,38.17,12.168
7024.07,2117.74,0.30149,62.5418,970540.7,92.2206,3117.21,46.0,39.6146,1.703
7673.78,2860.39,0.37274,85.0497,1043122.75,105.434,3528.55,57.0,38.3773,15.165
16096.8,6556.31,0.4073,141.695,2240197.2,220.607,5302.24,112.0,29.5241,18.952
7615.03,2114.45,0.27766,79.0107,1041426.9,94.1462,3338.82,33.0,37.0369,6.383
7439.79,2923.08,0.39289,64.8899,1046345.3,106.307,3892.38,70.0,37.3798,4.741
9073.14,3249.04,0.35809,104.058,1182050.2,146.98,3902.03,91.0,35.8887,16.1
9877.78,3904.35,0.39526,131.127,1327765.8,180.989,4437.88,186.0,31.069,1.511
10024.7,3084.56,0.30769,90.4847,1430522.8,128.604,4177.4,106.0,32.7141,4.045
12068.9,3263.56,0.27041,155.32,1725407.0,166.231,4699.48,31.0,29.2118,2.26
10805.8,3898.72,0.36079,97.4205,1507701.1,137.758,3998.15,54.0,34.7574,17.665
15212.4,2869.44,0.18862,171.042,2165739.2,197.261,4218.46,135.0,31.4024,1.455
15056.2,4707.24,0.31264,214.37,2086456.9,256.725,5332.82,289.0,24.67,1.549
6682.21,1430.35,0.21405,73.1895,882407.1,93.1859,3513.14,69.0,38.3471,2.739
10363.9,2840.02,0.27403,104.838,1403797.2,128.403,3777.91,98.0,34.0458,17.458
7861.21,2550.49,0.32443,70.9584,1112672.4,97.7356,3406.7,40.0,35.6072,4.336
10747.4,3276.1,0.30482,116.323,1537348.5,136.946,3887.95,54.0,34.6139,2.014
15006.3,4235.97,0.28227,189.662,2085752.0,223.703,5632.28,144.0,22.6509,0.924
5092.83,1776.94,0.34891,56.0975,668143.44,76.6366,2639.3,55.0,41.1262,13.244
17400.8,4721.35,0.27132,174.709,2452622.8,229.359,5661.41,203.0,23.3433,20.399
7481.55,1797.22,0.24022,70.4857,1069247.0,98.3523,3097.3,11.0,37.6357,2.04
12089.4,3384.41,0.27994,143.315,1601128.5,177.687,4552.11,63.0,31.1644,3.085
4948.86,1176.84,0.2378,42.6801,688345.5,63.5468,2009.03,3.0,46.5464,2.283
8332.68,4332.36,0.51992,94.0188,1043129.94,144.82,2824.39,124.0,38.6213,15.503
5442.03,1473.71,0.2708,50.0656,690483.1,74.6843,2558.81,32.0,41.6227,15.503
7751.66,1818.99,0.23465,64.8108,1050160.0,101.025,3393.46,50.0,31.454,8.788
6466.04,1663.06,0.25719,68.6614,853723.1,92.937,3437.74,77.0,37.871,1.488
8271.27,2356.68,0.28492,89.3558,1171606.4,100.451,4075.72,33.0,35.2039,2.536
13475.4,4814.93,0.35731,168.55,1877843.5,227.605,4644.75,99.0,29.7563,7.19
8306.0,2240.77,0.26977,58.0691,1174297.4,87.8119,4888.63,43.0,35.3701,19.389
7836.5,3237.91,0.41318,67.4758,1073626.4,119.59,3646.1,69.0,34.7746,20.403
4462.77,1680.17,0.37648,29.8643,616643.0,68.4021,1993.21,52.0,44.5859,10.37
7783.94,3194.46,0.41039,89.1562,1079127.2,126.253,3494.73,109.0,36.2175,4.012
5874.04,1890.48,0.32183,64.1771,794637.9,90.3278,3402.69,71.0,37.285,15.873
15907.5,4353.39,0.27366,166.007,2262031.2,244.399,4863.65,60.0,28.4957,3.864
10059.4,4279.15,0.42538,106.816,1392715.6,166.771,4593.75,85.0,32.5166,13.82
4288.01,910.52,0.21234,39.782,588815.06,66.2835,2473.45,32.0,42.0293,10.296
5910.22,1467.22,0.24825,51.7424,770724.0,93.1418,3509.26,15.0,40.3069,1.764
13261.3,3332.8,0.25131,183.535,1801960.2,232.991,5074.76,187.0,25.9706,17.867
9164.36,2066.06,0.22544,101.837,1304229.0,124.193,3822.74,36.0,35.1787,2.776
4823.76,1193.25,0.24736,37.8809,669669.3,56.4626,1881.77,37.0,43.7607,12.002
7402.81,1373.04,0.18547,68.0922,966484.0,84.3093,3204.88,17.0,38.9323,11.421
15891.3,4593.12,0.28903,179.788,2143381.8,267.426,5302.88,196.0,25.1642,2.777
4770.72,1358.25,0.2847,43.2011,652996.7,60.3744,2601.54,60.0,40.0332,11.902
9933.38,2847.7,0.28667,99.4328,1360199.9,145.293,3871.26,119.0,35.1626,1.292
10828.6,2173.95,0.20076,113.086,1489225.9,170.871,3941.66,58.0,33.1051,1.28
20629.6,6533.13,0.31668,260.764,2808397.5,329.095,6037.79,325.0,21.4202,2.543
9755.27,3757.56,0.38518,66.3347,1306353.8,149.584,4743.74,83.0,33.8473,20.738
8686.11,2492.33,0.28693,92.1176,1203405.1,120.101,3834.73,103.0,34.8486,20.432
9614.69,2939.93,0.30577,94.3629,1370043.4,125.502,4094.54,101.0,33.8287,6.092
4388.73,1251.39,0.28513,33.5334,589087.6,55.6106,2524.91,36.0,41.6907,10.616
12311.8,3673.26,0.29835,110.562,1702364.2,149.074,4802.58,89.0,29.3422,16.453
11852.7,4318.68,0.36436,131.232,1701606.0,175.962,4606.48,154.0,26.7801,19.571
12092.5,3445.92,0.28496,153.173,1721685.4,184.921,4423.05,136.0,25.2699,8.143
6244.8,1450.83,0.23232,66.5697,875817.94,78.3416,2845.49,74.0,39.3443,6.732
8057.66,2565.38,0.31837,69.1339,1110280.1,121.477,4146.88,63.0,34.4803,17.096
20734.4,7997.71,0.38572,189.396,2876946.0,356.061,15835.92,155.0,26.8666,3.102
10756.3,2683.02,0.24943,61.1918,1517925.8,120.747,4755.29,58.0,32.6379,20.399
14221.9,4715.28,0.33155,112.497,2037977.4,191.903,4658.78,140.0,32.6004,16.973
12897.6,3461.64,0.26839,156.992,1835605.5,177.017,4928.7,28.0,29.1876,1.702
15930.9,5049.48,0.31696,210.289,2106430.8,247.408,5778.2,251.0,22.0264,2.232
10529.8,3761.46,0.35722,101.915,1457704.6,162.477,5797.29,40.0,33.7118,1.603
4852.57,1230.52,0.25358,48.9717,616366.25,61.798,2100.65,41.0,42.9576,2.869
8909.1,3709.19,0.41633,48.148,1209279.8,141.829,3946.62,60.0,35.5224,13.394
14247.7,4414.01,0.3098,161.886,1979236.1,213.89,5233.79,204.0,27.1678,1.626
14298.7,3837.31,0.26836,217.32,1951941.6,261.164,5156.86,155.0,25.081,3.07
15684.5,4503.86,0.28715,183.548,2153162.0,246.505,5514.33,164.0,25.9761,19.778
14911.8,5583.26,0.37441,186.624,2122643.2,273.834,5085.43,110.0,28.1914,4.614
5457.32,1153.01,0.21127,31.6991,786432.9,63.4893,2082.8,58.0,44.3344,8.811
14170.5,4687.44,0.33078,131.826,1985636.8,208.356,4873.08,111.0,28.7748,10.4
13646.8,4344.29,0.31833,112.767,1989217.2,168.035,4886.46,97.0,33.2154,18.378
6004.83,887.2,0.14774,49.4953,849081.7,69.5974,2687.98,1.0,42.2554,0.659
4801.35,966.3,0.20125,42.8424,643126.0,53.6351,2798.17,15.0,42.3702,8.607
6286.49,1975.83,0.31429,54.8213,873030.0,92.3076,2794.93,39.0,38.9073,1.296
9461.26,2901.78,0.3067,88.2041,1357903.4,120.865,4368.22,42.0,34.7081,1.597
15660.8,5322.1,0.33983,189.685,2140068.5,266.376,4739.4,47.0,28.3544,2.142
7048.71,992.9,0.14086,64.6299,1010595.75,71.7451,2902.67,43.0,38.9351,16.286
6982.76,2185.0,0.31291,59.3893,982543.1,112.028,3421.57,27.0,37.7579,15.061
14281.6,4625.55,0.32388,185.587,1972729.6,224.615,5402.74,69.0,22.729,14.286
15014.2,4620.57,0.30774,160.941,2093965.1,198.524,5507.41,36.0,27.0795,10.348
9586.05,4301.01,0.44867,100.487,1336227.8,141.109,3477.4,44.0,37.0512,13.736
6942.69,2063.78,0.29725,75.6742,946676.8,109.072,3065.67,80.0,38.8877,0.914
8589.97,2215.66,0.25793,98.891,1207888.0,128.133,3226.15,4.0,37.5302,0.52
8259.29,2719.28,0.32923,76.1237,1087132.8,122.143,3763.75,58.0,35.5364,14.923
10924.5,3207.07,0.29356,102.337,1543547.9,149.806,3799.01,134.0,35.8465,3.146
13398.9,5049.32,0.37684,190.344,1754753.1,267.444,4829.71,89.0,28.3487,5.962
10159.9,3370.89,0.33178,94.4377,1445714.8,141.353,4121.44,96.0,33.731,8.328
6475.79,2112.66,0.32623,53.3732,927703.6,80.0704,3032.14,28.0,39.8674,8.834
14632.6,4962.02,0.3391,164.194,2093249.5,236.802,4700.99,47.0,27.5535,3.872
17554.7,6245.76,0.35578,186.495,2427438.5,278.803,6004.65,110.0,24.5028,6.579
7747.52,2054.08,0.26512,72.8139,1094240.8,87.7675,3148.68,50.0,39.98,14.148
6396.33,1402.88,0.21932,54.5782,866976.94,80.8549,2651.95,30.0,40.0155,10.861
8679.38,2268.37,0.26135,98.6792,1182078.2,126.544,3506.61,10.0,36.7588,1.332
6775.82,2026.75,0.29911,54.2573,883653.5,109.377,3837.87,22.0,39.5385,4.255
9597.56,3297.93,0.34362,98.2273,1377070.9,119.271,4137.55,90.0,32.3869,6.367
8064.62,1531.78,0.18993,82.7486,1152629.5,96.7329,3805.05,18.0,35.7048,1.878
8810.43,1992.46,0.22614,74.9519,1186478.9,110.0,3585.38,31.0,37.825,14.842
15199.3,3808.96,0.2506,232.431,2147278.2,274.959,5572.01,100.0,22.0287,2.597
8145.19,2529.02,0.31049,74.5743,1101907.4,106.153,3591.86,89.0,33.7672,16.807
15192.3,5012.69,0.32994,189.114,1992301.6,219.351,4355.45,103.0,30.4036,2.5
15507.1,5048.64,0.32556,156.667,2210158.0,220.905,5950.56,71.0,24.6453,2.094
9692.51,3938.02,0.40629,88.7179,1294051.4,158.016,4775.47,95.0,30.8643,13.669
6286.32,2050.16,0.32613,55.5636,866250.0,82.7705,2821.29,25.0,40.6045,3.503
5719.49,949.98,0.16609,51.0484,787429.56,62.8445,3034.12,23.0,39.6782,3.839
18535.1,5238.55,0.28262,246.58,2490569.8,307.948,5657.78,312.0,21.747,3.001
9913.53,2716.87,0.27405,105.161,1409729.6,148.818,3983.46,46.0,33.0649,1.799
10423.7,2077.28,0.19928,130.45,1472353.6,169.793,4535.29,53.0,46.5464,0.0
5628.69,1361.9,0.24195,39.0548,795327.9,66.3657,2458.74,21.0,41.7044,3.001
11955.4,2751.68,0.23016,149.846,1682298.5,174.106,4688.5,143.0,29.4095,3.69
7299.29,1993.46,0.2731,57.7718,1032753.94,81.2167,3692.84,44.0,37.986,14.799
4834.66,1221.78,0.25271,49.8648,615808.7,61.0948,2115.65,41.0,42.9349,3.303
16377.3,4922.04,0.30054,213.667,2277581.0,302.774,5630.34,99.0,23.0778,2.403
6014.12,1375.67,0.22874,67.7015,839866.3,83.7065,2807.55,78.0,39.3263,7.202
17783.3,4566.33,0.25677,230.488,2517972.0,276.306,5553.1,97.0,23.4615,2.514
6990.85,2291.64,0.3278,65.0122,946714.4,98.4675,3099.66,20.0,40.1714,1.478
6614.68,1491.04,0.22541,66.3961,880290.5,97.3777,3380.58,81.0,38.5175,1.23
11181.0,3036.41,0.27156,131.647,1597838.5,168.944,4444.98,44.0,31.7046,3.0
11317.2,2938.49,0.25964,115.115,1593660.5,159.73,4446.79,74.0,32.4774,2.292
5069.4,977.34,0.19279,42.9789,732479.75,62.026,2175.06,80.0,42.7572,0.749
8204.24,2549.61,0.31076,69.9561,1100186.9,116.03,4646.4,68.0,35.9372,4.534
5342.56,1513.71,0.28333,55.119,723470.6,79.0943,3120.68,16.0,40.9942,10.893
20629.2,7675.32,0.37206,208.294,2755653.2,283.457,6266.58,131.0,21.1682,18.51
8646.97,1895.57,0.21921,93.9689,1155989.5,122.277,3902.49,42.0,40.0517,13.01
9034.73,3547.35,0.39263,71.8083,1269078.8,125.314,3749.56,39.0,35.3853,16.622
23931.4,10706.8,0.44739,156.185,3305071.2,388.062,6017.26,146.0,21.035,16.819
8868.03,2506.42,0.28263,100.186,1216629.6,120.658,3899.75,13.0,34.0405,1.886
5751.45,1750.94,0.30443,55.9904,790338.1,83.2056,2951.48,38.0,40.0088,14.887
5778.22,1952.1,0.33783,70.6767,802533.06,86.3493,2984.94,37.0,40.2404,2.025
13218.8,4647.27,0.35156,125.823,1884306.8,200.964,4839.93,108.0,28.5171,19.733
15188.5,3298.28,0.21715,179.343,2150982.8,222.526,5053.75,216.0,27.1516,5.898
9908.52,4077.47,0.41151,88.7125,1395028.9,175.13,4375.98,89.0,35.1046,19.214
15304.1,6139.84,0.40118,159.125,2091840.9,223.349,5112.17,133.0,26.351,10.485
6298.75,1563.13,0.24816,69.0466,891688.5,74.0548,3062.93,18.0,39.031,2.682
9294.15,2869.02,0.30869,102.646,1312711.1,133.053,3592.2,18.0,35.6208,2.557
16989.4,4415.8,0.25991,233.995,2352673.8,262.26,5691.85,203.0,22.1198,1.908
11592.6,3560.53,0.30713,59.8049,1604047.6,157.844,4370.22,92.0,31.4948,20.03
4209.55,884.75,0.21017,31.6218,590340.94,46.5092,2010.51,55.0,44.411,9.283
14637.1,5030.95,0.34371,157.106,2086223.5,226.699,5642.32,77.0,25.0858,2.521
8375.01,1409.45,0.16829,74.3303,1129213.6,102.165,3911.34,35.0,38.8398,9.99
6395.42,1472.61,0.23026,66.7696,901573.3,75.5312,2846.77,71.0,39.2992,7.234
20629.2,7675.32,0.37206,208.294,2755653.2,283.457,6266.58,131.0,21.1682,18.51
9191.81,3087.06,0.33584,74.4504,1272529.4,125.053,4226.31,17.0,33.3529,10.43
4710.6,958.61,0.2035,44.727,675866.2,53.5277,2184.89,80.0,42.8035,0.702
10451.3,3297.17,0.31547,120.565,1448300.8,177.777,4007.35,28.0,32.3251,3.031
8136.46,1671.34,0.20541,74.1072,1162469.1,108.899,4041.3,104.0,34.9503,0.763
8522.14,2536.63,0.29765,86.008,1137557.0,139.684,3844.18,32.0,36.0701,4.571
13771.1,5108.39,0.37095,165.11,1924772.0,260.322,4447.67,76.0,46.5464,13.074
6899.39,2379.75,0.34492,62.1195,966017.2,97.963,2836.05,39.0,40.6227,2.156
8582.47,3289.88,0.38332,95.6102,1166992.2,149.449,3805.41,62.0,36.252,15.046
7051.51,2417.99,0.3429,76.9488,958350.0,98.4132,3335.96,51.0,38.2135,1.268
9145.88,2257.24,0.2468,95.46,1233941.1,135.296,3554.76,7.0,36.5977,1.013
16586.9,6463.82,0.38969,108.836,2306381.5,265.263,17393.66,70.0,29.7411,20.425
12291.5,2991.97,0.24341,118.294,1679678.2,154.923,3936.07,225.0,32.6623,2.305
8445.82,2370.26,0.28064,84.2837,1196723.4,111.525,3979.15,43.0,35.4691,2.376
8417.93,2239.69,0.26606,95.0585,1187906.6,132.987,3126.48,5.0,36.9806,0.685
6732.96,2630.4,0.39067,58.6573,898527.4,103.97,3821.74,35.0,36.6152,14.372
6047.86,2491.28,0.41192,40.5923,816930.7,105.084,2074.41,10.0,41.4635,15.016
8067.97,2983.04,0.36973,64.2523,1075299.1,121.073,3213.45,65.0,38.6893,15.156
12307.6,3185.69,0.25883,138.927,1717829.9,165.766,4933.28,38.0,28.9538,4.585
15528.3,6684.16,0.43045,172.545,2141237.8,262.39,5921.28,161.0,23.3736,20.54
5997.6,1749.22,0.29165,50.3344,840599.06,92.4523,2429.32,70.0,41.0935,12.118
6911.73,2927.57,0.42356,49.7018,968303.9,118.386,2856.09,85.0,39.6024,13.75
8195.81,2770.33,0.33801,85.0387,1113316.2,126.969,3671.35,65.0,35.7011,19.183
14933.2,5821.87,0.38986,150.522,2076386.4,234.438,6790.09,70.0,28.3615,3.713
6381.63,1321.97,0.20715,59.8498,874323.9,84.9914,2803.86,17.0,40.6602,1.051
7599.16,2770.08,0.36452,72.6536,1027995.06,101.781,3065.38,10.0,36.3762,8.521
5180.68,1079.78,0.20842,49.9209,739893.06,67.4806,2179.62,78.0,42.9114,1.79
5856.55,838.74,0.14321,50.6177,823674.4,73.3534,2716.73,1.0,42.1478,0.753
7512.49,1910.14,0.25426,67.3247,1036887.6,101.969,3640.71,27.0,36.1255,1.197
5622.88,1855.46,0.32998,56.9716,797239.94,78.1354,2554.07,61.0,41.6412,7.959
4823.62,2088.63,0.433,38.1007,652312.44,89.5135,1497.18,7.0,43.6418,11.785
7970.4,1817.24,0.22799,101.845,1069012.1,127.403,3396.34,11.0,35.9735,1.157
10898.2,5293.78,0.48574,125.891,1560282.0,181.641,4227.9,129.0,33.7615,18.142
4189.18,757.58,0.18084,38.8047,553113.7,53.7563,2433.08,10.0,44.0963,9.93
7788.55,2132.01,0.27373,88.1869,1066336.1,112.087,3108.95,20.0,37.6819,0.765
16510.2,5112.55,0.30966,166.543,2303245.2,229.626,5704.86,97.0,24.1332,8.986
13799.5,3196.91,0.23166,163.923,1875564.5,224.496,4725.65,98.0,28.7595,1.782
11240.5,4054.36,0.36069,90.0798,1515844.1,166.429,4601.15,83.0,31.9357,16.958
6227.51,2134.61,0.34277,62.0299,814777.7,100.348,2504.5,34.0,40.0686,2.578
8974.64,2039.86,0.22729,101.666,1247180.9,138.386,3678.63,13.0,33.8393,1.587
8147.24,1328.54,0.16306,78.6339,1147294.5,93.8772,3770.92,29.0,34.0686,1.781
5215.59,1430.06,0.27418,48.107,742554.44,71.7227,2524.75,47.0,42.0014,10.266
5937.47,1260.56,0.2123,56.1589,811899.06,75.8285,2786.59,17.0,40.3568,1.014
4612.41,1853.19,0.40178,41.8433,676354.44,74.3805,2304.74,50.0,43.2223,9.933
5675.0,2182.58,0.38459,51.1311,792112.75,89.5183,2533.67,84.0,40.9077,12.597
7116.77,2443.0,0.34327,70.1582,982229.25,119.546,3074.41,32.0,37.596,12.321
11699.9,4694.9,0.40127,133.28,1646590.2,186.308,4966.46,145.0,26.7564,12.104
9867.27,3659.54,0.37087,94.4815,1403813.5,148.044,3733.67,31.0,35.8785,4.828
5741.53,1782.25,0.31041,44.9719,828959.6,72.7759,2608.75,46.0,42.0276,9.488
23198.5,5450.32,0.23494,318.948,3196360.5,401.845,6235.43,150.0,19.8688,0.959
7340.45,1555.06,0.21184,75.2831,998093.7,88.3031,3411.94,30.0,37.886,15.093
15939.2,6928.46,0.43468,211.031,2150625.0,294.004,5482.91,263.0,23.3537,20.556
7746.55,1763.28,0.22762,66.883,1014391.44,92.9116,3314.92,17.0,38.5023,8.135
4870.59,1689.99,0.34697,47.9102,685379.75,68.5453,2081.29,32.0,43.1728,1.66
14827.1,4579.88,0.30888,184.944,2066162.2,226.37,5369.86,72.0,21.4586,12.362
6027.56,826.87,0.13718,46.8923,794971.2,68.4559,2749.83,53.0,40.6462,17.618
6461.36,1524.08,0.23587,55.4989,906502.0,86.7505,3156.64,8.0,39.1729,11.454
6090.46,1953.25,0.3207,54.5619,834053.75,81.8578,2360.37,43.0,40.7925,14.66
5883.5,2417.93,0.41096,56.5636,842333.75,94.8413,2513.33,82.0,40.8234,14.995
16413.9,3853.85,0.23479,178.699,2230477.8,192.03,5342.49,174.0,25.9525,17.043
7874.63,1950.66,0.24771,71.977,1047567.25,98.7366,3575.61,90.0,38.2514,12.01
7072.89,1950.54,0.27577,76.6266,967709.25,99.1978,2812.05,104.0,38.6271,1.69
8040.99,2153.47,0.26781,72.4377,1123690.0,105.556,4078.6,16.0,34.2749,4.308
5212.38,1899.22,0.36436,56.5492,688372.4,82.9994,2470.4,46.0,41.7504,14.584
5023.15,1620.27,0.32256,49.1448,705577.06,70.9685,2154.92,20.0,43.0822,1.89
11391.4,3673.92,0.32251,86.343,1526737.5,169.862,4190.81,7.0,33.2469,13.634
8317.95,2275.27,0.27353,74.1883,1212428.8,105.502,3168.69,31.0,36.8904,1.815
11052.2,4721.68,0.42721,102.186,1439698.9,198.665,4619.74,114.0,33.5839,19.995
8992.93,2166.42,0.2409,100.69,1271679.5,126.067,3812.7,52.0,35.142,3.17
7398.92,2747.66,0.37135,55.7456,1059499.5,104.788,3855.29,19.0,37.0257,16.073
5694.01,2153.82,0.37826,54.1455,782274.94,80.9787,2686.73,22.0,40.5869,3.38
4665.32,1523.37,0.32653,39.5949,638212.75,60.7077,2012.25,18.0,43.3725,13.275
7339.89,1818.16,0.2477,81.5094,1012628.8,95.6578,3461.5,107.0,36.4586,14.175
5819.71,2298.32,0.39492,60.961,785775.3,93.6915,3399.72,48.0,38.0112,15.438
6366.81,1795.96,0.28208,58.6827,831461.9,81.7284,2674.74,47.0,39.1584,3.852
7686.87,2519.94,0.32782,61.5514,1071062.8,100.284,3664.67,15.0,38.5757,15.986
4044.34,1286.75,0.31816,34.1852,554462.9,50.0208,1387.26,17.0,44.1654,1.328
9590.88,3914.82,0.40818,88.847,1395587.9,135.635,3867.78,33.0,33.2368,16.614
9634.76,2455.82,0.25489,105.249,1366853.9,150.798,4000.43,45.0,46.5464,1.551
10901.7,4372.62,0.40109,90.9885,1541335.1,160.573,3617.81,55.0,33.5201,15.368
11779.0,4196.32,0.35625,117.382,1641684.9,168.074,4363.44,60.0,33.3166,4.536
6401.69,2534.98,0.39598,53.9546,886109.5,90.518,2880.07,49.0,40.0945,7.582
12776.2,3667.78,0.28707,159.041,1771098.2,227.741,4424.52,92.0,25.0081,1.693
9544.61,3474.2,0.36399,103.392,1354122.2,130.598,3297.46,44.0,35.2315,17.355
7493.8,2910.46,0.38838,81.9982,1024119.9,121.381,3302.79,50.0,35.8305,15.677
12056.7,4513.77,0.37437,83.8225,1674322.4,187.92,4320.86,23.0,34.8238,16.735
15946.8,5085.69,0.31891,119.451,2243945.8,222.422,8417.41,94.0,32.5554,4.919
12217.0,2099.45,0.17184,149.892,1711874.0,161.122,4659.7,149.0,29.6544,1.581
7621.17,2540.31,0.33332,83.3392,1090020.8,121.904,3429.41,53.0,34.6501,5.474
9614.05,4084.76,0.42487,91.0471,1351530.9,157.727,4108.98,87.0,34.1601,14.452
5775.74,985.26,0.17058,50.2179,813308.25,68.0006,2642.52,1.0,42.4377,1.403
6729.75,2221.48,0.33009,63.2319,871654.4,101.949,2643.04,41.0,39.8112,2.701
6214.84,2145.93,0.34529,62.6138,797561.5,97.6985,2886.38,5.0,39.0066,13.772
8265.93,3177.15,0.38436,86.8728,1186892.1,110.375,3531.74,80.0,36.0903,12.038
7188.5,2162.13,0.30077,66.7051,996813.2,94.559,3150.01,53.0,40.7358,2.453
7361.61,2845.92,0.38658,64.965,1054187.1,99.9593,4373.35,54.0,36.3156,14.079
8527.07,3052.88,0.35802,80.71,1163633.9,116.548,3309.51,15.0,37.5947,12.877
5326.8,1383.35,0.25969,47.2084,739905.5,65.5999,2894.82,14.0,42.3717,2.637
12738.5,3319.0,0.26054,160.432,1812639.9,198.05,4687.58,85.0,30.4146,2.038
6761.26,1809.35,0.2676,71.0623,891024.4,86.8208,3808.73,57.0,36.5463,2.715
9575.01,3924.77,0.40989,82.026,1330947.6,147.15,3733.52,116.0,34.8747,2.785
9303.0,2920.12,0.31389,85.2219,1278164.1,131.766,3815.16,31.0,33.3221,2.241
7923.75,2111.36,0.26645,64.5135,1092285.1,108.811,3660.75,22.0,37.3076,1.767
10565.2,2645.3,0.25037,122.552,1432995.4,162.443,3602.63,21.0,34.8066,2.193
8380.47,3002.52,0.35827,79.5343,1134103.4,104.966,3661.89,31.0,35.7676,18.31
16054.5,5506.62,0.34299,198.561,2086325.4,221.105,4278.89,110.0,30.7839,3.562
8404.54,2408.83,0.28661,80.5638,1178893.0,102.029,3936.57,60.0,34.4221,1.684
6427.08,1381.63,0.21497,55.6163,844282.0,70.226,3212.11,47.0,38.8156,18.925
5618.15,1826.44,0.32509,51.8787,749008.9,99.6322,3527.38,20.0,39.4208,12.798
5850.53,1293.41,0.22107,67.5295,745901.5,90.0524,3029.95,18.0,39.4241,4.129
7728.43,2600.86,0.33653,75.769,1033398.06,110.389,3483.68,66.0,36.7793,10.335
16901.2,7998.43,0.47324,191.312,2365587.2,282.551,5066.81,132.0,27.5062,20.984
4538.69,954.58,0.21032,38.9845,608376.6,60.5787,2593.1,11.0,43.2281,2.483
13475.4,4814.93,0.35731,168.55,1877843.5,227.605,4644.75,99.0,29.7563,7.19
16652.9,5252.78,0.31542,235.247,2262098.8,261.091,5447.93,113.0,23.0643,1.818
5069.38,2034.22,0.40127,34.0198,716656.06,66.2823,2571.35,36.0,42.5637,3.62
11072.3,4005.43,0.36175,98.1558,1548159.8,138.782,3646.44,58.0,36.824,14.274
10698.7,3143.14,0.29378,131.179,1467243.4,155.156,4891.7,76.0,28.5161,3.149
7572.36,1915.3,0.25293,65.6297,1057955.5,89.1456,3068.81,33.0,38.7024,14.245
8690.77,2711.37,0.31198,60.127,1231903.4,109.576,2952.59,20.0,38.1929,11.92
13522.7,4761.54,0.35211,159.57,1863143.1,206.707,4937.65,76.0,28.0764,2.708
14935.1,5780.96,0.38707,124.195,1998090.4,257.279,4602.5,142.0,29.2604,7.701
11141.5,2355.49,0.21141,92.2739,1536834.4,121.44,4153.19,141.0,35.3111,9.279
4285.55,1634.77,0.38146,24.4594,582078.25,57.4059,1465.32,32.0,43.936,9.068
9713.09,2977.06,0.30649,95.5749,1373301.9,123.576,4109.09,105.0,30.8985,4.097
6723.61,2106.46,0.31329,75.5838,897794.06,103.065,2857.27,83.0,37.1399,10.048
6327.61,1984.9,0.31368,69.274,881175.7,96.5367,3058.32,75.0,37.9824,20.885
10871.8,4080.94,0.37536,94.8587,1538342.4,152.237,4579.42,121.0,30.3886,19.661
12445.0,4631.79,0.37218,101.424,1811792.5,179.324,4800.32,61.0,29.6672,3.524
7649.79,2131.69,0.27865,53.8724,1068451.9,92.0834,3016.3,16.0,46.5464,11.266
6722.19,1914.79,0.28484,74.1979,934620.7,85.6805,3006.02,41.0,38.846,12.373
20866.9,6649.9,0.31868,258.594,2903528.8,319.679,5617.68,96.0,22.5695,4.072
4288.92,953.54,0.22232,42.3353,541631.4,58.6559,2036.14,32.0,43.6369,5.397
7111.73,1462.45,0.20563,60.8412,982597.56,83.1748,3116.91,23.0,38.868,9.501
9296.96,2678.38,0.28809,101.018,1297379.2,101.941,3475.44,40.0,36.6333,8.934
7440.14,1597.75,0.21474,55.1349,1058755.8,64.9875,3508.06,24.0,37.6691,11.752
6347.39,2121.33,0.3342,49.3711,810359.06,96.9811,2279.54,43.0,43.0495,10.297
17464.3,5404.72,0.30947,162.091,2508705.2,241.984,5382.92,41.0,27.0039,12.224
11359.5,3488.63,0.30711,111.559,1624066.1,153.186,4622.76,109.0,31.3641,16.855
15397.5,4035.44,0.26208,183.341,2161057.8,219.746,5717.7,63.0,22.9243,1.206
12775.1,3149.9,0.24656,133.131,1739154.0,165.066,4077.21,218.0,31.9666,3.136
7978.25,1967.32,0.24658,97.5956,1118149.1,121.809,3218.31,4.0,37.5068,0.595
5564.61,1019.0,0.18312,57.15,760512.06,59.7612,2364.95,39.0,41.5278,11.198
8566.08,3156.55,0.36849,84.5558,1146072.8,139.007,3645.56,37.0,36.1254,10.479
10844.0,2416.48,0.22284,105.78,1522776.0,136.512,4320.92,48.0,33.2997,1.332
8000.43,2048.2,0.25601,70.4163,1099196.8,93.3673,3633.73,76.0,37.3147,16.76
5811.82,1053.23,0.18122,52.5591,799977.1,65.2332,3034.98,24.0,39.7659,4.07
18151.0,5176.73,0.2852,177.163,2569001.0,257.631,5869.36,228.0,21.1802,7.279
10206.8,3802.88,0.37258,97.4634,1437037.9,139.493,3428.12,65.0,35.6716,19.023
13691.0,4319.28,0.31548,160.976,1890260.9,217.518,5292.29,193.0,27.0405,1.539
7181.99,1504.99,0.20955,70.1491,992392.75,81.8033,3224.1,71.0,38.9051,12.53
15082.4,4930.0,0.32687,175.068,2105210.0,218.723,5534.12,85.0,23.911,4.986
23375.1,5433.62,0.23245,318.663,3227792.2,404.38,6220.21,160.0,19.8354,0.913
18159.6,6344.95,0.34939,255.324,2346777.2,232.293,9597.25,195.0,27.7605,3.545
6173.29,1015.23,0.16445,53.6061,856153.25,71.8293,2693.49,2.0,42.3883,2.681
7601.31,2719.77,0.3578,78.6805,1033847.94,114.779,2932.78,111.0,38.4484,1.869
17846.9,5345.77,0.29953,200.765,2467476.0,332.355,4929.43,129.0,26.5414,8.484
7303.25,2336.22,0.31988,55.3622,953044.3,122.365,5144.42,21.0,38.09,16.903
8666.93,2452.56,0.28297,92.2524,1231828.2,121.379,3883.51,108.0,33.5015,5.509
9978.71,2913.19,0.29194,110.195,1366933.8,159.389,4158.37,74.0,33.198,1.009
8220.65,2061.77,0.2508,88.8331,1095585.2,108.903,3956.35,36.0,34.8882,2.874
6023.77,1529.33,0.25388,53.6921,840511.75,77.916,2771.69,31.0,40.3953,4.78
4236.27,1376.4,0.3249,35.0902,576542.3,54.2159,1426.57,34.0,44.3511,11.733
14745.7,3571.16,0.24218,132.526,2085701.4,174.208,5259.36,39.0,27.6056,8.575
23408.1,7471.07,0.31916,310.137,3254562.8,388.836,6350.64,112.0,17.7532,3.668
15363.6,4907.77,0.31944,157.524,2224444.5,211.406,5429.99,159.0,25.1556,11.081
23006.6,7165.58,0.31145,314.664,3169325.0,376.754,6331.83,122.0,15.8808,4.236
16422.2,5364.38,0.32665,188.198,2289441.8,240.371,5065.51,128.0,27.4173,19.987
15162.7,4566.13,0.30114,118.466,2036915.5,224.712,4997.88,141.0,27.3283,18.768
8269.89,2114.69,0.2557,79.3371,1174126.8,95.7182,2981.49,15.0,37.3923,13.573
16128.9,5433.32,0.33686,178.65,2234547.5,250.565,5375.15,111.0,21.989,14.763
3938.24,1389.19,0.35274,26.0872,544247.1,49.57,1605.12,12.0,44.341,8.965
13455.1,4794.54,0.35633,86.1662,1921644.5,199.523,4539.93,97.0,31.1392,5.944
15830.5,4836.39,0.30551,156.15,2155277.0,235.18,5143.29,38.0,27.4186,5.499
13695.0,3731.49,0.27247,187.331,1851120.6,225.28,4581.92,178.0,29.097,1.896
14990.6,4123.65,0.27508,205.291,2064912.2,266.304,5088.44,180.0,25.5268,3.606
8652.25,3086.32,0.3567,84.0991,1179645.1,122.748,4281.22,37.0,35.8633,5.141
6240.23,1178.6,0.18887,63.9035,882152.1,76.8727,2644.56,45.0,37.4148,10.792
16531.2,5432.61,0.32862,208.285,2176876.5,265.034,6050.9,255.0,21.7273,2.412
5879.17,1834.85,0.31209,54.7437,804905.25,78.6281,3202.8,13.0,39.5285,7.78
11009.6,4082.34,0.37079,93.9371,1579815.2,140.279,4771.71,78.0,31.004,18.087
7425.18,2749.14,0.37024,37.6903,1012163.3,113.233,3124.74,36.0,40.6634,17.792
10372.2,3479.21,0.33543,100.96,1461399.8,157.424,3969.48,14.0,34.3722,5.932
6373.3,2224.52,0.34903,56.0042,893005.0,94.1916,3462.93,70.0,36.7881,2.209
14847.9,3623.9,0.24406,149.021,2044432.8,177.182,4552.74,33.0,29.5927,16.255
17796.4,4907.65,0.27576,228.121,2409468.8,300.55,4936.8,118.0,26.7169,7.264
7649.79,2697.12,0.35257,83.3653,1069238.1,105.173,3866.34,91.0,38.4881,14.683
8720.85,2979.16,0.34161,65.741,1206635.2,113.874,3367.37,32.0,39.5833,15.651
8157.36,2497.46,0.30616,89.5036,1083946.6,103.648,3459.12,29.0,36.9977,14.504
7914.59,2179.61,0.27539,88.8108,1085437.1,111.92,3099.92,21.0,37.6867,0.6
8746.0,3186.5,0.36433,90.0796,1244858.9,128.029,3598.95,76.0,36.5909,12.857
7080.71,2682.46,0.37884,64.2902,993404.56,105.56,2303.61,65.0,40.8065,11.339
4952.44,1206.2,0.24355,50.0222,699640.8,55.3601,2342.02,81.0,42.2922,10.08
6397.17,1666.86,0.26056,75.1568,837506.56,98.857,3476.21,78.0,37.7383,1.788
15600.0,5210.72,0.33402,208.244,2169171.5,251.999,4568.11,98.0,29.0805,3.993
8003.22,2785.94,0.3481,63.5914,1077784.1,131.728,3203.01,28.0,39.5586,19.611
9293.33,2246.27,0.2417,82.9027,1320189.2,118.422,4024.95,35.0,35.825,1.983
21323.7,5525.24,0.25911,292.319,2909172.8,305.185,6575.69,279.0,18.7478,1.436
11911.3,4248.83,0.3567,75.9858,1621886.6,179.646,9280.81,89.0,34.6023,13.934
11999.9,2530.74,0.21089,155.381,1641644.9,199.595,4758.37,149.0,29.5355,0.606
9624.19,2589.7,0.26908,102.122,1297917.5,122.013,3926.29,26.0,34.538,11.647
8880.49,2274.18,0.25608,77.0515,1259121.0,120.034,3739.21,17.0,35.5595,3.57
8539.08,2414.9,0.2828,75.6196,1174850.8,111.264,3791.18,44.0,37.5366,6.035
14365.2,4165.91,0.29,206.207,1964328.4,215.431,4585.44,169.0,29.0345,2.461
9067.34,2695.96,0.29732,91.8958,1252184.6,107.061,3731.53,32.0,36.857,11.962
5942.66,1448.36,0.24372,63.614,825993.25,80.901,2102.95,61.0,42.0209,4.633
8235.63,2347.87,0.28508,91.8885,1160689.9,113.04,3562.04,93.0,36.9751,1.962
12078.3,4193.98,0.34723,104.089,1647990.4,169.033,4822.7,111.0,29.7399,20.791
13319.8,4692.7,0.35231,124.918,1888143.1,196.752,4891.69,57.0,26.3997,16.894
8493.9,2220.88,0.26146,83.3873,1217800.4,100.76,3958.99,45.0,35.0803,2.55
7298.9,1051.51,0.14406,56.2758,1008462.25,91.2714,3108.3,52.0,38.95,12.764
4731.43,1849.91,0.39098,36.9006,665783.06,65.1184,2804.06,51.0,41.8222,14.201
19563.1,6035.37,0.3085,257.92,2656647.5,325.689,5808.18,314.0,20.9037,3.733
6390.44,1697.18,0.26558,45.9546,897742.25,70.7034,2487.08,13.0,41.7269,7.154
17592.8,5791.95,0.32922,185.695,2472623.5,258.753,4949.89,37.0,29.1266,6.128
8075.2,1807.66,0.22385,68.3513,1107505.6,100.731,3698.63,44.0,37.5745,7.78
8204.88,3288.47,0.40079,71.8577,1102129.4,126.693,3209.24,71.0,37.0509,14.82
15920.7,5235.62,0.32885,194.028,2120285.5,256.674,5298.37,226.0,24.9502,3.185
7258.72,1477.76,0.20358,54.5369,979159.4,98.6908,2802.75,36.0,40.068,6.035
8826.91,2839.11,0.32164,110.391,1182798.4,154.406,4434.45,91.0,33.6924,17.039
6930.9,2919.02,0.42116,51.8298,988829.44,109.487,2758.76,72.0,39.362,14.103
5667.48,2660.84,0.46949,65.7999,774303.75,107.448,2259.38,68.0,40.9247,15.459
9061.57,3223.02,0.35568,90.2242,1273356.2,135.572,3286.93,25.0,37.5893,0.875
14469.9,4303.0,0.29737,160.381,2057100.0,212.099,5083.78,83.0,28.4412,1.925
7046.24,1873.28,0.26585,65.4182,1026906.25,75.3912,4725.44,30.0,34.4894,15.031
8683.41,3898.26,0.44893,113.796,1177012.1,159.184,4103.3,127.0,34.4119,17.992
13428.5,3915.78,0.2916,153.374,1864051.5,190.23,4982.48,71.0,27.8014,2.969
5988.73,819.59,0.13685,55.8964,811949.06,82.6545,3098.66,46.0,38.9888,5.778
12497.9,3543.62,0.28353,96.1408,1759724.1,175.961,4435.84,125.0,35.217,2.829
4837.79,1327.49,0.2744,40.9513,667402.4,67.7433,1493.47,14.0,43.2594,12.312
7815.19,3359.98,0.42992,65.5272,1143115.5,112.493,3451.19,49.0,37.9643,13.393
15628.6,4931.41,0.31553,178.821,2207486.8,246.322,5076.32,92.0,26.3819,6.46
5376.3,2093.02,0.3893,49.9234,748856.44,76.8482,2388.1,27.0,43.0561,1.943
13324.9,3421.84,0.2568,166.21,1881392.1,197.608,5062.89,200.0,27.5337,1.976
16607.0,5943.77,0.3579,224.229,2248235.5,276.764,5532.58,128.0,22.7919,1.839
8085.69,2432.62,0.30085,63.7863,1131772.5,113.728,3590.16,21.0,33.9931,14.881
11673.8,3300.86,0.28275,147.441,1647009.0,171.894,4665.92,176.0,29.8116,1.923
18524.7,4932.69,0.26627,251.235,2569990.5,290.014,5358.98,198.0,21.5724,4.668
16355.1,6086.21,0.37212,183.62,2299142.5,273.99,5582.14,150.0,23.5273,1.68
7826.47,2174.19,0.27779,67.0693,1100253.6,98.0329,3302.48,74.0,37.2892,16.468
7984.98,3139.3,0.39315,77.7543,1127929.1,109.669,4078.13,33.0,35.6256,14.809
18621.9,4845.79,0.26021,251.061,2621885.8,267.048,5574.58,110.0,22.0354,2.496
5093.34,2052.27,0.40293,33.7131,723262.1,71.9854,1875.43,37.0,43.3415,7.348
9759.09,2051.54,0.21021,99.6727,1384168.0,138.259,4434.46,48.0,33.4051,1.032
9796.89,3273.93,0.33418,115.178,1341813.8,157.819,4284.1,135.0,31.7406,17.178
13861.9,4340.85,0.31314,118.94,1976504.4,184.912,3831.76,128.0,35.3955,20.203
4635.04,1137.37,0.24538,44.5146,583345.6,61.9832,2236.01,27.0,42.407,3.14
13032.9,5530.79,0.42437,95.6841,1761379.4,214.117,4276.48,54.0,36.7867,10.827
13120.0,3194.4,0.24347,184.982,1788920.0,208.751,4602.01,178.0,27.8441,1.735
7871.39,3159.54,0.40139,70.9588,1115521.8,115.855,4080.61,93.0,37.4581,13.673
12319.5,3999.77,0.32466,94.8979,1691781.2,185.083,5514.06,54.0,31.8825,15.21
7404.72,3128.59,0.42251,66.9697,1050391.4,115.717,3394.01,110.0,37.1352,14.783
7240.48,2831.18,0.39102,63.2128,1062432.0,95.6298,3193.61,29.0,36.3062,1.143
6064.16,1957.52,0.3228,59.8417,861150.6,83.0939,2642.22,42.0,40.6847,1.614
17119.1,6608.7,0.38604,176.625,2358836.0,293.693,5385.0,114.0,24.3204,8.334
7533.67,3536.01,0.46936,90.9916,935073.56,143.023,2114.88,96.0,41.4743,16.689
4748.81,1620.35,0.34121,34.7043,666538.44,60.3071,1932.23,23.0,44.4263,11.852
8136.96,2359.37,0.28995,87.7108,1116842.5,94.4821,3783.17,24.0,34.8164,11.808
9455.97,2137.21,0.22601,97.7752,1332004.4,132.329,4102.01,52.0,33.6672,4.21
8060.19,2317.35,0.2875,68.1986,1183987.6,102.482,3052.88,25.0,38.0486,1.851
8914.47,2481.86,0.2784,98.0956,1264235.2,128.865,4142.17,165.0,32.7807,1.459
9918.51,3395.19,0.3423,119.319,1343914.5,154.85,4163.47,107.0,34.4343,15.485
14566.9,3309.42,0.22718,182.402,2032596.2,203.438,4063.98,148.0,32.0099,1.429
13951.1,4321.35,0.30974,216.888,1920406.0,248.532,5315.5,284.0,24.7824,1.616
7501.24,2527.72,0.33697,80.5698,1060604.6,121.69,3802.19,84.0,37.3132,16.384
5187.86,1422.1,0.27412,54.9711,700860.56,82.665,2728.2,43.0,41.642,13.888
13657.3,4534.66,0.33203,109.993,1977128.5,166.505,4763.34,97.0,30.5039,19.981
10969.7,2848.37,0.25965,129.914,1507284.4,151.217,3696.79,26.0,34.3698,2.52
9090.93,3700.05,0.407,104.425,1240211.4,149.681,4189.95,60.0,34.1511,16.38
7997.0,3220.06,0.40265,63.6317,1141159.9,110.064,3920.08,65.0,39.1447,14.215
6730.2,2160.07,0.32095,61.9601,977163.0,87.5717,3343.13,53.0,33.0747,11.748
7503.37,2855.66,0.38058,53.3585,1049255.4,119.398,2751.35,50.0,39.8971,16.26
8311.02,2735.91,0.32919,68.0674,1175631.2,119.486,3546.16,12.0,37.9024,13.327
10364.7,3530.44,0.34062,113.12,1475978.6,166.837,3979.6,18.0,34.1143,5.544
8362.08,3398.6,0.40642,69.5414,1181289.4,114.312,3731.98,85.0,36.2595,16.212
9095.74,3835.55,0.42168,71.3283,1264583.9,140.283,4676.18,30.0,29.2785,18.26
4950.45,1176.44,0.23764,32.4332,708110.4,60.7811,2221.53,45.0,43.6206,9.919
8570.63,2951.54,0.34437,67.6212,1163867.8,117.535,3600.24,51.0,37.3013,16.606
9802.63,2048.54,0.20897,118.734,1397745.5,145.652,4353.58,40.0,31.4336,3.099
14761.3,4528.98,0.30681,193.089,2025376.2,250.73,5231.82,94.0,21.809,5.241
15680.9,5830.15,0.37179,208.423,2211838.5,259.778,4649.28,74.0,28.4392,3.698
7295.42,2424.45,0.33232,78.6818,1017313.5,98.799,3725.87,35.0,35.8167,1.637
9055.89,3444.81,0.38039,78.8231,1232434.6,133.73,3719.0,95.0,33.8806,8.238
14321.9,3156.0,0.22036,176.393,1997989.0,223.623,4898.47,90.0,27.2015,4.244
7221.98,1893.4,0.26217,63.3994,981638.06,81.9415,3246.5,35.0,38.6138,3.336
12379.5,2652.01,0.21422,158.231,1681412.2,199.709,4613.19,88.0,29.7058,3.941
5039.73,998.83,0.19819,47.2532,721162.44,62.6921,2248.04,77.0,42.8898,1.715
6024.62,1298.16,0.21547,70.9681,840187.1,76.4868,2769.82,78.0,39.4853,8.404
5965.82,1739.21,0.29152,51.7368,806394.0,96.9715,2448.45,69.0,41.0799,12.358
9336.41,3264.5,0.34965,68.7102,1312609.9,119.643,3849.69,35.0,36.6836,16.212
14058.9,6803.69,0.48394,90.9601,1963295.0,226.032,4704.82,86.0,33.2001,20.357
4849.78,1026.79,0.21171,47.0459,693376.25,54.0252,2192.22,81.0,42.768,0.769
11571.3,2931.06,0.2533,143.11,1563339.0,183.731,4438.87,61.0,31.1975,6.356
8074.99,2244.83,0.27799,72.5302,1132276.8,102.327,3365.3,49.0,37.8184,12.798
16557.6,5050.11,0.305,159.459,2374459.2,229.136,5127.77,34.0,26.984,3.055
13344.8,4232.86,0.31719,119.812,1912800.0,193.364,3985.91,118.0,34.6775,20.735
9125.29,3138.92,0.34398,95.3578,1292665.5,139.54,4767.24,154.0,32.7525,14.831
7721.6,2759.56,0.35738,70.2464,1112778.0,96.0289,4975.92,95.0,34.8618,16.254
12728.0,4167.24,0.3274,124.57,1830310.4,173.664,5251.48,55.0,26.3656,18.933
5768.63,1967.56,0.34107,70.2113,798661.44,91.1312,2980.75,30.0,40.4951,2.027
12143.6,3979.35,0.32769,113.513,1711915.2,175.43,3871.86,130.0,35.3481,18.388
18853.8,7815.98,0.41455,194.131,2504269.5,329.655,5786.08,79.0,26.4358,5.242
7169.74,2834.5,0.39534,56.361,1031929.25,106.195,3603.67,46.0,40.2707,13.297
14427.7,4033.41,0.27956,163.698,2003141.1,198.996,5050.84,188.0,26.5702,2.061
9615.2,2643.75,0.27495,96.1376,1329897.1,129.752,5714.2,122.0,30.7394,19.32
17262.5,6181.03,0.35806,161.176,2432130.2,237.027,5742.51,101.0,24.4371,7.279
9287.84,2423.67,0.26095,94.367,1280157.8,124.259,3840.1,43.0,32.9692,1.995
10124.4,3060.74,0.30231,124.572,1390279.8,145.398,4172.82,135.0,32.8315,2.273
7527.57,2051.0,0.27246,68.268,998922.6,95.5014,3995.36,12.0,34.9396,11.406
19870.7,7196.52,0.36216,230.978,2717048.8,333.848,5195.46,117.0,25.4772,5.664
11132.1,3530.61,0.31715,130.931,1488171.5,187.796,3915.02,81.0,33.2272,11.84
14203.0,2737.94,0.19277,165.426,2009844.2,197.301,4072.41,151.0,31.9818,1.408
6936.13,2750.3,0.39651,78.6052,951340.7,105.767,3255.05,54.0,38.418,2.102
8278.23,2260.3,0.27304,95.0895,1157337.9,104.06,3975.01,23.0,35.3897,2.566
8546.46,2514.96,0.29426,70.0793,1185131.4,107.827,3700.29,40.0,37.8182,15.242
10518.7,3792.8,0.36057,59.3778,1369500.0,174.722,6844.23,70.0,39.0398,15.882
14618.4,3275.29,0.22405,169.301,2059223.0,221.366,4561.76,33.0,29.4244,2.211
10918.5,4052.27,0.37113,78.7804,1499439.1,147.05,3908.31,94.0,36.7292,17.461
6039.2,1005.27,0.16645,51.1064,839306.75,66.5637,2977.77,22.0,40.2069,2.225
5231.5,2094.15,0.40029,34.5466,738055.44,69.5528,2308.72,38.0,42.5649,7.202
13901.8,5028.09,0.36168,162.584,1960998.5,220.261,4785.65,37.0,30.4046,14.601
15587.5,3547.59,0.22759,172.712,2204536.5,229.307,4921.37,76.0,27.063,3.697
14879.0,5047.46,0.33923,149.671,2126434.5,232.931,5942.1,76.0,24.6337,1.629
10834.0,3811.83,0.35183,75.1929,1516200.5,156.773,4315.69,55.0,37.1622,18.925
5984.75,807.28,0.13488,48.6369,839439.44,70.696,2721.46,1.0,42.1412,0.811
11192.7,4096.48,0.36599,100.688,1538087.9,181.164,3996.11,71.0,33.3257,18.662
4750.15,955.62,0.20117,34.5214,641505.2,56.8135,2142.15,15.0,42.6785,12.132
10095.0,2512.71,0.2489,103.871,1398572.4,129.796,3998.1,14.0,34.0038,11.418
9893.75,2426.8,0.24528,87.7843,1396273.6,124.597,3957.71,153.0,33.4454,8.221
8652.47,2791.7,0.32264,93.4589,1218018.4,130.139,3581.91,87.0,36.0368,4.993
6961.43,2595.02,0.37277,59.9991,928820.6,109.092,3032.2,32.0,39.6577,13.534
4804.11,1042.05,0.2169,45.6561,666193.06,53.8057,1889.19,12.0,43.7339,2.503
6930.35,2033.75,0.29345,69.9127,956072.2,91.7506,3078.01,47.0,39.6924,2.951
10546.7,3176.21,0.30115,143.222,1458150.5,173.109,4262.25,69.0,32.4145,2.356
16592.4,3704.83,0.22328,214.182,2329113.2,258.238,5535.62,88.0,23.7934,2.214
8950.41,3182.67,0.35558,92.523,1251369.9,119.445,3689.78,30.0,30.0202,10.348
12392.1,5041.69,0.40684,110.078,1685489.2,175.058,4720.62,35.0,31.3296,18.11
5285.02,1741.93,0.32959,42.3724,733610.44,66.8685,2883.56,51.0,40.5554,3.526
7804.19,3711.02,0.47551,37.899,1113594.9,109.42,2866.46,65.0,37.9536,12.309
8594.64,2727.63,0.31736,82.6998,1226873.1,127.146,3779.79,3.0,34.8971,1.943
9002.1,2438.27,0.27085,64.1844,1240242.4,115.192,4677.59,32.0,35.8136,6.306
16203.1,3443.45,0.21251,179.979,2268626.8,210.048,4077.12,141.0,31.9853,1.95
9283.88,2643.15,0.2847,76.6056,1252215.8,128.446,4409.09,58.0,34.0357,20.028
13946.1,4913.48,0.35231,124.844,1985375.9,197.615,5677.35,127.0,30.0668,3.909
9859.78,3461.38,0.35106,93.2547,1399384.8,152.896,3748.56,108.0,33.6148,16.642
7739.31,2344.34,0.30291,65.1025,1080001.1,110.078,3694.23,4.0,36.4683,9.2
6713.01,1885.93,0.28093,73.0208,904972.5,104.858,3459.62,75.0,37.4103,2.178
4989.58,1357.52,0.27207,44.3442,707131.1,62.1516,1850.34,17.0,43.7596,9.632
21107.9,7985.23,0.3783,175.651,2899990.2,360.272,14631.78,111.0,28.7575,5.401
12487.6,5379.83,0.43081,132.412,1745073.4,206.99,4183.3,57.0,29.1901,4.044
12635.7,4275.99,0.3384,129.758,1772599.4,190.0,5714.93,71.0,29.1173,4.544
3902.73,1182.61,0.30302,35.4153,536339.44,48.4078,1397.4,17.0,44.3129,1.45
12295.4,3200.41,0.26029,172.391,1727326.2,189.67,4688.65,102.0,29.2509,2.093
14816.9,3813.71,0.25738,159.973,2087744.5,225.437,5479.68,73.0,24.7876,8.572
16537.5,5700.44,0.34469,178.818,2317480.2,259.507,5547.7,189.0,26.4173,2.577
9036.41,3176.6,0.35153,90.4529,1290612.6,131.077,3671.58,18.0,35.1477,2.369
5541.95,1882.11,0.33961,54.4296,771208.5,84.7454,2702.23,47.0,40.4456,16.489
8735.78,2530.89,0.28971,71.3042,1208664.8,116.616,3533.97,47.0,36.3084,15.941
13033.8,4475.5,0.34337,153.243,1837091.5,170.655,5213.99,29.0,27.3972,4.189
7056.73,1698.34,0.24066,67.5816,984019.44,92.6533,3175.06,35.0,35.1732,10.921
5064.19,1072.03,0.21168,46.5961,711054.7,65.5986,2702.67,21.0,41.7025,3.361
8538.14,2668.38,0.31252,59.8675,1201414.4,111.193,2946.7,8.0,37.8822,12.674
16186.3,3986.04,0.24626,227.019,2273988.5,261.744,5502.37,93.0,22.5793,2.895
8220.95,3247.88,0.39507,81.955,1116389.9,130.409,3588.38,60.0,36.1375,9.785
8501.57,2266.84,0.26663,55.0586,1179883.2,110.111,5068.07,32.0,32.6942,14.244
9857.71,4402.67,0.44662,90.5003,1347896.6,146.62,4439.21,88.0,30.3855,20.451
6778.16,1854.77,0.27363,56.2348,978592.9,82.8768,2679.44,50.0,41.0973,3.526
7343.45,2773.7,0.37771,81.5535,1013734.9,100.215,3356.73,57.0,38.5808,2.323
7867.45,3072.24,0.3905,70.059,1149280.0,118.623,2749.74,94.0,39.9246,14.547
7574.59,2225.29,0.29378,91.0808,1007088.3,122.459,3714.52,46.0,34.1782,5.407
6971.08,1969.56,0.28253,66.9547,867512.0,95.7037,3228.17,38.0,38.7094,4.202
9279.21,1996.23,0.21512,106.822,1269631.5,137.829,4013.59,38.0,34.1957,1.945
4832.18,1465.99,0.30338,45.2132,622989.3,72.0783,2244.95,28.0,42.6391,7.55
8355.65,1910.81,0.22868,79.1658,1161235.9,88.9252,3905.79,59.0,36.9433,14.918
8932.24,3370.44,0.37733,37.578,1207754.2,117.869,3849.7,85.0,35.3859,17.093
8484.08,2306.84,0.2719,88.8741,1193298.5,109.253,4041.95,22.0,35.2935,1.852
5824.61,1540.8,0.26453,43.1567,802248.3,87.0332,2822.81,39.0,40.9055,14.258
6990.13,2849.33,0.40762,63.9002,1021340.06,98.3052,3117.13,26.0,37.8247,12.868
5943.17,2173.92,0.36578,46.9962,825963.6,87.2915,2409.22,28.0,41.8041,1.521
6078.68,2116.54,0.34819,55.2984,850639.2,91.3209,2803.22,45.0,40.6788,2.15
12150.7,3215.85,0.26466,157.228,1727403.1,157.12,4734.43,31.0,29.2939,1.558
6413.33,1917.62,0.299,61.6254,873764.94,81.679,3336.17,54.0,38.5528,10.723
4831.13,1317.37,0.27268,35.2252,658039.0,61.7243,1921.41,30.0,43.4811,14.259
9011.6,1949.92,0.21637,102.754,1220459.2,140.297,4034.22,34.0,34.2637,1.796
6239.51,1550.07,0.24842,58.2024,870374.94,85.6209,2735.58,13.0,40.2997,6.81
13483.6,4518.92,0.33514,146.71,1925126.8,225.423,5444.64,70.0,28.9381,1.516
13349.9,3439.8,0.25766,167.672,1878051.1,204.21,4942.25,205.0,28.1712,2.253
8343.06,2972.47,0.35628,78.2983,1165481.2,120.883,3642.49,49.0,36.3569,13.846
13362.5,3958.67,0.29625,199.471,1831323.6,221.164,4566.44,183.0,29.076,1.996
11081.2,2754.1,0.24853,150.609,1459983.6,185.278,4333.43,53.0,31.6453,2.953
4120.48,712.72,0.17297,40.9521,542079.5,55.8046,2533.8,13.0,43.4556,2.009
11379.8,5216.74,0.45842,163.54,1570902.2,232.698,4674.14,105.0,29.4609,15.624
14384.6,5171.32,0.3595,178.398,2008311.2,248.124,4340.36,43.0,21.7559,2.034
12094.8,3588.86,0.29672,120.213,1737328.0,170.822,4642.22,75.0,30.2423,16.757
6726.25,1188.86,0.17674,63.7889,954381.5,74.2367,2833.93,39.0,40.2881,15.667
7392.86,2610.72,0.35314,54.753,1068819.2,95.3359,3448.27,30.0,38.5898,15.357
9620.91,2800.33,0.29106,115.7,1358738.9,160.421,4096.27,54.0,33.9442,3.035
15194.0,4153.66,0.27337,187.209,2145727.2,215.173,5686.6,71.0,23.2025,1.354
18087.1,6573.39,0.36342,208.605,2607471.8,321.573,5397.41,238.0,24.3473,6.503
7947.13,1606.49,0.20214,76.8709,1136599.1,106.962,4042.11,104.0,34.9532,1.047
5653.71,1536.03,0.27168,65.7535,707961.8,87.6816,3098.57,16.0,39.4933,2.32
9028.98,1762.87,0.19524,97.9617,1273733.8,118.426,3859.04,52.0,35.1017,3.482
21046.9,6651.84,0.31604,261.498,2920344.5,323.765,5782.8,72.0,22.5309,3.36
4836.45,1658.27,0.34286,42.6988,674371.0,66.1148,1952.86,48.0,43.7289,10.802
7793.85,2147.6,0.27555,98.7185,1065176.6,126.436,3376.18,130.0,36.226,1.513
6142.86,2215.35,0.36063,67.3769,865267.25,93.3404,3223.2,71.0,38.5984,12.45
6864.65,2199.61,0.32042,69.0382,929386.56,96.6408,3629.5,65.0,36.6625,12.01
10027.0,2823.12,0.28155,99.39,1367827.4,167.61,4263.39,79.0,33.1213,0.786
6129.56,1611.55,0.26291,64.8801,854311.44,71.7763,3062.96,24.0,39.4191,6.058
4473.84,944.41,0.21109,36.9463,615855.3,52.2285,1748.13,10.0,44.1194,12.856
13338.5,3779.36,0.28334,157.993,1809192.0,233.993,4656.42,22.0,29.2067,3.886
7761.65,2239.75,0.28856,71.6464,1081099.4,104.043,3363.71,52.0,38.0194,9.728
10655.1,3760.41,0.35292,100.481,1474388.2,143.837,3634.67,74.0,36.4691,17.478
4986.01,1763.88,0.35376,49.4533,696096.25,69.4005,2226.26,71.0,42.2018,13.499
5886.02,1725.32,0.29312,57.4781,769424.8,87.1761,3024.01,40.0,38.4377,5.471
8678.18,1928.2,0.22218,108.315,1179034.1,130.671,3982.01,35.0,34.2566,2.226
22393.0,6243.89,0.27883,307.146,3079476.0,353.373,6431.85,92.0,17.3174,2.582
10728.2,2637.28,0.24582,112.865,1511994.8,152.033,4328.25,69.0,31.0952,3.664
12828.2,3645.38,0.28416,163.373,1805857.2,196.824,4567.98,100.0,30.0788,5.555
6297.19,1365.49,0.21684,57.8144,867543.0,81.5184,2855.99,15.0,40.6792,2.21
10684.1,2795.26,0.26162,122.355,1470885.4,179.54,3889.21,72.0,33.1353,1.903
10614.1,3472.59,0.32716,96.5809,1458781.2,139.066,3488.67,60.0,35.6636,15.888
15112.4,4271.0,0.28261,191.699,2107911.5,226.251,5641.01,178.0,22.769,0.85
16993.8,4707.52,0.27701,227.362,2420853.8,281.786,5540.48,96.0,22.214,2.47
10253.1,3957.2,0.38595,61.3027,1418268.9,145.498,4988.01,46.0,31.8283,20.778
6628.95,1823.15,0.27502,67.8739,891585.3,87.9706,3005.94,19.0,38.9427,1.831
10478.6,2297.43,0.21924,130.272,1422329.2,138.156,3684.34,24.0,34.7265,2.215
5624.37,1059.54,0.18838,53.8614,810070.3,69.1824,2824.59,59.0,40.349,1.378
7990.22,2268.39,0.28389,68.3665,1147600.0,99.8141,3032.6,38.0,39.3032,15.858
4074.87,708.8,0.17394,39.8429,537119.5,60.1525,2562.83,11.0,43.4461,2.055
13538.6,3744.68,0.27659,109.635,1946526.0,163.447,4851.83,88.0,32.0691,15.36
14025.6,3073.4,0.21912,188.849,1966266.9,188.893,4049.38,136.0,32.2307,2.053
8603.08,2171.79,0.25244,83.446,1214882.4,111.305,4708.06,24.0,32.9827,1.997
11032.9,3550.23,0.32178,121.904,1539612.4,181.793,4084.46,39.0,30.567,2.174
14260.0,5070.82,0.35559,162.163,1964395.0,218.015,5140.09,129.0,27.0112,7.129
17216.8,5121.34,0.29746,178.357,2469273.5,242.864,5512.34,213.0,21.7847,20.072
21667.6,6866.31,0.31689,318.255,2998260.2,371.29,6252.16,105.0,17.5899,3.825
5414.71,973.66,0.17981,59.4287,719935.4,66.1663,2941.61,44.0,40.2774,11.758
15989.6,3566.48,0.22304,187.753,2226385.5,220.286,5382.43,205.0,25.3536,6.158
5190.32,761.05,0.14662,54.9449,715557.56,54.4779,2987.04,15.0,39.927,4.106
7233.59,1459.61,0.20178,66.6575,994586.6,94.3459,3361.89,15.0,37.9891,15.491
16418.9,3705.0,0.22565,213.956,2252013.8,257.843,5260.18,154.0,25.5965,2.175
13775.4,4488.26,0.32581,84.1139,1847519.0,205.725,4448.09,113.0,30.2643,7.228
11814.2,1964.15,0.16625,150.875,1662756.0,167.324,4623.68,154.0,29.9315,1.607
15012.4,4333.37,0.28865,205.72,2065620.4,256.887,5108.14,173.0,23.816,3.782
11366.7,4511.05,0.39686,65.2158,1551169.1,167.007,4589.64,107.0,32.7209,20.255
6209.53,2661.15,0.42855,58.7503,866279.4,112.931,2590.1,57.0,41.0548,12.949
10162.9,3266.01,0.32136,109.093,1407822.9,129.926,3657.88,15.0,33.5912,3.178
7823.82,2199.59,0.28114,64.5091,1132078.2,91.6763,3235.23,50.0,40.5276,17.546
8022.14,2402.79,0.29951,84.594,1068559.0,124.76,3278.59,22.0,35.1868,16.794
7513.59,2655.21,0.35338,49.871,1072800.9,106.35,2707.78,66.0,42.7314,13.901
10712.8,4296.59,0.40107,80.6,1424166.9,161.614,4011.41,33.0,37.8117,17.39
11129.7,3670.81,0.32982,137.598,1562760.9,185.173,4353.17,63.0,32.001,1.872
8384.36,2969.51,0.35417,75.4602,1129960.5,117.494,3785.82,90.0,35.3824,4.091
13113.6,4651.43,0.3547,138.119,1794529.6,203.98,4345.36,64.0,32.1259,3.016
4233.96,1062.15,0.25086,34.6403,601056.25,54.6425,1745.66,41.0,44.7318,11.305
13905.2,4620.82,0.3323,205.568,1824737.1,233.659,5089.84,74.0,26.6573,4.958
8118.39,2680.53,0.33017,65.1273,1112025.9,105.826,3154.72,37.0,38.5129,18.128
9627.97,2718.89,0.28239,85.8475,1354922.8,132.823,3945.58,3.0,34.2353,2.173
8394.74,2091.23,0.24911,81.8375,1174512.1,109.109,3916.74,18.0,33.4998,2.986
6302.38,2150.92,0.34128,61.0364,876005.94,86.486,2798.71,44.0,40.3919,2.022
7379.32,2515.87,0.34093,76.2432,1022914.8,104.187,3748.72,27.0,36.1927,2.089
9090.92,2775.49,0.3053,87.5499,1244374.4,127.79,3760.59,28.0,35.3103,2.046
7273.64,2394.61,0.32921,68.1485,1004556.25,108.719,2721.55,98.0,39.37,9.717
5676.75,2097.36,0.36946,55.2853,756021.5,99.1545,2548.13,65.0,38.8774,11.789
10104.1,2437.74,0.24126,109.398,1423582.9,144.134,4017.1,40.0,33.3926,2.143
6387.19,1555.71,0.24356,58.4257,840997.06,76.1158,3115.79,34.0,39.6168,5.28
7807.38,2703.01,0.34621,79.1961,1113616.9,128.121,3295.02,47.0,37.962,4.578
7112.08,2073.99,0.29161,76.7825,965375.7,115.437,3037.9,80.0,39.0089,0.919
15099.9,4969.63,0.32911,232.988,2074700.5,253.85,5350.4,132.0,24.5099,2.017
6265.92,2262.24,0.36103,47.21,890202.75,101.533,3130.35,25.0,39.8661,13.648
16683.1,3958.49,0.23727,209.151,2302785.2,255.62,5239.05,155.0,25.1455,3.555
6678.3,2178.64,0.32622,64.6722,896208.25,97.6525,3143.97,22.0,40.2037,1.541
9761.6,2785.64,0.28536,120.518,1344099.4,140.271,4187.05,120.0,32.7318,2.725
7541.57,1377.43,0.18264,75.7209,1045473.06,117.893,3811.09,55.0,36.0576,8.319
8498.6,1637.54,0.19268,85.6095,1207459.8,120.727,3898.0,89.0,35.4133,3.244
8304.42,1579.99,0.19025,82.5459,1179255.6,97.2357,3913.66,12.0,34.9408,1.467
4185.08,1190.79,0.28453,34.3716,561934.5,52.2589,1415.89,31.0,44.4257,11.775
6232.27,911.78,0.14629,47.4424,869255.44,67.5163,2636.33,4.0,42.212,9.955
6133.61,1535.83,0.25039,57.3711,845080.75,76.6102,3065.78,25.0,39.5408,2.988
18662.1,6742.4,0.36128,225.858,2521580.0,299.561,5919.93,151.0,23.1902,1.94
16145.1,4240.25,0.26263,248.482,2223645.5,270.8,4794.78,234.0,27.5788,4.38
7909.61,2693.14,0.34048,71.7549,1113745.4,111.171,3267.36,21.0,38.5838,7.365
8947.46,3814.55,0.42632,90.1858,1288455.0,153.359,3214.18,96.0,37.7177,15.632
9515.57,3367.97,0.35394,63.9453,1341495.2,145.233,3974.41,23.0,36.6115,16.444
6560.97,1978.56,0.30156,63.3509,879635.6,95.5473,3227.31,67.0,39.4721,12.044
12907.4,3405.36,0.26383,154.15,1777968.8,179.769,4496.38,29.0,30.6198,2.407
10059.4,2943.09,0.29257,87.2275,1366612.6,133.805,4137.04,61.0,35.1023,2.974
6226.89,2205.67,0.35421,21.493,841901.56,86.6755,3625.36,41.0,40.3513,19.97
7940.32,2275.37,0.28655,85.5533,1130513.1,103.037,3891.31,32.0,35.5747,2.837
7537.14,2410.36,0.31979,62.8759,1076995.2,87.8749,3912.06,51.0,38.1756,15.674
10543.7,2969.21,0.2816,96.7732,1482138.9,154.583,4429.25,160.0,29.8111,4.826
16942.6,5328.15,0.31448,205.182,2234818.0,265.153,6376.39,258.0,21.263,2.599
6958.36,1759.65,0.25288,72.0936,946969.8,95.4191,3463.34,85.0,38.4137,2.058
5010.84,1791.25,0.35747,63.5832,677351.7,84.213,3082.88,29.0,39.6636,15.123
17923.6,5130.85,0.28626,212.759,2481659.0,281.215,5733.52,209.0,21.9113,2.156
11968.6,5873.58,0.49074,86.8278,1632633.2,201.941,4108.87,6.0,35.3008,17.956
8133.33,2474.14,0.30419,68.0328,1132153.0,104.532,3643.67,62.0,37.6622,3.284
6622.32,2308.22,0.34855,56.0979,948659.1,91.1425,2694.26,63.0,40.8749,3.651
7018.8,2104.33,0.29981,65.0199,992506.44,85.2564,3596.21,32.0,37.9815,1.828
10245.6,4011.12,0.39149,136.237,1366054.4,198.181,4488.98,174.0,30.7811,1.637
8007.28,2565.24,0.32036,75.09,1101076.5,103.441,3267.56,103.0,35.7291,13.158
7321.93,1873.98,0.25594,54.6963,975284.8,83.4041,3130.87,47.0,38.7703,5.485
9381.58,2523.84,0.26902,95.0369,1285440.1,136.794,3960.59,167.0,33.7121,19.927
5794.36,1354.57,0.23377,63.9527,725580.6,86.31,3114.13,17.0,39.4213,2.129
8543.41,2073.22,0.24266,64.0094,1254366.6,89.6018,2882.21,40.0,39.1498,11.985
11131.0,3417.77,0.30704,109.948,1562710.8,151.813,3799.0,64.0,34.9732,11.056
12966.1,4335.88,0.3344,153.171,1794138.8,218.038,3844.05,89.0,38.0861,8.428
8094.47,2243.31,0.27714,95.4907,1142780.2,111.074,3535.97,97.0,36.9822,1.977
5766.75,843.38,0.14624,49.8601,810886.8,69.5392,2700.81,1.0,42.1117,0.562
15218.0,5255.94,0.34537,168.125,2203311.8,238.973,4646.97,54.0,28.5263,4.783
10553.0,3184.68,0.30177,102.184,1473822.4,154.449,4598.46,45.0,34.1185,5.259
9883.25,2828.94,0.28623,97.5733,1359724.8,150.895,3818.7,123.0,33.2776,2.26
6365.24,735.06,0.11548,57.4264,892654.5,67.7385,2886.03,68.0,41.1093,13.705
4375.11,979.24,0.22382,44.5262,593322.9,69.1499,2582.18,12.0,42.9864,2.243
14876.2,6981.09,0.46927,153.494,2057661.4,235.315,5238.05,85.0,26.8102,20.173
13508.0,3737.45,0.27668,160.507,1870059.2,202.362,5231.36,51.0,25.8288,2.067
7105.81,2232.16,0.31413,76.6659,967294.9,107.106,3360.48,43.0,37.0612,8.311
12936.0,3144.71,0.24309,123.258,1806678.5,140.661,4783.57,48.0,46.5464,3.365
13105.9,6130.76,0.46778,94.2418,1883661.0,194.798,4920.1,53.0,30.0202,18.555
8305.45,2093.05,0.252,81.2724,1179825.2,103.154,3945.32,37.0,35.522,2.263
7660.32,2472.48,0.32276,82.1805,1040174.2,111.187,3442.0,110.0,36.9103,15.625
9224.64,2199.14,0.23839,69.3329,1250038.2,122.039,4210.37,67.0,33.4693,17.122
12574.2,3519.78,0.27992,135.578,1707486.6,166.787,4050.66,193.0,31.8469,3.295
13546.7,3593.2,0.26524,195.78,1841288.4,213.099,4581.2,159.0,29.225,1.895
9117.71,4548.04,0.49881,67.0323,1358834.8,137.201,3962.46,63.0,38.9535,14.039
6082.72,1953.02,0.32107,55.4831,852608.1,87.3993,2635.45,41.0,40.5568,1.721
9126.21,2426.43,0.26587,68.2813,1254513.8,119.867,4098.8,62.0,34.7367,8.76
6907.08,2691.25,0.38963,66.5568,1009798.94,96.9433,3201.49,26.0,38.9203,1.096
9797.55,2419.16,0.24691,142.103,1382717.0,156.051,4153.45,116.0,32.2402,2.527
16589.1,5073.75,0.30584,137.609,2338107.5,225.069,10543.14,56.0,31.2981,2.974
10823.1,3587.38,0.33145,77.3472,1447201.9,159.448,4715.7,64.0,36.2128,20.719
6112.66,1404.16,0.22971,59.3565,842273.56,78.5733,2750.97,19.0,40.4276,1.435
10017.3,2582.31,0.25778,104.365,1416938.6,144.426,3942.58,40.0,33.3837,1.822
3771.51,1192.52,0.31619,33.2054,515142.38,51.3382,1347.8,29.0,44.441,11.372
18930.4,5905.33,0.31194,122.343,2608139.0,268.897,4469.89,164.0,29.983,19.522
9067.47,2560.21,0.28235,96.4885,1262016.5,110.811,3644.31,76.0,36.1432,15.464
8537.78,2662.19,0.31181,95.8373,1184376.8,126.863,3857.08,18.0,33.7607,2.921
9529.47,3308.53,0.34718,104.324,1332997.6,138.649,3690.76,20.0,35.6887,2.913
4387.1,748.16,0.17053,43.7947,593427.5,65.0137,2546.83,15.0,38.1648,2.423
13497.5,5590.89,0.41421,187.758,1776858.9,268.035,4650.78,94.0,32.164,8.078
8182.44,2782.63,0.34007,67.6416,1125667.8,116.234,3479.35,48.0,39.4748,2.528
9831.37,2336.41,0.23764,112.472,1378043.2,151.475,4278.92,61.0,33.3895,3.545
7490.02,2130.53,0.28444,78.4841,1021893.2,101.549,3570.81,86.0,37.8116,6.764
12302.4,3142.97,0.25547,149.425,1696627.8,195.797,4157.89,81.0,31.7634,2.134
4717.03,1406.19,0.2981,37.583,659530.1,53.7498,1874.42,46.0,44.1093,10.982
11979.5,2834.87,0.23664,144.185,1672422.4,192.01,4062.86,66.0,32.1145,1.941
5446.84,1227.19,0.2253,39.6693,734455.3,79.8709,2679.85,27.0,41.8234,10.978
8996.03,2358.12,0.26212,97.6955,1271564.9,134.496,3797.24,51.0,35.1275,3.234
14926.6,5243.5,0.35128,136.926,2086963.2,222.582,5147.24,46.0,30.1931,3.021
6945.97,1876.59,0.27016,65.386,974823.8,92.6232,3570.57,32.0,37.8087,1.838
4894.13,1226.52,0.25061,46.0491,681535.1,56.0542,1925.23,24.0,43.5312,2.778
8091.47,2252.2,0.27834,97.6761,1141468.5,107.869,3551.08,96.0,36.8797,2.057
10981.9,2653.12,0.24159,142.325,1526153.9,171.194,4716.18,179.0,28.9562,0.667
13134.7,1748.83,0.13314,142.703,1830883.9,203.031,4895.74,78.0,27.2623,0.0
10314.5,3213.44,0.31154,128.125,1382928.2,159.038,4049.37,40.0,33.7283,1.866
4683.45,1099.77,0.23482,49.4497,603895.2,65.6834,1911.09,21.0,42.4062,7.722
4648.76,1759.77,0.37854,46.9062,674306.25,68.1371,2375.4,58.0,42.9753,10.843
4095.09,1243.95,0.30376,33.028,557023.1,50.918,1399.17,32.0,44.4648,11.552
7579.33,2173.46,0.28676,72.1861,1034347.3,117.127,3079.35,80.0,38.5641,1.191
7710.51,2695.3,0.34956,65.6298,1127207.6,106.141,2626.26,71.0,40.3734,13.715
8922.87,2942.62,0.32978,90.7887,1208150.5,143.798,3261.91,21.0,35.7934,4.879
13903.1,4147.07,0.29828,99.2107,1848896.1,208.058,4431.26,96.0,30.5621,17.861
9912.31,2714.98,0.27389,105.257,1409584.8,148.79,3983.44,46.0,33.462,1.798
9472.52,3300.59,0.34843,87.5228,1352380.4,137.766,3648.13,16.0,34.9207,2.706
6391.35,2582.49,0.40406,51.6741,892296.75,99.8751,2769.14,65.0,40.1742,13.237
6886.68,2364.92,0.3434,63.4743,956661.9,95.3852,3683.83,70.0,33.7558,15.691
11049.6,3471.54,0.31417,92.043,1522243.0,148.497,4140.62,151.0,32.6667,17.532
8738.47,3330.84,0.38116,88.9242,1162467.8,138.293,3591.47,46.0,36.0756,1.498
10771.0,3273.76,0.30394,85.9533,1524456.9,126.505,5676.27,12.0,29.127,2.211
6202.55,1952.34,0.31476,59.3272,854667.94,95.2775,2683.41,49.0,40.6568,1.651
8771.64,1837.27,0.20945,100.789,1220045.6,129.592,3658.66,23.0,34.0499,1.557
16101.6,6146.72,0.38174,175.905,2260882.2,253.817,4945.69,143.0,30.1106,18.884
6042.07,1396.62,0.23114,55.4482,865155.7,73.5232,2350.71,59.0,42.142,8.11
10716.7,3335.74,0.31126,101.504,1497084.0,135.199,4125.2,22.0,33.3366,10.333
8314.79,2622.98,0.31545,69.97,1119695.6,115.484,4495.27,59.0,33.7847,5.06
5367.48,1626.81,0.30308,41.5464,747679.06,67.3339,2821.31,52.0,41.9117,2.747
10579.2,5322.36,0.50309,139.643,1458463.8,210.354,4773.25,142.0,30.365,19.635
6300.56,2104.79,0.33406,39.987,884541.4,84.1976,3538.52,39.0,40.5644,14.937
12546.9,4621.58,0.36834,131.8,1798217.2,178.341,4445.3,78.0,27.7064,17.98
9148.61,3835.3,0.41922,84.5002,1266292.6,134.007,5033.19,49.0,35.1763,15.644
9346.97,2686.81,0.28745,81.8503,1330770.6,119.444,4247.7,72.0,32.053,4.571
13196.7,3211.84,0.24338,149.053,1835777.2,199.756,4253.62,54.0,31.7634,2.534
5753.22,1307.24,0.22721,55.4593,823153.1,72.1279,2372.25,67.0,42.2507,4.579
6577.68,2930.26,0.44548,51.9108,938279.2,107.428,2803.55,72.0,39.6022,14.927
16411.1,3809.91,0.23215,217.291,2300751.8,258.657,5565.4,91.0,23.596,2.129
17719.8,5364.28,0.30272,208.831,2442434.8,287.609,6201.43,241.0,21.0209,7.962
8275.45,2258.71,0.27294,68.5098,1136177.5,83.4925,4192.9,53.0,34.9583,12.945
7438.02,1673.79,0.22503,54.0448,1036639.06,90.9815,3692.34,24.0,33.4824,16.451
8587.39,2261.7,0.26337,90.6331,1158398.8,115.556,3764.51,43.0,35.0067,2.094
6109.19,1447.7,0.23697,53.1591,840166.4,73.9997,2872.91,35.0,40.0791,8.461
9484.99,2365.09,0.24935,69.2914,1307743.8,130.622,4661.84,43.0,35.4989,12.663
6155.04,2032.86,0.33027,40.6255,843562.9,87.0164,3021.0,67.0,39.1492,4.265
23241.8,5337.37,0.22964,315.971,3204319.8,402.575,6219.41,156.0,19.8544,0.959
8976.71,3335.45,0.37156,93.6936,1273892.9,118.713,3647.72,30.0,30.977,9.589
7202.49,1753.43,0.24344,86.7181,992153.2,104.505,3856.32,23.0,36.2435,1.75
7178.83,1608.41,0.22404,62.1842,999863.8,85.4809,2875.96,26.0,39.9872,13.379
9456.06,1607.36,0.16998,99.4363,1339058.8,127.599,4183.06,46.0,33.8886,0.968
13152.6,4415.73,0.33573,115.394,1801802.6,188.182,5226.63,110.0,25.118,14.97
7995.06,2048.22,0.25618,90.9326,1134968.0,103.065,3971.53,29.0,36.3065,1.664
5823.65,1557.51,0.26744,63.7928,786624.5,89.2701,3340.4,50.0,37.6465,9.211
12191.1,5514.78,0.45236,104.703,1666160.6,202.288,6400.03,157.0,27.5843,19.999
12733.3,4584.28,0.36002,127.071,1769919.1,184.002,4304.58,45.0,30.5218,2.325
7594.27,2499.39,0.32911,84.3768,1071570.9,138.845,3848.55,89.0,35.4507,15.874
7216.42,2232.68,0.30938,68.7317,1032362.75,104.547,3261.39,20.0,36.0947,13.691
12319.7,5171.36,0.41976,100.062,1639131.4,200.007,4381.5,81.0,34.7254,16.149
9465.86,2246.22,0.23729,109.825,1317239.8,125.984,4210.49,63.0,33.8976,2.078
12448.4,5145.03,0.4133,107.061,1695788.1,185.089,4584.21,63.0,32.6395,11.144
6584.32,1423.91,0.21625,62.8461,894749.9,99.7121,3129.76,62.0,39.0764,12.804
8437.15,2868.66,0.34,62.2864,1193831.8,117.753,3892.06,42.0,34.8862,15.897
9324.75,2571.58,0.27578,79.1153,1301040.6,109.846,4174.99,64.0,34.288,2.445
6256.11,1860.11,0.29732,68.1297,883792.56,83.6974,3148.28,18.0,38.9983,2.378
6013.84,1900.66,0.31604,59.2596,838211.75,79.9833,2439.82,18.0,40.9177,3.179
12794.5,3774.22,0.29498,95.1465,1798667.6,182.846,4205.98,121.0,33.2763,2.801
8780.93,2240.57,0.25516,73.2856,1177068.6,113.015,3643.58,76.0,37.6362,14.636
6340.87,1966.0,0.31005,60.9189,908113.56,80.7724,3350.09,67.0,39.9621,0.0
5819.05,2353.58,0.40446,34.209,821751.75,82.4912,2723.17,47.0,42.5807,2.854
9102.21,2581.18,0.28357,64.742,1240853.9,133.466,3588.66,31.0,34.2854,3.483
7361.61,2023.55,0.27487,72.5096,991733.4,113.05,3168.99,76.0,39.0617,1.204
9276.07,3573.23,0.3852,75.3119,1246115.9,144.916,3502.34,29.0,39.2458,17.902
6635.53,1649.21,0.24854,54.398,872101.1,86.1747,2864.13,56.0,39.9935,15.677
7660.18,2227.9,0.29084,73.9231,1077348.4,100.973,3065.0,96.0,37.8776,14.897
16037.8,4644.63,0.2896,204.031,2224910.5,281.477,5738.07,231.0,19.764,9.005
3795.59,1258.42,0.33154,25.9781,517142.7,48.8707,1539.94,6.0,44.9167,5.772
9498.16,2552.84,0.26877,96.9387,1309758.8,127.181,4208.91,120.0,32.7021,16.777
13872.8,3928.49,0.28317,197.311,1884121.9,215.372,4588.17,181.0,28.9536,1.892
13692.4,5598.77,0.40889,141.566,1876175.9,204.502,5257.11,162.0,28.7893,16.282
12224.4,2234.41,0.18278,152.676,1658894.1,187.806,4882.98,140.0,29.9201,0.797
14989.3,3914.36,0.26114,204.451,2067131.1,253.035,5133.13,143.0,25.705,2.894
16260.9,5174.01,0.31818,240.084,2212592.2,259.264,5399.26,122.0,23.2134,1.787
6298.67,1712.17,0.27183,69.3802,892763.5,79.7865,3125.26,14.0,38.809,2.166
8025.13,1699.33,0.21175,84.8956,1131816.5,104.478,3800.13,41.0,34.9661,1.343
12853.4,3985.46,0.31007,110.632,1847516.5,163.193,4840.57,87.0,29.9106,14.087
20584.5,6702.99,0.32563,250.681,2868824.0,353.446,5914.58,215.0,21.9962,6.237
10062.4,2584.67,0.25686,101.244,1400329.1,156.187,3734.4,18.0,33.5542,1.64
6155.06,1547.35,0.25139,52.3318,856656.44,74.379,3378.85,55.0,38.8107,2.205
4607.29,1844.7,0.40038,39.08,623916.44,75.5105,1485.5,6.0,43.2802,7.538
6525.17,1640.38,0.25139,56.8501,869010.8,77.2058,3239.78,33.0,38.52,6.212
5427.14,1751.07,0.32265,68.6095,744960.3,78.7175,3020.75,33.0,40.4125,1.393
9382.63,3302.94,0.35202,113.41,1300554.5,170.351,3694.66,36.0,33.9813,2.676
13521.7,3648.11,0.26979,180.971,1862131.0,219.723,5539.76,134.0,23.066,1.183
5939.95,1091.11,0.18369,49.1416,819508.5,70.4183,2855.98,32.0,40.215,4.695
10352.2,4319.95,0.41729,74.4438,1435148.9,162.27,7261.9,24.0,40.8969,15.812
8501.06,2956.88,0.34782,65.0606,1150983.8,124.199,4099.0,46.0,35.3468,17.604
19240.5,5588.1,0.29043,239.888,2642884.5,317.116,5542.15,221.0,22.8386,4.571
18464.0,7424.07,0.40208,156.679,2587253.0,250.758,5746.85,48.0,24.4192,14.84
14418.9,6373.71,0.44203,84.0665,1955397.9,246.445,19881.74,39.0,34.5885,17.749
12469.7,3248.47,0.2605,161.258,1731263.4,202.31,4804.28,55.0,28.5326,2.765
12779.3,3319.63,0.25976,154.572,1784711.4,215.975,4360.56,73.0,30.1174,1.422
9634.96,3214.28,0.3336,91.5231,1311239.8,140.565,3883.49,35.0,34.7164,1.944
14741.8,3499.22,0.23736,171.578,2112916.0,224.06,4902.13,84.0,27.0767,4.008
9314.24,2038.67,0.21887,92.7667,1297606.0,138.698,3650.57,18.0,34.0267,2.174
10344.2,2216.06,0.21423,103.09,1471579.0,142.397,4290.42,47.0,33.5024,0.756
8452.52,1703.97,0.20159,85.4145,1183341.0,103.872,3721.55,14.0,34.0542,1.919
6742.15,2350.2,0.34858,60.7563,970083.8,93.3534,3451.8,22.0,37.764,11.696
7752.23,2184.68,0.28181,80.833,1064809.6,107.794,3023.19,64.0,39.5281,15.713
14602.1,5132.3,0.35147,195.277,1939772.6,264.349,5222.68,135.0,28.5087,12.164
5540.35,1410.55,0.25459,46.1163,775638.06,69.7068,3081.02,20.0,41.0209,1.703
10225.0,2816.66,0.27546,130.396,1441479.4,167.509,4260.93,52.0,32.244,1.689
9522.73,2255.61,0.23686,104.68,1309879.0,143.536,4004.67,39.0,34.0406,1.967
12005.3,3231.85,0.2692,132.917,1690920.0,174.119,4588.37,64.0,29.3707,3.336
7238.8,2715.94,0.37519,80.5399,990955.7,103.596,3296.35,58.0,38.2183,2.134
14572.9,4894.75,0.33588,161.916,2057115.8,221.651,5564.93,88.0,25.4991,4.858
9487.38,2811.38,0.29632,78.7824,1363002.4,127.838,4606.55,98.0,32.1977,1.65
5675.8,1973.91,0.34777,49.1158,797873.06,76.953,2546.3,24.0,42.0062,2.643
6159.07,754.86,0.12256,59.2257,834231.75,82.5895,3136.5,49.0,39.1404,10.809
11529.7,2787.61,0.24177,130.242,1575004.4,157.206,4491.7,90.0,31.5879,1.973
9293.17,2704.13,0.29098,87.3866,1311317.4,119.221,4481.18,52.0,32.8995,2.111
14638.2,4255.83,0.29073,176.87,2055751.1,238.606,5241.0,166.0,25.5466,1.996
16152.0,5460.29,0.33805,234.085,2217425.8,266.735,5301.6,128.0,23.0217,1.879
8706.65,2513.26,0.28865,87.7431,1202251.1,115.651,3183.3,23.0,37.2337,1.264
10795.4,3223.01,0.29855,117.369,1444210.8,160.608,4502.6,136.0,32.8268,2.223
5468.13,1442.29,0.26376,46.6424,761667.1,70.222,3090.48,16.0,40.3668,1.659
5061.12,1613.87,0.31887,53.3053,692492.8,70.2273,3057.12,23.0,40.0641,7.571
8748.83,1807.55,0.2066,78.4753,1254380.1,105.978,3903.01,15.0,34.9708,1.088
13561.6,3855.99,0.28433,162.262,1897666.5,232.478,4423.79,78.0,30.0728,1.595
14185.2,5268.83,0.37143,193.473,1959217.8,263.744,4727.87,40.0,29.5304,3.199
5988.11,1624.08,0.27121,54.6947,835254.5,81.6047,3333.49,52.0,39.0618,9.185
9341.78,3217.8,0.34445,72.3156,1288615.2,115.011,4441.04,11.0,39.5509,6.859
9646.37,2937.49,0.30451,103.703,1308603.1,147.935,3581.82,31.0,35.2314,10.761
8267.73,1951.89,0.23608,86.3387,1166105.5,97.6918,3759.4,64.0,35.4199,3.399
14762.6,3739.9,0.25333,206.556,2033943.6,255.291,5077.11,174.0,25.4168,3.006
6165.5,1490.22,0.2417,62.1469,838610.94,87.1692,3281.41,55.0,38.7891,8.414
13844.4,3483.83,0.25164,165.669,1932074.2,209.913,4785.53,113.0,28.7155,5.338
9558.11,2617.31,0.27383,83.107,1356283.5,129.341,4324.83,59.0,33.2275,6.0
15397.2,3719.29,0.24155,204.883,2132558.0,255.536,5005.05,142.0,26.4814,2.769
3964.11,1174.81,0.29636,34.9497,540083.56,49.3354,1386.55,32.0,44.4813,11.255
5630.37,2061.34,0.36611,52.7266,788579.56,77.3228,2666.0,28.0,40.8442,4.137
5525.09,1111.21,0.20112,52.4451,796407.8,69.8073,2848.06,56.0,39.9802,1.704
9598.97,3701.16,0.38557,98.2131,1370613.0,150.651,3762.99,86.0,34.4491,10.989
9772.26,2891.14,0.29585,94.3971,1379422.9,127.621,4142.77,106.0,33.4773,4.835
11357.0,3798.75,0.33448,133.229,1558798.9,179.234,4529.22,65.0,30.9459,13.448
17105.7,5414.77,0.31654,189.173,2342651.5,223.572,5471.31,90.0,22.9158,6.083
11759.0,2836.23,0.24119,152.595,1653825.0,221.293,4109.78,86.0,31.9153,1.994
9925.06,2632.97,0.26528,105.697,1403910.2,143.82,4018.97,44.0,33.3589,1.699
12245.6,3190.65,0.26055,161.814,1693064.0,201.663,4855.16,65.0,46.5464,2.849
18066.1,6933.49,0.38378,209.997,2366113.0,285.969,5459.81,202.0,22.2658,20.45
5118.11,1083.28,0.21165,47.9293,737233.8,62.7771,2194.35,80.0,42.7386,0.879
4942.51,1289.59,0.26091,44.1017,691031.3,57.9943,1828.86,21.0,42.153,2.826
14307.1,4761.23,0.33278,183.923,2004272.4,238.709,4539.88,36.0,29.103,6.375
8662.74,3208.86,0.37042,81.8077,1243284.8,128.771,3675.79,52.0,37.992,6.826
7436.27,1959.79,0.26354,66.6922,1040929.94,79.5605,3669.28,74.0,36.2923,16.343
9864.89,2511.78,0.25461,104.734,1399658.0,153.513,3923.6,42.0,32.9331,2.266
9022.15,3462.67,0.38379,102.797,1270308.2,137.833,3626.05,17.0,35.3975,2.371
8612.04,3084.12,0.35811,76.9897,1165909.6,132.318,4946.43,66.0,34.2174,16.817
7202.66,2000.35,0.27772,65.2973,988940.2,90.1651,3220.74,58.0,39.1807,11.728
6738.21,1951.1,0.28955,57.1142,937642.3,99.8387,3053.04,12.0,37.2038,17.695
7776.13,2494.56,0.32079,95.1518,1098525.5,100.549,4033.95,43.0,35.2947,3.62
23177.4,8476.81,0.36573,264.801,3236657.8,361.365,5779.51,85.0,22.2641,4.621
8927.96,2473.84,0.27708,96.9234,1268568.1,132.429,4018.6,165.0,33.6722,1.197
5583.86,1546.61,0.27697,51.7611,813434.44,67.7036,2363.23,73.0,42.2679,3.544
5266.46,1125.94,0.21379,45.6554,737821.4,65.9191,2812.03,24.0,41.1251,4.215
6343.64,2267.66,0.35746,60.398,890248.9,88.8791,2761.87,44.0,38.8933,2.942
14948.1,5670.97,0.37937,169.671,2088261.6,264.755,4894.3,176.0,29.3829,16.829
10270.3,4309.32,0.41959,83.6799,1388443.2,160.585,4405.79,53.0,35.5449,14.333
13954.4,3582.35,0.25671,187.781,1912867.6,213.902,4588.31,176.0,29.0844,1.517
8889.55,2912.07,0.32758,91.9121,1213859.8,106.037,3899.88,23.0,36.3151,12.232
7987.11,2142.61,0.26825,75.3935,1126081.6,105.08,4123.11,18.0,34.1662,4.7
9796.7,3776.42,0.38547,91.6888,1387784.1,137.74,3442.44,49.0,35.7617,16.741
6805.69,2459.42,0.36137,77.4869,920249.4,118.301,3231.59,60.0,38.8968,15.49
8218.97,1607.15,0.19554,73.5678,1188703.4,96.5487,3918.35,9.0,34.979,1.238
4982.85,1082.54,0.21725,51.9082,645098.0,57.9701,1955.28,19.0,43.0329,9.553
6649.61,1948.34,0.293,59.5825,938874.75,87.9502,2579.33,31.0,39.7355,10.488
8845.44,2256.67,0.25512,79.4446,1262542.5,121.12,3840.17,13.0,35.7916,4.042
6459.13,1342.47,0.20784,56.421,896660.06,79.9825,2812.72,20.0,40.2088,1.361
10967.5,2649.13,0.24154,108.412,1541163.6,155.144,4396.06,65.0,32.9587,4.504
7369.26,1444.33,0.19599,71.4269,1036093.75,81.1457,2898.61,24.0,37.0104,12.725
6841.28,2384.28,0.34851,61.955,985407.75,90.4268,3184.23,28.0,38.8459,1.516
22284.5,6114.25,0.27437,293.489,3029109.5,316.621,6681.48,286.0,18.6809,1.548
12642.8,3653.8,0.289,173.411,1758460.8,204.467,4648.63,94.0,29.7202,3.561
9019.99,2116.54,0.23464,87.2709,1279829.8,112.689,4522.75,30.0,33.4598,3.339
14628.8,3640.17,0.24883,155.571,2083458.8,218.366,5508.41,61.0,24.4776,14.91
10076.6,2943.99,0.29216,105.524,1452341.8,136.721,3925.74,63.0,34.4348,1.833
12066.2,3323.7,0.27545,135.535,1637943.4,168.32,3973.34,205.0,32.3007,2.905
7243.94,1666.92,0.23011,61.0493,1024020.4,92.5979,2702.63,43.0,36.6267,9.339
14194.2,5764.96,0.40614,128.49,2045663.4,209.362,5605.14,95.0,28.9709,16.432
5561.79,2012.97,0.36192,49.811,779613.0,73.7811,2487.02,18.0,41.5854,3.979
7454.1,2468.13,0.33111,75.823,1032986.7,102.502,3750.98,34.0,36.1457,1.969
8315.81,2774.93,0.33369,64.6704,1168070.1,120.531,4629.82,58.0,33.3327,15.436
10873.0,4152.47,0.3819,129.517,1472942.9,194.913,4657.39,163.0,30.0777,3.067
11660.3,3399.61,0.29155,115.041,1626940.6,144.425,3866.18,132.0,33.9394,20.592
6104.74,1370.29,0.22446,57.3402,835746.9,83.2496,2737.97,17.0,40.1183,1.134
22181.0,7662.6,0.34545,181.621,3140493.0,376.825,14909.28,98.0,23.1085,5.355
9140.75,2290.38,0.25056,116.212,1285359.9,154.81,3830.63,14.0,34.1387,0.545
5633.5,2628.53,0.46658,49.6362,773335.7,96.6537,2152.73,7.0,41.643,7.905
7383.84,2828.6,0.38307,64.9918,1079055.9,96.2046,3226.87,30.0,38.8663,1.392
8899.65,2731.34,0.3069,74.115,1257800.1,112.73,3440.32,42.0,36.073,14.97
8091.01,2931.36,0.36229,77.9673,1112843.1,123.728,3356.96,19.0,37.0989,14.756
5874.4,1947.93,0.33159,71.3266,814038.7,87.6714,3020.99,38.0,40.3088,1.696
14370.3,2964.65,0.2063,177.247,2023604.2,218.078,4950.79,87.0,26.9046,3.054
6422.52,1793.48,0.27924,56.3155,882997.94,86.6184,3133.15,32.0,39.5275,7.606
13176.3,4505.69,0.34195,128.588,1863328.9,166.897,4903.91,147.0,28.7927,16.442
16196.3,4710.29,0.29082,233.942,2282791.0,289.997,5633.43,123.0,21.6545,4.082
3927.99,1259.01,0.32052,35.3687,533490.8,51.2359,1395.92,32.0,44.441,11.321
14490.7,5295.28,0.36542,192.774,1892842.9,260.051,5214.4,70.0,26.8022,4.974
9834.58,3665.25,0.37269,106.743,1392109.2,139.543,3768.89,19.0,34.4906,2.7
11159.6,3308.75,0.29649,93.8781,1574884.4,148.626,8103.7,111.0,30.9169,16.808
6715.79,2449.78,0.36477,80.4453,926534.6,95.0026,3215.82,53.0,38.4188,1.386
9929.73,2671.82,0.26907,106.474,1418323.1,152.22,4031.4,56.0,32.7369,1.622
5138.26,1545.71,0.30082,44.3321,712421.7,67.4627,2050.51,11.0,41.8522,7.612
9689.37,2486.17,0.25658,98.4846,1369557.8,139.182,3562.2,128.0,31.7865,7.56
16557.3,5365.39,0.32404,212.278,2185477.8,254.814,6190.32,255.0,21.4785,2.511
10894.2,3217.11,0.2953,147.378,1456275.6,185.07,4375.55,56.0,31.5246,2.894
8158.19,2228.16,0.27311,90.2833,1118216.2,114.209,3101.73,21.0,37.1514,0.934
8708.47,2450.95,0.28144,84.0206,1231833.1,124.938,4168.02,77.0,34.0564,5.23
7038.14,1986.42,0.28223,64.846,973487.94,90.3238,3031.85,49.0,40.8964,1.638
7467.15,2120.81,0.28401,63.3064,1058383.9,91.3633,2956.65,61.0,39.4221,14.499
8335.59,2515.94,0.30183,101.213,1142843.6,139.252,3244.33,17.0,36.6531,1.531
12716.6,4430.8,0.34842,133.3,1776015.2,202.893,4446.47,83.0,31.0061,2.834
7885.1,1614.44,0.20474,77.1651,1108452.2,103.059,3771.39,13.0,34.3318,1.891
13513.9,4288.8,0.31736,129.559,1899469.9,177.162,4817.69,85.0,35.3655,16.201
7406.45,1691.37,0.22836,87.2524,985939.44,128.691,3458.18,34.0,36.8668,2.583
6794.82,2568.48,0.378,81.6157,932451.75,95.8625,3279.24,59.0,38.5485,1.404
12994.0,3785.49,0.29132,166.398,1800339.8,202.037,4841.8,69.0,28.2376,3.297
3781.01,1149.39,0.30399,36.0219,512843.34,47.6737,1391.45,32.0,44.4733,11.283
18408.3,7078.9,0.38454,182.238,2551370.2,281.39,4401.89,48.0,26.288,17.818
5907.98,1926.7,0.32611,70.8449,809334.1,85.3933,2635.52,50.0,37.2891,10.039
7741.79,2759.37,0.35642,96.7023,1090741.8,112.401,3541.9,23.0,35.5821,9.547
8204.59,1770.53,0.21579,56.5038,1170827.0,81.6918,3261.95,32.0,38.3129,16.33
7817.13,2042.72,0.26131,99.7508,1061503.5,120.356,3365.49,126.0,36.2234,1.469
9211.42,2429.54,0.26375,95.516,1304041.6,129.869,3949.98,27.0,34.5626,5.65
8758.69,1917.48,0.21892,98.4979,1220858.4,129.71,3844.31,47.0,34.8157,3.326
12247.2,3276.11,0.26749,148.67,1631045.9,182.914,4613.12,69.0,30.7305,2.793
4152.01,1243.27,0.29943,36.1306,565412.2,50.9861,1401.25,17.0,44.3015,1.67
7054.65,1886.6,0.26742,56.6692,1026184.06,78.7668,3119.66,22.0,40.1027,9.191
7357.94,2018.57,0.27433,64.5478,987002.0,89.111,4081.7,44.0,35.5826,15.903
7220.63,2407.18,0.33337,67.1223,983911.25,102.529,3406.3,33.0,36.9515,13.678
9461.14,2351.49,0.24854,102.82,1333416.9,142.971,3933.89,44.0,32.8118,1.828
7140.0,2501.88,0.3504,67.6558,1018730.0,91.4884,3321.22,87.0,37.7313,12.908
12116.8,4762.59,0.39305,104.316,1714800.6,182.264,3913.39,13.0,35.2339,4.024
7310.6,1777.62,0.24315,55.2979,965780.2,88.1795,3089.84,43.0,39.3512,15.558
6970.99,2353.49,0.33761,62.3704,904977.0,106.124,2606.35,27.0,40.2394,3.0
7426.98,2627.09,0.35372,68.2105,1070385.4,102.932,3022.88,33.0,40.5527,12.803
9333.14,3773.77,0.40434,91.3457,1328258.2,130.345,3800.09,47.0,35.7321,10.503
8190.65,3065.81,0.3743,54.2014,1094101.0,125.236,4612.79,29.0,36.9705,16.249
8813.74,2439.09,0.27673,82.6575,1233859.8,99.9958,4141.17,57.0,34.1452,4.074
13676.6,4603.5,0.33659,144.388,1832802.2,224.475,4874.16,97.0,27.115,18.689
9027.4,3576.76,0.39621,82.6824,1220390.4,125.611,4621.54,44.0,32.0827,13.694
4420.38,763.0,0.1726,41.428,584493.06,56.2481,2570.0,13.0,46.5464,1.962
9161.56,3499.87,0.38201,86.8314,1276464.8,137.526,3428.35,13.0,34.3126,15.936
12985.5,4567.34,0.35172,155.566,1799694.4,172.263,5265.0,39.0,27.0735,3.831
12944.9,4909.84,0.37928,111.915,1762975.0,208.94,5067.88,119.0,32.9418,18.855
14075.3,3558.27,0.2528,125.878,1995262.4,177.72,5595.03,40.0,27.5681,6.768
9742.86,2716.14,0.27878,102.259,1354307.1,115.055,3437.48,42.0,37.6798,7.432
7414.45,2555.85,0.34471,65.1865,1042830.6,94.9208,4098.65,82.0,37.5184,4.351
10087.1,2742.17,0.27184,106.839,1420390.1,153.241,3978.77,44.0,33.6168,1.587
14434.0,4399.15,0.30477,191.731,1989370.0,202.637,4642.26,181.0,28.8472,2.398
8644.56,3766.13,0.43566,80.6935,1194992.1,128.28,3224.14,24.0,37.3693,13.441
4877.59,995.51,0.20409,45.7908,679323.1,61.0913,2646.15,17.0,42.1028,3.478
8920.37,2110.6,0.2366,86.3657,1271461.0,113.827,4055.72,6.0,34.9304,1.829
4623.79,851.28,0.1841,42.6331,656643.8,49.2459,2251.31,12.0,42.0536,2.608
6170.71,1762.06,0.28555,69.3488,873924.56,78.0717,2814.73,75.0,37.1969,8.052
10912.1,5157.06,0.4726,94.5806,1577184.4,169.39,4082.36,46.0,35.0274,13.064
6027.35,1917.33,0.3181,46.5098,787320.3,89.7558,2147.28,42.0,42.5017,12.854
14989.3,5537.19,0.3694,177.817,2121767.5,274.379,5037.12,115.0,25.8556,3.861
5992.31,1026.88,0.17136,53.7574,842591.75,73.3543,2616.23,1.0,41.2163,1.629
7446.68,1845.15,0.24778,65.0159,1074775.8,76.509,2668.85,48.0,40.172,10.86
8130.41,1926.79,0.23698,93.1091,1137521.2,118.352,3240.09,4.0,37.3062,0.432
8612.4,2275.05,0.26415,85.3474,1167199.8,117.592,3744.45,37.0,29.6859,1.714
7735.15,1410.32,0.18232,78.4447,1086499.6,99.1026,3744.93,11.0,34.4309,1.789
7060.07,2166.5,0.30686,59.2595,957169.1,101.363,3104.81,103.0,38.194,6.217
13707.9,3977.51,0.29016,155.413,1923467.9,200.455,5112.61,163.0,26.6199,12.742
6828.13,1225.21,0.17943,61.6251,949416.44,88.7819,3108.95,66.0,39.7516,14.162
9674.7,3513.88,0.3632,92.3291,1375680.1,152.136,3702.13,85.0,34.6188,15.138
13060.4,3795.61,0.29061,154.589,1845421.0,204.136,4640.15,68.0,29.5875,4.62
4979.71,1056.22,0.2121,38.8696,688672.3,58.8868,2632.32,54.0,41.9736,10.944
9196.75,2903.59,0.31571,95.8844,1244342.5,141.987,4389.14,121.0,32.5703,3.387
13770.9,3891.99,0.28262,167.687,1941214.8,213.65,4984.9,209.0,27.9827,2.097
11754.7,3346.25,0.28467,134.47,1615182.9,160.3,4485.4,91.0,31.2285,2.04
8190.23,2621.01,0.32001,68.532,1171115.6,113.507,4074.68,30.0,35.3683,11.657
6876.31,2082.16,0.3028,67.9116,975474.6,89.966,3231.82,11.0,38.8579,2.592
9435.67,3062.89,0.3246,95.8006,1318151.4,131.952,4480.69,94.0,34.4883,17.027
9386.43,3558.43,0.3791,87.7266,1255815.2,161.997,4173.97,79.0,36.1643,19.332
7065.25,956.26,0.13534,67.1152,961943.7,86.5682,3329.11,64.0,36.6172,5.397
8891.71,2606.95,0.29318,89.0005,1171956.0,119.429,3688.21,24.0,37.3046,16.064
24439.6,8189.39,0.33508,320.233,3394628.0,404.412,6941.16,122.0,16.3772,5.143
8070.05,2873.31,0.35604,99.2784,1135916.6,111.079,3707.21,28.0,36.9301,8.69
10223.3,3395.35,0.33211,93.6084,1467728.6,125.455,4237.84,97.0,32.3205,6.423
15274.3,4929.06,0.3227,168.183,2107617.5,263.428,4498.38,93.0,29.4067,12.692
11792.9,3071.89,0.26048,119.657,1634009.0,180.501,4079.39,72.0,32.2015,1.582
15488.7,4885.09,0.31539,179.93,2150899.2,260.218,4596.53,24.0,29.0426,3.621
11489.7,2763.67,0.24053,130.653,1584520.1,151.309,3942.12,19.0,33.3868,3.723
7878.1,2761.67,0.35055,52.2202,1060911.5,119.551,3499.67,32.0,40.9868,16.02
7616.28,2199.66,0.28881,73.5571,1038080.06,101.519,3377.14,74.0,37.1079,4.084
18018.8,7401.82,0.41078,185.181,2462829.0,295.717,5962.5,155.0,26.8766,16.956
7742.17,2608.69,0.33694,78.3178,1070089.8,94.9378,3952.72,34.0,35.0272,10.548
6161.94,1497.46,0.24301,72.3043,861296.0,77.5524,2860.41,69.0,39.6867,7.123
7777.53,2434.56,0.31302,69.4443,1098667.1,100.922,3410.54,40.0,35.6361,4.355
7756.11,3015.36,0.38877,83.5239,1104675.5,113.269,3469.84,52.0,37.8052,14.078
11860.7,3406.56,0.28721,160.204,1633690.4,217.666,5036.73,127.0,26.754,5.941
14316.6,3968.56,0.27719,192.16,1933683.0,216.787,4649.77,178.0,29.0523,1.925
8217.88,2332.61,0.28384,90.0021,1160517.1,113.313,3572.86,92.0,36.7581,2.093
7243.53,2057.07,0.28398,66.6182,1008189.3,96.0069,3064.05,55.0,39.2259,4.204
11111.5,2469.15,0.22221,101.377,1603572.4,134.377,4904.71,35.0,33.8308,0.0
10297.0,4076.31,0.39587,80.6181,1440790.2,152.639,3919.1,28.0,34.502,20.635
5063.93,1341.51,0.26491,47.0922,645213.2,75.4128,2027.58,39.0,43.1398,11.323
15642.7,5038.53,0.3221,176.976,2160728.0,231.333,5307.89,193.0,26.6254,1.852
10432.5,3260.24,0.3125,117.397,1426021.1,163.652,4357.75,82.0,32.8345,1.182
14429.5,4499.1,0.31179,166.962,1996860.0,221.636,5230.93,175.0,27.1669,1.856
10457.0,2184.17,0.20887,99.8581,1441138.8,118.251,4700.39,60.0,30.7946,11.929
8767.2,1993.19,0.22734,102.25,1214253.2,136.8,3691.04,17.0,33.7798,1.75
5228.49,1713.94,0.3278,52.3483,718880.06,88.7627,2231.61,60.0,43.0674,10.649
7088.67,2149.28,0.30319,52.3227,950390.6,94.2194,2882.6,20.0,39.7069,10.078
5873.81,1800.49,0.30652,70.2661,816479.0,85.5605,3039.55,35.0,40.1338,1.725
7644.44,1884.58,0.24652,65.7946,1123913.5,94.6553,3041.14,18.0,37.9748,1.811
11934.1,2538.38,0.21269,151.703,1681742.2,167.321,4701.61,141.0,29.6913,2.202
9739.64,2829.89,0.29055,108.47,1317133.0,154.059,4093.75,47.0,33.6065,1.806
8944.81,2375.82,0.2656,72.9352,1204404.9,113.921,3765.33,78.0,35.0276,13.253
5883.22,1557.64,0.26475,60.2829,848155.44,72.7236,3286.63,52.0,40.4431,10.747
22949.3,8156.45,0.35541,228.596,3252581.0,299.201,6668.84,89.0,17.4368,15.494
12348.3,3376.73,0.27345,106.977,1789491.1,156.021,3795.06,154.0,35.4158,19.02
4307.6,1184.56,0.27499,47.7497,602938.4,55.1448,2094.0,21.0,43.2491,1.588
8534.46,3678.75,0.43104,86.5735,1181958.5,138.25,3670.61,118.0,35.2134,4.501
14024.3,4305.46,0.30699,151.07,1997485.1,181.534,5189.72,35.0,28.1832,9.485
8010.96,2196.8,0.27422,89.2178,1136522.6,112.157,3546.53,96.0,36.7026,2.145
14333.2,5682.81,0.39647,135.576,1962576.1,211.994,4007.67,76.0,33.4622,18.541
7881.98,1851.28,0.23487,90.8531,1069849.6,126.283,3400.83,18.0,37.2485,1.38
19602.1,5085.5,0.25943,193.312,2802795.2,298.64,6553.37,252.0,21.2489,7.921
9358.93,3010.09,0.32162,63.7868,1287968.5,132.38,3999.52,25.0,33.9254,4.876
15698.5,4710.57,0.30006,186.407,2179221.0,228.988,5658.68,140.0,22.4244,0.966
6501.78,1691.43,0.26014,55.2899,928811.44,76.4022,2562.96,60.0,41.4424,3.016
8561.24,2424.13,0.28315,93.3145,1156289.5,134.942,4002.2,36.0,36.1389,4.198
11168.9,4296.66,0.38469,96.1691,1581107.9,171.293,4360.85,88.0,31.6143,4.0
12434.2,3348.87,0.26932,130.764,1706087.1,188.986,4201.84,66.0,31.2854,1.55
13922.6,3392.94,0.2437,199.264,1935599.2,255.51,4917.73,139.0,26.6699,3.629
13877.7,4742.15,0.34171,88.8401,1917055.1,185.782,4451.0,130.0,30.0911,18.467
7378.55,1891.41,0.25633,84.5382,995806.2,123.537,3467.54,40.0,36.0656,1.988
8003.65,2262.33,0.28266,94.2004,1117354.5,111.084,4682.42,37.0,33.1881,2.068
11045.3,3117.63,0.28225,94.4331,1530394.5,121.262,3657.34,40.0,36.408,17.795
6323.83,1248.35,0.1974,58.4575,876565.2,82.5995,2984.89,30.0,38.2824,4.108
6466.56,1796.36,0.27779,74.5618,881132.1,93.3855,3289.5,14.0,38.1953,10.27
12216.3,3547.58,0.29039,137.685,1750344.0,227.865,4973.0,77.0,23.4929,14.514
7568.45,3022.09,0.3993,68.7967,1092310.5,109.704,3631.94,62.0,36.6739,13.062
3990.44,892.96,0.22377,32.7476,572653.25,38.286,1141.86,38.0,45.093,17.157
9781.66,2780.14,0.28421,89.8147,1377222.9,123.767,4625.65,51.0,33.334,1.886
4054.8,1191.04,0.29373,34.4985,555233.5,50.6766,1379.52,32.0,44.4985,11.163
8812.26,3966.79,0.45014,74.6277,1196896.1,139.672,3644.85,23.0,39.4333,10.045
10351.1,3576.6,0.34552,127.324,1371835.0,172.442,4020.58,38.0,34.0505,2.617
14385.5,5226.74,0.36333,165.27,2006521.1,216.272,5075.31,87.0,26.8695,5.081
9081.38,2206.04,0.24291,109.069,1235471.5,139.546,4005.34,55.0,34.2127,3.057
11237.4,3626.61,0.32272,94.3149,1582612.6,140.155,7456.49,115.0,34.2909,17.333
8067.98,2250.96,0.27899,70.4803,1055926.4,102.94,3957.92,15.0,38.0252,8.231
7031.44,2456.97,0.34942,47.018,1008540.3,88.0866,3998.06,3.0,38.7263,18.858
4662.66,1777.66,0.38125,42.1428,632430.0,77.4517,1657.87,22.0,43.6967,13.438
23475.3,7810.56,0.33271,314.557,3271481.2,393.923,6527.31,92.0,18.5629,3.773
17645.7,5880.87,0.33327,201.773,2378712.2,297.005,5438.72,208.0,24.1394,2.313
8106.22,2248.92,0.27743,67.9707,1075535.9,99.976,3918.37,21.0,34.0433,12.727
5915.9,1393.64,0.23557,66.8522,825926.0,76.0892,2785.67,74.0,39.6711,8.019
11471.0,2659.34,0.23183,146.417,1608279.9,182.308,4613.56,52.0,29.9482,0.95
7906.94,2525.65,0.31942,70.1652,1076678.4,102.591,4071.29,57.0,33.9313,5.336
8512.92,3128.96,0.36755,79.9301,1168105.1,117.771,4065.17,28.0,33.0749,12.605
13425.4,4030.25,0.30019,153.678,1871712.1,229.227,4692.81,89.0,29.3254,3.689
8635.09,1876.72,0.21733,104.31,1202410.2,113.374,3827.96,61.0,35.2494,2.987
9994.67,3000.3,0.30019,117.111,1341468.1,145.208,4273.88,46.0,34.4849,10.219
13506.7,5293.45,0.39191,167.675,1915482.9,270.346,4674.68,59.0,28.3044,13.273
10943.8,4170.99,0.38112,111.175,1534911.8,170.794,4473.59,65.0,32.3279,4.801
9868.72,4137.74,0.41927,94.1253,1418322.5,146.425,3447.04,38.0,35.1816,16.588
8346.09,2207.9,0.26454,81.9039,1186918.2,120.99,3623.36,6.0,46.5464,2.116
13151.0,3746.11,0.28485,163.947,1829908.6,210.181,4872.08,60.0,28.0894,2.489
7507.54,2055.04,0.27373,62.1612,1022781.75,111.813,3559.8,23.0,37.4516,1.423
5106.2,1451.28,0.28421,49.45,716326.44,57.2873,2270.84,14.0,42.3375,3.99
7495.07,2984.45,0.39818,66.1646,1031536.44,106.52,3159.09,79.0,39.544,16.417
10161.3,2323.88,0.22869,115.257,1436414.6,134.499,4153.17,37.0,32.1806,2.025
16012.9,5439.21,0.33967,174.991,2232631.5,252.221,5445.1,216.0,27.4531,2.409
6075.52,2308.83,0.38002,51.1109,858585.0,96.3474,2519.67,57.0,40.4251,12.034
10318.3,3643.63,0.35312,96.2052,1405854.0,161.114,4886.14,144.0,30.3307,17.482
23157.9,6886.31,0.29736,301.575,3227720.8,370.235,6304.89,91.0,17.7233,3.191
8152.16,3367.63,0.41309,80.8982,1157066.4,124.799,3361.88,48.0,37.8052,3.525
5161.79,1630.3,0.31584,41.0721,722949.56,67.8193,2732.95,60.0,40.5166,7.75
11344.3,2522.43,0.22235,155.956,1599378.6,180.158,4616.08,52.0,29.8901,0.921
8016.78,1637.39,0.20424,76.999,1146874.4,109.022,4042.89,104.0,34.9389,1.004
7066.74,1991.86,0.28186,92.0779,966155.0,105.33,3053.52,21.0,39.3392,5.427
4142.75,882.08,0.21292,42.9712,551598.75,55.8967,2550.34,15.0,43.5301,4.794
14543.2,5009.68,0.34446,164.716,1998932.9,217.893,5014.81,140.0,27.8038,6.602
5351.96,1322.43,0.24709,52.4731,750732.06,74.2397,2689.77,7.0,38.9642,13.468
7448.91,3656.95,0.49093,68.8227,1108664.9,123.382,3292.14,39.0,38.8968,5.896
6915.26,2152.37,0.31124,64.7048,935045.4,100.125,3211.01,26.0,40.3252,1.897
12367.5,4411.19,0.35667,117.44,1740713.6,165.244,3977.33,63.0,34.1531,3.898
8458.99,2892.99,0.342,96.6572,1203248.0,132.589,3434.97,104.0,36.386,20.997
10625.2,3479.35,0.32746,108.956,1422975.0,162.509,3966.72,24.0,33.1878,15.264
8789.37,2451.13,0.27887,74.6924,1182534.4,120.957,4162.64,87.0,36.0836,13.387
8748.6,1625.36,0.18578,77.5675,1250282.6,100.799,3857.06,14.0,34.9895,0.907
7939.14,2077.72,0.2617,62.6585,1096769.4,92.8257,3741.71,46.0,36.2161,13.501
7484.15,2430.89,0.3248,94.7797,1040813.7,94.7272,3599.29,26.0,36.8031,12.217
7019.78,2382.63,0.33941,70.1887,953351.56,120.436,3081.85,79.0,46.5464,0.821
7962.2,2968.83,0.37286,92.1627,1102944.1,120.392,3504.33,50.0,33.2549,16.965
6475.09,1399.36,0.21611,56.1504,891707.6,72.1238,2339.58,37.0,42.0717,15.597
11605.8,2754.77,0.23736,110.534,1667537.0,146.223,4547.28,86.0,31.4237,18.075
4545.06,768.7,0.16912,42.3659,614359.1,59.2394,2596.78,10.0,43.1345,1.904
16147.7,5493.98,0.34023,215.514,2250893.2,263.586,5373.31,286.0,24.6733,1.861
8606.46,2588.41,0.30075,95.4043,1170174.6,127.404,4301.23,108.0,33.2474,2.7
13642.8,3460.55,0.25365,164.01,1927415.0,201.341,5066.33,209.0,27.5986,1.867
4730.41,1230.34,0.26009,52.7605,621498.9,64.8842,2408.44,46.0,42.1884,5.273
15996.0,4244.77,0.26536,154.702,2282556.8,221.399,4851.6,125.0,28.4173,20.471
3940.67,1185.1,0.30073,33.2984,536154.44,50.8762,1398.88,32.0,44.5028,11.446
9398.12,2341.45,0.24914,79.0721,1350840.8,119.586,3731.85,33.0,34.9338,2.887
7653.86,2156.1,0.2817,66.3578,1054565.2,113.927,3731.35,30.0,34.3961,2.461
7626.81,2592.32,0.33989,88.4077,1051683.6,112.106,3626.43,22.0,36.8447,8.804
7969.48,2804.43,0.35189,69.9693,1158877.8,97.6495,3264.07,58.0,37.6369,15.622
6760.67,2730.42,0.40386,80.3848,930284.3,121.782,3227.86,63.0,37.6311,14.021
14399.2,4557.43,0.3165,146.198,2009616.6,182.036,4587.31,113.0,27.4048,18.633
8173.89,2713.47,0.33196,66.8022,1122381.8,110.812,3581.99,45.0,37.3501,2.041
9179.82,2788.56,0.30377,102.639,1260099.9,146.511,3338.46,11.0,36.6532,2.255
10895.7,3102.87,0.28477,97.0134,1503103.5,150.699,3923.13,19.0,35.5087,2.67
9124.3,3158.91,0.3462,94.3883,1293691.9,132.212,3782.07,21.0,34.8963,4.24
10583.4,3534.65,0.33398,125.59,1467579.5,182.334,3858.03,39.0,32.5508,3.722
11382.0,3090.89,0.27155,146.847,1524928.0,183.098,4397.38,57.0,25.985,3.762
10297.2,2351.37,0.22835,120.558,1395529.6,156.515,3608.37,20.0,34.7904,2.231
6521.38,2320.9,0.35589,57.9224,906350.3,89.4556,3324.38,36.0,38.1359,6.945
7809.88,2101.15,0.26903,60.4038,1115862.2,94.4344,2783.97,18.0,40.2084,9.461
8986.25,2310.47,0.25711,87.2763,1280098.4,117.884,4003.6,6.0,33.9145,1.719
8112.52,1888.88,0.23283,93.6109,1091283.5,124.069,3400.84,16.0,37.3243,1.164
6102.63,1794.93,0.29412,57.0522,846094.0,80.6411,2999.32,38.0,39.7379,3.661
16872.5,5006.38,0.29671,186.874,2369963.2,241.008,4990.58,40.0,25.92,5.691
6894.15,2011.2,0.29172,62.8154,914230.75,93.3319,3554.76,64.0,36.8054,4.588
5888.92,869.53,0.14765,52.8616,836196.0,69.1733,2327.69,6.0,40.6204,12.324
9661.23,2139.01,0.2214,114.194,1341763.9,126.563,4294.47,56.0,33.973,1.836
6560.74,1551.41,0.23646,67.3101,889738.7,86.4623,3311.94,47.0,38.7462,4.49
19763.7,6337.84,0.32068,254.239,2688066.2,321.635,5858.57,340.0,20.7747,2.494
10398.4,2559.26,0.24612,116.571,1467417.6,150.775,4325.37,62.0,33.2667,3.793
7402.39,2122.08,0.28667,74.4485,992771.6,103.744,2981.27,105.0,38.4482,1.806
8777.92,2129.71,0.24262,84.1268,1252579.9,115.67,4022.13,7.0,34.1638,1.816
15874.6,5234.59,0.32974,215.07,2210002.2,262.374,5324.97,295.0,24.8234,1.531
11409.2,3111.82,0.27274,127.601,1577515.6,164.808,4482.29,95.0,31.3196,1.827
7971.78,2313.78,0.29024,61.9662,1125468.9,92.4461,3069.18,57.0,38.0829,17.503
9956.58,2941.72,0.29545,115.586,1401156.1,153.682,4260.87,60.0,33.2448,4.015
7866.69,2390.64,0.30389,78.8776,1069091.5,93.7846,3123.78,107.0,35.8522,13.465
6724.87,1800.53,0.26774,71.5746,898691.1,92.9939,2986.46,19.0,39.0775,2.012
6284.43,2087.14,0.33211,63.4162,883031.7,94.7824,3158.72,69.0,38.7944,14.786
8808.08,2713.65,0.30808,93.0592,1251083.2,122.237,3717.66,104.0,35.509,11.954
27408.9,8780.14,0.32033,267.484,3809733.5,362.887,6996.9,203.0,18.8127,20.182
11984.6,3182.35,0.26553,144.756,1605850.5,193.193,4505.84,55.0,31.4228,4.144
9470.31,3589.48,0.37902,85.0001,1320079.2,133.91,3783.46,128.0,34.5373,2.799
4994.7,1508.09,0.30193,39.1286,693422.1,78.8259,2655.48,23.0,41.7013,12.699
13098.6,4155.28,0.31723,190.324,1724551.2,238.235,5257.12,90.0,25.1236,10.13
13376.1,5624.5,0.42048,242.957,1794700.2,180.176,5015.47,137.0,27.7954,14.953
5631.65,1356.99,0.24095,65.0947,765804.0,83.8139,3059.86,53.0,39.8772,4.559
8862.88,4553.68,0.51379,68.5985,1306010.0,135.995,4368.62,33.0,32.7133,17.703
14736.4,2785.94,0.18905,162.335,2073062.8,230.494,4810.79,74.0,27.8676,3.221
12723.0,4343.66,0.3414,170.02,1781567.2,213.577,4855.3,90.0,28.254,3.639
15155.8,5640.03,0.37213,180.402,2029070.5,252.18,5170.79,105.0,26.9002,7.922
7565.06,2543.79,0.33625,66.1859,1088935.8,95.3127,3067.32,71.0,38.6798,18.577
8612.58,1951.84,0.22662,87.4326,1206719.9,107.88,4765.72,27.0,32.8111,2.774
5859.63,2049.01,0.34968,72.3883,817345.1,86.8391,3002.52,31.0,40.4042,3.625
9617.3,3200.23,0.33275,94.6614,1370696.1,134.962,3722.85,10.0,34.4384,3.145
8806.62,2304.36,0.26166,113.961,1187663.1,135.65,4007.13,50.0,34.1185,3.216
8120.45,2963.86,0.36498,68.777,1163358.1,111.443,3442.41,45.0,36.8958,16.475
13685.8,3727.0,0.27232,161.335,1889956.2,207.731,5014.88,155.0,30.2523,1.314
8121.21,3461.2,0.42619,80.1775,1095257.8,137.166,3721.49,64.0,35.4044,8.99
10032.0,3091.78,0.30819,98.6709,1379423.0,145.081,3786.77,18.0,35.4093,2.527
7584.3,1682.63,0.22185,82.0438,1050762.0,104.717,3822.78,18.0,35.7407,1.708
8123.26,1568.01,0.19302,79.5998,1140379.9,101.24,3810.02,11.0,34.5307,2.527
6450.35,1653.68,0.25637,64.3879,890764.56,85.0197,3290.26,26.0,37.948,4.842
7748.59,1889.16,0.2438,65.2409,1071249.9,105.521,3665.06,24.0,37.014,1.65
8603.29,2319.45,0.2696,50.9564,1187521.6,102.798,3935.93,28.0,36.1531,14.587
9136.75,2392.63,0.26186,120.641,1331790.1,149.808,3981.15,106.0,34.4157,7.043
6152.51,1592.52,0.25884,55.1617,857667.1,72.6223,3362.22,58.0,38.8321,2.318
8516.64,2577.75,0.30267,90.6322,1202225.6,111.19,3968.63,22.0,35.3002,1.882
10946.7,5513.53,0.50367,91.6539,1506035.8,190.998,3393.57,17.0,35.726,17.974
7114.4,2366.36,0.33261,79.1389,986938.75,97.811,3718.24,34.0,36.0644,2.022
6166.93,1429.72,0.23183,64.4158,835542.5,80.2544,2980.83,24.0,37.386,9.925
6847.5,2177.94,0.31806,59.4707,916773.06,101.77,3104.27,24.0,40.2566,1.87
9654.26,2022.44,0.20948,109.865,1360004.0,124.866,4257.04,150.0,32.5205,12.956
10366.8,3079.15,0.29702,134.269,1415056.0,157.005,4872.54,72.0,29.606,3.362
18865.4,7966.09,0.42225,170.768,2596084.0,299.606,5529.96,88.0,24.2945,20.431
6848.23,1958.31,0.28595,53.5179,975567.25,77.3653,3271.79,15.0,38.9771,13.481
17750.5,7147.46,0.40266,146.124,2416804.0,271.585,5020.41,78.0,26.6533,20.249
8865.32,3317.32,0.37419,95.8075,1223687.8,122.748,3509.39,38.0,35.4338,16.102
10242.3,2572.27,0.25114,121.527,1438120.6,142.701,4383.35,53.0,32.9502,4.195
13434.4,3256.07,0.24236,187.969,1838233.4,208.636,4578.45,171.0,29.0535,1.642
9050.75,1980.87,0.21886,93.7893,1250370.1,118.147,4151.19,44.0,34.2541,1.909
8176.5,3143.24,0.38442,60.8237,1073285.0,140.381,3843.46,5.0,37.1753,11.578
12695.3,4452.96,0.35075,154.32,1757121.8,167.312,5252.27,49.0,27.9551,4.352
13710.2,2979.4,0.21731,166.048,1936830.6,220.401,4803.39,85.0,27.8247,3.755
15413.6,4041.69,0.26221,119.759,2075946.6,219.583,4710.58,141.0,29.0474,5.581
8570.61,2982.39,0.34797,59.7708,1224185.0,126.727,4325.24,35.0,36.3168,14.74
20313.0,6939.76,0.34164,207.182,2827051.2,296.16,5764.75,122.0,21.0438,20.423
6136.71,2007.93,0.32719,59.5668,862211.3,85.8545,2694.92,42.0,40.5901,1.629
4202.05,744.71,0.17722,39.6896,554911.25,59.5054,2569.43,10.0,41.5326,2.006
13224.3,2769.81,0.20944,162.124,1806763.1,216.309,4795.17,108.0,28.2974,1.711
4919.89,1195.03,0.24289,39.7758,699964.44,59.1934,2274.89,18.0,42.0221,0.0
9868.1,2204.83,0.22343,121.537,1366284.5,161.412,4625.05,72.0,30.0506,1.647
6491.04,3012.91,0.46416,58.6075,898157.44,97.6224,2763.19,25.0,40.3761,13.903
18987.6,7145.48,0.37632,168.445,2695439.0,294.094,6157.33,115.0,22.7574,20.334
16429.6,4905.93,0.2986,156.639,2326383.8,209.707,5529.98,163.0,25.7112,19.388
19346.2,6112.48,0.31595,293.33,2731293.0,376.658,5940.01,147.0,16.6222,3.687
7675.96,2441.62,0.31808,56.4738,1108258.6,102.346,3136.26,44.0,37.6709,17.937
6849.76,2432.95,0.35518,54.0543,957302.1,101.391,3455.54,24.0,38.3072,11.502
12169.0,2920.28,0.23997,129.439,1673744.6,160.165,3875.05,19.0,33.5351,4.647
8377.84,2173.0,0.25937,73.3561,1159385.6,110.721,3273.64,27.0,37.2807,14.156
10801.0,2531.18,0.23434,121.27,1476202.0,158.496,3612.99,21.0,34.5402,2.207
7894.27,2223.73,0.28168,67.9298,1053008.2,104.381,3157.06,22.0,38.3103,3.738
13922.6,4287.85,0.30797,155.308,1908071.6,209.158,5344.9,22.0,30.6285,8.091
14563.8,5903.24,0.40533,142.558,2050537.4,219.848,5432.47,110.0,27.3592,20.206
9638.59,3150.07,0.32681,65.027,1325432.6,134.775,4051.59,34.0,38.881,16.599
8459.52,1767.71,0.20896,87.7866,1178701.6,121.878,3505.47,153.0,34.9027,10.61
13741.3,4086.78,0.2974,147.053,1873468.8,205.763,5715.06,20.0,30.5898,0.0
7743.96,2234.64,0.28856,85.6381,1094880.0,110.258,3847.2,40.0,35.6332,1.849
9244.16,2627.69,0.28425,101.154,1313583.1,130.502,3813.47,45.0,34.9867,2.63
12473.0,3495.95,0.28028,142.254,1730712.4,153.089,4655.72,109.0,29.2276,16.992
7293.7,1936.19,0.26546,58.514,1026570.56,89.7977,2977.66,42.0,39.1276,15.776
6696.31,3010.9,0.44963,86.9227,818424.2,129.238,2063.29,115.0,41.4784,4.73
5168.72,1676.04,0.32426,45.2684,725483.25,64.8397,2007.64,3.0,42.2521,4.008
6145.01,1721.07,0.28007,66.0463,890222.1,71.2267,4447.91,42.0,37.0303,10.637
10879.4,3421.86,0.31452,128.748,1484535.1,152.999,4909.58,68.0,29.2925,3.546
11940.3,3260.59,0.27307,126.831,1625847.8,172.333,3862.45,30.0,33.6629,3.646
7334.07,2044.6,0.27878,71.6123,984218.06,109.312,3612.2,79.0,37.3504,1.889
9282.07,2235.66,0.24085,100.279,1312651.9,113.75,4400.66,87.0,31.2662,11.0
13770.1,5666.65,0.41151,140.442,1941349.5,212.283,4964.11,103.0,27.2701,18.945
11376.3,3205.92,0.2818,132.338,1579752.6,153.062,4854.65,82.0,28.3136,3.566
12963.1,5084.11,0.39219,159.216,1840821.0,242.649,4647.57,175.0,29.7292,15.008
10885.5,2658.5,0.24422,134.996,1511864.5,172.572,4644.53,173.0,29.0881,0.83
11762.7,4531.28,0.38522,121.269,1648931.4,173.927,4887.66,158.0,29.2418,18.339
9166.64,2058.81,0.22459,88.4495,1300432.9,136.193,4037.61,170.0,32.7748,1.381
6958.24,2915.31,0.41897,79.0716,964357.4,124.739,3190.36,89.0,38.0775,14.192
14491.0,4268.3,0.29454,181.62,2009082.5,257.457,5134.83,99.0,26.0021,6.976
13013.3,4660.01,0.35809,148.072,1869120.0,231.383,4699.23,122.0,23.6234,16.92
4912.79,1617.32,0.3292,58.681,653074.94,73.7817,2593.54,64.0,41.1678,10.217
14642.1,4955.5,0.33844,162.836,2134092.5,283.56,4919.9,76.0,27.261,2.287
14034.4,3360.02,0.23941,184.481,1912855.4,230.465,5142.22,193.0,21.2365,13.145
9134.49,1945.52,0.21298,100.515,1264997.6,141.013,3691.41,21.0,33.8058,1.444
8619.15,2708.23,0.31421,86.3428,1218974.8,129.226,3331.93,99.0,37.5087,14.563
5486.62,885.97,0.16147,51.6786,751768.2,63.0313,2960.51,16.0,39.6273,2.194
7955.35,1903.05,0.23921,91.4454,1115431.5,122.302,3225.78,4.0,37.0433,0.498
11221.6,4270.55,0.38056,67.9107,1613111.4,151.591,3726.91,53.0,35.6772,16.144
5724.69,1163.99,0.20332,53.2018,817703.25,71.3482,2931.88,55.0,40.2504,1.675
6507.27,2073.55,0.31865,60.3808,856450.06,97.2099,2615.24,37.0,39.6299,3.259
6184.8,1336.49,0.21609,70.7873,863367.8,79.1731,2865.91,67.0,39.2243,7.16
6245.26,1761.14,0.28199,56.5642,850304.5,101.126,3017.26,45.0,40.4688,12.5
6592.67,2136.05,0.324,62.2185,888800.06,96.1314,3119.22,20.0,40.2729,1.54
10463.1,3567.59,0.34096,81.9681,1422084.1,168.135,4189.48,127.0,32.9425,3.634
12298.1,3863.71,0.31417,141.524,1720198.6,171.206,4314.69,31.0,31.4438,3.153
6522.78,3152.77,0.48334,45.5868,893021.44,106.464,2187.91,10.0,40.8305,13.965
10605.3,4331.0,0.40838,90.6229,1502130.4,140.507,4414.34,59.0,36.4093,15.549
13071.2,3564.18,0.27267,154.879,1843283.5,199.786,4818.96,68.0,28.4069,2.954
5905.89,866.52,0.14672,48.8248,834137.9,74.3089,2687.2,1.0,42.0976,0.804
8967.46,3267.85,0.36441,66.0645,1176634.0,141.05,4726.56,57.0,34.8559,6.924
12451.9,3797.18,0.30494,141.132,1693814.0,175.958,4053.71,184.0,31.8283,3.071
5058.72,1722.95,0.34059,48.2669,707655.44,65.7124,2206.33,21.0,42.7239,4.573
16552.6,7244.54,0.43766,126.786,2237311.5,283.447,5138.97,114.0,26.92,20.239
15797.1,5056.72,0.3201,160.293,2206409.2,269.727,4473.74,104.0,28.5029,4.327
10801.0,2531.18,0.23434,121.27,1476202.0,158.496,3612.99,21.0,34.4173,2.207
8361.24,3079.25,0.36827,77.6045,1109676.1,148.456,3272.33,81.0,38.9484,8.222
6036.21,2512.04,0.41616,56.1051,834172.7,101.114,2923.24,84.0,39.6166,14.1
18021.1,7085.44,0.39317,180.408,2507849.8,288.389,6418.75,228.0,21.1984,20.101
6669.22,1597.66,0.23955,67.2871,878552.44,85.9656,3332.09,14.0,38.1227,2.679
10940.4,2677.04,0.24469,106.623,1567757.9,131.343,4472.83,111.0,31.6176,16.529
11335.2,5040.65,0.44468,93.6317,1604068.8,167.922,4482.17,49.0,35.8049,15.33
9130.77,2413.64,0.26434,97.9132,1248229.8,90.0796,4062.11,16.0,33.0935,5.967
8962.92,2361.2,0.26344,111.578,1237099.6,122.496,3270.34,8.0,46.5464,1.157
11507.4,3033.61,0.26362,116.27,1629546.1,162.012,4406.09,63.0,33.0577,4.957
8941.83,2062.49,0.23065,104.405,1216828.9,136.931,3989.57,42.0,34.1972,2.625
6763.81,1521.95,0.22501,67.0542,969815.5,85.3173,2958.61,40.0,39.1532,17.667
12662.0,3951.15,0.31204,107.933,1761044.4,162.624,5059.67,52.0,32.3217,19.638
5986.52,1950.7,0.32584,68.0371,827208.2,88.6902,3028.66,40.0,40.2513,1.641
6938.9,2069.42,0.29823,76.7096,942696.06,112.104,3074.43,78.0,39.1412,1.042
8743.88,2568.47,0.29374,98.3937,1218194.2,109.521,4132.96,119.0,34.0175,2.856
15729.8,5776.71,0.36724,188.104,2215735.5,254.603,4629.02,41.0,26.5497,1.826
11236.6,2470.92,0.21989,129.691,1536857.4,155.678,3776.4,23.0,33.9003,3.005
8058.93,2917.47,0.36201,62.2684,1058257.4,125.913,3914.83,51.0,37.7246,13.323
5109.1,2054.9,0.4022,37.6405,678365.44,76.4553,1568.08,7.0,43.3043,11.575
11421.5,4267.02,0.37359,109.756,1637335.2,168.675,4484.56,75.0,31.374,3.437
12995.7,5348.02,0.41152,128.517,1806257.0,199.586,5224.2,106.0,29.8599,15.177
13032.4,3453.01,0.26495,122.766,1819638.1,157.665,5006.26,67.0,30.4193,12.398
17859.3,6899.24,0.38631,127.737,2385463.8,266.022,5544.91,157.0,23.1931,14.729
13969.0,3944.7,0.28238,166.787,1948262.5,234.732,4432.5,82.0,30.0609,1.592
9125.48,1932.35,0.21175,107.102,1242161.1,135.447,4041.8,41.0,34.2272,2.091
14837.7,3266.79,0.22016,172.402,2094735.8,235.641,4860.77,75.0,27.5979,4.014
13938.5,4610.11,0.33074,151.976,1935502.9,236.436,4655.83,98.0,29.4044,5.413
19595.2,5935.96,0.30292,175.288,2786190.0,243.316,6329.24,67.0,21.5241,18.283
9885.39,3123.55,0.31597,93.6748,1393406.4,150.869,3994.67,36.0,34.426,4.504
10131.6,4110.64,0.40572,94.1619,1369527.8,138.132,4603.62,58.0,35.1253,14.207
16422.4,5887.3,0.35849,219.976,2263737.8,260.489,5314.28,283.0,24.6803,1.561
3959.56,1031.69,0.26055,33.4577,562527.94,43.0359,1772.8,15.0,43.7457,2.192
11857.6,4007.22,0.33794,108.994,1714910.1,173.5,4706.27,67.0,30.2233,7.416
21204.8,7717.12,0.36393,175.071,2930671.2,354.653,13929.9,117.0,26.8596,6.786
5696.41,1842.31,0.32341,57.1396,794079.5,70.5394,2627.03,28.0,41.3295,3.491
11134.0,2272.15,0.20407,146.188,1561622.6,167.971,4661.82,143.0,29.9229,2.018
9224.61,3380.26,0.36643,79.5171,1254603.5,128.14,3886.33,108.0,39.0131,7.568
15533.1,5480.57,0.35283,155.41,2212283.2,197.459,5203.93,28.0,24.2889,13.082
9797.98,3654.24,0.37295,90.4188,1394731.2,152.39,4175.51,87.0,33.0654,18.105
10058.1,2498.17,0.24837,102.088,1405121.6,127.675,4236.6,157.0,32.4758,16.49
13493.2,4119.86,0.30532,183.79,1897543.8,237.025,4438.38,30.0,27.3834,2.489
12213.7,3165.16,0.25914,150.705,1742668.4,172.85,4701.29,32.0,29.2907,1.786
4871.18,978.86,0.20094,46.8355,695168.6,59.2017,2200.19,79.0,42.7567,0.876
10027.9,1790.46,0.17854,90.7603,1396505.1,112.962,4468.14,25.0,33.4702,2.794
7339.12,962.3,0.13111,68.7436,988511.5,87.8396,3337.53,65.0,36.0059,5.871
4682.38,905.26,0.19333,46.4922,671128.1,53.3523,2190.75,79.0,42.7781,0.665
7228.72,2166.13,0.29965,77.2199,991094.1,112.428,3073.88,80.0,38.8839,0.887
18388.4,5272.82,0.28674,232.458,2552549.8,284.901,5825.22,178.0,21.4341,2.55
10912.5,3743.25,0.34302,102.843,1511491.0,142.408,4221.95,28.0,33.8231,14.559
8799.4,2668.38,0.30324,54.9057,1188520.1,117.749,4254.2,33.0,35.1959,16.122
13822.6,3978.09,0.28779,165.908,1944103.1,224.255,4457.0,76.0,29.5,2.075
7162.11,1717.08,0.23974,66.34,996794.9,106.189,3106.67,56.0,39.3492,12.015
9583.83,3477.49,0.36284,63.2318,1371114.6,131.388,3345.85,43.0,35.3406,15.458
6792.15,2806.82,0.41324,55.4084,928970.56,108.02,3363.45,23.0,39.6052,9.672
7556.32,2162.84,0.28622,61.6413,1048671.1,105.091,3282.33,82.0,37.2663,3.404
8150.86,2133.51,0.26175,84.2436,1131542.9,118.719,3917.54,32.0,35.9153,1.566
4574.16,920.47,0.20123,41.1086,653922.4,57.2596,2189.52,14.0,42.8335,0.0
5199.56,2110.81,0.40595,34.5858,736030.0,69.1928,2572.53,39.0,42.578,1.867
13339.7,3843.95,0.28815,162.456,1837037.1,202.64,4946.71,115.0,27.0376,6.112
15166.8,4671.61,0.30801,172.641,2137269.5,223.224,5186.25,81.0,26.8637,17.033
9077.78,2189.86,0.24123,112.432,1250060.2,123.464,4365.34,60.0,33.0725,16.851
10534.4,3178.19,0.30169,123.196,1411050.5,167.048,4112.99,39.0,33.5726,1.846
9729.21,2703.09,0.27783,119.438,1334309.1,144.017,4169.26,128.0,30.2586,2.321
10350.9,5246.05,0.50682,136.359,1401346.4,220.932,4413.08,192.0,32.0779,18.476
19396.5,6846.58,0.35298,252.172,2663787.8,320.392,5550.24,297.0,23.8234,4.174
12627.5,3535.47,0.27998,166.615,1748351.2,210.939,4815.64,57.0,28.4736,2.67
4943.87,1231.61,0.24911,48.1401,624644.0,64.8084,2102.06,43.0,43.0347,2.691
9167.88,2963.61,0.32326,91.4864,1218030.2,118.185,3786.6,31.0,37.0742,14.56
6437.16,1289.65,0.20034,57.1413,874256.75,88.3549,3157.3,47.0,38.6479,4.221
5798.14,1536.26,0.26495,43.3242,798760.2,86.8,2810.65,39.0,40.9084,14.253
8986.55,3071.49,0.34178,88.8471,1208807.2,156.461,4495.37,43.0,31.6443,12.915
11563.0,3405.99,0.29455,127.209,1639156.1,166.044,4427.02,51.0,31.1471,5.28
18736.4,6030.1,0.32183,206.425,2577526.2,322.872,5968.8,236.0,20.9174,10.985
11937.1,3836.83,0.32142,128.966,1679566.8,175.927,4459.66,61.0,33.352,4.104
5048.64,1055.8,0.20912,44.8562,705603.3,61.3095,2769.92,13.0,42.1575,2.181
10941.3,3718.35,0.33984,94.3126,1474053.4,157.234,4564.57,117.0,31.7113,18.998
16876.8,5668.04,0.33584,199.524,2354428.8,250.87,5401.31,170.0,24.1582,1.922
6474.58,2087.06,0.32234,74.4954,894203.75,88.8984,3091.53,27.0,40.5071,1.997
8282.4,2081.48,0.25131,84.2257,1139909.4,121.1,3563.9,51.0,36.0694,5.034
4848.51,1055.73,0.21774,47.0522,618777.56,67.6608,2137.48,23.0,43.0149,2.438
6374.39,2080.13,0.32632,62.7384,902187.94,94.5639,3167.14,21.0,39.0706,8.696
7768.91,2425.8,0.31224,82.7926,1137572.1,121.22,3346.79,40.0,36.3208,5.61
5425.34,1989.87,0.36677,45.0176,790701.6,77.8279,2568.19,47.0,41.8455,10.701
13960.3,3208.67,0.22984,166.03,1916666.2,221.775,4740.22,35.0,28.6816,3.117
9387.46,2212.89,0.23572,117.271,1310707.0,129.009,4289.59,50.0,34.19,1.761
4414.13,699.17,0.15839,38.3893,612665.0,59.6846,2216.63,25.0,43.0497,13.973
6209.63,2197.57,0.35389,21.3794,840558.6,85.9963,3615.6,41.0,40.3508,19.912
7403.59,1618.26,0.21857,67.3104,1027277.0,87.7907,3694.08,29.0,37.8442,5.294
19862.4,5902.76,0.29718,247.172,2751628.0,324.728,5530.39,85.0,23.3149,3.451
8452.18,1851.85,0.21909,71.3397,1227331.0,82.7164,2794.7,67.0,39.7016,13.914
12210.3,3150.17,0.25799,161.076,1686798.5,205.69,4768.54,68.0,26.6597,3.711
12254.9,3898.74,0.31813,113.414,1779304.2,177.377,3615.55,158.0,36.1735,19.266
5460.16,1491.08,0.27308,41.2887,760554.06,70.1823,2790.57,38.0,40.9518,12.23
10409.6,3083.33,0.2962,125.118,1485218.2,162.621,4351.5,45.0,30.4404,3.983
12173.9,4849.18,0.39832,119.364,1735363.6,167.044,4005.28,69.0,33.2886,4.476
10231.3,2903.75,0.28381,101.556,1434363.0,136.641,3674.73,129.0,36.0441,2.224
7566.02,2415.56,0.31926,52.4317,1035693.8,99.8269,3481.3,32.0,37.9096,17.292
6388.35,2217.03,0.34704,69.6223,904341.44,89.8213,3036.5,55.0,40.0578,4.128
7709.41,1811.91,0.23502,73.6,1038337.0,103.862,3317.16,32.0,36.9367,14.72
5828.19,1863.07,0.31966,64.1788,781894.75,101.694,3535.53,64.0,37.9682,16.453
6903.27,2019.92,0.2926,61.3189,938609.06,92.9877,3048.07,27.0,40.0571,1.719
9169.33,3344.2,0.36471,107.651,1251684.5,137.001,4178.31,60.0,34.4587,2.478
6522.3,1456.96,0.22338,57.9338,911834.7,74.1743,3208.44,31.0,38.1064,4.627
8858.07,3138.65,0.35432,87.3798,1178752.2,135.112,3653.69,50.0,35.8511,0.995
14097.1,3255.79,0.23095,200.899,1971000.2,238.747,4938.18,139.0,26.3183,3.0
6186.05,1385.81,0.22402,57.7067,850034.25,77.1502,2412.0,12.0,40.4641,5.256
23304.3,6821.72,0.29272,299.153,3244158.0,383.268,6307.98,101.0,17.4159,3.313
3751.05,970.92,0.25883,34.0937,531956.75,44.6997,1786.07,11.0,44.3699,1.981
16086.0,4852.6,0.30166,187.976,2172344.5,267.197,5298.3,204.0,25.0729,2.77
23558.9,7071.81,0.30017,310.317,3273329.2,374.384,6367.08,96.0,17.669,3.345
4177.18,689.95,0.16517,38.4054,560518.75,54.9523,2238.13,27.0,42.8809,14.177
8029.82,2489.94,0.31008,72.245,1136166.2,106.614,3812.92,12.0,36.1089,8.931
14615.0,3190.72,0.21831,175.649,2068389.8,220.258,4893.21,80.0,27.2126,2.456
14127.6,4961.38,0.35118,202.213,1934767.1,248.577,4615.72,32.0,28.8515,2.221
18010.3,4966.6,0.27576,180.886,2545717.0,227.497,5581.87,56.0,23.6923,13.949
12592.7,3484.69,0.27672,150.826,1753673.9,217.849,4869.82,90.0,28.2444,5.037
6377.54,2982.02,0.46758,53.507,890881.6,97.4301,3230.27,41.0,39.2279,13.748
10033.8,2928.35,0.29184,104.901,1410602.4,165.487,4188.93,48.0,33.7669,3.512
5813.12,2066.6,0.3555,41.6623,790697.2,85.5392,1800.27,7.0,40.228,15.504
10158.7,3331.85,0.32797,57.1499,1293400.0,163.978,5548.48,57.0,40.1294,7.504
11458.5,2092.24,0.18259,147.425,1609915.8,167.017,4628.67,142.0,29.7762,1.663
8542.7,2092.56,0.24495,87.7028,1222371.6,117.788,3943.81,74.0,34.8195,4.467
19437.6,6550.06,0.33697,265.709,2627031.5,331.086,5816.11,314.0,20.7069,4.028
4823.54,1386.2,0.28738,45.805,684788.2,63.0707,2627.26,38.0,42.0886,9.66
13960.3,3208.67,0.22984,166.03,1916666.2,221.775,4740.22,35.0,28.6816,3.117
8063.02,1813.44,0.2249,74.8782,1133428.1,81.7338,3300.18,27.0,34.6348,14.182
5724.02,1563.92,0.27322,62.7433,722789.1,85.783,3091.55,20.0,39.4411,2.064
8343.19,3536.0,0.42381,86.0413,1150419.4,141.936,3994.55,60.0,33.0295,16.103
7715.33,3394.1,0.43991,67.7196,1090105.5,113.29,2460.49,100.0,40.0323,13.498
8642.46,2715.45,0.31419,99.6547,1199319.6,127.616,3855.28,18.0,33.6809,2.929
9057.59,2329.61,0.25719,89.1094,1270656.2,97.0925,4116.43,45.0,36.776,3.354
5851.07,1675.53,0.28636,52.7919,792794.8,83.6254,2345.79,40.0,40.8635,15.53
8403.89,3012.64,0.35848,75.2685,1108267.6,131.342,3408.9,77.0,37.8051,15.691
10199.4,4335.34,0.42505,69.1647,1406169.4,149.489,3765.53,43.0,36.0539,20.093
9033.26,2096.07,0.23203,104.969,1229515.4,142.374,3997.86,27.0,28.331,2.133
11484.4,3826.63,0.3332,128.662,1610781.4,160.903,4725.4,74.0,30.093,7.117
4468.16,1085.92,0.24303,40.6122,600371.75,57.2419,2497.45,17.0,43.4022,7.485
4972.6,2135.25,0.4294,38.9494,704529.75,87.5691,2408.21,37.0,41.9058,11.022
6226.4,1255.14,0.20158,56.3463,863671.8,78.0144,2495.84,20.0,39.4342,7.33
9656.48,3138.43,0.325,91.291,1388968.2,133.745,3387.99,13.0,36.1232,4.151
17876.2,6693.29,0.37442,228.678,2435787.8,299.149,5569.98,154.0,21.9721,2.369
9593.75,2314.15,0.24121,106.1,1328490.8,136.589,4258.02,56.0,34.0751,1.962
12538.2,4082.23,0.32558,138.736,1733267.0,215.943,3905.41,125.0,32.4151,16.994
8350.7,2998.57,0.35908,93.0563,1148391.4,135.226,3117.59,71.0,33.9394,17.958
5721.18,2270.87,0.39692,62.9507,779062.3,90.5104,3163.24,59.0,38.5741,10.478
5858.17,1897.3,0.32387,71.5538,817382.56,83.3408,3046.57,39.0,40.2843,1.663
4888.4,2158.91,0.44163,40.3851,687635.8,68.1299,1791.59,55.0,44.3219,13.481
6720.06,1947.93,0.28986,70.1575,933926.75,102.141,3521.38,69.0,37.7396,14.964
5818.98,1304.1,0.22411,57.2501,800089.8,77.5748,2807.38,19.0,40.3247,1.89
6713.57,2495.26,0.37167,80.0081,923338.5,92.3185,3261.06,62.0,38.4488,2.1
11131.6,4137.4,0.37168,100.594,1525877.9,170.778,5407.78,74.0,33.7067,17.854
4922.42,1088.68,0.22116,42.1119,685025.06,58.9237,1859.22,13.0,44.1513,12.513
6390.08,2063.85,0.32297,53.3978,872065.75,81.8471,2463.51,43.0,40.4188,14.882
5911.75,965.2,0.16326,51.6863,821736.75,61.4743,2978.55,25.0,40.2245,4.484
8450.71,2030.24,0.24024,94.29,1132636.4,125.668,3509.01,12.0,36.3411,1.221
6801.63,1619.61,0.23812,68.4676,934924.2,93.9597,3041.31,73.0,39.9284,12.026
17943.8,6804.73,0.37922,193.852,2498984.5,259.714,6295.63,125.0,24.9183,19.912
6548.62,1464.72,0.22366,77.6833,865882.6,94.2025,3456.59,79.0,37.8184,2.495
7641.85,3115.66,0.40771,64.0597,1088199.8,106.439,4104.29,68.0,37.5184,6.752
4503.89,1098.69,0.24394,50.008,623760.2,56.4125,2062.68,17.0,43.0678,2.683
14707.2,4794.49,0.32599,99.4193,2007000.8,210.503,5035.58,146.0,27.8175,5.908
17461.2,5592.22,0.32026,187.082,2331507.2,270.815,5678.63,140.0,23.5735,19.258
10209.7,3355.13,0.32862,99.5268,1420887.9,155.332,4885.58,48.0,32.5138,1.465
13380.3,3707.72,0.2771,167.075,1851773.9,194.325,4829.53,170.0,32.4261,1.771
15059.4,4459.57,0.29613,156.611,2113068.5,201.061,5307.67,44.0,29.2746,2.324
5057.08,1346.86,0.26633,51.4115,714551.94,61.7202,2267.0,17.0,42.598,2.888
14889.0,4254.89,0.28577,178.578,2064925.2,226.247,5626.09,138.0,22.7863,0.755
5625.31,1638.15,0.29121,46.9529,783944.56,76.0904,2979.93,16.0,42.4543,1.9
9776.45,2230.85,0.22818,61.8868,1291308.8,137.074,3272.63,25.0,37.0342,13.862
5093.0,1423.18,0.27943,71.9273,707688.8,72.3819,3054.87,50.0,39.2345,9.168
5246.46,1085.9,0.20697,49.9532,747340.0,65.8145,2871.67,56.0,40.2872,1.263
11124.4,2200.93,0.19784,120.036,1505045.5,153.447,3709.74,14.0,34.4691,2.044
8407.32,1936.34,0.23031,60.5653,1183236.1,89.2699,3125.76,37.0,37.7776,12.72
14015.8,3896.94,0.27803,170.577,1963462.9,200.942,5403.08,193.0,27.992,3.898
5821.08,2160.43,0.37113,56.0904,812090.6,83.3227,2678.78,53.0,40.5339,10.473
6066.37,1603.44,0.26431,55.6976,794332.3,76.199,2990.81,32.0,39.1265,5.833
9132.07,2812.16,0.30794,90.1768,1299035.6,134.329,3311.93,11.0,34.9835,2.657
11397.9,2854.9,0.25047,131.71,1589024.0,168.289,4695.15,168.0,29.3159,0.72
7612.0,2575.07,0.33829,59.7448,1054793.0,96.0941,2877.54,43.0,39.1995,4.784
11675.1,2813.2,0.24095,90.6332,1638208.4,142.803,4564.44,157.0,31.8386,4.025
4250.4,1557.0,0.36631,35.8208,602105.6,48.2076,1342.77,37.0,43.8643,15.987
7001.15,1940.68,0.27719,71.1302,987966.25,91.773,3233.53,65.0,38.8354,14.954
3990.85,1169.98,0.29316,33.1746,543651.75,49.9342,1387.86,32.0,44.4923,11.326
18626.8,4751.66,0.25509,184.31,2634426.5,223.321,5730.87,227.0,21.6135,6.26
10625.9,3563.9,0.33539,108.585,1454492.2,160.838,4401.91,36.0,33.4642,10.141
10968.7,4276.54,0.38988,74.8504,1506979.5,169.589,5293.48,66.0,31.1587,18.657
9179.44,3556.21,0.38741,123.517,1255506.0,186.298,4322.15,176.0,29.588,4.105
14861.8,6781.19,0.45628,184.209,1974323.4,286.047,5428.26,203.0,26.4803,20.036
12361.1,4365.96,0.3532,115.479,1769837.0,189.715,4640.96,77.0,30.051,2.807
15148.8,4806.43,0.31728,195.11,2028965.4,248.953,5031.74,197.0,26.9104,2.944
5806.86,1870.11,0.32205,57.358,792698.9,76.3175,3157.53,9.0,39.5946,7.703
9662.31,2389.13,0.24726,105.715,1375365.4,149.426,3994.22,34.0,29.2653,1.705
6534.6,2264.98,0.34661,76.8802,891929.4,91.8006,3256.81,58.0,38.6266,1.215
6050.66,1497.42,0.24748,52.8957,785393.9,95.6526,3744.2,16.0,40.2612,2.053
12771.2,3156.29,0.24714,157.61,1783783.1,215.908,4944.45,195.0,26.9874,1.985
36995.4,13535.0,0.36585,312.05,4978616.0,528.89,8946.71,278.0,18.6898,1.351
9954.14,3166.33,0.31809,114.351,1410526.6,137.565,3850.21,62.0,34.8499,3.793
8069.5,2802.87,0.34734,54.5384,1142899.2,102.633,3887.0,39.0,39.455,13.907
8020.72,1671.9,0.20844,75.2312,1078747.5,94.17,3356.38,32.0,37.2619,16.194
12928.7,4715.01,0.36469,131.059,1812848.5,189.633,4184.59,24.0,31.4301,14.927
21256.8,6806.93,0.32022,255.632,2959254.0,329.354,5606.93,84.0,22.9756,3.661
3954.5,1206.8,0.30517,36.1699,536478.9,50.8044,1386.46,32.0,44.4714,11.348
8693.67,3611.62,0.41543,52.889,1218336.4,144.666,5118.22,65.0,37.2827,9.464
9967.34,3911.97,0.39247,83.8137,1410668.6,154.222,4116.21,61.0,33.6115,16.902
7022.16,1900.95,0.2707,61.0788,949409.75,91.4892,3498.28,54.0,38.0742,8.095
14985.7,4772.34,0.31845,163.4,2133185.0,244.8,4678.02,70.0,28.6515,3.903
6597.74,2055.25,0.3115,57.1643,936188.06,82.1705,2555.15,59.0,41.8158,11.551
10047.3,2674.34,0.26617,104.272,1432626.1,150.868,4007.43,43.0,32.8068,2.072
6577.95,2216.25,0.33692,61.6351,869891.5,105.043,2815.13,30.0,40.6875,10.33
8952.25,3300.22,0.36864,76.6628,1186817.2,134.277,3501.83,65.0,36.9204,12.735
8714.63,2718.44,0.31193,92.343,1167914.0,133.436,4379.12,102.0,32.7698,3.142
17296.2,4038.48,0.23348,208.697,2382421.5,256.323,5222.31,156.0,23.9574,3.249
16195.9,6880.55,0.42483,187.434,2210366.5,317.174,5408.67,149.0,22.9955,20.218
7448.09,1627.37,0.21849,81.9294,1001748.56,112.366,3393.44,37.0,36.9576,1.594
6982.28,2393.64,0.34281,61.4042,913842.44,107.98,2814.72,27.0,38.3701,3.16
14307.7,4159.96,0.29074,158.432,2004253.2,238.729,3923.14,145.0,33.0314,19.397
17814.2,4525.33,0.25402,108.986,2438680.8,307.71,4802.53,69.0,28.3308,17.635
6428.09,2079.79,0.32354,63.6414,860961.8,96.7133,3021.38,17.0,40.639,1.673
7114.83,1733.82,0.24369,56.6882,970930.4,93.7478,3207.63,33.0,40.5157,15.232
6572.78,2202.83,0.33514,59.4099,913214.2,88.7664,3105.41,33.0,39.1724,4.983
9388.2,2568.15,0.27355,113.357,1288673.0,151.282,4138.23,71.0,33.1,0.685
12075.4,3859.55,0.31962,112.178,1747972.4,164.236,4522.7,99.0,31.9675,20.872
6746.29,1657.97,0.24576,60.3444,923692.44,86.9768,3062.48,21.0,39.4252,2.064
8417.1,2266.02,0.26921,73.7157,1137449.6,99.6074,3524.32,85.0,37.3442,12.224
4625.71,888.5,0.19207,43.4458,632334.8,64.8728,2594.68,11.0,43.1575,2.155
4578.25,1261.49,0.27553,39.3895,637437.5,55.7509,2005.66,39.0,43.3586,9.639
5729.97,2046.4,0.35713,54.9784,807810.75,84.033,2569.8,55.0,41.5185,8.21
7004.63,2545.55,0.3634,55.765,972474.06,99.8517,2559.71,58.0,41.1385,11.924
10494.6,2954.59,0.28153,130.44,1498233.8,161.561,4407.17,41.0,31.8058,3.078
14975.9,6027.26,0.40246,111.143,2085048.2,219.441,5146.88,72.0,28.9033,19.559
10521.8,2925.73,0.27806,106.324,1482323.6,158.452,4071.14,39.0,32.8723,2.776
9365.17,2611.32,0.27883,101.939,1297271.5,131.418,3554.99,113.0,36.7874,1.728
10352.2,4095.05,0.39557,90.6663,1450002.9,155.98,3695.64,74.0,35.7314,14.022
16309.1,4542.19,0.2785,186.974,2310048.5,222.768,5760.29,68.0,22.7543,1.614
9157.85,1575.94,0.17208,80.0624,1309069.6,111.006,3837.23,18.0,35.4415,3.242
5448.17,1759.32,0.32291,41.652,772483.8,69.0687,2602.16,53.0,41.1525,11.83
11545.4,3305.06,0.28626,52.2952,1606692.6,177.572,5070.66,54.0,39.6827,3.862
15406.8,5321.35,0.34538,183.048,2178116.8,259.12,4613.78,146.0,29.3856,20.399
10465.6,2665.77,0.25471,95.4548,1438708.8,127.933,5110.69,40.0,31.5071,9.218
6641.05,1333.76,0.20083,62.4495,911949.9,85.6711,3112.89,49.0,38.7232,4.464
6052.49,1965.24,0.32469,60.0128,841857.8,88.0881,2704.96,42.0,40.4701,1.578
9282.02,3037.26,0.32721,88.2504,1320829.5,132.647,3531.99,20.0,35.2937,3.805
5277.34,1068.49,0.20246,55.2213,729087.44,85.1698,2943.84,50.0,37.5247,13.481
19229.0,6196.01,0.32222,251.711,2633644.0,310.645,5759.64,281.0,27.5595,4.402
13132.4,3115.31,0.23722,163.499,1836803.8,238.271,4633.5,57.0,46.5464,0.0
8975.71,2348.38,0.26163,83.3029,1277433.6,127.258,3331.56,8.0,36.3163,2.116
8869.29,2580.98,0.291,77.1974,1234812.5,110.45,4343.06,64.0,37.7946,1.583
20525.4,6655.19,0.32424,251.09,2848940.5,335.454,5526.06,82.0,23.5892,3.825
9936.74,2557.36,0.25736,119.953,1358475.1,136.735,4194.36,130.0,32.6204,2.289
11197.3,2597.93,0.23201,132.249,1529169.9,163.818,3794.79,62.0,33.7326,1.795
10861.8,3237.88,0.29809,130.314,1555020.2,177.567,4441.75,43.0,31.7747,2.987
9792.35,2219.28,0.22663,128.795,1354973.1,152.165,4611.12,68.0,30.3087,1.719
9712.32,3373.38,0.34732,101.145,1364428.4,133.896,3719.07,15.0,35.1945,2.271
11524.5,3285.73,0.2851,145.66,1645213.4,164.972,4137.31,123.0,32.4296,2.698
8741.9,4272.24,0.4887,83.392,1088160.8,163.209,2322.07,68.0,40.6435,17.659
17614.9,6394.93,0.36304,150.352,2431494.8,256.308,4367.89,128.0,29.8875,19.002
8757.7,2486.06,0.28387,77.4158,1222507.4,109.393,4181.74,63.0,34.192,2.01
9257.59,3879.73,0.41908,86.5832,1288103.2,146.327,3817.12,107.0,34.4263,3.394
14845.7,4033.21,0.27167,214.889,1945987.2,224.372,5767.7,252.0,22.853,2.656
15251.8,4423.0,0.28999,179.385,2127835.5,220.381,5806.78,81.0,23.8654,5.856
7780.17,1973.67,0.25367,92.5959,1081506.6,126.097,3211.99,5.0,37.023,0.521
7478.09,2289.46,0.30615,76.6488,1014297.94,116.634,3063.31,78.0,39.1984,1.255
8782.08,2675.05,0.3046,97.3277,1205305.9,145.627,3281.45,11.0,36.4946,1.593
9769.08,2470.91,0.25293,98.0514,1370890.9,133.123,3669.25,123.0,34.5598,2.113
7382.74,2504.58,0.33924,60.8502,975751.5,112.883,3103.16,27.0,37.1282,6.542
7555.57,1856.82,0.24575,85.5466,1054320.0,121.29,3121.18,5.0,36.8441,0.667
13095.2,2759.5,0.21072,174.808,1848116.9,211.375,4761.43,82.0,27.6265,3.347
8093.15,2515.64,0.31083,83.3773,1171706.1,112.075,3387.77,35.0,37.5537,4.18
9307.62,4158.15,0.44674,82.3312,1310128.8,145.258,3780.7,107.0,35.753,16.599
7691.42,3059.01,0.39771,53.6536,1118953.1,118.681,3871.74,69.0,32.7081,13.016
10670.3,3255.35,0.30508,100.238,1490986.6,149.175,4129.87,21.0,33.417,5.21
8216.77,2142.42,0.26073,82.335,1175694.4,111.46,4048.77,101.0,35.0129,1.75
7890.28,2326.63,0.29487,98.1031,1047239.8,126.02,3779.82,33.0,33.436,15.548
7086.99,1997.66,0.28187,62.713,969093.44,118.331,3156.67,106.0,35.2116,1.516
6225.15,1534.8,0.24654,53.739,870321.3,70.7607,3342.86,62.0,38.821,2.501
8512.82,2715.96,0.31904,72.2264,1159292.1,110.294,3612.63,81.0,35.9097,5.436
6986.5,2417.36,0.346,60.5267,969158.0,97.3435,3492.15,34.0,37.8881,5.079
10396.1,2656.85,0.25556,99.1371,1426217.6,125.961,5082.75,40.0,31.5425,9.452
9020.87,2049.65,0.22721,105.913,1239169.0,144.117,3975.37,40.0,34.1118,1.921
14343.1,4082.57,0.28463,179.515,1987931.5,221.302,4867.71,112.0,27.8962,4.781
5175.26,2029.76,0.3922,33.2408,715729.44,77.5909,2006.38,10.0,42.5477,9.323
7063.95,2691.87,0.38107,62.9769,1010779.6,92.8195,4351.93,44.0,36.2693,11.717
13513.2,4013.31,0.29699,159.452,1882289.0,230.516,4371.63,91.0,30.1714,1.684
20551.3,7881.98,0.38352,149.835,2814080.0,308.219,5521.69,79.0,25.8033,19.746
4484.41,1115.21,0.24868,47.3124,644527.1,55.8463,2530.75,44.0,41.6443,9.483
7023.86,2355.0,0.33528,62.6386,983066.2,93.8439,3135.73,25.0,36.5746,14.984
6031.18,1638.12,0.2716,51.6435,845208.94,71.8376,3292.89,55.0,39.09,14.689
15985.4,3772.45,0.23599,187.449,2105028.5,247.052,5203.31,186.0,25.8827,2.713
9287.68,2190.95,0.23589,83.5682,1332837.1,104.351,3695.73,10.0,37.4172,10.576
8467.64,3772.97,0.44557,67.5828,1219962.2,126.19,3870.15,63.0,34.6605,17.393
7871.72,2447.43,0.31091,65.7547,1124533.5,106.926,3576.84,28.0,36.5233,14.153
7444.39,2339.74,0.31429,71.2644,1023505.6,114.197,3338.76,60.0,37.2013,4.964
13816.9,4235.29,0.30652,170.687,1881411.9,239.317,4783.78,27.0,28.2752,3.152
15173.5,5012.23,0.33032,165.475,2170596.0,250.263,5666.32,99.0,21.05,15.471
6002.79,1329.53,0.22148,63.0973,834985.9,75.4429,2640.87,44.0,39.4882,6.737
9087.12,2498.08,0.2749,84.179,1267466.6,136.933,3980.62,4.0,35.1693,2.439
9120.36,2514.81,0.27573,84.9644,1289653.6,125.437,3694.37,18.0,35.8168,11.961
5708.83,1058.9,0.18548,59.7974,757677.7,93.8039,2806.44,64.0,40.6895,15.319
22671.5,6791.78,0.29957,306.599,3127733.8,355.635,6359.95,93.0,17.5742,3.272
6363.79,2761.43,0.43392,51.2237,878706.2,93.5397,2855.7,57.0,41.8235,9.641
9391.46,3914.92,0.41685,82.1575,1287749.4,140.074,4625.38,28.0,33.4153,16.341
14411.1,4138.22,0.28715,191.597,2006462.9,220.846,5621.22,138.0,27.8857,0.757
4525.09,1517.71,0.33539,44.3163,618011.56,60.8916,1961.87,40.0,43.3509,11.978
6306.43,1770.6,0.28076,49.8505,888129.6,86.8412,3119.75,2.0,39.3657,5.945
4471.34,1588.57,0.35527,35.2507,637648.25,51.5893,1471.48,41.0,42.5808,9.908
5552.42,1931.88,0.34793,47.1349,770692.6,69.4912,2194.06,14.0,41.3795,2.341
8034.42,2174.08,0.27059,74.8425,1144520.6,86.0595,2969.38,39.0,34.2574,18.303
9300.12,2011.89,0.21632,104.114,1288144.9,133.379,4228.97,55.0,34.2015,1.582
15186.4,4786.69,0.31519,216.673,2106654.0,256.135,5334.47,287.0,24.6929,1.53
10672.9,3051.33,0.28589,127.386,1519278.4,164.678,4404.85,41.0,32.0452,3.062
18834.6,5257.73,0.27915,207.129,2595014.0,303.219,5830.01,217.0,21.3143,16.057
11831.1,3533.33,0.29864,107.826,1628402.0,168.663,4797.91,15.0,31.5497,3.626
12591.8,3541.28,0.28123,131.914,1764943.5,170.812,5342.15,70.0,28.2852,11.508
12237.9,4520.43,0.36937,125.806,1715576.2,200.492,4220.88,44.0,30.635,2.358
14543.7,3547.22,0.2439,168.668,2045148.2,210.598,4024.31,144.0,32.2276,1.515
7315.06,4158.51,0.56848,91.9604,924210.75,137.193,2217.52,75.0,41.1781,15.036
12941.8,4465.75,0.34506,155.804,1804678.5,212.013,4798.33,131.0,29.0877,6.801
6855.9,2025.37,0.29542,62.83,940966.1,91.2488,3234.18,70.0,39.0258,11.162
7090.09,2599.24,0.3666,68.2404,1003598.06,97.0313,3246.12,91.0,38.305,12.896
15101.6,5610.28,0.3715,176.228,2058624.0,249.467,4649.43,111.0,29.9642,7.276
10008.9,4339.28,0.43354,93.278,1433082.9,126.64,4034.47,50.0,36.3995,16.624
11382.6,2927.44,0.25718,140.246,1588117.9,170.163,4708.97,170.0,29.0026,0.863
4604.2,927.03,0.20134,39.8863,628586.7,52.6347,2375.12,48.0,43.2212,9.591
15431.5,5094.56,0.33014,152.943,2202759.2,231.507,5801.67,88.0,25.2865,3.667
14200.4,4030.59,0.28383,141.092,1973039.5,175.063,4621.5,60.0,30.0504,3.044
12491.2,3028.19,0.24242,197.826,1701571.4,196.442,4563.89,179.0,29.1152,1.691
8616.65,2570.28,0.29829,90.7076,1216260.0,106.445,4052.1,26.0,35.1027,2.536
10366.4,3413.59,0.32929,118.918,1490847.9,131.913,3939.02,69.0,34.5555,3.516
12760.5,3155.92,0.24731,159.169,1718804.8,223.712,4831.98,168.0,28.8899,17.944
11372.5,2202.53,0.19367,147.472,1593286.2,168.157,4627.05,150.0,30.0195,2.275
7650.22,2418.75,0.31616,70.0034,1040703.44,102.538,3419.04,74.0,36.8497,3.045
7152.23,1770.43,0.24753,57.1819,1022602.75,91.9679,2917.01,34.0,37.7983,12.392
6214.66,2099.61,0.33784,65.309,818552.4,96.5507,3141.03,47.0,39.1662,4.918
19346.5,6089.31,0.31474,252.317,2633947.8,298.847,5013.77,259.0,25.9404,6.616
22255.9,8615.41,0.3871,182.82,3064213.5,357.718,14641.85,128.0,27.7218,7.742
8699.03,1727.98,0.19864,103.237,1211255.1,125.104,4056.11,52.0,33.8478,2.308
6505.12,1599.45,0.24587,64.3486,909822.6,81.2911,3321.79,26.0,37.9902,5.01
5696.01,1265.71,0.2222,60.6446,780671.5,76.5461,2697.31,18.0,40.6235,1.251
14370.3,4956.09,0.34488,188.259,2012915.6,251.688,5371.73,152.0,24.8784,1.422
10369.0,3355.06,0.32356,67.4734,1462406.5,139.611,3602.17,55.0,35.4982,19.314
8795.56,2176.57,0.24746,88.3461,1243239.9,115.984,4611.52,49.0,33.4282,4.035
11586.3,3686.19,0.31815,112.352,1676437.9,167.807,4520.49,82.0,29.776,19.054
5731.44,1406.36,0.24537,67.3779,721704.56,88.2879,3062.71,31.0,39.4388,2.504
5244.97,1172.89,0.22362,51.8775,715209.44,70.2193,2406.28,24.0,41.6729,14.112
8884.14,2168.92,0.24413,96.6784,1234518.0,94.1038,3258.01,44.0,33.6683,16.83
5438.64,1989.24,0.36576,41.1378,763796.4,77.1332,2767.76,46.0,42.3966,9.028
13800.9,3860.0,0.27969,183.906,1886820.2,230.258,4765.82,38.0,28.7117,3.23
11008.3,4275.07,0.38834,84.2475,1556232.6,171.199,3464.69,34.0,35.2872,17.815
17625.0,4509.73,0.25587,214.397,2457434.5,266.244,5654.31,199.0,22.331,1.871
7535.62,2810.44,0.37295,59.5948,1034209.06,106.709,3095.99,50.0,40.3857,6.395
9648.12,3609.84,0.37414,69.9805,1399909.8,131.526,4132.7,74.0,38.6319,20.851
7557.18,2337.34,0.30928,71.9713,998136.4,118.236,3339.49,70.0,37.9817,11.594
7577.23,2086.34,0.27534,82.2323,1057508.5,113.151,3049.2,21.0,37.9181,1.247
5718.62,1423.52,0.24892,46.27,813637.94,61.7174,2561.85,18.0,41.3736,2.917
6488.14,1625.3,0.2505,64.3476,887334.25,91.4952,3256.92,42.0,38.3984,13.965
10927.2,4880.61,0.44664,110.64,1492290.1,165.362,4540.82,44.0,32.2464,15.098
6144.64,1164.88,0.18957,52.95,853134.9,66.4211,3102.49,18.0,39.2467,3.995
9366.71,1986.43,0.21207,92.4281,1302764.9,114.732,3938.88,165.0,34.9908,5.912
12448.5,2499.38,0.20077,150.508,1688258.4,197.728,4936.62,142.0,29.9397,0.756
7034.57,1178.67,0.16755,59.1642,972692.3,80.9557,3253.53,44.0,38.1297,5.24
10106.8,3767.46,0.37276,46.6442,1346385.9,162.027,4141.19,58.0,35.2471,19.644
9263.14,2902.41,0.31332,79.0177,1300112.2,113.9,5095.09,60.0,46.5464,16.215
6724.16,1799.22,0.26757,61.7573,922185.25,92.2208,3265.8,25.0,38.0097,17.583
6318.92,2015.28,0.31892,55.1453,878200.94,94.1137,3373.77,73.0,38.4009,1.139
8507.0,2578.09,0.30305,95.7775,1165224.8,145.279,3258.87,8.0,36.5875,1.952
4011.5,1465.24,0.36525,32.3412,563126.1,53.9134,2158.34,43.0,43.648,11.34
9449.38,2635.47,0.2789,113.701,1324074.6,159.076,4178.49,44.0,33.5694,3.703
7539.01,2702.59,0.35848,77.5396,1028233.8,111.142,3015.4,119.0,37.6425,2.25
20516.4,6620.71,0.3227,251.945,2822954.0,328.398,5512.09,86.0,23.4582,3.578
10915.2,2815.15,0.25791,137.899,1497650.2,153.855,4466.61,94.0,31.5566,1.935
15906.2,5625.98,0.35369,183.106,2221024.2,253.407,5138.92,20.0,26.0321,1.99
11386.6,2603.36,0.22863,151.329,1574326.1,185.507,4167.53,64.0,31.8042,2.058
10321.2,3080.81,0.29849,116.022,1448934.4,158.57,4315.28,67.0,33.3802,4.48
8484.37,2379.9,0.2805,73.3358,1183629.1,105.316,3934.98,38.0,35.4208,5.205
8867.04,2648.3,0.29866,87.9771,1254661.9,119.71,3922.03,77.0,34.5937,6.689
6488.52,1798.01,0.2771,54.4575,851013.75,87.6516,3054.52,43.0,38.5614,17.283
3999.36,934.77,0.23372,36.7615,572167.5,46.4545,1762.9,14.0,44.9327,3.036
12514.1,3126.45,0.24983,156.049,1750801.1,205.918,4966.92,193.0,28.0139,2.111
8043.82,2188.25,0.27204,90.3973,1121439.9,109.419,4750.72,29.0,33.0331,2.095
15219.3,4675.01,0.30717,213.259,2114212.2,245.991,5333.67,277.0,24.8394,1.822
5990.66,2165.02,0.36139,55.8429,839443.8,89.763,2542.6,66.0,41.5964,9.769
7825.68,3113.91,0.3979,77.6324,1096946.2,119.703,3293.93,39.0,37.7319,2.59
5445.38,999.92,0.18362,50.0605,781739.25,70.5207,2860.39,60.0,40.2904,1.266
13919.7,3148.95,0.22622,168.411,1982774.5,219.958,4805.41,82.0,27.9393,3.851
14802.0,3469.17,0.23437,200.242,2054917.1,298.745,5153.05,199.0,25.7556,4.735
5878.04,1234.08,0.20994,54.9967,810477.5,78.8716,2734.84,15.0,40.4916,0.988
16219.1,6672.63,0.4114,210.061,2291628.0,264.158,4602.28,151.0,28.6074,7.488
12251.3,4639.34,0.37868,160.531,1663613.0,214.276,4881.18,76.0,28.1427,6.06
5400.06,2219.57,0.41102,34.2631,766693.9,73.2999,2604.94,31.0,42.5719,1.676
7385.18,2131.66,0.28864,58.9038,1029503.44,89.2961,3165.93,13.0,39.2576,14.552
11265.2,3511.69,0.31172,135.036,1572917.2,176.383,4286.31,63.0,32.3454,1.494
8789.54,2223.39,0.25295,95.4419,1236207.0,128.986,4073.44,166.0,33.6625,1.345
18853.6,7145.65,0.379,125.405,2494534.2,282.451,5375.82,157.0,24.5365,10.012
13156.1,4505.38,0.34245,153.824,1838804.8,184.802,5223.59,49.0,27.465,5.101
17975.3,5295.93,0.29462,248.291,2449049.2,252.607,4964.91,267.0,26.5114,3.9
12813.6,3809.06,0.29726,161.969,1801280.6,205.382,4676.07,70.0,29.4903,4.165
9808.08,4127.77,0.42085,81.0731,1324854.1,150.725,5145.13,40.0,33.1685,18.66
14218.5,3477.01,0.24454,173.376,2026628.4,202.724,4109.12,135.0,32.0815,2.159
8115.59,2541.93,0.31321,55.6139,1115415.2,110.688,3508.71,36.0,39.9147,13.198
4672.88,1717.27,0.36749,34.8713,659087.5,64.9735,2216.71,20.0,40.9199,11.443
9107.09,2485.89,0.27296,89.0661,1258468.5,112.072,4143.9,53.0,35.2437,17.395
8204.05,2848.86,0.34725,62.9145,1094435.9,116.241,3320.09,45.0,36.5628,17.871
10030.2,2475.79,0.24683,116.146,1438014.5,153.846,4480.16,131.0,31.4767,15.74
9283.57,2754.92,0.29675,96.7233,1299319.2,128.753,3499.2,11.0,36.0423,2.521
13667.7,4046.09,0.29603,160.669,1858975.2,202.146,5481.33,8.0,30.3215,13.362
6523.69,1875.47,0.28748,52.9042,914272.0,77.0861,3307.37,54.0,39.5232,2.733
13205.2,4358.73,0.33007,163.945,1825384.4,224.682,4820.65,123.0,28.4716,3.857
7526.48,1946.67,0.25864,68.6449,1039463.75,98.1353,3665.37,23.0,37.5012,1.854
11464.0,3551.03,0.30975,114.103,1601590.1,145.731,4266.03,135.0,32.1033,17.75
10983.9,3481.05,0.31692,121.051,1546146.8,230.803,4512.84,114.0,32.1243,19.97
9474.31,2827.98,0.29848,76.1889,1321654.9,117.346,4427.42,82.0,34.1197,2.352
14765.7,5676.63,0.38444,185.185,2011586.0,263.014,5360.76,230.0,26.8697,6.178
6486.91,1800.51,0.27756,57.2782,892786.5,85.5284,2622.43,11.0,38.9909,3.137
5202.32,2442.38,0.46947,50.5925,683934.06,88.8435,2265.45,52.0,42.7126,11.749
7945.77,2065.57,0.25995,72.8337,1111349.6,102.056,4083.45,15.0,34.274,4.924
7353.42,2762.39,0.37566,54.9725,1017015.0,121.966,2736.67,59.0,39.7414,9.916
6746.99,1303.92,0.19325,57.9908,928277.6,87.1543,2893.92,37.0,39.8512,1.558
5120.87,1384.66,0.27039,45.0992,725602.75,67.8208,2558.9,48.0,42.2647,9.512
5793.37,1885.18,0.3254,59.9501,772284.44,91.7901,2656.85,29.0,41.1827,4.479
7320.48,2866.78,0.39161,56.3266,991468.3,118.365,2647.08,54.0,40.0389,15.06
9132.31,2419.91,0.26498,96.0006,1249539.1,88.9036,4060.7,16.0,34.1799,5.994
8402.86,3044.23,0.36228,68.5107,1206863.9,116.477,3473.01,28.0,36.4858,17.617
10264.6,2726.12,0.26558,106.957,1463128.2,144.396,4020.56,39.0,32.7817,1.809
11283.4,3061.2,0.2713,128.635,1547427.6,151.105,3869.24,19.0,34.6807,2.94
6855.51,2454.56,0.35804,71.1337,977581.56,119.429,5837.75,84.0,34.2079,17.634
15575.8,3365.99,0.2161,187.934,2153945.5,257.115,5072.68,124.0,26.0036,2.996
8599.03,2255.52,0.26229,94.5654,1164800.6,91.6702,4080.02,17.0,33.0828,5.484
6834.03,2208.94,0.32322,70.2747,965044.44,102.831,3182.2,19.0,38.2749,14.867
13283.5,4618.01,0.34765,159.928,1846741.8,201.487,5111.28,137.0,27.2323,3.718
12403.7,4289.67,0.34583,162.466,1712103.2,222.253,4760.28,122.0,28.9092,5.887
18701.0,5707.76,0.30521,207.431,2585277.0,294.706,6454.27,242.0,20.7927,9.679
6299.04,2383.89,0.37845,50.0192,892053.6,92.0083,2579.61,85.0,40.6494,12.353
9072.32,2524.46,0.27825,91.0317,1254586.0,146.872,3301.24,8.0,36.3786,1.396
9098.8,3360.65,0.36935,86.9911,1306361.2,137.029,4007.91,87.0,37.6934,15.647
14751.4,4157.59,0.28184,197.178,2057502.2,222.528,5618.46,142.0,22.8367,3.072
4154.97,1285.81,0.30946,34.9385,573012.4,50.8956,1399.72,17.0,44.3173,1.488
5792.81,887.45,0.15319,48.5331,816425.56,67.7129,2715.69,1.0,42.2237,1.48
3327.55,802.01,0.24102,28.8745,453098.94,43.5389,1671.82,37.0,46.1409,9.84
9466.16,3230.1,0.34122,76.5586,1278875.4,131.054,3600.45,96.0,36.1181,7.456
9506.82,3131.47,0.32939,106.163,1343609.6,131.131,3641.34,9.0,35.2547,2.347
4978.46,1736.61,0.34882,49.6151,696637.25,71.65,2177.75,29.0,42.2395,1.477
8345.76,1538.31,0.18432,76.7026,1191677.4,99.9,3831.9,9.0,35.3314,1.307
8321.78,2584.19,0.31053,72.4729,1152145.5,107.394,3571.83,76.0,37.0516,13.899
10265.3,3322.38,0.32365,123.732,1367620.1,169.758,4036.83,43.0,34.1408,1.767
4120.69,1166.4,0.28305,35.5657,580195.06,51.2639,1809.08,7.0,44.8267,2.364
7994.54,1960.8,0.24526,90.5908,1068702.9,130.362,3416.95,15.0,37.2435,1.185
7186.97,2425.62,0.3375,62.6561,961168.8,102.74,3175.91,43.0,40.1712,2.27
12838.6,3351.42,0.26104,140.366,1748357.1,158.202,3971.57,194.0,32.4,2.925
18799.2,6085.32,0.3237,243.78,2569422.5,302.971,5343.27,276.0,25.2119,4.61
20669.7,6314.71,0.3055,254.757,2870680.5,316.374,5569.18,79.0,23.1743,3.449
5487.58,1567.47,0.28563,40.6181,761219.9,73.3187,2786.99,55.0,41.2706,10.307
7684.55,3028.62,0.39411,66.5015,1046650.4,126.051,3497.62,50.0,35.8656,13.268
15791.2,4858.4,0.30766,194.008,2134120.0,242.638,5156.61,219.0,26.0838,3.069
7138.08,1844.52,0.2584,69.0715,1009129.1,105.406,2908.67,48.0,38.5991,15.226
12680.1,2357.36,0.18591,164.362,1711987.5,205.349,4729.91,99.0,28.7628,1.721
6507.03,1140.34,0.17524,64.6344,880847.6,81.6799,3058.69,33.0,38.1199,3.647
8261.69,2939.84,0.35584,75.5017,1128031.1,102.799,3193.57,9.0,36.3349,7.899
7815.84,2153.95,0.27558,93.8673,1053935.4,120.864,3894.16,39.0,34.3215,3.051
8148.37,2654.33,0.32574,64.4371,1144550.0,109.464,3637.25,13.0,37.4067,16.298
6455.93,2275.87,0.35252,63.5721,888696.5,85.0572,3235.56,48.0,38.5311,5.462
5176.73,1757.38,0.33947,33.5296,729175.94,65.8119,3007.35,47.0,42.4097,14.814
9967.09,3031.12,0.30411,105.956,1400236.1,118.467,3578.52,54.0,37.0335,10.419
9722.31,1428.41,0.14692,100.407,1309044.6,153.043,3881.32,45.0,46.5464,0.0
18109.5,6869.87,0.37935,154.096,2477043.5,316.31,11540.57,56.0,33.4672,4.852
7822.06,2133.54,0.27275,77.0845,1053375.9,118.688,4279.6,18.0,46.5464,0.0
8041.38,2786.6,0.34653,55.2782,1141918.1,107.729,3751.98,53.0,38.2341,12.811
5646.51,1553.7,0.27516,37.7805,776913.5,75.9741,2067.96,15.0,43.4945,9.965
8586.31,3350.92,0.39026,90.7286,1196713.8,129.473,3641.34,30.0,36.7624,13.834
13475.4,4814.93,0.35731,168.55,1877843.5,227.605,4644.75,99.0,29.7563,7.19
13026.4,3729.26,0.28628,146.827,1738381.0,201.42,4643.78,61.0,31.8593,3.208
6514.8,1767.62,0.27132,70.1727,917683.6,92.4357,3053.06,42.0,38.8027,11.426
10024.4,2240.26,0.22348,78.9025,1423882.1,125.723,4714.2,26.0,32.7579,2.346
4787.3,947.14,0.19784,45.2532,688155.0,57.2383,2204.03,79.0,42.7613,0.749
7318.53,1730.48,0.23645,77.8334,965433.56,108.738,3348.65,12.0,35.8691,16.652
17314.5,5728.12,0.33082,190.019,2320580.8,291.217,5802.55,191.0,22.937,2.71
14263.7,4459.58,0.31265,141.409,1956469.2,216.146,5381.4,16.0,30.4641,8.489
12903.9,4264.65,0.33049,115.591,1842907.0,202.053,3899.04,111.0,35.1878,17.692
5853.68,2028.56,0.34654,74.906,807939.56,86.0887,3043.02,36.0,40.1475,1.811
6604.64,1439.1,0.21789,63.1806,906652.9,70.9087,2878.87,29.0,40.145,14.675
16286.5,4345.59,0.26682,188.297,2226962.0,239.404,5218.57,163.0,26.4006,17.519
7656.64,1685.67,0.22015,71.0728,1118368.5,89.4886,3057.26,13.0,38.1672,1.547
9727.83,3008.97,0.30931,76.2364,1344415.9,105.188,3648.14,39.0,35.6269,15.908
14789.0,4972.18,0.3362,159.438,2087294.0,220.688,5936.39,67.0,24.8372,1.719
16123.6,5216.17,0.32351,219.377,2239551.2,262.383,5367.4,280.0,24.4204,1.599
19385.4,5187.33,0.26758,200.179,2742208.0,273.567,5863.19,272.0,21.2591,6.286
18037.7,5487.15,0.3042,221.64,2566578.0,286.106,5646.27,122.0,21.4944,2.477
4004.87,1213.35,0.30296,34.4314,546680.94,50.6332,1405.87,17.0,44.3004,1.541
5956.69,2129.85,0.35755,60.7321,822045.3,93.6724,3425.82,84.0,38.0289,2.067
13601.9,3742.93,0.27517,158.435,1954518.1,220.059,5024.68,212.0,21.9024,9.586
13504.1,3887.1,0.28784,170.848,1890292.4,204.583,5044.61,200.0,27.4294,2.875
6145.73,1155.94,0.18808,35.2343,840574.8,75.7904,2775.94,14.0,42.3529,3.115
10238.1,3382.9,0.33042,112.295,1430351.2,136.687,4268.27,106.0,29.1375,17.619
5213.42,1914.72,0.36726,49.0541,741955.25,71.8187,2196.29,21.0,42.3093,3.256
8623.51,2864.38,0.33215,86.6043,1197885.0,128.079,3113.39,18.0,37.4412,2.552
4964.18,1508.44,0.30386,44.3075,690984.6,60.4533,1872.73,19.0,43.7247,2.41
9612.28,3589.64,0.37344,103.839,1322449.1,158.12,3432.81,21.0,35.4177,2.617
3929.3,1040.3,0.26475,37.1128,532866.3,50.0968,1337.3,14.0,44.91,4.45
6812.35,2425.5,0.35604,79.0482,929349.7,99.8002,3221.82,58.0,36.6611,14.299
14425.2,5660.7,0.39241,123.21,2031575.5,208.722,4944.08,119.0,29.417,18.453
10941.4,2967.75,0.27124,100.08,1476101.5,134.692,3882.15,108.0,34.2885,12.184
21851.0,5996.54,0.27442,284.586,2988796.8,309.034,6582.5,286.0,18.7486,1.541
11496.7,3698.29,0.32168,88.455,1637727.2,148.933,4081.08,11.0,34.918,5.563
8079.92,2069.61,0.25614,69.5459,1167358.0,89.7095,3309.57,49.0,38.1858,16.422
9511.92,2446.25,0.25717,64.0891,1337761.9,103.792,3466.96,40.0,38.9733,13.37
8277.02,2467.48,0.29811,89.6449,1102699.5,112.301,3544.85,47.0,37.7364,11.384
9284.82,3567.97,0.38427,95.1601,1318318.6,142.417,3754.33,26.0,32.5098,2.865
10064.7,4438.72,0.44101,99.8258,1451548.8,150.455,4182.08,28.0,34.001,20.195
18083.6,5458.76,0.30186,255.513,2434330.0,306.761,5783.2,324.0,21.2267,3.338
7912.69,2651.92,0.33514,70.4696,1079834.4,109.222,3411.53,73.0,36.7581,3.739
9796.97,2934.04,0.29948,92.3026,1352433.5,116.792,4389.44,120.0,31.1884,16.825
21513.6,7051.74,0.32778,246.735,2993168.5,337.075,5601.03,96.0,23.0571,3.832
8026.8,2643.95,0.32939,83.7101,1091067.1,107.189,4009.53,64.0,34.9508,11.887
8662.21,2188.68,0.25266,88.3067,1160300.8,107.216,3796.96,25.0,36.2091,13.827
3453.44,1144.96,0.33154,24.4714,465055.0,40.0613,1455.36,2.0,45.2186,2.765
8115.59,1572.37,0.19374,76.1511,1142381.9,103.584,3782.94,20.0,34.2401,1.787
6025.15,1537.98,0.25526,65.7108,764585.9,84.2982,3101.78,27.0,39.3717,5.062
6280.06,1694.56,0.26983,69.5919,828975.9,83.155,3793.12,67.0,36.7213,3.34
10502.3,3490.4,0.33234,108.654,1519774.1,161.311,3750.26,61.0,35.1247,3.128
8854.29,2430.52,0.2745,77.1971,1178646.2,121.961,3299.54,17.0,36.9142,3.326
12816.5,3332.27,0.25999,135.076,1705147.1,203.651,4493.79,69.0,31.0325,4.192
7033.78,1630.5,0.2318,68.4231,993961.5,98.91,2937.32,36.0,34.4056,14.508
16058.9,5091.08,0.31702,158.212,2195340.0,259.186,5517.53,134.0,26.0829,16.907
6047.39,2376.97,0.39305,48.8946,856057.7,81.3576,2543.81,30.0,41.7351,12.63
13249.9,3642.62,0.27491,157.631,1813883.8,204.787,4509.59,211.0,46.5464,0.0
9295.5,2829.28,0.30437,85.8334,1315025.6,133.842,4111.28,76.0,32.828,9.437
17788.9,7181.95,0.40373,130.104,2517352.2,256.19,8157.04,122.0,27.1124,20.83
6169.62,2083.01,0.33762,70.011,801705.3,88.0982,5187.88,40.0,33.568,18.005
9847.83,2646.65,0.26875,130.067,1391384.0,178.28,3981.81,69.0,34.174,3.495
11218.4,3716.88,0.33131,156.732,1568305.2,149.558,5077.82,45.0,28.1684,3.867
8129.0,1719.45,0.21152,72.0471,1122163.0,87.9515,3368.41,28.0,38.0042,11.53
6639.1,2381.43,0.35869,83.8455,927150.3,115.862,3279.06,40.0,35.9947,12.095
13563.5,5186.17,0.38236,191.067,1779282.8,271.175,4831.59,89.0,28.3617,5.962
11174.0,3711.78,0.33218,129.832,1519325.0,175.354,3898.07,28.0,33.9818,3.102
12953.3,5606.72,0.43284,119.122,1872551.5,198.138,4653.28,138.0,31.0586,17.936
10138.3,3994.72,0.39402,136.654,1347179.8,189.003,4515.2,179.0,30.4759,2.332
4347.25,2235.35,0.51419,60.4338,596335.0,118.089,2586.86,82.0,43.5019,15.831
23458.4,7603.34,0.32412,184.361,3331107.2,351.94,11699.03,222.0,21.797,8.138
8644.56,2414.88,0.27935,92.3864,1173059.2,116.837,3679.38,41.0,35.2985,2.891
11922.3,4197.29,0.35205,111.202,1706705.2,155.943,4020.02,120.0,32.4583,19.146
11977.7,4903.67,0.40939,176.334,1644622.0,232.6,5190.56,203.0,26.4155,18.728
9903.89,3913.8,0.39517,87.5198,1308473.4,171.294,4426.43,101.0,32.9104,16.441
7464.42,2601.46,0.34851,65.9525,1060597.0,106.312,3688.26,21.0,39.9505,14.845
17015.6,4716.22,0.27717,231.159,2364834.0,274.019,5656.32,193.0,22.4157,2.145
6794.03,2367.89,0.34852,64.3105,920651.44,106.617,3008.33,99.0,40.3039,10.791
5932.12,2042.95,0.34438,57.4523,859943.75,78.8054,2529.0,60.0,41.8004,4.56
8761.87,2370.2,0.27051,97.3172,1203517.2,129.94,3464.11,122.0,35.8352,1.487
4615.8,1648.96,0.35724,44.1695,631714.8,61.9377,1829.79,33.0,43.633,12.757
5892.02,1941.08,0.32944,66.511,816370.4,91.0935,2989.04,36.0,40.4587,1.994
20458.6,6302.94,0.30808,253.544,2842794.2,335.619,5528.4,77.0,23.3367,3.541
4909.62,935.32,0.1905,42.5981,664958.2,57.7921,2532.94,23.0,42.6028,9.456
6075.2,2032.58,0.33457,58.4566,855381.1,98.6865,3311.75,55.0,37.5105,14.133
6024.62,1298.16,0.21547,70.9681,840187.1,76.4868,2769.82,78.0,39.5303,7.226
15948.4,4900.09,0.30724,210.064,2103689.5,256.803,6136.61,259.0,21.8812,2.33
9574.35,2169.91,0.22663,131.323,1322002.2,156.684,4588.29,74.0,30.1911,1.071
5719.65,1582.57,0.27669,60.9441,721098.25,87.4374,3090.91,20.0,39.4082,2.109
8481.98,2685.03,0.31655,84.4736,1141673.0,134.651,3897.07,38.0,34.1057,1.755
6154.59,2030.01,0.32983,58.1143,806446.56,99.1529,2539.61,28.0,36.2826,3.054
21340.3,7290.6,0.34163,255.073,2973162.2,343.161,5551.45,88.0,23.3022,3.556
12535.6,3040.3,0.24253,123.335,1719269.4,159.28,3937.53,215.0,32.4377,2.645
9318.63,3688.71,0.39584,75.7407,1294926.2,122.715,3582.67,46.0,37.2144,12.898
6744.39,1940.65,0.28774,77.4015,921802.8,104.568,3055.88,79.0,39.0896,1.002
6900.55,2137.43,0.30974,50.5205,960037.3,96.5934,3019.37,12.0,38.3687,10.586
15833.8,6876.85,0.43431,193.743,2157082.0,297.104,5416.26,153.0,23.0676,20.131
8592.33,2428.13,0.28259,90.2208,1191661.4,113.919,3249.55,31.0,35.0164,11.204
13801.1,5548.47,0.40203,167.809,1964643.9,269.304,4653.99,42.0,28.2927,13.261
23257.0,8378.78,0.36026,225.236,3311617.2,295.391,6600.93,89.0,17.6,15.222
10993.9,3181.24,0.28936,121.373,1544409.4,178.865,4255.9,57.0,32.3574,1.403
14732.3,4778.91,0.32438,158.725,2039964.0,232.845,4616.13,79.0,30.4158,18.044
11184.3,2794.59,0.24986,154.344,1579915.1,169.026,4946.36,35.0,29.4069,8.472
8270.56,2518.66,0.30453,90.4056,1172031.8,107.275,4069.18,33.0,35.525,2.396
18620.2,6174.22,0.33158,211.281,2573776.0,307.16,5916.51,234.0,22.8212,10.199
7399.67,2405.23,0.32504,64.0994,984228.1,113.893,2841.79,52.0,39.6681,17.844
5367.52,1643.42,0.30617,52.9365,732522.25,74.7257,2950.83,14.0,39.499,12.082
10076.3,3357.91,0.33324,127.217,1412038.0,198.64,4001.21,151.0,33.9165,18.313
5751.1,1483.62,0.25797,64.3054,723792.2,82.7465,3109.15,17.0,39.4223,2.443
4628.54,1551.92,0.33529,33.4288,655922.4,53.6267,1481.01,38.0,42.597,5.116
14394.8,5634.27,0.39141,193.27,1903621.0,263.824,5109.98,67.0,22.3617,5.823
5752.93,988.58,0.17183,53.7361,798391.6,59.0989,3037.41,27.0,39.9724,2.431
5997.51,1715.81,0.28608,55.6629,817862.0,85.2411,2453.22,27.0,40.3369,12.701
16996.9,3960.03,0.23298,177.514,2414846.8,224.253,5130.8,204.0,26.5675,5.73
23157.9,6886.31,0.29736,301.575,3227720.8,370.235,6304.89,91.0,17.5383,3.191
6725.32,2115.81,0.3146,79.0733,917563.8,89.6357,3246.9,67.0,38.5465,1.495
8642.7,2557.29,0.29589,75.8001,1200215.6,108.227,4274.08,62.0,34.2255,1.627
6905.96,1002.09,0.1451,65.0514,929172.6,93.1145,3285.11,44.0,36.571,3.372
6691.38,1416.55,0.21169,65.1795,883327.0,80.3101,3191.67,16.0,38.6468,13.834
9929.66,2486.0,0.25036,121.686,1366642.1,130.195,4154.05,126.0,32.7757,2.582
6674.29,2062.29,0.30899,66.3816,950745.2,98.4004,3320.9,14.0,38.1208,15.556
17923.6,5130.85,0.28626,212.759,2481659.0,281.215,5733.52,209.0,21.9113,2.156
7679.83,2339.24,0.30459,65.4757,1063807.1,94.7386,3453.48,49.0,38.2929,8.632
7799.2,2168.45,0.27803,83.3558,1075790.1,113.076,3099.18,21.0,37.68,0.593
10687.8,3907.69,0.36562,99.533,1501929.8,132.293,4097.22,34.0,33.5634,0.0
13880.9,4373.66,0.31508,170.47,1905426.4,225.701,4917.0,119.0,28.6097,4.875
17850.6,5824.74,0.3263,242.129,2413930.2,294.386,4971.89,168.0,26.2704,6.912
5974.01,1948.74,0.3262,93.7088,711529.06,107.595,2041.74,92.0,42.0145,15.186
9711.96,2511.09,0.25855,108.492,1377095.5,156.828,3827.47,15.0,34.6433,0.594
8027.04,2705.82,0.33708,65.9283,1095835.2,114.579,3037.23,60.0,39.7633,17.278
5064.49,1695.04,0.33469,32.1324,710061.6,66.0161,2437.52,50.0,43.4383,11.06
10085.9,3161.95,0.3135,125.539,1340389.5,168.958,4018.68,37.0,33.5482,1.483
13988.1,4509.01,0.32234,174.548,2026402.6,254.861,4941.09,102.0,28.3393,4.454
15720.8,4278.71,0.27216,203.013,2163774.0,264.582,5134.44,172.0,25.1033,3.232
7301.4,2206.49,0.3022,74.4069,990596.1,117.868,3082.65,75.0,38.6863,0.775
7031.89,2680.61,0.3812,63.5683,936434.6,107.619,3114.05,21.0,39.9795,1.181
5002.18,1088.15,0.21753,45.5583,699176.06,63.9177,2655.79,14.0,40.8033,3.641
12594.5,5066.35,0.40226,115.784,1783220.4,176.61,3966.67,72.0,34.0639,16.359
11916.1,3339.73,0.28027,136.784,1644670.5,177.965,4478.94,90.0,31.3699,2.029
5642.61,1353.89,0.23994,50.5733,818092.1,75.347,2864.96,56.0,40.2816,1.898
7016.11,2256.76,0.32165,65.4121,1008822.3,83.1161,4699.53,41.0,36.0369,12.14
15012.4,4333.37,0.28865,205.72,2065620.4,256.887,5108.14,173.0,25.5067,3.611
9108.06,3169.01,0.34793,89.9713,1310104.4,126.685,4281.36,20.0,35.815,3.712
6876.14,1374.96,0.19996,67.0834,956617.25,88.3099,2754.6,23.0,39.7351,8.715
14079.9,5676.41,0.40315,195.877,1860024.1,272.06,4918.42,72.0,26.8219,8.282
4858.4,844.32,0.17378,32.1723,655048.44,55.7147,1944.36,17.0,44.1804,13.013
8473.65,2110.53,0.24906,52.4771,1184200.5,101.17,3516.88,46.0,39.4781,12.286
8548.35,2183.14,0.25538,87.4833,1155791.0,104.45,3790.82,30.0,35.5977,1.841
8656.41,2229.24,0.25752,104.085,1193503.4,110.968,3898.96,24.0,33.931,2.224
7577.06,3110.83,0.41055,70.9123,999084.6,125.235,3101.89,66.0,38.5604,15.593
14868.4,3111.15,0.20924,181.19,2065946.9,221.103,4702.23,37.0,28.519,1.275
12300.7,3803.48,0.3092,148.565,1759118.6,207.665,4828.22,56.0,29.7786,1.186
8326.57,2332.97,0.28018,59.9098,1174178.0,100.627,3629.4,70.0,40.3435,15.919
11481.8,4610.39,0.40153,89.3715,1560453.6,159.622,5164.4,54.0,33.2968,14.13
14906.7,4148.62,0.2783,253.327,2030192.1,262.234,4838.25,270.0,27.2815,4.217
7540.43,2246.04,0.29786,51.2382,1022907.75,104.557,3808.26,30.0,36.6547,12.175
10049.5,3700.61,0.36823,94.5762,1396729.9,129.142,3485.48,57.0,35.9212,16.047
8630.52,2458.32,0.28484,95.4877,1187139.8,151.265,3225.39,10.0,36.7779,1.72
8977.87,2352.72,0.26205,98.5001,1246989.4,119.244,4543.02,133.0,34.7573,4.961
5082.38,1059.31,0.20842,47.3013,728374.2,61.8826,2204.14,80.0,42.6638,1.116
13542.2,3191.07,0.23563,178.805,1920319.2,196.171,5583.33,67.0,23.914,1.102
11988.7,2697.81,0.22502,149.071,1659704.6,188.656,4117.22,75.0,31.3056,2.268
12770.9,4060.67,0.31796,160.482,1747292.1,196.018,4002.14,174.0,32.1807,20.52
16841.2,4697.64,0.27893,153.033,2335365.0,195.16,6067.67,148.0,20.421,19.105
7695.3,1919.74,0.24946,56.0469,1087312.8,73.8146,3648.57,23.0,37.6691,8.793
7576.73,3591.5,0.47401,89.319,935279.4,142.527,2262.22,108.0,40.7062,4.63
6326.0,1793.97,0.28358,68.1745,907943.9,81.5064,3076.6,14.0,38.6676,2.152
13219.2,3574.15,0.27037,155.306,1829970.4,183.27,4550.39,30.0,30.3014,2.36
7200.04,2603.66,0.36161,66.5896,1020650.94,93.9951,4142.98,58.0,36.6622,5.217
7342.65,1634.33,0.22258,62.9719,980616.94,78.6606,3490.77,25.0,37.6749,12.467
6696.81,1923.89,0.28728,64.6127,837549.4,96.5893,3208.85,25.0,38.1899,16.493
13049.0,4017.1,0.30784,136.743,1815436.8,172.126,4260.78,39.0,31.7109,3.173
6141.54,2073.89,0.33768,60.5513,860547.56,89.6086,2705.26,49.0,40.2867,2.332
7449.43,3579.66,0.48052,54.1321,1011987.4,132.573,3911.45,45.0,37.4557,18.824
7634.08,1914.62,0.25079,66.1209,1049273.6,104.978,3747.42,23.0,37.4364,1.394
6609.91,2082.6,0.31507,60.1961,901190.94,110.677,3152.25,80.0,37.1997,3.494
3335.6,1067.38,0.31999,26.3948,456432.75,35.4824,1344.87,5.0,46.5464,6.927
10183.5,3182.59,0.31252,114.426,1396452.4,148.743,4452.49,102.0,32.8579,4.55
9691.73,3635.61,0.37512,62.4072,1323748.4,136.464,4060.13,56.0,35.4582,20.963
7863.98,2073.87,0.26371,88.8513,1081280.5,109.282,3084.97,36.0,37.7777,1.118
5716.87,1686.89,0.29507,56.8394,757354.44,87.4541,2707.0,34.0,40.8619,4.449
14879.2,5122.88,0.34429,158.601,2150888.5,224.473,5669.72,83.0,24.8857,2.123
9760.76,2735.65,0.28027,83.7407,1384452.0,119.822,4167.12,73.0,33.254,11.982
12880.0,3689.95,0.28648,161.112,1771317.1,214.961,4877.85,55.0,27.8442,2.554
11559.2,3935.14,0.34043,90.389,1560185.2,173.47,4198.44,127.0,32.6353,4.271
6443.63,1466.85,0.22764,68.3528,902948.5,78.0639,2855.92,80.0,39.5222,9.152
5878.01,849.9,0.14458,54.8968,768584.25,70.7363,2844.75,52.0,37.7199,4.935
11058.3,2767.8,0.25029,132.083,1538755.8,169.018,4721.11,172.0,28.4918,0.689
9767.74,3341.48,0.34209,94.8045,1376708.9,114.516,3345.51,43.0,31.9303,8.474
9782.18,2866.56,0.29303,95.5479,1350155.6,109.362,3667.45,34.0,36.281,15.165
8953.79,2487.05,0.27776,63.5098,1237752.0,120.829,3905.54,37.0,36.1962,11.276
14148.3,4094.81,0.28942,114.791,1935193.5,237.366,4252.78,93.0,31.1352,6.675
9973.77,3685.49,0.36951,104.55,1399659.0,145.839,3666.11,12.0,35.0807,2.55
12819.5,4294.36,0.33498,151.261,1793526.0,165.852,5220.8,41.0,28.0521,3.861
11363.0,3025.23,0.26623,118.543,1589303.2,171.185,4952.37,70.0,29.6257,3.324
5686.22,1243.26,0.21864,51.5074,821970.06,74.1842,2860.67,56.0,40.2785,1.821
7375.04,1615.3,0.21902,68.5428,1070689.9,96.431,3009.66,12.0,38.2064,1.259
6548.51,1897.15,0.2897,60.663,925795.56,91.9051,2828.75,72.0,39.0853,15.943
7003.02,2350.39,0.33562,59.7321,962155.06,107.32,3554.54,70.0,36.5897,1.777
15024.9,5369.4,0.35736,162.703,2095729.4,233.037,5353.32,96.0,25.0412,18.648
8387.78,3187.58,0.38002,94.3531,1190142.1,130.482,3626.63,40.0,35.6075,4.387
8465.49,2586.89,0.30558,88.8821,1175520.2,121.821,3149.71,26.0,37.7412,0.774
14685.1,3992.68,0.27188,179.879,2065334.8,242.823,4520.51,18.0,29.5084,2.904
22655.0,7560.03,0.3337,182.315,3212807.5,357.237,17478.18,95.0,23.0657,2.574
7038.73,2293.09,0.32578,70.7471,951757.8,114.905,3267.06,72.0,36.608,4.017
6860.87,1947.23,0.28381,77.7256,930415.6,108.097,3066.76,78.0,39.1701,1.003
5937.36,1597.49,0.26905,38.5131,801331.25,71.2969,3078.43,68.0,39.0986,6.487
10648.0,3082.21,0.28946,128.603,1524479.5,172.028,4386.91,43.0,31.7843,2.624
15153.1,4535.21,0.29929,177.66,2086146.8,210.053,5201.44,206.0,27.6274,1.833
14019.0,2660.47,0.18977,169.773,1957092.8,228.644,4648.43,48.0,28.817,1.429
6224.2,2187.86,0.3515,75.3595,851037.2,91.0238,3144.9,64.0,38.7663,1.856
6442.36,2109.75,0.32748,55.5278,898935.44,86.6069,2705.45,41.0,40.5705,1.904
6545.29,2083.41,0.3183,64.63,884768.44,95.1285,3141.25,21.0,40.1495,1.756
18403.6,4882.31,0.26529,245.571,2559338.2,294.557,5457.64,215.0,25.6038,5.546
8686.77,2326.93,0.26787,57.778,1224690.5,104.854,4396.38,42.0,38.6988,10.509
5376.93,2133.64,0.39681,34.0951,746096.7,78.8451,2048.01,34.0,44.1981,12.334
14421.8,4044.67,0.28045,185.196,2048452.8,234.742,4497.54,17.0,29.8791,2.937
15701.1,4159.55,0.26492,241.036,2145927.2,255.312,4757.81,267.0,27.7137,2.918
14663.1,4133.18,0.28187,200.432,2014242.6,275.815,5127.5,173.0,25.55,3.17
24286.3,6887.7,0.2836,229.134,3428304.5,313.395,6331.23,294.0,18.5782,19.674
6691.22,3065.72,0.45817,67.8513,903063.8,111.536,3036.41,60.0,39.1451,11.421
9578.51,4103.13,0.42836,87.7052,1339181.6,150.306,3747.31,115.0,34.7636,3.747
7773.53,3149.93,0.40521,81.7564,1019769.0,138.035,3596.59,55.0,35.7935,8.909
10041.7,2798.43,0.27868,117.581,1396078.9,148.349,4308.84,55.0,34.5838,2.137
17757.8,4712.18,0.26535,220.684,2419696.8,277.003,5818.49,213.0,46.5464,8.977
7922.13,2546.49,0.32144,72.5018,1062076.4,117.896,3612.0,55.0,36.8493,9.969
14590.1,2871.82,0.19683,177.101,2023772.1,223.065,4849.84,79.0,27.7006,3.052
5977.63,1910.95,0.31968,56.0902,852510.56,78.6371,2904.09,24.0,38.5269,13.829
4279.02,1181.71,0.27616,45.0411,586335.3,70.4937,2159.97,58.0,43.3883,4.411
9280.52,2264.1,0.24396,67.1409,1305644.5,99.6862,3223.91,28.0,38.1305,9.163
9346.97,2187.19,0.23399,109.146,1308686.1,133.364,4172.21,62.0,31.726,2.564
9077.29,3302.23,0.36379,76.8086,1239755.5,136.79,4318.22,107.0,32.6447,15.508
6771.69,1840.61,0.2718,58.2603,952913.94,76.1266,2311.51,62.0,40.4316,10.813
6872.92,2650.5,0.38564,65.1196,1002616.75,95.0111,3215.08,29.0,38.8831,1.318
6222.46,1617.17,0.25989,65.8328,887956.0,74.7178,3085.08,10.0,38.9344,0.0
5814.95,1582.4,0.27212,62.3067,739715.75,85.4295,3085.56,16.0,39.3443,2.18
15237.7,3096.19,0.20319,173.425,2149084.0,201.969,4227.32,138.0,31.3816,1.454
8674.05,2984.01,0.34401,85.7367,1200651.5,144.679,3312.11,54.0,37.2968,13.941
4832.91,1105.91,0.22882,45.1244,643321.8,68.2999,2709.03,11.0,42.7736,7.191
13828.0,4233.11,0.30612,167.701,1917508.5,215.773,5247.81,194.0,28.1812,1.291
9291.53,3303.27,0.35551,91.5539,1296879.6,130.814,3466.64,33.0,38.0081,0.812
13004.3,3486.61,0.26811,155.629,1834724.2,198.959,4810.36,67.0,28.467,2.982
13888.9,4434.92,0.31931,178.763,1939978.8,242.408,4468.86,25.0,29.81,3.435
6013.84,1900.66,0.31604,59.2596,838211.75,79.9833,2439.82,18.0,40.9177,3.179
6838.79,1794.58,0.26241,65.4421,916271.44,82.9254,2993.52,17.0,38.9891,1.987
11923.9,3893.45,0.32652,152.351,1666751.2,198.227,4270.04,47.0,31.1752,3.989
14312.2,5139.42,0.35909,160.885,2047368.1,225.478,5743.41,77.0,24.8473,1.879
7242.82,2912.69,0.40214,52.3954,1021421.75,109.762,3749.36,66.0,36.8635,16.659
11502.2,3661.67,0.31834,97.559,1615907.8,145.876,4402.9,101.0,31.1857,19.108
11484.8,4578.69,0.39867,146.558,1655222.0,199.06,4606.0,168.0,29.668,17.55
6988.52,1535.72,0.21974,61.9628,994252.9,80.8578,3561.22,50.0,46.5464,12.252
13529.8,3545.04,0.26201,127.563,1931194.5,170.866,4892.47,79.0,28.4891,12.085
9026.56,2203.59,0.24412,109.35,1245572.2,133.524,4204.68,58.0,33.6862,1.973
14041.1,4140.89,0.29491,172.788,1939912.8,238.175,4686.15,20.0,28.6472,2.92
9212.84,2551.49,0.27694,97.3284,1270794.1,125.44,3915.51,19.0,33.7777,1.983
18107.2,5716.09,0.31568,233.756,2486642.2,285.201,4954.41,137.0,26.3116,7.017
12374.0,3817.9,0.30854,161.24,1716027.8,222.454,4644.12,76.0,29.4687,3.847
8663.36,1855.93,0.21422,81.2029,1231130.6,105.492,3868.46,34.0,35.1099,2.41
12374.2,3229.86,0.26101,116.99,1782699.6,174.698,4372.75,82.0,31.6285,17.977
8023.26,2020.17,0.25178,85.0642,1094569.9,127.584,3530.52,34.0,36.1969,4.318
14506.0,3655.85,0.25202,185.43,2054239.6,206.727,5604.79,69.0,23.0143,1.293
11581.5,3189.17,0.27536,130.547,1597223.9,161.436,3909.78,22.0,33.6182,3.329
8381.42,2134.23,0.25463,83.4381,1201942.4,114.947,4078.15,103.0,34.7909,1.411
8469.74,2112.85,0.24945,72.0763,1235686.2,102.575,3192.44,22.0,37.1176,1.424
15671.1,5192.48,0.33134,181.638,2166314.8,256.513,5534.15,158.0,24.2108,2.166
6789.31,1972.16,0.29048,65.7675,953587.56,86.9333,3589.74,34.0,38.2733,1.818
12467.0,3952.53,0.31703,120.009,1625878.5,174.196,4684.74,93.0,33.9687,17.989
8557.17,2480.49,0.28987,96.1789,1174796.0,143.807,3272.59,13.0,36.5168,1.446
6676.64,1878.65,0.28137,57.088,852606.5,105.037,3079.04,5.0,39.6281,12.438
7408.29,1907.14,0.25743,96.4594,1029316.9,87.915,3192.71,29.0,38.4243,11.369
6982.39,2641.29,0.37827,66.1277,980679.94,108.733,3565.07,56.0,36.8148,9.262
18269.1,5285.75,0.28932,218.72,2549618.8,289.361,5718.6,200.0,22.0141,2.151
16732.0,5312.67,0.31751,209.578,2206653.0,267.988,6381.42,261.0,21.9698,3.039
9217.19,3132.22,0.33982,78.205,1254230.2,122.467,3858.95,94.0,34.7425,7.568
4142.54,1217.12,0.29381,33.3293,568381.2,49.8042,1405.2,17.0,44.2716,1.494
14839.6,6071.91,0.40916,132.188,2145350.2,222.652,6638.83,135.0,30.1614,15.636
6646.47,2254.59,0.33921,64.2768,883256.2,101.343,2759.01,42.0,39.9042,10.139
10337.4,2865.84,0.27723,128.465,1376686.9,150.608,4096.06,42.0,33.8375,1.781
14255.5,4369.56,0.30651,189.415,1904343.5,245.069,4989.69,199.0,27.277,2.561
9806.01,3712.31,0.37857,76.7523,1372626.4,148.26,3510.06,60.0,35.5122,18.749
6394.37,2237.24,0.34987,75.3604,864054.2,96.5053,3209.77,55.0,38.2135,1.285
13448.8,3393.56,0.25233,186.549,1829755.5,218.165,4597.75,182.0,25.0446,1.816
6288.28,1843.25,0.29312,45.711,891007.44,95.7682,3052.52,7.0,39.7633,7.851
10355.0,2774.58,0.26794,129.251,1467795.6,167.864,4270.58,50.0,32.2643,1.498
13086.1,3143.37,0.2402,146.498,1888264.1,200.51,5161.79,68.0,46.5464,13.358
8831.49,3737.87,0.42324,66.0772,1288882.8,128.028,3978.66,50.0,38.8271,14.367
9141.46,2838.36,0.31049,90.0865,1304964.0,138.178,3392.86,23.0,35.8927,2.796
8702.91,2767.28,0.31797,77.1324,1167931.2,120.786,3595.88,53.0,36.282,10.771
6761.83,2591.74,0.38328,55.4657,934669.94,100.811,3253.29,13.0,37.8784,10.031
8803.86,2679.04,0.3043,62.7605,1239769.8,111.052,3194.16,11.0,36.3191,15.451
10699.7,2811.83,0.26279,122.083,1492803.1,167.682,4628.32,70.0,30.1925,2.253
7446.47,1794.97,0.24104,68.4785,1044120.0,99.9769,3225.23,67.0,38.6445,14.129
3978.62,1575.9,0.39609,26.5356,545044.25,51.2241,1909.61,4.0,45.0365,8.071
5961.2,1744.27,0.2926,50.4325,851283.1,81.3634,3123.76,7.0,36.4559,7.556
6394.35,1122.91,0.1756,36.5294,880216.8,76.7589,2776.47,14.0,41.9414,3.049
5262.96,2047.2,0.38898,33.9256,747820.56,68.6193,2540.88,38.0,42.6978,2.795
14976.8,4800.95,0.32055,165.988,2143873.5,323.942,5157.81,226.0,28.5907,7.883
6241.82,1670.34,0.2676,53.3826,886508.0,82.1719,3232.09,52.0,40.3039,1.3
14170.5,3520.75,0.24845,186.407,1937925.8,214.666,4581.39,179.0,28.9962,1.697
8235.11,2281.9,0.27709,77.2233,1136615.0,108.356,3664.38,50.0,35.2314,4.615
8036.29,1938.98,0.24127,78.7386,1153830.2,113.295,4041.3,102.0,34.9956,1.283
9731.16,3734.52,0.38376,128.718,1309684.2,195.648,4307.6,181.0,30.9563,2.92
17523.9,4995.0,0.28503,224.449,2443665.0,278.382,5692.07,199.0,22.0718,2.128
5699.26,1581.16,0.27743,56.0474,806093.2,74.0549,2461.18,58.0,41.8661,9.998
9082.54,1831.96,0.2017,98.813,1266490.1,130.001,3639.73,20.0,34.3103,1.541
6566.73,1180.1,0.1797,78.7226,885360.7,80.0357,2931.37,53.0,39.1886,12.138
16781.8,5522.32,0.32906,206.049,2225792.2,258.082,29068.17,183.0,27.2261,2.276
6496.8,2171.7,0.33427,66.3924,853460.6,99.4459,3316.25,53.0,39.1397,7.192
9601.82,2730.28,0.28435,117.041,1319662.9,141.821,4149.79,132.0,32.8839,3.174
11198.6,3678.7,0.32849,93.8978,1573315.1,149.246,5055.02,101.0,31.1877,14.659
16253.6,5222.47,0.32131,178.796,2272724.5,265.149,5421.99,157.0,24.2233,1.96
10366.5,2971.26,0.28662,93.36,1447493.8,132.758,5445.18,111.0,33.2092,13.385
14185.8,4431.38,0.31238,166.225,1964891.6,216.034,5193.51,181.0,27.8229,2.007
9287.72,1903.66,0.20496,106.09,1313002.6,126.895,4255.44,43.0,33.6316,0.908
10406.8,3796.66,0.36482,98.1281,1449715.0,137.04,3448.93,41.0,35.8852,17.443
14531.6,4578.95,0.3151,148.25,2085202.6,215.289,5670.11,71.0,25.5737,3.135
13169.2,4551.24,0.34559,97.6407,1821123.8,195.66,4182.02,53.0,32.4695,20.396
21313.2,7064.46,0.33145,259.324,2972794.2,335.303,5537.65,141.0,23.3317,4.032
9279.89,2044.76,0.22034,102.586,1269742.0,144.082,4005.34,32.0,34.0095,2.202
11054.3,3910.59,0.35376,107.826,1594389.5,159.751,4560.77,69.0,31.2047,3.198
9018.28,2180.39,0.24177,96.9014,1209716.5,134.398,3585.52,8.0,36.4264,1.016
7246.71,1962.54,0.27081,57.8362,958123.3,87.4965,3136.16,51.0,39.6835,5.436
9858.26,2758.94,0.27986,104.146,1356676.2,138.023,3916.3,118.0,34.5456,1.77
8853.03,2734.5,0.30887,96.713,1204856.6,124.683,3848.01,49.0,34.9168,3.038
15956.2,4820.9,0.30213,144.914,2262900.8,178.54,4955.06,49.0,27.8644,4.651
8005.21,2616.33,0.32682,65.7472,1140448.9,112.885,3366.79,29.0,38.2951,15.59
10058.7,3219.95,0.32011,129.301,1337385.5,168.76,4040.16,38.0,33.5103,1.628
7835.05,3661.61,0.46733,81.4445,1114403.5,134.631,3329.74,51.0,35.746,4.756
8364.7,1717.39,0.20531,99.6829,1150762.4,109.737,3254.22,123.0,36.5595,1.651
16399.1,6333.55,0.38621,187.06,2198769.0,289.826,5053.55,111.0,26.8532,12.429
14622.6,4540.51,0.31051,188.33,2109015.2,232.549,5213.25,149.0,25.4589,4.577
7845.07,1893.43,0.24135,85.1894,1085132.6,106.074,3842.54,50.0,35.5489,3.089
6820.11,1818.86,0.26669,56.1855,935472.8,82.8526,3403.34,31.0,41.2008,4.521
5423.68,1366.54,0.25195,48.6014,687646.5,77.2487,2317.9,24.0,42.5998,3.941
7639.77,2900.9,0.37971,93.2501,1077798.9,117.932,3786.53,33.0,35.9587,14.973
7147.39,1712.72,0.23962,56.4263,975226.0,93.7537,3210.62,33.0,37.8959,15.254
7982.53,2685.24,0.33638,79.2726,1097116.8,108.961,3243.67,91.0,34.7087,14.734
8352.67,2228.65,0.26681,84.0696,1194491.9,114.882,3302.66,6.0,36.0196,2.441
6036.82,1971.72,0.32661,47.477,854083.5,74.0707,2112.48,3.0,41.9398,6.109
7534.64,2471.33,0.32799,75.8702,1046118.7,97.277,3794.63,34.0,36.0844,2.244
6429.19,2464.77,0.38337,61.1528,880483.75,89.7662,2935.65,59.0,39.3468,12.503
4915.72,1480.72,0.30122,47.9667,686731.8,63.5405,2008.25,3.0,42.1592,5.24
9764.28,2533.9,0.2595,105.372,1389474.5,153.438,3909.42,39.0,33.3713,2.016
20119.4,5253.5,0.26111,208.502,2725858.2,252.929,5840.82,89.0,22.4982,18.161
14642.3,4492.75,0.30683,162.848,2025318.2,223.401,5272.24,181.0,26.6634,1.851
7992.39,1745.13,0.21834,74.5766,1119426.5,90.572,3237.22,38.0,37.8711,15.28
8120.64,2239.99,0.27583,67.0452,1161815.2,97.8811,2954.6,37.0,39.1381,16.98
7822.68,2470.48,0.3158,75.6986,1074390.4,108.192,3729.3,83.0,34.9006,12.798
9296.1,3547.39,0.38159,96.3266,1268944.0,136.072,3980.83,46.0,34.3079,4.439
6960.32,911.43,0.13094,65.8291,985566.94,72.5753,2900.1,54.0,35.2198,16.264
8075.95,3209.0,0.39735,64.5187,1110838.0,115.192,3469.48,43.0,36.1849,17.534
9444.88,2800.71,0.29653,98.4738,1332284.1,133.646,3698.85,77.0,34.5039,19.505
10562.4,4006.5,0.37931,108.122,1459071.0,178.736,4282.38,109.0,28.6294,16.708
6931.19,2564.54,0.36999,61.9266,902042.6,116.077,3149.29,5.0,40.5039,15.528
5146.47,2044.58,0.39727,37.0935,723965.94,71.9071,2584.61,6.0,44.5123,13.296
11804.7,3231.82,0.27377,147.339,1593961.0,173.943,4478.09,62.0,30.326,3.425
9179.57,2199.93,0.23965,108.1,1274480.9,127.291,4235.89,52.0,34.0908,2.039
21358.6,5584.11,0.26144,186.139,3111330.8,252.527,7193.03,103.0,28.9612,13.906
13785.9,4419.37,0.32057,160.904,1898797.5,217.586,5263.11,200.0,27.0065,1.761
10017.7,4144.41,0.4137,99.5036,1428245.0,137.682,3533.34,43.0,36.6822,13.566
7885.9,2307.72,0.29263,89.5845,1116116.5,104.553,3969.22,25.0,35.5217,1.791
9920.38,2769.91,0.27921,97.92,1404693.2,132.407,4154.51,27.0,34.743,3.489
7902.17,2868.7,0.36302,85.774,1059293.0,114.183,3623.55,30.0,36.3253,16.897
10884.3,3206.36,0.29458,97.6363,1507144.2,137.027,4184.53,156.0,33.1112,16.608
7042.17,2089.86,0.29676,65.5031,960836.5,98.6982,3124.38,20.0,40.2387,1.353
15288.6,5773.71,0.37764,131.042,2177229.5,209.682,5568.3,85.0,24.403,17.422
4610.98,914.78,0.19839,50.5298,592391.56,56.8398,1944.59,38.0,42.6565,2.407
9986.43,3762.33,0.37674,82.5682,1432079.6,138.745,3697.65,70.0,34.0669,16.124
7213.83,1819.33,0.2522,56.5611,952969.5,113.355,3237.6,15.0,38.8385,11.869
8004.76,1807.17,0.22576,69.5732,1131034.5,89.2158,3155.75,26.0,38.3591,9.666
7316.51,2488.93,0.34017,60.1281,1003991.2,97.2639,3393.4,45.0,37.564,14.402
8286.38,2209.92,0.26669,91.9353,1170478.2,114.893,3544.92,93.0,36.966,1.818
6713.97,1285.06,0.1914,55.3894,877846.1,75.1178,3072.22,52.0,38.6099,18.178
5128.9,995.89,0.19417,40.6748,739808.94,59.598,2194.2,79.0,39.8079,0.637
6471.15,1904.04,0.29423,67.4542,868786.56,95.7279,3356.42,54.0,38.1269,15.428
8123.23,1614.48,0.19874,75.8759,1143100.5,105.907,3785.26,17.0,34.1959,1.76
8216.58,2555.13,0.31097,92.7123,1111658.4,136.287,3940.4,41.0,35.4852,4.912
7738.01,1806.06,0.2334,70.4405,1126513.9,98.4799,3092.23,20.0,37.774,1.367
5291.77,2097.96,0.39645,40.5151,699294.44,91.8683,3206.97,8.0,40.6662,11.219
8143.03,2340.05,0.28736,98.7298,1151145.2,111.057,3547.22,96.0,36.9086,1.953
8997.81,2339.6,0.26001,82.7584,1275628.8,123.839,4137.91,46.0,34.6348,2.889
13531.8,5269.01,0.38937,188.601,1774384.6,272.929,4829.26,86.0,28.3416,5.105
17424.4,5114.57,0.29352,219.996,2405640.5,283.227,5757.75,191.0,21.7277,2.685
6662.05,1735.41,0.26049,62.0389,930904.4,78.0147,3274.28,38.0,37.6824,6.564
6531.39,1631.48,0.24979,56.7905,934161.3,75.1461,3054.79,41.0,34.8175,9.783
8888.63,2441.53,0.27468,96.9173,1206672.9,125.275,4349.35,107.0,33.0861,4.342
8471.83,3450.59,0.4073,69.1086,1139497.2,136.763,4108.31,64.0,34.9446,12.376
15492.8,3808.42,0.24581,230.483,2099433.0,265.873,4772.89,293.0,22.68,4.573
12736.2,3050.63,0.23952,154.629,1785979.9,209.414,4963.65,190.0,27.9896,1.972
11508.3,2798.88,0.2432,133.163,1599299.9,180.32,4691.34,162.0,28.762,0.911
7250.01,2093.47,0.28875,93.1677,986460.56,95.0605,3463.22,28.0,37.1423,10.478
9231.62,2195.93,0.23787,101.737,1294593.9,131.55,3880.49,53.0,35.066,2.888
24468.2,9375.7,0.38317,197.367,3134487.8,472.336,12789.34,185.0,26.8286,20.511
7049.52,2253.28,0.31963,64.4991,1015911.8,86.0742,4716.83,37.0,40.1253,13.634
5691.77,1280.5,0.22497,52.0365,800884.44,65.6675,3169.64,55.0,39.5279,2.333
12677.2,3070.22,0.24218,138.971,1711693.9,162.095,4112.99,221.0,31.8066,3.109
22507.9,7251.31,0.32216,311.42,3131372.8,374.69,6274.02,98.0,17.8524,3.439
5265.26,2121.2,0.40286,34.0258,744250.6,70.5236,2525.6,39.0,42.5959,4.661
5587.49,1464.5,0.2621,45.9287,779852.6,70.3564,3005.16,13.0,41.9204,2.458
8410.0,2255.41,0.26818,73.5676,1136016.1,103.303,3921.44,87.0,39.2302,15.506
10019.8,2755.75,0.27503,119.299,1365838.4,167.834,3767.1,19.0,33.8644,3.048
7785.95,2120.45,0.27234,95.4813,1056934.4,120.713,3894.17,38.0,35.9023,2.931
17950.2,6542.49,0.36448,172.938,2459957.8,288.308,5815.78,134.0,22.4322,11.483
10395.1,2338.15,0.22492,102.193,1472092.1,138.939,4418.61,53.0,32.8158,1.179
7864.6,3368.41,0.4283,66.2482,1123413.9,116.081,3790.09,82.0,35.1401,17.766
12127.6,2915.15,0.24037,157.564,1647430.9,183.517,4533.17,23.0,46.5464,2.655
6742.75,1886.13,0.27972,62.9591,933622.06,79.4359,3262.24,36.0,38.6552,2.359
6633.32,1862.22,0.28073,69.9641,899606.25,79.0195,3056.4,20.0,38.6193,2.064
5848.3,1818.97,0.31102,48.9982,801440.9,81.8172,2610.08,63.0,40.5924,12.31
11877.7,2965.7,0.24968,130.267,1679900.2,160.788,4476.41,62.0,30.7672,3.623
10888.6,3788.7,0.34795,120.044,1544693.5,172.116,4505.26,84.0,31.3508,19.079
6736.83,1749.41,0.25967,70.5259,963245.44,87.5864,2572.92,52.0,40.4945,12.687
7534.33,2460.93,0.32662,65.0891,1060481.8,109.301,3521.79,15.0,37.667,17.58
7494.22,2242.59,0.29924,78.7972,1026151.3,120.145,3096.14,82.0,39.0408,1.422
11008.0,2959.65,0.26886,142.541,1472511.1,173.467,4601.27,66.0,31.0372,2.899
9618.54,2963.25,0.30807,97.1003,1331438.8,136.016,3562.49,26.0,36.54,3.238
10350.2,3883.64,0.37522,74.1064,1463685.6,146.904,4624.69,38.0,35.9821,17.297
16081.5,5605.98,0.34859,191.812,2226112.2,234.541,5239.69,202.0,27.9507,2.583
17932.1,6513.96,0.36325,183.737,2425347.8,258.911,4469.07,120.0,30.1258,19.256
14078.0,5585.59,0.39676,104.612,1938081.8,227.337,4703.87,97.0,30.0856,18.913
7713.53,2010.34,0.26062,87.811,1060487.6,109.137,3100.79,21.0,37.6677,0.94
7991.63,2069.82,0.25899,87.5062,1118089.6,106.891,3854.39,40.0,35.9551,2.017
12452.7,2344.51,0.18827,145.416,1700093.4,191.224,4804.76,144.0,30.0643,0.624
6911.99,2497.06,0.36126,81.2853,950898.8,97.3976,3226.54,61.0,38.201,2.079
8320.98,2122.53,0.25508,79.9288,1163862.6,94.9427,3976.36,56.0,35.7596,2.283
8496.23,2827.49,0.33279,62.6802,1213858.2,115.485,4241.41,57.0,36.5531,14.585
7382.73,2500.26,0.33866,82.6225,969660.75,118.288,3157.63,73.0,38.9448,6.259
8446.49,2603.96,0.30828,97.1319,1146458.9,120.857,3728.77,42.0,34.9425,3.6
9365.09,2336.0,0.24943,109.928,1293131.2,135.445,4128.92,63.0,34.4523,1.856
7963.59,2025.58,0.25435,88.1034,1084076.6,103.411,3435.98,36.0,37.9536,11.871
9356.55,2109.27,0.22543,98.8417,1285910.1,118.915,4272.02,24.0,34.1294,15.991
10510.9,3306.85,0.31461,90.7965,1491506.5,128.979,4390.2,90.0,32.2985,13.277
6805.82,2094.56,0.30776,55.6844,888874.25,90.9387,3152.83,49.0,39.6852,17.236
5806.9,1010.17,0.17396,51.0437,799898.75,64.7854,3039.31,24.0,40.6973,3.793
9016.1,3116.84,0.34569,99.7912,1215795.6,124.445,3266.23,70.0,38.3913,2.882
11363.6,4318.14,0.37999,80.0882,1539108.1,177.794,6010.84,75.0,30.7428,20.61
12959.3,2939.66,0.22683,83.5982,1762070.0,164.599,4314.61,110.0,34.2253,16.174
8950.86,2460.47,0.27488,85.3056,1247369.9,111.167,3994.9,34.0,34.7824,1.93
4909.33,1521.57,0.30993,21.265,675015.4,62.1196,1840.39,41.0,43.8772,11.581
12564.9,3354.61,0.26698,153.229,1737085.2,214.488,4523.45,95.0,30.495,4.256
12804.2,3890.42,0.30383,151.693,1832762.6,205.719,4963.98,63.0,29.0953,1.13
11871.1,4020.5,0.33867,103.435,1661480.2,171.595,5478.45,21.0,33.6368,17.489
5649.89,1998.12,0.35365,53.6964,750718.4,86.9181,2702.9,57.0,40.8572,14.34
6564.2,2164.1,0.32968,61.4381,921396.4,90.1042,3509.42,74.0,37.4258,2.267
15382.8,5001.31,0.32512,177.263,2117293.0,259.386,4896.64,33.0,28.1451,2.798
14413.6,3085.29,0.21405,172.308,2039519.9,203.454,4041.85,143.0,32.1585,1.527
11731.9,4594.47,0.39162,92.733,1665426.4,149.318,4437.95,58.0,32.2299,15.686
15622.7,5163.25,0.33049,159.207,2253545.2,252.874,5112.71,59.0,27.6085,3.163
9212.06,2342.27,0.25426,108.335,1302184.9,152.175,3804.9,15.0,34.3092,0.484
15858.8,4322.21,0.27254,186.869,2236298.8,216.733,5727.6,68.0,23.3887,1.478
16948.3,4990.08,0.29442,213.802,2353232.8,284.191,5726.64,202.0,22.0103,2.023
14298.7,4183.44,0.29257,139.479,2002250.4,181.038,4629.43,50.0,29.84,3.763
16208.1,3998.64,0.2467,210.871,2240985.5,258.631,5184.38,154.0,24.8059,2.611
10486.5,3933.65,0.37511,91.5723,1482544.2,134.851,4071.29,41.0,35.93,12.107
12666.7,4027.34,0.31794,173.794,1716344.8,241.856,4036.78,158.0,32.2336,2.206
13116.5,3687.59,0.28114,167.07,1819291.1,208.862,4875.06,57.0,28.0698,2.449
6920.43,1994.47,0.2882,71.9995,935339.0,107.949,3074.48,73.0,38.9999,1.106
9926.79,3276.65,0.33008,102.039,1386953.4,159.682,4094.99,71.0,33.951,11.485
5813.6,1595.69,0.27447,53.7721,824529.25,83.4891,3031.63,12.0,39.6245,6.803
6259.88,1801.9,0.28784,63.1709,841065.75,96.8318,2970.48,52.0,40.5915,11.827
18551.0,5602.71,0.30201,236.338,2567534.5,275.429,5684.55,194.0,22.1709,2.392
6547.48,2010.1,0.307,62.3174,858799.44,85.0089,3227.0,40.0,38.6805,13.5
16440.0,6243.15,0.37975,184.989,2156143.0,287.905,5545.06,141.0,23.7203,20.894
6476.92,1625.63,0.25098,54.9358,852259.44,84.8425,2793.87,50.0,40.352,7.487
10505.3,3541.46,0.33711,101.458,1471735.4,137.899,3950.8,13.0,34.2478,4.573
8452.88,3992.21,0.47228,91.1233,1036732.8,154.427,2818.6,109.0,38.4552,14.041
8658.9,3133.95,0.36193,66.4183,1205478.1,138.447,4018.92,47.0,34.5028,15.092
9878.19,2487.84,0.25185,92.2151,1376571.0,127.704,4580.73,52.0,32.2517,10.219
14917.6,4703.39,0.31529,159.268,2062595.8,210.28,5115.17,112.0,27.495,19.311
10183.3,2980.63,0.29269,98.3543,1399327.8,141.05,3670.2,11.0,36.4711,17.475
6743.61,1986.53,0.29457,58.5158,887970.56,116.203,3047.73,5.0,38.6124,8.146
18088.4,4789.8,0.26479,216.18,2529211.5,283.412,5686.79,210.0,22.182,2.376
7848.03,2706.28,0.34483,57.7746,1133945.2,110.558,4253.2,14.0,36.8071,13.829
4834.18,1618.14,0.33472,49.4115,692330.4,73.7517,2140.63,69.0,42.5158,11.912
23052.5,6820.67,0.29587,308.428,3181588.8,359.539,6305.21,102.0,17.6099,3.58
21464.0,7971.73,0.3714,186.759,2978728.8,367.516,17229.47,141.0,26.5353,3.101
10736.1,3584.06,0.33383,110.477,1538486.2,173.693,4012.97,11.0,33.5959,3.08
12088.6,3908.03,0.32328,139.531,1667777.8,209.115,3734.33,140.0,33.4336,19.777
8566.25,2826.69,0.32997,32.9212,1193833.5,101.684,3549.14,82.0,33.1548,12.592
14966.8,4876.87,0.32584,227.096,2053352.5,247.679,5358.72,139.0,24.5717,2.031
6071.0,1481.61,0.24404,58.6463,864687.7,70.9002,2910.93,20.0,39.0793,4.918
3883.04,1143.75,0.29455,35.0333,530369.4,48.2888,1397.11,17.0,44.4025,1.437
15311.2,4959.78,0.32393,156.666,2103345.2,236.51,5541.54,184.0,46.5464,1.443
5557.09,1059.9,0.19072,48.7933,796451.2,69.4338,2884.39,57.0,40.1173,1.211
8490.23,1773.13,0.20884,66.8144,1214732.8,89.4324,3447.99,48.0,37.6177,13.943
5743.75,2168.83,0.37759,33.6732,819665.56,76.81,2747.26,31.0,42.6894,2.094
15487.1,3912.07,0.2526,181.225,2187851.8,218.584,5696.17,144.0,23.0082,1.262
9466.16,3074.34,0.32477,99.5214,1342222.6,127.156,3661.74,97.0,36.8694,17.535
9252.17,2377.7,0.25698,100.204,1302064.6,136.776,3579.08,13.0,34.2955,1.224
7012.44,2231.97,0.31828,57.4796,958356.7,94.3999,3247.46,55.0,38.7609,15.287
18435.2,6316.98,0.34265,172.966,2643838.8,267.302,6755.88,92.0,20.0228,19.516
17868.9,6402.02,0.35827,155.395,2546011.5,289.29,12620.31,84.0,30.252,2.42
8375.93,1847.16,0.22053,62.8718,1196394.0,91.7444,3271.36,54.0,39.2103,13.95
7209.11,2188.82,0.30361,77.306,984070.75,115.755,3100.9,79.0,38.8993,1.08
17499.6,7891.22,0.45093,187.035,2379823.2,297.06,5549.65,171.0,25.3862,16.506
5059.77,978.17,0.19332,47.6553,723509.3,65.6981,2871.56,57.0,40.1628,1.46
8706.45,3209.85,0.36867,65.0067,1151448.2,135.83,4568.04,88.0,31.9196,4.356
8228.86,3472.55,0.42199,101.794,1082587.9,149.82,3487.17,71.0,37.2726,16.32
5242.75,1858.7,0.35452,33.7391,740893.9,67.9129,2079.7,31.0,43.3003,12.404
9352.63,2780.85,0.29733,83.266,1329923.1,127.938,4071.05,76.0,33.5905,4.184
7486.85,1587.0,0.21197,66.5247,1084834.6,96.0756,2980.18,18.0,37.9062,1.751
7447.8,2538.32,0.34081,68.9936,1049123.4,97.4382,3501.84,57.0,36.8755,15.349
7999.63,3059.21,0.38241,89.4743,1078991.4,154.19,3673.07,60.0,35.6552,10.084
5032.88,1037.01,0.20604,44.3118,730178.94,61.5433,2154.91,77.0,42.8442,0.812
6927.65,2067.63,0.29846,57.8722,941578.6,96.0779,2563.24,24.0,40.3214,4.065
10253.0,2390.36,0.23313,124.946,1431195.2,156.852,4584.67,73.0,30.2421,1.241
5811.82,1053.23,0.18122,52.5591,799977.1,65.2332,3034.98,24.0,39.7659,4.07
9561.78,2321.09,0.24274,97.6453,1333111.4,123.102,4226.06,54.0,34.7567,4.07
9645.02,1836.57,0.19041,108.368,1376084.4,127.257,4194.48,47.0,31.9885,0.993
11426.2,3285.66,0.28755,145.453,1627626.8,156.539,4122.3,130.0,31.7619,2.718
7962.62,3007.47,0.37769,94.9048,1053871.0,156.782,3239.91,77.0,38.0429,8.227
8255.36,2947.72,0.35706,48.989,1056525.2,139.422,5891.23,39.0,40.4027,12.525
5638.36,1391.95,0.24687,59.4582,706427.8,81.6494,3048.72,32.0,39.4108,2.963
13881.9,3580.75,0.25794,161.77,1971114.0,212.743,5006.39,197.0,27.7442,2.23
15341.1,4908.9,0.31998,186.107,2029367.4,222.153,4185.17,105.0,31.2687,2.558
14392.8,4985.66,0.34639,199.023,1966722.6,255.563,4722.22,45.0,28.5319,2.047
9163.19,2797.94,0.30534,77.8952,1282623.8,115.7,3888.86,70.0,35.7978,4.192
7467.59,1929.56,0.25839,67.7099,1031261.0,103.749,3602.48,24.0,37.3225,1.722
9354.93,2713.9,0.2901,89.7555,1284954.2,136.284,3583.16,117.0,35.932,1.208
7008.1,2397.1,0.34204,65.0145,944231.3,103.179,3139.56,21.0,40.0999,1.673
7280.47,3500.39,0.48079,69.2181,976891.25,125.518,3530.3,59.0,40.2203,15.418
14385.6,4480.9,0.31148,137.407,2006687.2,210.276,4859.55,59.0,28.7564,3.682
9255.61,2926.94,0.31623,76.8346,1264832.5,123.855,3819.7,97.0,33.9679,16.391
5518.28,1699.4,0.30795,49.2953,773246.94,71.7367,2568.41,27.0,41.663,2.535
10025.0,3820.43,0.38109,132.918,1320815.2,186.755,4546.06,179.0,30.5649,2.326
6216.86,1937.32,0.31162,55.7804,896687.25,78.0624,2437.86,67.0,42.0676,5.823
6504.15,1806.17,0.27769,68.9145,867811.8,86.3626,2982.75,29.0,38.9958,2.116
7039.05,1388.27,0.19722,76.5596,949979.8,90.3633,3235.08,38.0,38.2526,19.123
11680.4,4835.73,0.414,65.108,1585773.4,172.917,5254.6,107.0,29.5943,15.8
21044.4,6760.05,0.32122,251.392,2901573.0,330.251,5783.87,223.0,22.0311,4.045
12463.2,3772.85,0.30271,140.538,1728354.0,199.961,4813.43,77.0,29.1685,3.593
12517.1,4300.11,0.34353,104.965,1716343.2,174.031,4622.3,143.0,29.6568,4.122
6011.78,1930.86,0.32117,59.9601,798858.1,86.9796,2524.96,36.0,40.411,2.425
6611.05,2083.04,0.31508,63.7867,895920.4,94.3185,3118.01,19.0,39.3139,0.999
7390.2,1430.31,0.19354,60.7018,1020260.56,79.8514,2995.77,18.0,38.868,5.825
8672.72,2816.69,0.32477,96.1284,1192272.4,124.153,3457.12,23.0,36.844,3.123
4882.27,1290.6,0.26434,54.3694,642224.44,77.0107,3182.12,23.0,41.1022,2.898
7750.14,3254.36,0.4199,75.2975,1095715.4,122.609,3284.17,35.0,37.1757,2.56
9296.3,3013.31,0.32414,102.329,1301130.4,127.193,3648.66,9.0,35.5498,2.372
10387.7,2646.31,0.25475,89.2426,1462482.9,137.35,4184.3,147.0,33.129,7.042
9045.27,2605.92,0.28809,79.7816,1263242.5,111.616,4332.31,62.0,35.5694,1.325
16443.5,4240.69,0.25789,246.925,2266398.0,276.062,4783.61,219.0,27.525,4.36
7604.32,1918.7,0.25231,87.9115,1065337.0,105.228,3820.87,26.0,36.3317,1.612
8470.0,2119.71,0.25026,106.14,1178714.5,128.865,4017.28,166.0,29.3514,1.717
6218.32,973.08,0.15648,50.1061,882642.5,73.075,2732.14,1.0,42.1447,1.455
11120.4,3211.6,0.2888,127.261,1546067.5,163.597,4293.61,47.0,32.2514,2.949
8276.95,2410.2,0.29119,88.3737,1141691.6,114.071,3116.49,21.0,37.0453,0.998
6820.53,2524.01,0.37006,52.326,945017.5,101.249,2689.69,60.0,40.4542,14.289
9331.93,3025.87,0.32424,75.6946,1270747.1,127.99,4045.2,68.0,29.3951,20.114
22036.8,5438.93,0.24681,336.478,3021069.8,399.019,6227.01,163.0,19.8452,0.952
5821.85,2169.42,0.37263,46.5928,830849.2,82.8944,3150.11,49.0,42.1566,13.892
7678.5,1508.73,0.19648,72.9215,1078955.4,101.189,3723.38,11.0,34.1076,1.824
4962.97,1180.13,0.23778,41.237,678392.94,74.8958,2530.07,20.0,37.6793,15.183
15779.3,4741.43,0.30048,178.486,2165836.0,276.611,5388.11,103.0,25.2376,6.434
8590.98,2580.83,0.30041,61.2754,1205736.1,106.716,3547.05,80.0,37.7068,16.124
11573.8,3332.9,0.28796,116.706,1615527.8,167.185,4297.12,35.0,30.6081,2.074
8440.38,3273.86,0.38788,87.2326,1201883.2,121.288,3495.49,31.0,34.9409,4.338
7171.45,2788.99,0.3889,52.0168,947843.9,115.144,3610.83,21.0,46.5464,0.0
16316.1,3498.25,0.2144,219.897,2305474.2,256.298,5540.98,97.0,23.7136,1.992
16052.6,5377.6,0.33499,234.42,2186644.0,259.224,5358.67,121.0,24.8802,2.047
11284.9,2536.79,0.22479,141.751,1560594.4,186.674,4160.35,60.0,31.8372,1.941
8813.38,2001.49,0.22709,102.361,1263553.8,121.976,3786.44,45.0,35.294,3.389
6559.49,1487.39,0.22675,72.072,878342.44,94.7551,3325.2,74.0,37.4203,3.071
6294.24,1490.53,0.2368,50.324,856291.75,76.4792,2584.52,30.0,40.8596,3.169
4397.04,831.46,0.18909,39.6052,581496.2,62.478,2558.92,11.0,43.5104,2.059
7988.83,2605.71,0.32616,75.9285,1123695.2,102.277,3145.6,21.0,35.7232,6.714
11238.1,3797.23,0.33788,75.1508,1562770.5,156.292,7268.48,81.0,36.9881,20.868
17110.1,5705.79,0.33347,86.4954,2285527.8,216.144,4120.01,130.0,31.897,17.697
6245.66,2313.88,0.37047,64.3804,847423.6,101.764,3407.4,57.0,38.5607,10.871
8926.37,2521.33,0.28245,82.9493,1268834.6,134.221,3335.71,6.0,36.5108,2.104
14562.2,5481.03,0.37638,136.683,2052816.0,209.511,4959.55,116.0,29.3052,14.157
17997.4,6006.86,0.33376,196.577,2480169.8,274.978,5607.66,98.0,25.3001,8.052
8046.04,2541.29,0.31584,57.5837,1109903.9,109.886,3436.52,36.0,40.9838,13.199
5072.37,2086.51,0.41134,37.8559,684333.6,76.3714,1866.29,12.0,44.1265,14.566
6001.15,1451.39,0.24185,50.4526,853078.0,77.8595,3021.02,58.0,40.3564,1.158
6141.58,2151.32,0.35028,58.7769,866826.94,86.2522,2625.9,48.0,40.8553,2.239
14704.1,4581.33,0.31156,179.258,2025950.1,258.604,4959.6,20.0,27.9017,3.175
12035.3,3167.68,0.26319,150.192,1719577.0,170.412,4686.71,26.0,28.9378,1.533
8275.88,1857.62,0.22446,84.3775,1197835.1,102.675,3918.32,11.0,34.9636,1.57
11199.4,3970.46,0.35452,137.077,1575400.5,232.45,4534.79,159.0,30.9948,19.536
9213.62,2464.92,0.26753,98.1091,1263146.8,154.615,4152.95,72.0,33.1704,0.572
9004.38,2014.45,0.22371,75.1266,1273932.1,120.415,4148.07,26.0,33.4796,1.923
7773.97,1743.54,0.22427,64.7289,1092499.2,79.9644,2970.59,27.0,39.1533,4.55
11158.7,4011.67,0.35951,99.9842,1553882.5,169.821,4896.12,45.0,32.2611,1.857
9067.34,2695.96,0.29732,91.8958,1252184.6,107.061,3731.53,32.0,36.857,11.962
8154.54,2107.07,0.25839,77.4804,1101033.1,91.0009,3511.32,97.0,37.2243,12.38
7964.25,1522.97,0.19122,78.9799,1113451.2,104.143,3766.3,12.0,34.0182,1.942
10296.1,2772.7,0.26929,101.891,1430979.9,118.421,3989.21,26.0,34.5393,16.654
7838.54,1906.8,0.24325,70.9674,1056038.1,91.5326,3979.09,102.0,36.2952,11.173
8606.4,1945.27,0.22602,91.6778,1177898.2,93.133,3551.74,32.0,35.5413,13.62
9131.55,2019.18,0.22112,84.652,1301132.2,114.017,4078.35,97.0,34.8585,2.246
8675.95,2429.22,0.27999,89.8544,1220944.5,116.449,4353.54,52.0,33.9539,1.695
5384.97,1449.15,0.26911,48.0513,682369.06,75.9315,2520.3,24.0,43.2084,2.96
11453.0,3824.29,0.33391,150.282,1597723.9,156.608,5143.03,33.0,27.7897,4.058
10999.4,4428.29,0.40259,102.721,1431755.8,189.936,4736.02,73.0,34.7798,16.454
4241.02,1307.03,0.30818,36.513,581464.6,50.6251,1399.42,32.0,44.3542,11.563
16247.1,5412.95,0.33316,150.929,2268386.2,235.168,5732.38,127.0,22.1424,18.209
11969.7,2369.8,0.19798,148.676,1636629.9,201.774,4691.27,59.0,28.7573,5.568
3977.56,1389.54,0.34934,25.0815,542127.3,50.0188,1447.73,16.0,45.7145,10.707
5987.17,2348.01,0.39217,46.6146,850654.9,88.5709,2729.82,47.0,40.0811,9.535
10831.1,3713.07,0.34281,96.0687,1497381.2,166.788,4381.1,89.0,32.006,11.643
9073.62,2814.7,0.3102,89.862,1254898.9,108.197,3985.22,31.0,35.2622,17.044
5533.49,1663.23,0.30057,35.7836,758818.2,75.1892,2350.03,22.0,44.0607,10.357
7409.21,1411.8,0.19054,55.4284,980732.0,82.8367,3129.83,53.0,38.6795,5.03
11360.7,2857.47,0.25152,144.699,1605595.0,152.009,4148.02,122.0,32.2831,2.538
9390.71,2950.57,0.3142,65.4614,1276415.5,130.032,4210.25,52.0,34.7347,15.553
5865.63,1754.25,0.29907,53.3821,817924.2,82.7546,3375.58,69.0,37.0345,1.452
9811.95,3199.84,0.32611,70.1187,1354149.1,138.05,3875.77,69.0,34.7446,14.74
13633.0,4285.9,0.31437,193.384,1808712.5,237.193,5054.03,210.0,26.4352,2.561
6910.21,1914.51,0.27705,61.577,943510.94,94.6787,3099.01,50.0,39.4765,2.353
9939.83,4316.1,0.43422,88.5864,1428887.1,144.581,3972.74,41.0,35.1625,14.016
10789.2,4473.08,0.41458,132.353,1466941.5,211.387,4494.44,179.0,30.7207,6.903
12024.1,3376.46,0.2808,153.054,1717955.2,168.339,4668.24,27.0,25.7793,18.433
10705.9,2845.36,0.26577,133.577,1509488.9,168.852,4379.61,49.0,32.2973,3.353
12553.8,3708.17,0.29538,110.67,1835206.1,151.126,4864.48,84.0,29.7841,14.735
6005.61,1961.37,0.32658,55.5491,817132.7,79.2978,3169.97,14.0,39.428,7.972
20640.8,7419.94,0.35947,209.293,2807627.5,294.069,5856.93,165.0,20.8838,19.192
6470.77,1723.0,0.26627,54.2367,906393.25,73.521,3346.06,60.0,38.837,2.258
16377.6,5987.35,0.36558,191.131,2255406.2,258.312,4848.39,159.0,28.1317,17.677
10352.4,2463.43,0.23795,120.615,1435298.9,167.792,4651.35,68.0,29.914,1.872
7754.9,2422.5,0.31238,73.6154,1069616.1,101.641,3163.51,47.0,37.9621,10.956
12308.1,5316.24,0.43193,99.4648,1734686.4,185.997,4678.88,44.0,32.4407,15.374
7815.74,1418.78,0.18152,61.4496,1090822.9,80.5384,2959.31,35.0,38.6107,10.86
19715.2,5546.33,0.28132,283.962,2668166.5,319.292,6352.54,274.0,19.4385,3.168
10785.4,3046.99,0.28251,137.369,1484476.1,168.993,4447.06,87.0,31.593,2.023
5809.07,1648.09,0.2837,53.6352,807785.25,71.3484,2580.88,40.0,41.3374,3.498
6635.97,2807.56,0.42308,47.4492,946533.7,112.306,3034.37,47.0,38.9766,13.885
5594.45,2369.1,0.42347,46.9019,762193.2,84.8887,2046.39,41.0,42.8709,10.111
8182.18,1881.0,0.22988,97.307,1114938.4,124.106,3398.97,12.0,37.2949,1.282
13200.5,3755.64,0.2845,130.528,1845926.9,187.602,4763.56,75.0,30.388,3.422
15702.1,4482.6,0.28547,217.538,2166381.8,293.615,5608.9,89.0,23.3221,2.376
5761.18,1935.44,0.33594,54.9343,790266.44,81.6474,3181.43,15.0,39.4678,8.071
19587.6,5973.49,0.30496,198.877,2677610.2,314.615,5588.25,196.0,23.421,3.609
9606.38,2105.75,0.2192,82.1501,1355149.0,109.165,4256.86,68.0,33.6036,12.284
5093.34,2052.27,0.40293,33.7131,723262.1,71.9854,1875.43,37.0,43.3415,7.348
4855.68,1025.24,0.21114,45.6986,697167.7,60.404,2151.16,73.0,42.9741,1.027
8504.13,2368.33,0.27849,90.7735,1154993.8,111.818,3713.05,33.0,35.937,13.067
10481.7,3250.45,0.3101,118.42,1511046.6,139.669,3804.95,65.0,34.9561,2.411
9039.89,2090.74,0.23127,105.974,1243266.5,142.339,4003.44,47.0,34.2696,1.904
13246.7,3103.51,0.23428,121.54,1899467.4,170.217,4538.66,89.0,30.6695,14.14
6687.29,1991.92,0.29786,64.1596,921849.75,70.8677,3267.31,41.0,38.3971,10.483
11029.5,3484.66,0.31593,76.6124,1488925.6,151.897,4628.92,65.0,38.4396,18.596
9380.67,2674.2,0.28507,75.3992,1339188.0,98.9648,3506.3,30.0,34.1366,12.771
22250.4,5290.92,0.23778,334.814,3054270.8,394.229,6221.5,163.0,19.8509,0.989
11339.5,3193.61,0.28163,131.168,1623406.2,176.422,4437.22,82.0,31.7477,3.098
9592.43,3799.49,0.39609,86.8686,1325164.6,151.98,3750.71,102.0,34.9305,6.15
8075.13,2778.51,0.34408,75.4694,1091763.0,112.152,3655.19,79.0,37.1841,3.809
8313.91,2588.19,0.3113,83.9949,1185678.8,129.542,3690.02,10.0,35.3146,2.026
5998.23,2752.01,0.4588,62.517,839329.9,108.63,2479.49,82.0,41.3182,15.049
8175.78,2437.56,0.29814,89.0448,1084035.1,119.871,5517.95,28.0,38.2276,5.752
7644.94,1994.08,0.26083,65.3175,1047191.6,108.621,3606.68,21.0,37.5168,1.722
12516.4,2509.89,0.20052,151.649,1701075.4,198.914,4968.19,138.0,29.8279,0.691
5404.71,1011.03,0.18706,48.0446,773531.6,69.9425,2870.18,58.0,40.2653,1.643
10794.6,4573.55,0.42368,94.9804,1519255.2,153.738,4644.95,42.0,36.1948,13.819
7679.94,2467.06,0.32123,74.4619,1062459.9,99.1457,3768.95,29.0,35.7614,1.706
9437.42,2601.67,0.27567,87.1437,1334921.5,129.734,4053.62,11.0,35.6158,1.396
8989.53,4112.34,0.45745,67.212,1195124.2,154.342,3468.55,86.0,38.4568,16.3
3961.37,1041.61,0.26294,30.5608,555306.75,47.07,1995.33,63.0,44.3149,9.238
7384.59,1103.68,0.14945,65.5098,1084499.6,76.8895,2431.98,43.0,41.2051,11.236
9295.45,3533.38,0.38011,86.2786,1250307.8,131.078,3798.17,37.0,36.8711,14.09
5061.42,1567.08,0.30961,41.1209,689437.1,70.1861,2615.73,55.0,41.6222,11.537
11033.2,2853.56,0.25863,147.591,1570543.4,156.146,4111.52,123.0,32.1892,2.774
8631.86,2619.37,0.30345,75.6367,1175194.8,109.289,4201.85,60.0,35.6817,13.944
8717.06,2901.96,0.3329,103.45,1214584.8,119.872,3869.7,28.0,34.1732,3.757
7429.2,1657.68,0.22313,64.2934,1081673.1,98.617,3000.47,13.0,46.5464,1.342
7409.32,3041.03,0.41043,79.9988,979186.2,124.913,3160.89,77.0,38.3046,15.903
7087.61,1645.96,0.23223,65.082,992904.3,94.857,3130.69,63.0,39.4573,12.297
13133.1,4438.91,0.33799,162.287,1832857.0,200.452,5094.36,138.0,27.2977,4.32
11097.6,3499.94,0.31537,141.138,1547753.9,165.523,4133.44,123.0,32.97,18.534
7185.4,2194.34,0.30538,64.9233,989583.56,100.924,3192.63,45.0,38.9054,2.302
7488.08,3131.56,0.4182,82.5184,1053577.9,119.204,3357.5,36.0,37.7612,2.48
12802.3,4435.6,0.34646,164.869,1710684.5,249.499,4752.1,187.0,28.8579,20.502
8884.32,2700.56,0.30396,103.703,1234665.9,109.47,3324.53,33.0,36.7562,10.302
4838.04,1190.86,0.24614,33.9142,674005.75,54.3476,2008.98,22.0,43.0661,12.134
5953.8,1073.06,0.18023,51.7264,823124.56,67.9914,3034.62,24.0,39.762,3.972
7486.79,2572.71,0.34363,62.6079,1072079.0,102.949,4120.05,43.0,39.5914,11.568
11514.0,4045.08,0.35131,61.0609,1614021.5,178.594,4043.18,51.0,33.0324,18.305
6543.0,1581.81,0.24175,62.0189,894082.25,78.1245,2804.2,17.0,40.838,1.443
6829.77,2231.0,0.32665,77.3832,932685.75,94.9083,3717.53,31.0,35.9892,2.464
5294.86,1665.7,0.31458,40.4141,735470.0,69.156,3174.31,46.0,42.5856,13.42
13080.3,4877.73,0.3729,140.307,1845496.0,189.683,4475.14,49.0,30.7272,7.495
10280.5,3539.72,0.34431,84.0066,1395102.4,142.644,3977.22,13.0,33.7081,15.544
7985.51,2017.68,0.25266,69.069,1049654.9,100.912,3327.98,16.0,36.5027,4.314
6689.22,2332.45,0.34868,61.2656,971973.9,84.428,3192.46,31.0,39.0043,1.107
7508.45,2893.29,0.38533,54.2805,1028619.7,113.775,4046.68,30.0,39.3762,10.121
9846.72,2284.11,0.23196,98.98,1356945.4,120.386,4272.36,52.0,33.4137,7.099
3960.46,1084.65,0.27386,31.8501,538428.56,45.4952,1390.95,17.0,44.14,2.242
7135.4,2483.53,0.34805,78.8649,952331.75,125.412,3473.29,50.0,36.923,16.728
12346.1,3129.92,0.25351,145.761,1660213.1,177.221,4549.0,66.0,30.8936,2.982
14723.8,4923.58,0.33439,165.8,2016266.1,256.882,5039.61,109.0,26.9347,10.311
7760.26,2572.9,0.33154,53.895,1114193.5,104.792,4397.06,18.0,37.0898,15.932
5756.41,1814.3,0.31517,71.0613,793509.0,87.2464,3047.41,41.0,40.5684,1.93
11186.1,3537.73,0.31626,103.633,1533953.0,168.51,4287.52,37.0,32.9355,4.981
9877.34,3032.77,0.30704,106.059,1352701.2,145.897,4269.94,113.0,33.6152,16.013
11000.2,4063.74,0.36942,84.9487,1550381.0,149.97,3799.78,70.0,34.007,9.447
8158.74,2594.96,0.31805,81.7421,1091969.5,126.066,3179.62,45.0,37.5811,1.273
8842.37,2082.51,0.23551,94.3653,1233784.8,131.933,3546.09,18.0,34.6286,1.5
2791.24,761.94,0.27297,20.8931,402699.47,39.5367,1567.93,43.0,46.9407,9.917
13951.4,3824.43,0.27412,201.367,1910370.9,204.343,4577.64,164.0,28.8071,2.239
8179.51,2079.96,0.25428,90.0011,1147829.6,106.329,3851.51,43.0,35.9421,2.076
12093.1,3837.59,0.31733,150.749,1657102.6,196.111,4702.56,138.0,21.6732,20.699
10189.7,2902.68,0.28486,110.975,1391681.8,158.749,4354.7,85.0,33.2992,1.136
5978.17,1491.72,0.24952,67.7172,831025.75,87.6992,2742.84,59.0,39.5474,13.086
4912.71,1089.17,0.2217,51.26,706987.6,66.5794,2152.74,59.0,43.1791,8.034
5778.87,1623.04,0.28085,61.9201,729902.75,86.6356,3095.36,20.0,39.4399,2.157
9521.51,3734.76,0.39224,91.2405,1278278.9,133.29,3869.11,54.0,34.0734,15.92
8215.4,2271.96,0.27654,96.1316,1161385.8,111.436,3539.71,94.0,36.85,1.849
11732.5,2810.12,0.23951,128.101,1655214.4,154.147,4488.69,61.0,30.6704,3.441
9492.01,2841.66,0.29937,102.511,1312493.9,138.266,3825.74,9.0,35.1457,3.211
7478.44,1957.34,0.26173,75.2874,987920.25,111.326,3606.19,73.0,37.0107,1.756
7028.5,2085.19,0.29667,75.7614,959040.56,113.428,3078.39,75.0,39.1191,1.006
11487.1,3292.77,0.28664,120.803,1625054.6,171.523,4419.52,54.0,31.1371,5.172
8788.05,2593.86,0.29515,98.2758,1223743.0,110.914,4133.92,119.0,34.0331,2.856
14655.5,2871.83,0.19595,182.746,2033889.6,230.865,4856.74,92.0,24.6165,3.091
16995.6,6481.49,0.38136,241.994,2294303.2,262.014,5417.77,139.0,24.0189,3.268
10365.6,4500.55,0.43418,98.5413,1443772.2,156.644,3893.3,76.0,34.5442,16.87
7878.78,2961.86,0.37592,67.9337,1116916.8,103.813,5587.91,71.0,37.9151,18.946
7867.95,3015.82,0.3833,89.2545,1054364.0,151.581,3678.54,58.0,35.6615,10.076
11778.5,3934.54,0.33404,128.464,1644881.1,179.06,4225.07,32.0,30.4192,2.199
10080.9,3257.78,0.32316,66.5655,1432606.2,132.572,4048.94,25.0,34.6459,17.725
6598.45,1590.29,0.241,71.6576,882052.44,90.2856,3430.54,73.0,38.0774,2.714
8268.31,2870.2,0.34713,79.4282,1118743.4,112.581,3239.92,122.0,35.1525,5.141
7552.92,2398.04,0.31749,94.8429,1046481.75,111.625,3806.74,107.0,27.3118,14.877
5034.9,1688.66,0.33539,30.2628,696267.56,71.7392,2024.69,10.0,42.4342,9.005
14515.8,3199.93,0.22044,196.678,2014016.8,258.106,4958.79,136.0,26.7068,3.106
8424.58,2368.25,0.28111,67.8325,1210471.6,109.439,3248.22,70.0,39.0651,15.851
6483.6,2177.07,0.33578,60.973,865822.1,94.8248,3113.92,20.0,40.6556,1.352
12075.9,3651.66,0.30239,150.262,1699493.1,164.175,4511.04,145.0,32.0178,18.781
10364.3,3916.62,0.37789,143.246,1435565.4,170.882,4736.23,37.0,30.8688,16.366
7875.62,2965.33,0.37652,77.5,1085818.6,137.023,3477.94,84.0,36.6831,14.352
11135.7,3695.12,0.33182,123.766,1559847.0,176.472,4152.46,44.0,31.0429,2.262
9912.24,4382.18,0.44209,89.5782,1416659.9,151.933,3595.33,78.0,37.689,16.156
5200.12,1138.19,0.21887,61.6319,705239.9,60.6287,2871.72,51.0,41.0612,5.284
8542.06,2611.98,0.30577,99.4353,1167697.4,148.699,3314.82,9.0,36.3123,1.937
8467.88,2121.94,0.25058,92.7173,1182526.4,124.631,3232.54,4.0,36.9507,0.472
11989.0,3355.99,0.27992,169.753,1676216.2,199.52,4729.33,66.0,28.239,3.644
10306.3,2109.74,0.2047,90.6874,1451665.1,128.01,3617.34,126.0,35.9199,2.725
5067.99,1887.73,0.37248,33.7027,717176.94,65.481,2116.13,33.0,42.6535,2.485
10753.1,2508.7,0.2333,137.042,1526301.1,143.759,5191.5,113.0,25.8828,17.909
11105.3,3089.92,0.27823,139.906,1532113.9,167.626,4420.7,99.0,31.5783,2.433
8945.63,2508.83,0.28045,96.691,1218741.1,160.933,4140.22,72.0,33.209,0.615
10517.5,3383.1,0.32166,98.9272,1423438.8,157.965,4835.53,103.0,31.022,3.025
12967.4,4019.7,0.30998,170.628,1787523.6,212.914,4748.86,116.0,28.4991,5.017
6004.38,1363.54,0.22709,54.0837,843657.25,81.9288,2987.68,24.0,39.7117,10.128
12791.1,3535.91,0.27643,167.678,1771365.4,207.538,4826.71,56.0,28.5267,2.665
10575.9,2604.2,0.24623,125.874,1419962.4,154.488,3673.63,18.0,32.3341,2.1
6963.5,998.11,0.14333,67.0012,974604.06,73.6974,2979.19,28.0,38.979,8.924
12865.8,5885.04,0.45741,94.3269,1590947.9,265.613,9606.06,81.0,41.1287,15.456
6397.79,1662.08,0.25978,71.3599,840593.4,90.9084,3435.86,76.0,37.9354,1.337
8590.65,2313.12,0.26926,74.7199,1228554.2,112.529,4139.84,94.0,34.6527,1.915
9943.59,3974.28,0.39968,134.592,1330525.0,188.265,4447.43,185.0,31.8584,1.633
15452.3,4714.71,0.30511,188.155,2128158.2,256.672,5264.44,84.0,25.4021,6.563
9772.33,3660.26,0.37455,80.3776,1304997.4,156.553,3266.21,86.0,39.0414,14.95
14634.0,5314.71,0.36317,196.907,1972098.4,248.969,5175.85,116.0,25.6282,10.103
4964.69,1208.55,0.24342,40.1932,690125.44,54.4966,2453.24,55.0,40.7056,3.353
8993.56,2576.93,0.28653,91.3136,1207323.1,123.648,3740.1,34.0,35.1094,1.755
15607.4,5780.05,0.37034,166.845,2204135.2,256.294,5996.19,57.0,22.9626,17.91
5673.74,1150.51,0.20277,58.0735,788354.44,74.1914,2658.71,20.0,40.4823,1.507
3425.48,1287.08,0.37573,24.618,466895.97,46.0849,1340.41,5.0,45.5307,3.592
15169.5,4664.01,0.30745,180.741,2098640.2,252.864,5409.98,159.0,24.2108,2.278
9683.76,3797.69,0.39217,88.1552,1298791.4,136.606,3969.43,44.0,34.3838,18.023
18442.0,6749.76,0.36599,187.346,2616632.8,279.483,5747.88,149.0,22.4725,2.89
7522.52,2139.22,0.28437,60.3221,1023396.6,98.8456,4231.47,40.0,34.9886,7.405
11491.2,4750.17,0.41337,132.402,1539859.8,196.87,4606.09,185.0,29.8577,4.087
9782.79,3873.35,0.39593,84.6046,1350332.8,152.423,4203.67,86.0,33.8144,14.398
10002.5,2645.53,0.26448,114.138,1376286.8,142.184,4184.83,133.0,26.8079,2.267
10188.6,3109.21,0.30516,100.388,1422691.9,143.458,4761.99,47.0,35.2002,13.906
8700.23,2345.8,0.26962,97.1695,1230630.8,128.388,4076.06,164.0,33.2324,1.35
20734.4,7997.71,0.38572,189.396,2876946.0,356.061,16359.07,156.0,22.6971,3.302
13285.3,4055.67,0.30527,160.517,1863801.0,209.603,4664.92,99.0,29.504,5.847
7727.36,1370.27,0.17732,77.5656,1035613.75,103.177,3130.45,27.0,37.1829,17.598
10117.6,3981.76,0.39354,99.8189,1413397.9,144.932,3497.4,77.0,35.3567,17.861
5736.36,1485.93,0.25903,58.5192,755562.06,86.1421,3440.21,15.0,40.2848,2.308
12161.7,3491.0,0.28704,165.373,1699623.8,201.637,4775.82,67.0,28.6797,3.468
6006.56,1011.98,0.16847,60.1217,829824.0,72.9533,2929.89,11.0,40.9803,13.516
6464.1,2175.27,0.33651,65.6398,899294.4,78.986,3232.67,38.0,38.4934,4.463
8467.88,2121.94,0.25058,92.7173,1182526.4,124.631,3232.54,4.0,36.9507,0.472
3984.29,1052.63,0.26419,34.6604,567504.4,46.4259,1775.28,11.0,43.9934,2.069
8222.74,2246.71,0.27323,74.3609,1120868.8,99.992,3601.02,90.0,35.5136,13.239
10509.2,2030.25,0.19318,121.294,1433355.8,165.335,3883.55,53.0,33.3128,1.199
14592.3,5183.59,0.35522,182.79,2041000.4,245.838,4274.15,50.0,26.3334,2.045
13997.5,4426.23,0.31621,158.489,1908975.4,214.821,5585.22,9.0,32.3902,6.316
7794.85,2034.28,0.26097,65.8716,1069368.5,111.345,3759.78,25.0,36.9915,2.191
7815.31,3128.71,0.40033,82.2808,1113650.6,114.967,3262.6,31.0,38.0722,3.832
10848.7,2387.68,0.22008,105.741,1523846.0,136.407,4314.08,48.0,33.3253,1.325
7889.0,2426.39,0.30756,63.3379,1148397.1,96.1843,2932.24,69.0,39.6584,16.587
4591.65,1523.5,0.33179,31.3161,638447.1,58.9883,2339.02,45.0,43.3807,10.657
16036.4,4638.0,0.28921,241.676,2214812.5,276.332,4782.54,290.0,27.4103,4.003
4983.65,1025.34,0.20574,39.4688,676149.1,51.8578,2533.85,40.0,41.6572,9.626
10051.6,3090.86,0.30749,108.53,1450680.4,153.056,4208.68,139.0,29.5805,19.68
10399.3,2981.86,0.28673,83.454,1470435.9,132.926,4293.06,75.0,32.9183,9.373
8494.28,2558.89,0.30124,72.6008,1182485.4,113.14,3358.48,76.0,39.3591,18.36
8248.04,2394.07,0.29025,85.0199,1167069.5,115.085,3397.07,6.0,35.7777,2.604
7494.35,2820.58,0.37636,89.6374,1061963.8,124.341,3408.26,62.0,38.5131,14.832
21498.8,5916.14,0.27518,202.81,3067828.5,304.962,6532.91,301.0,18.9943,10.699
5316.82,2080.32,0.39127,40.1505,729399.94,79.4366,1737.06,7.0,43.8699,12.827
11523.3,3205.43,0.27816,105.189,1546587.0,149.713,4944.35,67.0,30.3241,16.376
9386.33,2722.93,0.29009,86.0713,1275247.9,128.356,3827.63,26.0,31.4242,1.721
13209.5,3222.54,0.24395,160.945,1856842.8,182.793,4611.59,53.0,29.9462,1.09
5164.17,1899.59,0.36784,62.5134,676995.9,87.5302,3041.64,36.0,39.6734,11.268
13341.2,3783.15,0.28356,142.971,1844474.0,169.318,4555.98,89.0,30.9622,2.191
8072.37,2030.45,0.25153,71.3666,1145112.6,99.2528,3452.8,36.0,34.3585,14.875
11847.2,3483.88,0.29406,161.531,1669915.2,213.862,4777.93,79.0,28.5061,3.689
7441.31,2339.63,0.31441,71.8371,1012429.1,105.404,3351.61,71.0,37.756,3.944
9798.97,2992.37,0.30537,81.8049,1387421.2,125.259,4057.13,29.0,34.2909,2.244
12139.5,2424.91,0.19975,149.458,1646650.5,194.475,4853.14,137.0,29.6039,0.64
13011.9,5561.87,0.42744,114.727,1820380.0,211.14,4120.3,40.0,32.0864,18.025
18526.6,6999.95,0.37783,155.621,2529316.8,323.559,12306.38,56.0,34.2121,3.827
8500.74,1852.36,0.2179,100.636,1200467.2,126.4,3790.28,64.0,35.0619,3.424
8249.04,2010.41,0.24371,57.8896,1177707.8,84.0514,3236.36,49.0,37.4219,14.691
8832.26,3142.36,0.35578,86.7641,1214075.9,117.906,3841.29,25.0,37.999,16.718
18152.5,6407.67,0.35299,237.477,2455271.2,253.09,5596.76,136.0,24.3705,2.652
12906.3,4444.8,0.34438,149.606,1816674.9,171.202,5224.07,27.0,27.7475,3.896
5795.0,2087.24,0.36017,51.9227,812877.2,82.1436,2419.0,31.0,41.3417,2.061
8798.98,2234.4,0.25393,86.3648,1189765.4,118.101,3789.62,37.0,35.2363,2.044
18993.3,6079.47,0.32008,225.962,2611303.8,302.412,4928.19,136.0,26.493,8.854
10701.8,3117.22,0.29127,100.805,1484198.0,139.357,4760.19,107.0,31.5723,19.664
7943.1,1925.93,0.24246,73.8692,1082332.9,99.2592,3348.29,44.0,36.0814,13.675
5196.62,1811.72,0.34863,29.6153,725515.8,70.9486,3111.39,44.0,40.9334,13.218
5206.47,1640.99,0.31518,46.559,673093.56,69.246,2180.8,25.0,43.4389,8.502
8751.45,1871.29,0.21382,102.467,1226265.5,116.356,3853.14,52.0,34.695,2.774
10882.6,3193.55,0.29345,143.033,1557584.4,155.11,4175.7,126.0,32.0186,3.047
3339.29,1133.45,0.33942,24.0364,459136.53,40.6666,1235.13,9.0,45.9527,6.661
5785.1,881.62,0.15239,51.0483,817741.5,68.6393,2602.26,1.0,42.0634,1.289
6616.58,1836.79,0.2776,67.1988,928092.06,83.845,3209.56,22.0,38.5948,2.579
8404.43,2438.19,0.2901,97.5892,1180664.9,111.264,3086.1,36.0,39.4759,16.408
9781.24,2903.35,0.29682,95.0543,1355283.1,146.524,4200.14,56.0,34.2648,1.987
9333.87,3383.55,0.3625,89.9517,1340458.5,116.426,4873.15,25.0,35.4506,11.185
6035.48,1935.79,0.32073,65.0905,822002.9,85.5888,2975.89,43.0,39.7569,12.744
6645.14,2406.46,0.36213,65.8676,961224.06,99.9228,3400.46,77.0,38.5927,15.303
10202.1,2653.28,0.26007,91.5636,1453171.1,137.402,3649.18,122.0,35.5868,1.864
8589.17,2189.86,0.25495,65.5897,1225620.6,103.37,4024.58,17.0,40.3822,0.0
4931.58,1197.67,0.24285,45.7683,706691.0,68.8683,2675.01,14.0,40.9813,3.81
20927.3,7545.19,0.36054,209.532,2937970.5,366.882,6262.19,195.0,19.9989,19.839
15256.4,5543.76,0.36337,179.195,2110622.0,239.558,5397.97,208.0,27.1001,3.583
6725.46,1770.12,0.26319,50.4997,933439.6,81.2739,3184.25,11.0,38.8012,11.164
6623.08,1748.3,0.26397,87.5983,909365.56,84.2163,3488.56,21.0,37.9737,8.786
7324.84,2814.35,0.38421,63.7514,1070595.4,104.358,3229.63,28.0,38.8532,1.085
9235.72,3567.24,0.38624,67.1444,1293453.8,135.598,5636.45,61.0,37.7611,14.893
9168.21,3157.86,0.34443,97.3873,1294279.6,118.156,3330.93,27.0,36.0418,11.237
11216.2,3282.88,0.29269,134.86,1544966.6,159.712,4437.79,96.0,31.4905,1.82
10262.6,1961.79,0.19115,143.337,1435922.5,166.669,4618.55,142.0,29.9439,1.681
7020.75,1949.0,0.2776,72.9429,979149.56,93.5265,3096.27,37.0,39.0233,11.966
12154.0,3585.45,0.295,153.268,1735120.9,194.971,5259.98,98.0,27.1473,1.352
10012.7,3857.29,0.38523,87.0657,1413597.8,141.615,3702.81,85.0,36.8072,9.771
8590.28,2122.83,0.24712,88.2353,1207457.9,126.987,4051.01,168.0,33.4461,1.215
8718.57,2175.85,0.24956,84.5926,1244731.2,114.89,4007.1,6.0,34.1461,1.811
13998.1,4151.81,0.29659,179.797,1927777.2,232.525,4818.08,24.0,28.3086,3.058
9003.69,2117.98,0.23523,106.846,1228734.0,137.87,4018.64,41.0,34.1915,2.047
9427.46,2650.99,0.28119,92.9678,1305707.8,125.017,3821.07,36.0,35.1563,2.627
8444.09,3112.8,0.36863,72.3074,1176722.4,110.873,3626.1,40.0,38.1359,11.502
5910.85,2016.97,0.34123,55.9897,807685.5,85.3402,3193.36,14.0,39.4601,7.778
7651.46,1896.41,0.24784,60.9202,1070896.0,96.5834,3270.05,104.0,37.3349,3.943
7719.58,2465.13,0.31933,59.245,1068721.6,116.455,3068.29,59.0,39.038,13.592
7170.11,2808.43,0.39168,67.0041,1014563.2,104.968,3960.8,68.0,37.3798,4.598
3927.28,984.04,0.25056,32.6208,566097.06,47.8989,1736.4,9.0,44.5268,3.308
12514.5,3742.53,0.29905,157.192,1727968.5,208.871,4743.87,198.0,27.3349,1.835
6077.29,2034.8,0.33482,21.8965,825572.25,79.1332,3328.16,41.0,41.0831,18.672
9620.7,2622.46,0.27258,77.5382,1363791.1,136.192,3983.92,57.0,35.0069,12.098
12386.9,4011.96,0.32388,113.985,1720196.0,154.92,4784.96,76.0,30.2855,17.47
11143.4,3226.92,0.28958,128.407,1592029.6,172.803,4413.58,87.0,31.506,3.04
14456.8,4533.15,0.31356,179.649,2075637.1,259.391,4917.05,91.0,27.1316,3.187
7177.34,2183.09,0.30416,63.1386,954252.06,103.465,3788.08,57.0,34.2213,7.213
11023.1,3188.9,0.28929,102.768,1506182.6,152.531,5496.55,69.0,31.3323,20.052
4911.53,1593.63,0.32446,51.1978,692890.75,64.9662,2153.28,28.0,42.992,3.898
5984.86,1398.71,0.2337,58.8646,799391.7,87.7951,2947.4,45.0,34.6338,9.411
6239.08,1770.68,0.2838,52.9848,869365.7,98.3466,5632.51,92.0,40.7889,2.283
6731.02,2361.0,0.35076,64.6455,902832.94,110.059,3010.34,43.0,38.8503,4.897
11004.1,2920.01,0.26535,111.032,1546558.5,167.326,4917.25,74.0,28.0422,3.079
9913.13,2811.75,0.28363,72.9163,1436910.8,119.296,4334.27,32.0,35.5811,16.003
6299.74,1515.9,0.24062,66.4046,902030.8,76.058,3111.55,17.0,38.8527,2.443
6516.6,1773.7,0.27218,64.6302,859450.94,108.489,3452.17,75.0,37.1106,1.624
24220.6,5674.56,0.23428,320.235,3321306.0,404.284,6263.12,156.0,19.8385,1.783
7022.74,2468.49,0.35149,56.7169,1017805.56,93.9595,3563.49,10.0,37.9925,15.368
12004.7,3128.98,0.26064,153.958,1704685.4,158.577,4677.46,34.0,28.6886,2.349
14295.7,2759.86,0.19305,177.874,1989809.4,224.415,4681.05,25.0,28.649,1.332
6065.71,1590.16,0.26215,66.4704,809200.75,83.5348,3743.51,69.0,37.0177,2.369
12093.3,3506.96,0.28999,124.44,1707125.1,179.829,4657.99,56.0,31.7888,2.95
14136.2,2811.56,0.19889,150.348,1939878.9,183.327,4120.31,130.0,31.7594,19.443
5376.86,1558.54,0.28986,66.0045,758750.0,78.3463,3040.87,17.0,39.1403,2.231
8191.83,2480.88,0.30284,62.1632,1089370.2,118.563,3574.06,53.0,39.0552,7.241
9231.31,3504.42,0.37962,81.8168,1248116.4,132.943,4763.39,18.0,32.8553,12.326
6713.51,2031.96,0.30266,57.2401,923417.44,94.7698,2775.69,12.0,40.7258,8.111
3593.58,1319.11,0.36707,26.0701,491961.0,45.9227,1464.85,5.0,43.3641,2.092
7186.59,2428.67,0.33794,66.6061,979366.0,92.7887,3439.94,24.0,37.7424,3.671
13658.7,4386.34,0.32113,154.188,1945459.6,213.769,5598.83,87.0,25.2854,1.937
7596.94,2153.31,0.28344,77.7044,1028551.0,93.2743,3068.56,112.0,37.5533,2.338
5109.3,1702.35,0.33318,54.8292,701211.06,73.8811,3082.73,12.0,40.2315,7.661
8536.12,1590.38,0.18631,73.6161,1224168.1,100.752,3861.19,14.0,35.2917,1.317
10794.4,3576.09,0.33129,136.555,1438350.2,190.762,4291.15,134.0,32.3301,18.517
6362.03,2702.02,0.42471,52.2276,877725.7,96.3127,2643.11,81.0,40.4103,14.656
6992.0,2016.29,0.28837,61.8592,969999.9,105.714,3037.72,4.0,39.8354,13.636
11478.8,4192.12,0.3652,101.483,1628139.5,157.703,4354.73,63.0,34.2521,13.735
3938.25,902.95,0.22927,34.5952,557635.06,45.1893,1806.99,11.0,44.4788,2.115
6257.68,1877.54,0.30003,60.2195,873872.6,85.434,2677.5,46.0,40.7837,2.23
10139.7,2743.76,0.27059,117.82,1414339.6,158.429,4204.8,50.0,33.9758,3.955
5957.24,1716.36,0.28811,45.7715,760122.7,83.516,2432.1,26.0,42.0983,3.372
4543.7,1309.78,0.28826,35.0594,633722.25,53.4107,2181.76,16.0,46.5464,13.415
6585.55,1844.54,0.28008,53.4504,924855.0,79.3018,3351.18,60.0,38.5401,2.238
4770.15,2045.15,0.42873,43.3956,621078.75,90.1565,2808.6,25.0,42.7097,12.957
6808.99,1898.05,0.27875,70.4513,907191.6,108.51,3449.34,76.0,37.8556,2.057
12459.3,3177.3,0.25501,153.986,1768695.1,172.853,4713.5,24.0,28.9577,1.869
4817.47,1438.84,0.29867,38.8982,662737.44,68.8704,2428.36,49.0,40.9532,3.365
14691.4,4242.87,0.28879,190.802,1996660.9,222.146,4619.54,184.0,25.5438,1.946
9838.15,2825.5,0.28719,97.7009,1327580.0,133.412,3374.58,78.0,38.0506,2.33
11170.1,4164.33,0.37281,95.3779,1595748.9,145.305,4318.98,86.0,35.6027,19.138
10281.9,3263.66,0.31741,125.305,1364648.9,165.459,4040.38,40.0,31.3929,1.879
13568.2,5360.43,0.39507,168.156,1920833.2,264.486,4605.79,56.0,28.5607,14.752
7450.95,3184.58,0.4274,62.8935,1059262.9,103.963,2376.53,66.0,40.3002,6.682
8818.15,1648.91,0.18699,77.6098,1262451.2,102.244,3851.71,16.0,35.0155,0.847
4570.09,933.13,0.20418,39.0383,633314.44,54.9906,2609.19,19.0,42.6209,12.501
5835.09,2114.1,0.3623,53.1789,792894.3,84.9029,3199.6,25.0,39.3148,6.73
7219.59,2659.51,0.36837,69.3225,1042183.25,88.0183,4119.83,70.0,38.6286,16.175
9030.9,3048.55,0.33756,74.3119,1231839.2,110.003,3769.97,26.0,35.1201,11.039
9277.39,3264.22,0.35184,100.739,1282409.0,143.662,4029.22,24.0,33.8248,10.474
10886.0,2838.86,0.26078,100.611,1521582.4,142.348,3708.01,121.0,35.1856,9.064
15582.4,4935.32,0.31672,155.29,2257763.2,218.779,5443.56,166.0,25.2725,11.098
9944.58,3337.52,0.33561,60.3793,1394817.1,150.525,9881.83,72.0,36.8563,19.425
16198.0,5391.66,0.33285,130.407,2298971.8,225.87,5510.17,68.0,24.9599,11.249
8713.87,2313.76,0.26552,75.2221,1182930.5,112.965,3833.5,27.0,36.7303,12.617
7429.82,3509.6,0.47236,81.4275,916639.8,149.426,2217.61,95.0,41.1344,16.999
8353.91,2012.88,0.24095,71.0706,1158901.2,95.7976,3550.58,65.0,37.1901,11.499
5546.68,1096.48,0.19768,52.6814,803518.3,68.3535,2848.96,59.0,40.2973,1.392
9700.29,3643.18,0.37557,91.4869,1307855.5,150.794,4362.83,35.0,32.7665,20.617
5737.34,1906.68,0.33232,56.2987,785803.56,78.8751,3162.04,11.0,41.4495,7.916
7728.77,2565.36,0.33192,68.9161,1022758.94,121.006,3381.03,65.0,37.7284,8.865
5692.31,982.12,0.17253,60.8543,765421.1,79.6769,3125.15,48.0,39.4738,3.451
18568.4,4808.85,0.25898,167.36,2643683.8,224.406,6220.61,144.0,21.1266,17.577
4627.49,1250.59,0.27025,39.9757,626675.3,57.5887,2802.58,68.0,38.9738,3.786
9193.02,2005.09,0.21811,98.6586,1282244.1,135.639,3651.33,21.0,34.0413,1.649
9672.35,2701.83,0.27933,111.982,1313226.5,142.258,4067.39,55.0,32.9909,6.575
5985.2,1438.35,0.24031,64.2238,828038.3,82.4529,2801.73,82.0,39.775,8.564
15177.2,3739.7,0.2464,183.632,2118340.2,227.235,4734.18,37.0,28.2784,1.559
9912.22,2124.31,0.21431,113.688,1373943.9,131.319,4286.53,55.0,33.6549,2.107
6680.58,1945.23,0.29117,54.4287,906192.2,89.1043,2623.65,30.0,40.2765,16.499
10108.2,3115.6,0.30822,133.621,1356857.0,164.142,4004.68,39.0,34.2884,2.115
7871.34,2634.35,0.33467,86.7032,1062883.8,130.863,3863.31,43.0,38.7341,8.684
8248.97,3006.96,0.36452,68.3591,1203822.9,116.432,2652.03,42.0,39.5512,6.406
9119.63,3917.8,0.4296,91.4147,1224710.1,140.795,3742.3,42.0,37.2175,13.172
6778.84,2174.03,0.3207,89.7089,978413.44,98.1888,3380.55,27.0,37.1669,9.888
9409.6,1775.31,0.18867,96.2491,1335659.6,127.527,4183.35,39.0,33.9105,0.957
14146.2,4321.92,0.30551,168.652,1950647.4,228.985,4797.19,122.0,28.4429,4.752
8803.28,3673.15,0.41724,64.3452,1259521.1,131.7,4452.29,76.0,34.9813,16.254
12103.2,3145.39,0.25988,114.341,1680821.2,165.007,4756.58,26.0,30.6657,13.825
4123.54,1305.72,0.31665,33.011,565739.9,51.5455,1408.32,17.0,44.2716,1.438
7822.79,1400.07,0.17897,75.0166,1101211.0,101.491,3746.72,11.0,34.3947,1.76
9162.75,3334.51,0.36392,77.2694,1302690.1,126.8,3340.08,70.0,36.2508,16.46
5022.89,1316.14,0.26202,44.0984,723295.5,59.4759,2279.88,19.0,42.6323,3.272
4802.62,1135.31,0.23639,49.3169,635789.9,74.8599,3148.8,14.0,41.3453,1.866
16794.4,6179.13,0.36792,189.95,2321717.0,263.378,5362.83,164.0,26.8628,4.207
9012.21,2679.15,0.29728,88.341,1267071.8,131.821,3641.72,24.0,38.3687,0.0
8303.53,2541.77,0.3061,94.2152,1142203.0,137.772,4742.37,63.0,32.6867,3.163
15320.6,3986.56,0.2602,182.695,2162834.2,214.325,5691.3,70.0,23.0107,1.406
5800.57,2208.99,0.38082,33.3187,822800.06,79.4469,2590.91,39.0,42.7567,2.887
11978.1,4003.26,0.33421,133.54,1715943.8,175.762,4361.68,43.0,31.4828,5.15
9124.34,2175.34,0.23841,99.1982,1269576.0,99.9258,3812.04,46.0,36.2306,10.304
5606.91,1633.04,0.29125,64.2887,762389.3,83.8767,2853.0,35.0,39.6875,9.498
12204.8,3544.74,0.29043,147.964,1707108.8,229.475,4204.64,77.0,29.969,1.676
9657.96,2963.94,0.30689,102.43,1360994.5,163.461,3938.33,36.0,33.349,2.31
21009.4,6245.35,0.29726,199.177,3031710.2,305.452,5926.91,264.0,20.5191,7.183
7391.78,3870.53,0.52362,86.7154,917537.8,156.739,2385.49,93.0,40.1538,10.051
11456.6,4735.48,0.41334,102.637,1616338.8,152.732,4204.43,47.0,36.044,17.784
8832.16,3510.31,0.39744,69.2448,1255328.5,135.429,3209.58,68.0,38.1119,18.224
15144.0,4870.33,0.3216,206.655,2105445.2,249.228,5340.85,273.0,24.7545,1.8
4020.36,1336.53,0.33244,36.7106,549740.2,52.2132,1382.49,30.0,44.4428,11.288
15677.5,4375.08,0.27906,165.773,2288773.2,245.11,4456.96,106.0,30.111,18.386
9515.03,2900.42,0.30482,86.009,1282108.8,129.511,3799.62,13.0,34.8135,14.834
24088.8,8898.55,0.3694,235.637,3358744.0,344.301,6467.76,124.0,18.174,7.305
10483.7,2620.16,0.24992,88.5737,1475369.4,132.26,3896.52,153.0,34.0095,6.462
5552.78,1472.29,0.26514,47.6469,820676.06,90.7346,2003.11,34.0,44.0591,11.18
6238.09,2692.38,0.4316,46.4471,852591.5,95.1256,3003.59,35.0,42.8472,13.282
6102.44,1809.72,0.29655,54.524,802206.56,88.445,3042.17,44.0,38.1343,5.414
8525.96,2480.68,0.29095,86.4236,1213638.9,122.386,3841.33,40.0,34.323,2.812
14594.2,2959.61,0.20279,152.847,2002006.8,191.273,4365.21,124.0,31.163,20.526
7904.35,2629.8,0.3327,67.2275,1101677.5,98.7927,3308.48,30.0,38.7479,18.719
12230.6,3418.07,0.27946,155.015,1712990.2,196.03,4782.56,67.0,28.5554,3.268
8107.28,2486.94,0.30675,88.7838,1146558.6,125.522,3565.36,86.0,36.7194,4.544
14096.1,3643.94,0.2585,185.802,1927396.4,216.241,4582.41,180.0,28.948,1.888
6265.39,1593.57,0.25434,54.698,900070.94,83.125,2381.65,64.0,42.2431,11.023
5811.16,1063.51,0.18301,51.5351,802537.6,66.8505,3025.04,22.0,39.713,3.648
9418.35,1990.83,0.21137,91.2368,1331682.9,105.938,4671.26,33.0,32.7829,4.258
9290.34,2899.14,0.31205,69.1241,1302337.8,138.459,4334.85,7.0,33.154,7.633
15713.0,5251.06,0.33418,198.753,2069787.5,222.585,4321.43,112.0,30.5517,3.152
7656.42,1474.81,0.19262,62.534,1096059.4,80.7063,3230.11,32.0,39.2457,14.595
6507.05,2218.67,0.34096,64.1486,888460.7,104.364,2820.46,50.0,37.2909,15.145
17711.7,4936.14,0.27869,192.968,2440095.0,228.978,5721.13,103.0,22.9291,18.42
8508.33,2496.89,0.29346,87.2565,1169339.0,122.198,3319.83,21.0,37.6834,0.854
11997.0,4596.71,0.38315,113.153,1730717.2,180.027,4665.1,88.0,30.2925,3.553
21862.9,6451.46,0.29508,307.897,2964339.2,314.71,6669.32,290.0,20.0154,1.561
8363.47,2139.94,0.25586,67.2692,1211227.4,93.3226,3062.74,69.0,39.2502,19.321
9281.15,2907.98,0.31332,92.6186,1306504.4,124.938,3878.13,68.0,31.4226,15.761
11949.7,2746.99,0.22987,139.91,1668717.0,193.015,4057.94,70.0,32.4726,1.92
12371.0,3587.05,0.28995,110.065,1787159.5,142.322,4727.17,85.0,31.396,17.163
3943.05,1300.46,0.32981,38.1189,548776.8,62.8031,1983.96,38.0,43.0725,2.266
13724.9,3610.25,0.26304,189.542,1884172.4,218.61,4568.33,182.0,29.2244,1.742
19578.3,8232.05,0.42046,195.036,2737289.0,308.146,5698.55,128.0,23.2325,19.281
9278.82,2227.12,0.24002,98.277,1313364.4,152.218,3806.88,15.0,34.2962,0.527
7341.82,1285.0,0.17502,72.1005,1023516.2,90.7406,3031.38,26.0,38.5668,9.849
9782.46,2661.3,0.27204,104.429,1393781.2,148.679,3918.45,37.0,32.9493,2.183
10594.0,2619.02,0.24721,129.764,1507218.1,149.183,4341.09,40.0,31.7808,2.726
6707.17,2135.28,0.31835,57.7402,913839.8,98.2526,2792.35,20.0,39.4376,4.762
7174.76,1917.03,0.26719,63.0652,967896.3,80.1336,3548.94,26.0,36.5514,6.65
4854.12,1663.04,0.3426,37.3252,676215.5,66.4249,2520.97,47.0,40.7484,9.981
8023.74,2447.08,0.30497,66.6181,1102737.9,119.212,3728.69,32.0,36.2502,2.015
5449.77,1858.59,0.34104,46.6686,778034.94,74.7299,2563.9,44.0,42.2647,7.112
4918.27,1013.89,0.20614,48.1918,635711.44,63.1074,2016.51,14.0,43.9786,8.058
11451.4,3956.38,0.34549,66.6363,1535619.9,185.837,5106.38,53.0,32.9871,20.705
9137.27,3153.21,0.34509,63.915,1231967.2,131.79,4335.14,64.0,34.8505,17.814
8583.1,2041.88,0.23789,67.7402,1180288.0,111.856,3730.04,35.0,34.4699,6.11
6923.5,2374.14,0.34291,79.6337,941558.3,101.594,3762.63,35.0,36.1384,1.901
10114.9,3477.09,0.34375,68.618,1447095.1,144.108,3562.15,80.0,36.797,15.384
9461.57,4169.6,0.44068,73.1874,1309265.9,157.237,3507.46,26.0,34.945,19.144
17484.0,5330.03,0.30485,210.905,2437285.8,248.179,4654.79,87.0,28.5157,4.138
10296.1,3811.37,0.37017,97.9893,1434435.5,158.254,5849.54,117.0,32.1833,13.819
5659.69,1293.6,0.22856,55.137,801461.5,77.0824,2482.36,54.0,41.84,3.071
17427.8,5519.64,0.31671,157.703,2528778.8,297.914,7950.5,108.0,24.5756,14.561
8274.87,1713.59,0.20708,76.2038,1169182.8,105.27,3744.21,17.0,34.2912,1.965
18324.9,6073.5,0.33143,143.477,2478920.0,257.051,5698.96,123.0,23.894,20.965
5244.74,1234.14,0.23531,42.4154,734135.9,67.4942,2708.4,26.0,41.208,9.351
9822.77,2696.43,0.2745,98.5061,1402904.9,139.93,3553.31,121.0,35.449,3.856
8652.03,2587.54,0.29906,117.085,1142336.0,172.71,4399.02,39.0,31.1626,0.0
9289.3,2687.22,0.28928,101.451,1271805.5,161.873,4128.81,72.0,33.1849,0.674
7970.2,2801.63,0.35151,55.6847,1089906.5,108.049,3282.97,39.0,37.9129,16.451
6353.9,2001.61,0.31502,54.3819,838320.25,102.544,3866.8,22.0,40.569,3.481
9202.21,2701.37,0.29355,52.4782,1219899.6,116.007,7547.57,64.0,39.1647,16.924
9496.98,2247.79,0.23668,73.132,1319681.6,109.886,3506.8,46.0,36.078,11.535
19330.0,5605.62,0.28999,156.128,2691320.8,237.697,5860.29,133.0,22.3384,19.336
15677.1,5421.41,0.34581,205.44,2068897.0,276.801,5243.44,187.0,25.7839,19.251
11210.7,3404.46,0.30367,97.8596,1555709.1,156.848,4714.24,74.0,32.1133,16.873
11123.0,2873.65,0.25835,126.937,1528621.0,142.273,3682.51,28.0,34.5009,2.246
12014.5,2298.23,0.19128,148.331,1632265.2,188.664,4917.84,142.0,29.8354,0.59
5943.61,2380.58,0.40052,60.6137,762234.8,114.163,2753.49,5.0,39.7438,12.964
8780.9,2262.99,0.25771,88.8546,1249190.0,109.294,4687.7,41.0,33.2454,2.296
9509.04,2736.92,0.28782,96.46,1320969.5,135.854,3488.8,130.0,34.3433,1.67
6018.88,2426.73,0.40318,44.8918,868202.75,93.4568,2665.74,39.0,41.4275,10.965
15472.2,4451.37,0.2877,184.435,2139368.0,251.885,5342.49,192.0,27.6684,3.122
13052.4,4230.75,0.32413,101.418,1808759.1,173.227,4966.42,142.0,34.0478,18.862
12103.2,2930.4,0.24211,147.293,1611985.8,169.741,4568.83,60.0,31.1207,3.022
9506.36,2473.55,0.26019,119.889,1299365.9,138.156,4143.67,128.0,32.7224,2.926
14822.7,3983.63,0.26875,162.975,2126847.8,217.539,4843.92,38.0,27.6789,1.824
9852.27,2804.04,0.2846,92.949,1356710.0,143.203,3579.67,19.0,37.0194,3.326
21699.1,6471.9,0.29825,179.874,2993628.0,263.196,6364.6,149.0,20.4899,20.618
11240.0,3416.28,0.30393,86.6474,1503890.6,164.94,4191.75,8.0,33.1584,13.841
7823.04,1525.51,0.195,74.3153,1097971.8,99.1354,3775.77,10.0,29.4926,1.88
12326.3,3139.15,0.25467,114.331,1775653.6,166.585,3685.21,112.0,36.4379,17.558
19826.4,6903.82,0.34821,115.838,2741719.2,309.996,25447.58,81.0,32.3835,3.377
14159.6,3207.06,0.22649,178.543,1986972.4,201.693,4068.69,139.0,32.0401,1.454
20231.0,7089.99,0.35045,255.72,2714268.2,319.259,6107.89,321.0,19.8015,3.08
9761.38,3070.62,0.31456,87.4679,1350281.5,133.462,4237.88,7.0,34.9549,18.026
10091.9,3534.81,0.35026,98.3557,1352356.9,152.661,4163.28,86.0,33.2075,16.01
7740.0,2193.57,0.2834,82.2737,1045155.94,110.936,3631.23,10.0,37.1571,8.031
6829.39,2226.39,0.326,77.6188,914900.06,111.59,3267.03,94.0,38.8318,4.732
14077.8,5158.11,0.3664,157.373,1938159.6,207.198,4946.74,93.0,27.9129,4.914
10141.5,2521.16,0.24859,105.342,1435245.5,131.94,3696.0,127.0,35.4979,3.318
11732.3,3984.43,0.33961,106.83,1598816.8,159.852,4895.37,117.0,34.0004,18.919
14723.3,3612.55,0.24536,197.545,2057619.1,250.682,4946.77,137.0,26.683,2.747
5864.46,1590.44,0.27119,59.9413,739009.06,87.5536,3108.75,21.0,39.491,2.397
16946.0,6738.25,0.39763,107.147,2329370.8,270.361,24904.71,94.0,32.1394,18.298
8386.68,1860.81,0.22187,83.1233,1182947.1,103.61,3806.27,19.0,34.0551,2.187
7205.92,2075.01,0.28795,74.378,962613.6,106.138,3360.84,96.0,35.6081,12.722
8152.56,2116.23,0.25957,80.5805,1154953.1,112.097,4040.11,40.0,34.9747,2.328
5712.47,1431.79,0.25064,57.9278,798726.44,76.5416,2744.86,19.0,40.3879,2.26
6001.78,1968.25,0.32794,55.8011,821803.56,81.8404,3198.03,13.0,39.5845,7.843
10283.8,2994.33,0.29116,87.5522,1446511.6,138.987,4523.94,86.0,32.0557,4.568
6991.37,1840.64,0.26327,65.9635,956743.0,91.4902,3070.27,53.0,39.6863,2.788
14598.6,4266.15,0.29223,196.08,2031442.6,220.975,5619.03,139.0,22.7891,0.756
22034.9,6574.26,0.29835,249.213,3075592.2,319.705,6011.98,208.0,21.9873,4.895
9611.03,3458.39,0.35983,97.0342,1349585.2,148.91,3810.96,79.0,36.9526,2.064
18763.2,5166.85,0.27537,231.519,2589141.2,278.422,5727.13,177.0,22.0035,2.859
6711.8,1741.46,0.25946,52.8578,941126.7,84.2632,3423.33,60.0,38.7451,2.506
5352.99,1782.06,0.3329,62.0426,698153.1,83.327,2903.53,5.0,39.6072,10.462
6364.1,1379.05,0.21669,61.3465,871784.2,75.9117,2858.57,33.0,40.2077,7.732
8856.85,1901.27,0.21466,73.7763,1240771.2,102.601,3856.58,37.0,34.8033,19.615
8583.54,2110.6,0.24588,72.2307,1214451.8,111.128,3535.23,33.0,37.2616,13.893
6822.56,2365.65,0.34673,79.2313,937092.44,93.7224,3254.93,61.0,38.7291,2.25
7781.19,2428.62,0.31211,110.649,1088842.2,136.389,3671.49,73.0,35.618,3.406
15132.2,4867.16,0.32164,214.948,2095828.5,251.773,5321.38,290.0,24.626,1.939
8135.26,2361.04,0.29022,92.4233,1108056.1,119.917,3224.01,82.0,38.7058,1.801
8809.87,2640.3,0.29969,52.3914,1187034.9,117.329,3967.48,26.0,35.9354,17.542
11570.8,3136.51,0.27107,137.431,1598087.1,161.915,4217.78,26.0,32.3117,2.856
9097.87,2662.48,0.29264,89.0835,1276225.9,125.653,4189.3,48.0,34.705,2.15
11560.2,4485.66,0.38802,132.803,1548412.0,201.466,4615.32,154.0,30.4433,3.364
8126.81,2620.94,0.3225,70.888,1125280.9,113.718,3198.57,37.0,35.3932,6.9
6661.67,1810.46,0.27177,54.0151,935094.4,80.0658,3344.96,60.0,38.9809,2.056
10206.4,2945.76,0.28861,139.005,1413745.0,201.197,3758.24,97.0,32.4957,15.53
7689.76,1209.18,0.15724,68.6057,1096959.9,74.227,3005.55,57.0,39.7238,14.485
8519.84,2349.82,0.2758,73.4986,1212379.0,107.673,4223.06,20.0,33.8946,7.727
17087.3,4976.84,0.29125,221.682,2356084.2,305.579,4816.84,156.0,26.927,5.336
6119.61,1980.98,0.32371,63.2913,812928.4,95.9385,2874.13,25.0,38.9791,9.914
18854.9,5466.1,0.2899,277.408,2556860.0,334.023,6324.17,274.0,19.4547,3.431
10010.3,2788.5,0.27856,131.875,1416215.0,157.175,4440.73,56.0,31.9603,2.898
19006.6,5509.93,0.28989,208.633,2694229.2,299.982,5893.21,245.0,20.9852,16.293
6623.95,1430.68,0.21598,57.6991,872818.25,73.4316,3157.86,45.0,38.2014,4.075
21795.5,6225.91,0.28565,289.02,2988406.2,316.674,6626.31,290.0,18.5693,1.468
5237.44,1223.45,0.23359,47.497,687833.94,83.4251,3222.05,17.0,41.1658,1.699
12177.3,3671.4,0.30149,115.889,1792376.1,159.358,4167.4,147.0,34.304,11.936
15873.8,6154.78,0.38773,184.813,2203817.5,283.646,5455.78,150.0,23.3365,20.683
14812.2,2707.3,0.18277,164.941,2103437.8,200.575,4104.42,143.0,31.8405,1.439
14932.2,4737.72,0.31728,181.652,2047660.1,250.591,4912.64,22.0,28.18,2.981
8322.52,3042.13,0.36552,80.9526,1151125.2,116.81,3963.34,30.0,34.7931,14.67
13102.6,3801.46,0.29013,162.296,1879849.6,193.294,5069.31,86.0,27.6526,2.981
9504.66,3229.38,0.33976,105.871,1334894.5,131.317,3650.59,12.0,35.3069,2.548
5795.22,1598.85,0.27589,45.1164,836030.75,67.9424,2432.08,14.0,40.7975,2.988
7306.07,1703.53,0.23316,85.314,1017910.6,103.403,3858.57,24.0,35.4459,1.535
7227.11,1143.87,0.15827,54.5014,1008167.5,72.595,3340.13,46.0,40.5698,6.988
6054.24,1496.16,0.24712,53.1047,808429.56,84.0964,2549.57,49.0,40.5848,11.151
17122.6,6101.18,0.35632,147.888,2456538.5,266.9,8673.28,69.0,27.086,2.273
7247.3,2221.57,0.30653,74.9982,974021.25,111.731,3647.86,76.0,36.0783,10.177
7143.54,2744.35,0.38417,66.7639,1037546.4,103.359,3618.8,61.0,38.6808,12.237
8878.0,2154.47,0.24267,83.2424,1265016.5,118.232,4016.68,7.0,34.6654,1.828
11362.7,2568.56,0.22605,128.906,1572812.4,175.995,4622.9,160.0,29.2463,1.235
8223.33,2185.38,0.26575,73.0024,1130010.2,103.828,3970.18,73.0,33.2087,15.852
11332.9,3768.6,0.33253,122.696,1581594.5,196.955,4632.17,67.0,30.4082,2.653
9693.87,4506.17,0.46484,108.265,1403489.6,176.829,4170.78,94.0,32.6929,15.537
9988.4,3938.5,0.3943,94.8482,1411709.5,140.912,3991.75,11.0,36.3061,7.937
9339.74,2799.06,0.29969,102.632,1276924.6,136.928,3589.78,120.0,33.5974,1.662
10353.0,3093.92,0.29884,130.776,1417591.4,144.911,4841.84,72.0,29.0579,3.158
7872.78,1988.9,0.25262,84.7958,1104941.8,129.561,3130.86,6.0,37.5083,0.686
16819.9,5225.79,0.31069,206.844,2327808.2,273.717,6043.33,244.0,20.5683,9.824
9070.08,3435.99,0.37882,100.661,1211595.9,132.238,3369.38,73.0,37.9605,3.288
17415.7,5766.06,0.33108,173.082,2380893.5,264.732,4971.43,27.0,28.1516,20.01
9372.83,3781.91,0.40349,66.9142,1294686.2,134.254,4263.09,44.0,38.2778,18.036
8673.28,1943.29,0.22405,80.3908,1252980.0,108.195,3928.86,9.0,34.9143,1.329
14114.9,5270.72,0.37341,109.517,2035182.5,206.078,5560.31,98.0,26.5332,18.545
5067.1,1350.11,0.26644,51.3945,684394.8,70.4486,2608.94,40.0,40.5026,14.635
5516.89,1823.07,0.33045,48.926,773681.6,73.0349,2383.63,26.0,42.3306,3.366
9539.85,3337.68,0.34986,82.0014,1374947.6,122.802,4126.18,56.0,38.2492,16.18
8783.16,2511.11,0.2859,98.0215,1229481.4,116.937,3419.19,78.0,36.4997,14.953
9616.4,3410.33,0.35463,99.8179,1353932.1,150.545,4188.42,60.0,35.105,17.18
13409.4,3927.37,0.29288,126.888,1876483.4,185.235,4564.5,62.0,30.4715,2.673
13457.4,5897.36,0.43822,135.933,1828004.0,226.891,3887.57,57.0,34.6671,18.89
7746.7,2813.89,0.36323,73.1646,1040572.75,120.806,3263.21,104.0,36.7884,2.101
4575.92,1336.66,0.2921,43.8965,644339.25,66.3716,1976.8,24.0,43.9036,2.468
5885.48,1069.24,0.18167,53.9949,814014.75,66.5929,2974.05,28.0,31.5445,18.715
12387.2,3220.29,0.25996,159.305,1752695.4,206.543,4980.12,197.0,27.8865,2.031
5846.33,1569.69,0.26849,47.5671,819705.44,75.2958,2144.86,9.0,41.8181,11.151
21560.9,6920.0,0.32095,189.653,3026007.2,301.905,5078.53,57.0,25.8537,20.495
13742.3,4626.31,0.33664,171.907,1953177.0,241.778,5130.51,67.0,21.1533,15.14
7650.3,2579.31,0.33715,65.1749,1052418.4,94.7263,3666.52,28.0,36.9167,3.542
4978.66,1099.73,0.22088,46.9481,634098.2,62.4923,2085.2,27.0,43.2718,5.66
11958.7,3636.95,0.30412,138.361,1676643.1,164.885,4225.4,28.0,32.5177,3.096
11084.9,3338.7,0.30119,103.625,1547276.4,166.83,4647.93,122.0,29.8111,10.502
13221.0,5109.72,0.38648,154.532,1851198.8,229.291,5894.96,72.0,24.8427,2.979
10990.9,2635.64,0.2398,121.512,1482897.5,157.764,3720.6,40.0,34.7652,3.009
6375.58,1737.93,0.27259,62.9174,915423.3,82.7674,3337.01,40.0,39.663,14.767
9739.18,2325.23,0.23875,93.119,1375982.0,123.065,4130.83,39.0,34.2105,3.675
8698.94,1816.85,0.20885,80.7603,1238999.8,102.178,3937.28,15.0,34.9635,0.982
12237.1,4421.38,0.3613,148.845,1719770.9,217.892,4648.24,99.0,30.2662,19.952
4781.23,1346.14,0.28154,43.6269,659520.0,72.9955,2800.88,31.0,41.7078,10.687
12760.4,5196.77,0.40725,126.759,1831890.9,193.014,5320.27,147.0,28.8042,16.386
8199.32,2309.89,0.28171,93.1585,1162937.0,112.535,3557.42,96.0,36.8171,1.971
5193.35,1024.11,0.19719,44.8692,755738.25,58.9217,2200.43,78.0,42.7872,0.762
10282.6,3893.68,0.37866,76.3174,1404805.2,149.523,5053.75,89.0,31.3104,15.17
9184.29,2787.8,0.30354,85.1299,1277971.5,130.6,3425.95,47.0,36.3539,10.668
5943.87,1815.53,0.30544,57.1935,847872.5,74.3096,2498.79,68.0,41.6172,14.619
11736.8,5442.36,0.4637,103.047,1525285.2,211.537,4858.7,77.0,33.1031,16.958
14385.8,4085.27,0.28397,188.62,2004112.5,220.669,5562.19,140.0,22.9432,0.887
8783.23,2759.54,0.31418,90.6319,1194511.2,134.566,3277.21,76.0,38.3775,1.832
4945.87,1105.11,0.22344,46.4535,680462.6,64.1002,2667.87,23.0,40.4801,4.051
12879.7,4596.78,0.3569,118.008,1809413.0,206.642,4470.15,51.0,29.1725,3.461
11954.0,3004.87,0.25136,150.701,1711410.9,161.555,4690.7,26.0,29.1768,1.553
19435.0,6798.12,0.34978,164.958,2811193.2,311.42,11231.72,95.0,25.6969,13.822
11620.8,2448.82,0.21072,148.332,1586246.2,193.834,4719.04,142.0,30.2175,0.629
8991.88,2331.76,0.25931,98.6604,1264747.1,129.021,3231.86,4.0,36.9684,0.521
5080.62,1507.42,0.2967,41.5647,685850.2,69.5891,1609.91,7.0,43.818,6.706
17438.8,6580.8,0.37736,226.288,2382046.0,360.614,4927.14,239.0,26.3808,17.19
8157.11,2280.73,0.2796,70.8749,1098581.5,107.853,3623.3,89.0,37.3655,14.311
4030.36,986.01,0.24464,37.2248,540017.4,52.8681,2530.95,25.0,43.9823,6.565
7362.83,2187.08,0.29704,81.8115,1011581.06,102.824,2838.59,110.0,38.7709,1.625
10660.3,4713.65,0.44216,97.7525,1500646.5,158.796,3950.49,40.0,33.6688,15.999
7460.5,2888.56,0.38718,91.4139,1009599.25,157.71,3965.28,77.0,35.073,15.298
7598.85,2219.53,0.29208,73.2351,1086421.0,109.022,2929.43,36.0,38.6066,15.262
18374.5,8067.91,0.43908,169.532,2538334.0,303.427,5475.67,92.0,24.9495,16.368
10958.3,3130.85,0.2857,129.726,1506132.6,143.249,4966.37,72.0,29.237,3.273
9324.33,3023.36,0.32424,90.0402,1339018.4,130.718,3474.47,7.0,36.4918,4.222
14739.3,5717.16,0.38788,141.604,2024487.6,229.761,4363.37,130.0,29.8668,18.693
8862.78,2306.36,0.26022,91.8193,1208511.0,114.039,3774.24,36.0,34.8993,2.117
6140.35,1561.15,0.25424,54.9621,859237.56,73.6467,3362.23,58.0,38.8321,2.33
9151.68,3908.86,0.42711,103.601,1236852.6,152.167,3991.42,94.0,35.0063,17.523
7629.9,1707.38,0.22377,104.11,1075042.1,117.6,3766.29,43.0,35.2729,2.578
11263.9,3518.0,0.31232,130.357,1558077.9,186.931,4008.93,68.0,32.7436,8.271
21374.5,7858.15,0.36764,192.503,2982465.0,366.363,17267.04,148.0,27.2917,3.206
4661.8,1211.72,0.25992,40.0647,654243.2,64.8165,2386.11,40.0,42.6636,12.091
10741.3,4015.19,0.3738,122.855,1490315.2,178.921,3978.34,54.0,29.7739,5.45
14507.3,3386.88,0.23346,171.764,2029836.5,204.732,4024.3,144.0,32.2273,1.475
12395.6,3981.77,0.32122,128.666,1666132.6,180.885,4696.98,45.0,31.7364,1.612
19814.0,6361.1,0.32104,250.553,2757660.5,312.727,5463.11,72.0,23.7243,3.981
12926.1,2710.32,0.20967,156.64,1746432.6,204.961,4841.44,146.0,28.6195,1.249
9203.89,2686.53,0.29189,92.2167,1256283.5,94.5666,3639.43,102.0,35.8332,20.25
22221.6,6395.07,0.28778,302.34,3032195.2,313.571,6578.02,269.0,18.7486,2.083
5268.78,2128.77,0.40403,35.2113,748401.5,69.353,2384.19,36.0,42.5261,14.735
17457.6,5410.53,0.30992,209.334,2506107.5,273.543,5218.24,260.0,24.2503,17.346
7101.94,2222.77,0.31298,60.6673,1002127.2,108.853,3083.4,11.0,39.5804,13.882
7398.57,2384.22,0.32225,80.8382,969087.75,119.422,3311.15,68.0,37.4512,7.625
6071.7,2596.1,0.42757,64.4304,832225.7,102.612,3320.78,61.0,37.3245,14.925
12086.4,3036.0,0.25119,126.765,1755582.9,159.699,4541.11,50.0,30.6895,8.664
23813.7,8516.42,0.35762,198.175,3357756.0,346.439,6108.51,110.0,19.8825,18.4
4707.25,1494.25,0.31743,44.221,641705.25,61.4786,1892.67,16.0,43.8703,12.647
7958.14,2278.38,0.28629,64.9724,1098507.1,108.167,3304.25,28.0,38.1449,6.34
7368.94,2158.23,0.29288,78.0919,995213.4,115.96,3092.37,77.0,39.0633,1.151
11540.2,2958.17,0.25633,141.853,1641390.2,159.554,4154.09,134.0,32.3509,2.994
7668.9,1998.48,0.26059,63.2697,1049459.6,114.68,3672.13,26.0,37.2259,1.472
17737.9,4728.35,0.26656,186.946,2443087.8,238.288,5371.4,235.0,24.49,7.575
18559.7,6387.66,0.34416,243.679,2499674.2,250.13,5622.83,130.0,24.5604,3.126
11726.3,2818.55,0.24036,142.74,1627545.6,189.779,4049.02,69.0,31.9605,2.048
8822.73,3193.94,0.36201,88.7855,1178771.0,134.849,3447.29,50.0,36.4921,0.907
11296.9,3280.93,0.29042,113.254,1639495.5,153.809,3505.4,158.0,36.7666,20.116
6727.04,1965.07,0.29211,61.2941,912188.25,97.7751,3581.78,71.0,37.9927,8.03
8651.56,3129.94,0.36177,96.376,1151924.5,124.648,3286.97,69.0,38.4971,2.831
7316.84,2190.64,0.29939,72.5696,1018105.56,106.709,3142.83,37.0,37.4982,9.662
6669.41,1791.85,0.26866,67.9921,947587.75,77.1165,3101.96,11.0,39.1285,1.524
16578.9,4985.37,0.3007,204.513,2189125.8,260.401,6146.99,234.0,21.7879,2.68
18035.0,7851.91,0.43537,134.218,2445253.8,278.493,6267.78,114.0,24.6631,20.42
8010.57,2056.05,0.25666,84.519,1102084.2,112.631,3100.55,21.0,38.029,0.644
4430.25,809.93,0.18281,40.8627,584658.7,66.3373,2579.07,11.0,43.4239,2.203
8957.63,2372.27,0.26483,94.5438,1266027.8,133.087,4018.12,168.0,33.6453,1.242
6848.31,1969.97,0.28765,89.4002,960679.44,108.884,3456.91,91.0,37.5325,2.354
7296.41,2271.7,0.31134,72.3369,987745.2,105.168,3378.54,78.0,37.0819,3.543
4445.7,1622.04,0.36485,35.8477,598351.9,59.1559,1366.92,27.0,44.4434,10.774
11251.7,3589.87,0.31905,136.269,1503675.4,162.446,4148.47,43.0,33.3898,1.949
14723.3,3612.55,0.24536,197.545,2057619.1,250.682,4946.77,137.0,26.683,2.747
6778.84,2123.76,0.31329,61.0331,946859.8,81.2793,3185.78,28.0,38.8259,4.733
9889.57,3099.99,0.31346,97.6587,1362765.2,146.575,4861.42,106.0,35.8706,3.667
15618.6,4269.55,0.27336,200.47,2129301.0,242.91,5131.97,86.0,26.1293,5.34
11307.0,3446.5,0.30481,112.945,1601137.9,167.49,4275.93,47.0,33.3143,7.98
7323.04,1857.32,0.25362,71.0243,1003335.6,92.3573,3560.1,83.0,37.6727,2.19
23798.2,7359.74,0.30925,303.549,3328794.5,383.596,6270.46,119.0,17.8698,3.272
11225.5,4028.73,0.35889,110.323,1621154.0,162.463,4841.74,74.0,29.606,4.704
6755.46,1792.08,0.26527,65.675,924317.94,87.0281,3268.25,43.0,39.2754,16.235
7576.75,1834.2,0.24208,73.9082,1048485.3,100.373,3279.23,75.0,38.4331,13.011
5456.54,1773.97,0.3251,52.1829,766169.25,73.8588,2426.16,97.0,41.2969,14.665
9143.61,2401.31,0.26262,76.2129,1303809.6,120.358,4418.58,93.0,33.2203,1.669
6693.45,2260.23,0.33767,80.2975,901049.5,106.224,3299.93,19.0,46.5464,6.207
9843.25,2576.55,0.26175,53.4646,1369173.8,125.64,3706.19,48.0,38.5292,14.651
6036.77,2090.43,0.34628,67.9442,841543.3,96.18,2981.31,37.0,40.5491,1.981
7232.74,1915.77,0.26487,83.5709,1013662.75,94.169,3774.34,33.0,36.3288,1.969
23363.4,7454.71,0.31907,302.357,3261125.5,387.355,6283.72,94.0,17.7503,3.375
5995.06,1253.5,0.20908,55.8854,817707.44,79.3898,2789.28,18.0,40.073,1.053
13449.6,6238.96,0.46387,178.161,1878627.4,262.413,5119.38,139.0,26.7185,18.22
8478.45,2428.84,0.28647,90.6719,1167843.9,113.014,3841.69,23.0,34.7938,12.865
7436.2,2456.67,0.33036,61.1194,1014905.8,102.267,3025.79,42.0,39.5509,8.575
7032.98,1746.2,0.24828,56.3129,984374.06,78.7824,3015.12,34.0,37.9634,12.872
12280.7,4492.18,0.36579,132.437,1757039.2,185.199,5128.21,125.0,27.1657,16.695
12087.9,4232.21,0.35011,115.086,1714910.0,185.065,4732.79,164.0,30.0613,19.681
13275.1,3556.81,0.26793,166.277,1831760.0,192.323,5089.32,73.0,26.6466,2.341
8081.17,3678.37,0.45517,63.3913,1120798.0,140.704,4842.5,78.0,35.2773,15.843
8786.49,2532.84,0.28826,74.4053,1251587.9,94.6779,3279.58,48.0,33.3636,13.73
13626.1,4034.88,0.29611,188.289,1921200.1,234.391,4450.54,29.0,30.066,2.694
9702.0,2717.84,0.28013,101.848,1354654.4,120.492,3420.48,42.0,35.9798,12.61
6496.26,2657.52,0.40908,50.328,908328.2,95.528,2522.42,33.0,42.1351,1.749
7890.18,2659.02,0.337,74.2617,1093857.5,116.597,3974.76,44.0,34.1738,3.114
11129.8,3375.2,0.30325,112.184,1604321.6,138.151,3893.49,55.0,34.7192,1.787
6225.69,1576.88,0.25328,51.0081,884150.3,82.9451,3062.41,11.0,39.4913,3.835
15419.3,3525.92,0.22866,183.936,2151583.5,234.702,4710.86,38.0,25.5734,1.471
7146.27,2997.02,0.41938,82.762,920353.2,157.88,3804.22,68.0,35.8998,18.529
12925.5,3372.02,0.26088,133.806,1788122.4,163.043,5292.21,59.0,29.5398,16.675
24304.6,8886.74,0.36564,264.956,3370230.5,378.079,5744.16,118.0,22.1396,20.382
4496.99,807.54,0.17957,45.3369,611740.6,61.2121,2582.01,11.0,43.0701,2.599
10374.3,3906.0,0.3765,85.926,1417941.9,153.376,4691.59,38.0,34.8921,13.346
7235.63,2879.52,0.39796,64.5837,1062833.5,96.8889,3216.21,29.0,38.8827,1.098
8283.02,2276.46,0.27483,71.5612,1112125.9,111.001,3447.61,47.0,37.1841,6.824
8308.57,2402.18,0.28912,77.5968,1171872.5,110.611,3483.06,26.0,37.7247,17.619
10285.5,3245.21,0.31551,130.363,1372240.4,168.411,4017.17,37.0,33.584,1.559
10622.6,2806.1,0.26416,130.3,1507586.4,155.178,4338.1,50.0,31.9392,2.949
5291.81,1791.89,0.33861,49.573,734953.7,69.9213,2049.09,3.0,42.437,4.986
11086.8,3171.14,0.28602,129.218,1538482.1,156.05,4988.97,71.0,28.6911,13.816
9859.52,3852.83,0.39077,103.121,1394051.5,129.616,3562.84,26.0,35.6071,12.301
21219.3,7183.87,0.33855,242.371,2959638.2,337.452,5559.83,82.0,23.0752,3.754
20847.1,6639.79,0.31849,253.01,2912545.0,332.843,5540.86,70.0,23.4465,3.329
6395.12,1567.02,0.24503,63.515,877974.0,79.0096,3199.58,31.0,38.1193,5.433
6432.78,1057.35,0.16436,89.0316,884515.2,99.0671,3648.69,115.0,36.6576,13.342
6535.16,1899.77,0.29069,57.3368,885992.06,95.9335,3717.67,72.0,37.4692,13.676
11342.3,2520.49,0.22222,149.544,1611321.4,160.815,4693.44,27.0,29.1653,2.568
5949.61,1432.87,0.24083,51.9128,857033.56,72.6923,2426.44,49.0,42.0513,11.268
8630.52,2458.32,0.28484,95.4877,1187139.8,151.265,3225.39,10.0,36.7779,1.72
5286.35,2159.5,0.4085,34.8941,747043.0,71.3267,2592.07,40.0,42.7879,2.231
8182.74,2871.06,0.35086,83.5196,1104297.9,112.952,3621.14,24.0,38.163,11.932
4282.86,1508.13,0.35213,41.2302,587934.75,54.1916,2593.02,41.0,42.469,13.852
8045.65,2394.33,0.29759,93.2164,1100866.5,125.707,3236.51,83.0,38.6209,1.688
8533.6,3067.67,0.35948,70.0391,1209993.6,109.655,3413.6,64.0,38.5273,17.518
4898.24,1743.31,0.3559,50.5096,686340.6,70.148,2172.52,29.0,43.032,1.623
12218.3,3612.62,0.29567,140.157,1709029.2,189.951,4169.92,42.0,31.7854,20.659
6906.34,1993.97,0.28871,66.9903,953249.7,87.0184,3039.55,45.0,39.423,2.273
12098.1,4443.68,0.3673,132.254,1743017.6,178.554,4604.28,155.0,24.3753,19.518
12421.1,3062.41,0.24654,154.156,1763574.8,186.859,4684.63,63.0,29.4778,1.952
13688.1,2693.66,0.19678,165.514,1910928.9,213.879,4589.41,23.0,29.6242,0.0
6886.62,2514.27,0.36509,78.3114,951013.8,97.1453,3281.72,54.0,38.6311,1.384
10571.0,4324.69,0.4091,98.0656,1538119.9,146.25,4121.78,34.0,34.4468,13.659
9584.22,2757.73,0.28773,100.434,1348293.8,131.491,3901.9,22.0,35.38,2.095
14825.5,3844.43,0.25931,203.61,2072287.0,249.765,4999.97,128.0,26.976,3.257
6209.64,2342.25,0.37719,48.7193,873861.5,99.5809,3200.09,73.0,36.0755,13.895
9601.82,2730.28,0.28435,117.041,1319662.9,141.821,4149.79,132.0,32.8839,3.174
12016.1,3055.17,0.25425,131.35,1698085.9,156.103,4485.23,49.0,30.7125,3.767
16092.9,5064.97,0.31473,220.579,2236117.2,246.138,5357.0,285.0,23.7781,1.897
5739.55,1046.43,0.18231,49.1996,768243.4,69.1895,2999.6,43.0,40.111,4.954
13797.1,3934.89,0.28519,192.66,1873537.6,218.707,4598.24,180.0,28.8603,2.037
6156.51,1942.49,0.31551,58.4432,854451.44,87.777,2677.74,43.0,40.0292,2.089
6410.71,934.59,0.14578,56.8192,909516.4,69.5735,2776.9,36.0,40.1957,15.854
11603.6,2704.94,0.23311,144.37,1597730.0,193.882,4235.09,54.0,32.5562,2.062
5919.75,1566.08,0.26455,49.6321,867621.06,68.1789,2429.89,73.0,41.9736,8.918
9397.32,2952.27,0.31416,73.8017,1338511.8,126.835,3583.56,49.0,36.4004,13.191
5857.46,1529.32,0.26108,45.2003,815263.7,77.3347,2910.95,28.0,41.9199,3.434
8169.11,2468.85,0.30221,88.3019,1158999.8,125.481,3601.74,3.0,36.2055,2.221
12206.6,3264.99,0.26747,152.865,1732555.0,166.381,4685.68,24.0,28.7823,2.043
6514.71,1491.16,0.22889,64.485,909558.7,84.3664,3339.26,23.0,37.8432,5.131
8884.28,2084.52,0.23463,106.889,1250596.9,149.922,4224.0,48.0,32.7726,2.814
12242.7,4023.35,0.32863,137.301,1708933.6,170.396,5346.41,74.0,28.4437,8.738
18480.4,6728.18,0.36407,150.142,2529938.5,304.125,7077.23,133.0,30.5262,17.301
19537.7,6604.1,0.33801,265.446,2654058.2,331.606,5844.85,330.0,21.1248,2.751
11705.8,3121.92,0.26669,114.545,1657982.9,160.173,4454.23,76.0,32.8055,3.732
14264.6,4249.9,0.29793,155.649,1957216.5,214.646,5484.28,13.0,30.7226,6.957
21349.1,6727.6,0.31512,244.387,2986419.0,329.532,5532.94,70.0,23.1641,3.639
13354.7,3425.45,0.25649,166.619,1844182.9,206.524,4756.0,107.0,27.8931,4.43
10863.7,2611.79,0.24041,141.951,1537836.2,166.118,4690.18,27.0,29.1398,1.95
14217.9,3970.03,0.27922,191.768,1919641.5,219.121,4647.49,181.0,29.056,1.91
10752.6,3447.28,0.32059,130.939,1489537.4,189.784,4206.62,70.0,32.8803,1.649
19279.4,5699.15,0.2956,120.063,2538821.5,259.79,5026.17,157.0,27.292,19.082
12459.0,2825.28,0.22676,162.392,1716340.1,185.892,4157.54,62.0,31.6901,2.735
7363.35,2242.58,0.30455,62.7933,921704.3,110.166,3114.89,30.0,40.1965,5.373
9216.85,1554.62,0.16867,91.0962,1290242.4,104.76,4254.62,44.0,46.5464,3.182
3949.79,1285.05,0.32534,35.4892,537331.0,49.9222,1419.24,32.0,44.3682,11.629
7980.39,2171.0,0.27204,80.6418,1113514.2,111.781,3761.44,47.0,34.404,1.298
7648.45,2015.22,0.26348,70.128,1068176.0,98.5766,3442.7,32.0,46.5464,15.166
7240.36,2570.18,0.35497,77.9153,994030.6,95.7971,3736.95,39.0,36.2472,2.099
10907.2,3301.83,0.30272,105.637,1498581.2,152.26,4472.49,14.0,32.4767,4.279
9117.46,1730.1,0.18975,97.3237,1248290.2,110.901,3832.79,111.0,27.3912,10.451
8045.38,1941.95,0.24137,91.2353,1086566.4,120.069,3886.8,28.0,34.6317,5.024
6343.76,1353.03,0.21328,50.1973,873488.2,84.0518,2829.93,37.0,40.3075,4.084
6342.22,2185.52,0.34459,41.6732,889744.3,88.9595,3680.5,50.0,41.3423,4.605
13061.0,4430.62,0.33922,151.607,1832801.9,205.399,4772.53,33.0,30.8543,11.332
8648.73,3362.65,0.3888,85.7541,1161762.9,140.606,3714.67,9.0,30.9377,16.653
8646.64,2148.8,0.24851,92.8591,1228027.4,105.071,4618.1,26.0,33.346,1.943
9361.76,2167.82,0.23156,79.1161,1310276.8,120.477,4716.57,27.0,33.0004,1.732
8796.33,3669.33,0.41714,64.2695,1258605.5,131.588,4452.1,76.0,34.8206,16.253
6937.77,2571.23,0.37061,61.8935,1015684.94,92.1794,3201.52,31.0,38.8614,1.181
7127.02,1785.68,0.25055,74.9234,958427.44,108.699,3056.32,74.0,38.3301,1.491
6470.86,2170.93,0.33549,60.7972,843480.1,98.2851,2852.73,24.0,40.5025,12.2
6076.56,2583.71,0.42519,53.6376,840201.06,103.026,3227.97,35.0,39.0759,11.796
15164.6,4434.7,0.29243,173.624,2085999.5,228.298,5617.8,74.0,23.1508,5.408
10840.0,2981.31,0.27502,130.607,1546892.5,165.628,4384.65,44.0,31.5617,3.018
4579.28,2148.61,0.4692,50.2222,622542.3,89.9993,2173.68,43.0,43.9595,11.966
6708.19,2351.8,0.35058,63.6161,950741.1,96.0422,3611.78,75.0,37.2468,12.109
3899.49,680.85,0.17459,42.0823,525126.0,46.4451,2137.19,23.0,44.4164,11.828
13288.5,3965.63,0.29842,154.347,1868579.2,204.849,4696.48,72.0,29.1873,4.671
5998.23,2163.67,0.36071,42.1647,848063.06,85.5982,2767.3,53.0,42.2333,10.055
23179.1,6048.15,0.26093,340.062,3161936.2,408.915,6241.78,140.0,19.8449,1.068
8548.91,3250.63,0.38023,84.6481,1175502.9,134.119,3496.42,89.0,37.5161,17.641
8960.18,3551.13,0.39632,77.5385,1208748.8,144.02,4388.96,52.0,32.9315,14.817
7009.0,2013.92,0.28733,64.8138,984054.75,87.9175,3615.13,29.0,37.9717,1.925
7697.07,2059.18,0.26752,52.4266,1078093.0,90.6138,3581.48,49.0,38.3146,9.699
4449.37,747.09,0.1679,38.5807,597869.3,56.8159,2241.04,27.0,43.2128,10.811
15935.7,5701.47,0.35777,160.014,2278278.8,252.356,5450.43,144.0,24.762,18.019
9528.5,2698.19,0.28317,100.557,1287891.4,139.508,3624.23,112.0,34.6522,3.375
16548.5,6349.85,0.38371,156.674,2407871.2,257.21,5744.92,154.0,30.7277,19.439
5873.0,1931.56,0.32888,27.8287,815528.56,68.9203,2470.15,22.0,41.7342,8.423
7115.35,2137.83,0.30045,68.909,1003582.44,96.7803,2882.88,32.0,39.5488,9.978
5350.57,1563.81,0.29226,39.8405,721025.5,89.629,2642.23,27.0,42.5347,10.201
5776.17,1831.16,0.31701,70.2498,801581.75,82.7224,3037.78,39.0,40.2181,1.587
13036.0,4021.9,0.30852,135.256,1826319.2,166.873,4253.49,31.0,31.7591,3.258
6229.0,2398.32,0.38502,55.611,857047.1,93.324,3051.6,17.0,40.0416,11.597
14177.8,3439.03,0.24256,211.913,1903747.0,203.665,5046.56,115.0,27.0453,11.248
7933.35,2116.94,0.26684,66.2199,1095269.5,109.886,3952.68,37.0,34.6166,2.669
6180.04,2057.48,0.33292,61.92,847537.2,93.3159,3077.63,23.0,39.4057,11.649
4570.94,986.93,0.21591,45.5256,644259.75,59.1073,2604.88,17.0,41.9735,3.51
3593.58,1319.11,0.36707,26.0701,491961.0,45.9227,1464.85,5.0,44.5537,2.092
7378.04,2541.72,0.34449,80.7604,988533.2,126.609,3379.08,46.0,35.8973,15.673
6124.22,1829.46,0.29872,64.485,815523.75,78.8969,3514.56,58.0,38.6089,4.52
14345.0,4505.87,0.3141,152.588,2064508.8,214.197,5118.21,168.0,29.9413,12.112
6161.01,2319.87,0.37654,52.5215,821418.75,97.1736,3257.77,61.0,39.2122,14.305
8920.89,1906.24,0.21368,100.19,1229522.1,131.309,4121.13,38.0,34.1118,2.804
5252.18,1591.61,0.30303,55.669,695947.6,85.2584,3308.87,12.0,40.8677,13.867
12579.2,3473.57,0.27613,129.426,1737181.1,188.432,4186.29,71.0,31.5556,2.237
6073.37,1316.05,0.21669,59.528,868959.7,62.6679,3593.25,42.0,39.8925,14.482
9126.32,2934.54,0.32154,64.4631,1261976.0,121.238,3934.66,60.0,37.1942,16.792
5629.5,1362.95,0.2421,52.6834,811842.25,73.1727,2864.17,61.0,40.1337,1.488
5103.61,1196.76,0.23449,46.0542,714163.94,64.8201,2689.68,12.0,41.8338,3.692
12070.6,4103.66,0.33997,103.591,1681855.9,160.85,5839.56,21.0,38.2769,15.418
12116.7,3842.98,0.31716,156.682,1670988.9,231.587,5156.58,122.0,29.1395,6.013
14338.8,4734.05,0.33015,143.869,2067265.4,234.291,5603.05,72.0,28.5713,1.384
5890.62,1953.79,0.33167,57.6212,835973.06,82.9612,2455.9,61.0,41.5955,9.687
11551.4,2100.22,0.18181,150.073,1634203.5,167.908,4628.02,146.0,29.9512,1.613
14688.0,5352.25,0.36439,102.719,2065921.9,214.403,4883.4,81.0,29.0485,20.03
4725.9,1504.95,0.31844,36.1869,662446.1,60.2952,1871.59,16.0,43.4221,12.418
16821.1,3924.64,0.23331,211.296,2373460.5,264.075,5665.32,91.0,23.1364,1.278
21351.2,5458.85,0.25566,321.583,2930195.5,403.225,6228.66,143.0,19.8063,0.922
12906.7,3502.18,0.27134,155.989,1824890.1,198.848,4810.09,66.0,28.4178,2.931
10349.4,3902.83,0.3771,86.7552,1402023.4,164.121,4232.27,13.0,33.5447,18.292
13603.0,5047.88,0.37108,128.684,1915840.8,227.025,5322.26,53.0,29.0764,2.554
16445.1,5939.35,0.36116,171.96,2269315.5,278.232,6203.85,129.0,28.5674,20.265
6793.92,1949.57,0.28695,55.6938,970057.94,82.7298,2574.04,57.0,41.7369,13.416
18021.9,7459.2,0.41389,133.466,2511120.0,266.203,5388.18,132.0,25.7342,20.024
14804.0,2965.37,0.2003,180.333,2081815.0,226.082,4871.75,91.0,26.8678,2.98
7786.91,2288.1,0.29383,72.8165,1078552.9,117.321,3353.9,63.0,37.7183,14.597
12223.8,3838.15,0.31398,113.778,1792437.2,175.184,3546.37,157.0,36.4599,20.123
4413.6,898.52,0.20357,40.6786,608169.0,70.9545,2559.7,17.0,42.1339,14.204
6825.26,1381.62,0.20242,59.9739,974129.3,83.1784,2952.6,41.0,38.7115,17.519
7514.55,2100.92,0.27958,72.8904,1019700.1,104.447,3386.78,74.0,37.0119,3.935
5740.56,1537.35,0.2678,54.1875,758766.8,80.3432,2767.05,43.0,40.0029,17.401
8971.42,2766.58,0.30837,69.4141,1248293.0,111.007,3617.99,57.0,38.7731,16.459
11773.2,2490.89,0.21157,155.274,1655655.4,160.57,4754.16,151.0,30.0055,1.966
9777.03,3062.77,0.31326,99.0829,1305220.0,140.162,3653.0,36.0,34.2416,5.544
14958.5,3828.99,0.25597,191.592,2114837.8,211.148,13378.93,93.0,26.5125,3.438
8171.46,2197.64,0.26894,96.4857,1118524.2,114.972,3226.69,84.0,38.6782,1.755
6851.25,2937.74,0.42878,75.4597,911831.4,125.281,3285.34,59.0,37.2175,9.114
5776.1,1775.56,0.30739,53.3563,788530.5,83.655,2395.92,45.0,41.754,14.628
7955.53,2364.81,0.29725,64.6848,1132268.8,97.3995,4044.82,57.0,39.534,12.897
5816.04,1929.75,0.33179,55.7586,801868.0,78.7799,3160.25,11.0,39.4992,8.397
16738.1,4186.17,0.25009,225.422,2353757.0,269.172,5679.47,96.0,23.0643,1.336
17301.8,6806.67,0.3934,185.074,2376554.0,272.295,5969.08,114.0,24.3656,11.637
20528.8,6763.01,0.32944,258.539,2846296.5,336.103,5514.86,90.0,23.487,4.346
4678.09,1226.83,0.26225,34.9324,642315.44,56.5448,1897.8,26.0,43.5739,11.31
6856.37,2087.38,0.30444,60.2845,929011.06,94.8276,3051.57,26.0,40.4398,1.591
14683.6,2972.08,0.2024,188.653,2052975.8,183.064,4050.49,132.0,32.1765,2.411
9657.85,3126.2,0.32369,104.361,1340083.6,134.512,3932.84,21.0,33.5298,3.417
8005.01,2212.72,0.27641,68.133,1141755.4,97.4371,2972.64,37.0,39.1094,17.298
20422.6,6585.51,0.32246,258.183,2859077.8,325.58,5541.32,75.0,23.2957,3.446
7525.74,1855.47,0.24654,55.1473,1051943.4,84.9047,3052.23,57.0,38.8408,12.138
8580.57,3253.39,0.37915,77.8871,1197335.0,116.941,3653.48,42.0,36.3934,8.987
19303.2,6878.86,0.35635,230.076,2729221.2,326.047,5951.24,169.0,19.833,10.264
11837.6,2183.17,0.18442,143.655,1611195.2,194.148,4827.7,141.0,29.6502,0.539
8392.06,2273.23,0.27087,87.7983,1195872.4,113.765,3552.18,97.0,36.8136,1.943
9157.06,3433.84,0.37499,53.1815,1281901.0,157.565,3739.71,143.0,34.2924,14.168
11360.7,2857.47,0.25152,144.699,1605595.0,152.009,4148.02,122.0,32.2296,2.538
7781.6,2781.85,0.35749,73.3459,1101757.2,120.293,3654.5,82.0,38.1255,17.904
9441.08,2625.8,0.27812,92.6594,1326327.5,137.731,3660.38,126.0,35.5953,2.331
14987.2,3748.16,0.25009,143.331,2049252.0,175.946,4589.25,99.0,28.6208,20.633
22777.4,6671.05,0.29288,297.458,3156760.5,369.484,6256.04,103.0,16.8555,3.372
10857.4,2468.69,0.22737,121.843,1470857.0,161.957,3643.46,21.0,32.3851,2.207
7939.39,1627.73,0.20501,102.309,1116728.5,116.155,3791.15,38.0,35.3153,2.401
12083.8,3006.11,0.24877,126.528,1715343.5,169.6,4643.2,80.0,29.9489,15.761
11957.7,2999.68,0.25085,146.863,1600150.0,182.357,4516.27,61.0,30.8159,4.162
7186.97,2425.62,0.3375,62.6561,961168.8,102.74,3175.91,43.0,40.1712,2.27
7864.63,2403.12,0.30556,73.2899,1065478.8,112.935,3436.9,73.0,35.8993,3.432
10340.8,2907.79,0.28119,100.896,1416057.5,139.582,3882.16,24.0,34.4631,5.0
14730.3,5175.98,0.35138,160.637,2086293.5,192.758,5319.17,52.0,28.1108,18.325
6669.32,1892.76,0.2838,62.8113,938566.75,84.4263,3567.14,34.0,38.1329,1.791
15645.1,4854.17,0.31026,185.707,2162612.2,269.28,5218.28,84.0,25.3329,4.903
14710.2,4691.09,0.3189,161.621,2037282.2,228.208,5281.34,189.0,26.8146,1.653
4050.6,1198.31,0.29583,32.2302,557174.5,50.0944,1388.01,17.0,44.3791,1.512
5966.62,1663.87,0.27886,56.1486,784484.06,87.6481,2808.88,43.0,38.4521,5.439
5334.16,1967.35,0.36882,48.3262,750579.0,73.5043,2130.43,30.0,41.7158,3.542
12135.2,4131.84,0.34048,157.661,1691806.1,253.424,4768.29,147.0,22.0617,20.674
7933.35,2116.94,0.26684,66.2199,1095269.5,109.886,3952.68,37.0,37.444,2.669
10673.5,3238.49,0.30341,136.02,1475568.2,185.814,4216.7,59.0,32.8416,1.645
6837.26,2093.73,0.30622,64.8806,865812.8,99.2821,3066.16,31.0,40.0015,3.059
7595.28,2791.71,0.36755,73.225,1050585.0,120.08,3553.42,25.0,36.9413,7.535
21015.5,5631.87,0.26798,291.232,2846767.8,315.843,6556.03,287.0,18.6348,1.392
13989.0,4967.49,0.35509,165.07,1926830.1,210.138,4911.98,136.0,27.8762,9.872
8044.26,2198.58,0.27331,67.2695,1154294.9,102.338,2990.28,49.0,38.1343,16.006
5961.77,2576.4,0.43215,75.364,751651.4,132.903,1872.63,95.0,42.4273,14.23
11239.6,4780.55,0.42533,131.272,1603876.5,180.977,4731.41,128.0,26.9968,14.469
18343.5,5457.08,0.29749,189.446,2569452.5,273.199,5368.83,51.0,24.827,11.367
6055.14,911.11,0.15046,57.2886,840267.8,72.1213,2648.08,23.0,41.5007,5.708
15398.0,4656.06,0.30238,160.09,2189948.5,220.467,6854.93,83.0,23.1093,19.961
10931.5,3631.67,0.33222,73.4101,1469455.1,166.663,4413.64,72.0,36.2244,14.664
4167.23,1612.37,0.38691,25.1787,565465.3,55.4076,1657.64,12.0,43.2972,5.103
4858.92,1566.11,0.32231,48.6961,682234.9,67.2409,2092.24,13.0,43.3709,11.291
12850.7,4215.28,0.32801,102.15,1800132.4,186.24,4461.97,97.0,36.7092,14.046
9598.11,2319.38,0.24164,104.209,1366185.5,153.147,3808.56,14.0,34.2886,0.454
13361.3,4418.98,0.33072,102.549,1779470.9,237.461,4309.3,102.0,28.4524,9.683
7998.76,2359.61,0.29499,95.6025,1121373.6,115.469,3127.96,43.0,37.1221,12.222
16976.8,4845.04,0.28539,175.798,2459184.2,254.153,5141.11,212.0,22.2121,19.736
14979.1,5432.83,0.36269,93.524,2023260.5,222.365,5061.1,146.0,27.5348,6.788
4562.42,1793.38,0.39307,41.7351,617169.0,74.8099,1495.88,28.0,43.547,11.957
12843.0,3985.87,0.31035,172.455,1766196.1,203.144,4821.6,104.0,28.3374,3.726
5083.2,1377.3,0.27095,43.5078,714769.44,67.6339,2019.19,3.0,42.3639,3.739
9529.75,3780.15,0.39666,96.309,1346893.2,137.214,3383.78,48.0,36.0343,17.483
9929.38,3272.88,0.32961,86.4219,1400855.1,145.498,3654.01,12.0,35.6679,3.6
6388.28,1409.18,0.22058,52.4441,891384.94,82.8173,2806.81,18.0,40.4643,1.308
18381.9,4908.18,0.26701,178.007,2598943.8,224.949,5637.34,61.0,23.7307,19.303
9438.01,2284.16,0.24201,100.343,1292590.8,122.745,3776.94,114.0,32.8732,1.588
5932.26,1972.96,0.33258,62.2224,773346.56,86.9582,2958.73,100.0,40.6505,12.687
5875.3,2451.6,0.41727,67.452,782987.56,102.249,2711.55,68.0,40.5195,15.322
16322.4,4654.58,0.28516,190.197,2194285.0,240.837,5227.71,196.0,25.602,2.955
10357.6,3332.38,0.32173,109.024,1411739.6,161.601,4415.95,116.0,34.3841,18.753
8803.96,2916.67,0.33129,62.59,1272766.4,110.383,4267.77,38.0,36.8572,11.949
14767.7,4268.0,0.289,176.33,2044319.4,257.828,5163.05,95.0,25.9384,6.186
7810.27,1973.36,0.25266,60.2431,1080175.2,94.6258,3688.54,31.0,36.2693,8.397
6433.35,1851.94,0.28786,54.453,873815.56,87.2649,2557.77,36.0,39.3048,15.657
5038.7,1540.42,0.30571,38.6302,690357.2,61.5941,1967.74,51.0,43.5409,11.589
13752.0,4622.05,0.3361,134.767,1927610.6,202.204,4322.63,37.0,31.5494,2.964
14971.0,4257.79,0.2844,196.094,2070214.2,222.219,5637.25,135.0,22.7277,1.3
8361.11,2855.53,0.34152,74.7642,1151556.1,118.221,3748.22,102.0,34.9322,16.576
15584.8,3559.85,0.22841,204.581,2133682.8,251.589,5126.84,151.0,25.092,2.578
9475.69,3188.41,0.33648,64.2453,1302450.8,130.894,3952.06,31.0,39.5848,12.081
10007.0,2534.33,0.25325,93.8,1368630.1,129.991,4315.69,65.0,33.3379,15.241
8421.44,2686.08,0.31895,94.309,1131704.6,126.846,3158.26,79.0,38.9288,1.873
22145.1,5656.03,0.2554,114.597,2998888.8,249.321,5485.6,141.0,24.7333,20.687
7338.71,1785.77,0.24333,68.0507,1042708.1,97.6731,2973.57,56.0,39.7356,19.5
10547.5,2614.86,0.24791,89.4273,1481895.2,133.441,3921.44,153.0,28.4597,5.615
13572.1,5421.78,0.39947,170.035,1880153.9,259.979,4392.62,44.0,27.4451,16.359
7648.1,2833.69,0.3705,60.816,974145.75,122.587,3497.63,5.0,37.9568,15.183
7328.65,2409.65,0.32879,52.7852,993869.06,103.358,2653.35,34.0,39.0312,11.133
4647.24,1442.61,0.31042,41.0742,649934.94,50.922,2023.34,36.0,43.56,11.404
5921.37,2766.44,0.46719,53.1259,818429.3,98.0032,2596.83,70.0,40.1886,11.855
9109.55,2594.31,0.28479,93.1285,1261027.8,126.636,3555.95,9.0,35.8337,2.405
10630.2,5011.05,0.47139,91.5475,1470848.9,166.621,3931.51,57.0,31.9243,16.973
8865.81,2446.3,0.27592,92.6926,1220299.4,124.717,4516.5,122.0,34.2798,17.461
7441.36,1606.05,0.21582,70.6907,1000529.25,91.8441,3659.7,41.0,34.9863,3.814
9394.98,2293.03,0.24406,95.9727,1292845.9,137.956,4110.29,48.0,34.3374,6.117
8898.66,3277.23,0.36828,96.0998,1158814.0,141.694,3660.03,75.0,36.0477,14.634
9625.16,2833.16,0.29434,95.7127,1349635.9,121.628,3381.76,68.0,36.6703,16.718
8323.35,1813.42,0.21787,81.5648,1174039.9,109.118,4025.25,39.0,35.2536,2.415
15660.8,3599.31,0.22982,167.999,2243528.8,225.641,4856.02,77.0,27.6684,2.851
10694.8,3888.23,0.36356,96.7506,1510640.6,135.35,3844.75,52.0,32.4468,18.23
7009.67,1662.17,0.23712,62.0243,961412.25,90.9023,3307.0,48.0,38.1419,14.352
9408.45,3783.38,0.40212,81.7719,1312854.8,144.325,3661.32,116.0,35.2908,2.731
5788.1,1683.6,0.29087,53.8221,836743.5,79.2629,2879.86,7.0,40.0159,12.414
13958.0,4552.01,0.32612,189.903,1892272.9,246.1,4568.24,34.0,28.9452,2.315
6919.09,1514.54,0.21889,75.5144,927711.9,92.9864,3474.04,69.0,37.7156,2.351
9633.34,2181.17,0.22641,80.8913,1352061.9,123.189,4617.13,32.0,33.2598,4.646
13623.8,4060.18,0.29802,180.987,1885527.1,237.788,4389.22,16.0,29.4231,2.84
7247.1,1995.64,0.27537,78.0113,974650.1,90.6654,3905.91,91.0,34.1367,15.63
4741.31,1670.65,0.35236,33.6279,668328.06,59.6953,1456.21,40.0,42.731,2.096
5078.49,1482.33,0.29188,48.2055,705548.6,63.3015,2002.76,15.0,43.4,2.157
9449.99,3007.85,0.31829,78.2551,1321823.4,128.158,3743.46,21.0,35.4457,10.707
8618.23,2324.45,0.26971,77.4465,1228328.5,120.908,3328.66,5.0,36.4675,2.366
6754.99,2816.7,0.41698,51.5344,944019.4,103.424,2966.81,90.0,38.7982,11.724
12326.2,3307.26,0.26831,163.983,1695470.9,204.39,4684.97,148.0,30.2577,1.918
8632.42,2287.93,0.26503,89.078,1212448.6,110.648,4164.32,51.0,34.9047,1.952
4145.19,1330.47,0.32096,30.8991,577061.75,47.1113,2053.86,49.0,44.2912,11.43
8459.52,1767.71,0.20896,87.7866,1178701.6,121.878,3505.47,153.0,34.4081,10.61
5769.93,1568.1,0.27177,62.2921,761768.6,89.8602,2830.66,4.0,39.8915,11.71
9662.84,3038.71,0.31447,94.9145,1377038.4,129.64,4204.83,90.0,31.6174,7.698
5511.12,1401.74,0.25434,65.4486,689468.44,82.8515,3094.26,16.0,39.4305,1.524
9915.06,2560.16,0.2582,108.783,1408230.6,145.426,3956.84,37.0,33.1116,2.059
11239.0,2798.7,0.24901,128.214,1541333.4,157.275,3672.56,37.0,34.532,2.213
15050.4,5435.89,0.36117,137.464,2077683.6,213.86,5348.21,108.0,27.2735,16.413
9741.86,2927.9,0.30054,96.3519,1319721.4,103.383,4784.71,14.0,34.957,15.759
14923.3,3329.93,0.22313,202.411,2074555.1,240.286,4987.18,135.0,26.9084,2.426
7714.97,2164.32,0.28053,80.0989,1060702.1,100.882,3386.79,48.0,35.7948,10.71
8744.74,3652.83,0.41771,75.506,1173158.9,151.043,4493.51,54.0,33.1829,20.665
5864.65,1228.9,0.20954,40.4989,728736.0,97.6729,2759.5,5.0,40.4216,12.547
7665.62,3078.26,0.40156,69.2251,1055586.9,131.621,3539.03,34.0,33.0607,11.014
7436.05,2347.35,0.31567,61.5565,1048158.1,92.7882,2720.32,23.0,39.3939,6.813
14713.7,4280.95,0.29094,193.241,1936883.1,234.188,5704.24,233.0,20.963,7.565
9269.65,3889.67,0.41961,68.7165,1310659.5,135.084,4619.29,63.0,32.6108,15.862
9283.57,2754.92,0.29675,96.7233,1299319.2,128.753,3499.2,11.0,36.0423,2.521
8126.08,2873.56,0.35362,66.4474,1116448.1,120.352,3546.8,55.0,39.5931,14.318
5359.11,1542.17,0.28776,49.2835,752993.8,66.5201,2080.02,6.0,42.1141,5.012
7490.86,2177.01,0.29062,65.9701,1036845.25,100.39,3289.87,43.0,37.0921,6.579
21431.2,8678.62,0.40495,194.513,2943509.5,357.883,6978.95,157.0,20.46,20.362
13197.7,4076.57,0.30888,158.054,1840611.6,229.279,4333.89,76.0,30.452,1.547
8722.26,3131.02,0.35896,103.971,1189545.9,142.697,3736.18,46.0,32.8273,10.184
7541.7,1686.01,0.22355,73.6973,1098952.0,91.0219,3021.84,15.0,36.6964,1.753
3774.31,1616.14,0.42819,25.8496,513111.97,53.4691,1433.22,1.0,45.1093,4.331
3977.12,678.82,0.17068,42.5362,524965.5,62.4694,2538.64,14.0,41.7329,2.291
5216.72,2123.33,0.40702,41.9934,692475.44,81.8777,2819.05,34.0,42.934,12.251
11316.0,3712.95,0.32811,127.768,1555108.5,162.02,4915.28,78.0,29.2585,3.499
8170.74,3019.34,0.36953,81.1921,1126856.5,113.433,3807.62,23.0,34.9622,2.48
8702.57,2057.49,0.23642,84.4435,1219866.5,113.745,3834.22,66.0,46.5464,4.982
9947.68,2493.28,0.25063,128.381,1379806.5,158.596,4597.62,74.0,29.8788,1.529
17647.4,4092.67,0.23191,208.583,2423094.0,267.634,5923.73,236.0,20.5924,8.772
15997.1,4234.77,0.26472,251.028,2196367.0,255.068,4825.49,278.0,27.3417,3.968
6695.18,1688.02,0.25212,70.4267,889798.44,96.8556,3453.7,74.0,37.7863,1.43
9481.66,2395.68,0.25266,96.9966,1332973.5,133.213,3543.65,123.0,35.6194,2.938
22854.6,7218.2,0.31583,202.822,3257453.0,353.568,6414.25,251.0,20.8221,4.948
9640.59,3624.83,0.37599,82.9808,1365819.2,150.875,3602.24,69.0,36.1022,15.264
13733.8,4809.53,0.35019,141.584,1913561.1,188.94,4643.65,45.0,30.066,4.852
8435.89,2221.14,0.26329,86.9564,1200231.6,123.647,3949.43,161.0,34.1076,1.239
9533.82,2390.96,0.25078,93.7251,1309191.2,111.127,3271.96,29.0,35.5405,15.096
12332.2,5241.15,0.42499,94.1983,1650696.5,200.207,4260.1,109.0,32.3147,20.598
6396.75,2109.17,0.32972,64.4799,833819.7,99.5718,2639.72,27.0,38.7631,2.903
10030.0,3137.0,0.31276,92.4286,1416823.2,122.785,4251.24,87.0,32.3983,6.887
10563.8,2539.01,0.24035,103.323,1515404.9,126.418,4022.24,44.0,32.2905,18.847
7101.79,1403.47,0.19762,53.0341,991551.44,78.0881,2954.95,4.0,42.146,2.756
6773.97,1793.62,0.26478,53.8043,949893.8,83.0989,3357.9,60.0,38.4697,2.065
7340.66,2346.25,0.31962,75.6279,1012436.56,96.0399,3738.17,30.0,36.2671,1.545
14969.1,6244.26,0.41714,160.617,2104594.5,258.467,4806.38,107.0,28.2525,9.616
6315.35,2063.33,0.32671,58.6406,875749.94,92.0659,2715.29,46.0,40.4863,2.112
7910.08,2089.47,0.26415,73.9385,1095870.0,92.498,3589.89,36.0,37.1955,11.829
6340.06,1987.56,0.31349,45.4342,819007.1,88.7791,3007.74,55.0,38.9633,3.416
16803.6,4987.82,0.29683,181.255,2338068.5,258.691,4955.52,54.0,26.7552,9.473
7915.46,2706.38,0.34191,68.6783,1143174.4,99.7453,3225.16,50.0,39.1673,17.119
15286.2,3842.2,0.25135,171.806,2157732.0,239.318,12013.74,16.0,29.1158,2.918
12121.5,3238.16,0.26714,130.388,1677984.1,163.839,4129.49,28.0,34.3021,2.915
9666.9,3431.67,0.35499,91.1885,1366331.0,144.958,3832.78,86.0,35.4549,15.284
9205.53,2649.05,0.28776,85.2738,1314309.6,133.593,3997.23,4.0,36.2856,2.11
12303.8,5275.74,0.42878,101.347,1735405.1,181.841,5510.43,48.0,32.091,10.157
23496.5,6885.29,0.29303,304.633,3255732.5,376.22,6347.81,95.0,17.4672,3.729
6224.1,1995.81,0.32065,56.2398,864761.6,88.7844,2755.24,45.0,46.5464,1.714
11210.0,3531.77,0.31505,130.091,1536014.5,161.939,4912.89,74.0,31.3975,3.511
14025.5,5061.95,0.36091,130.824,1973779.8,218.329,4272.21,44.0,29.7376,2.839
8350.43,2424.38,0.29032,61.1766,1186088.2,91.0579,2860.27,21.0,38.5008,13.437
5116.2,1072.57,0.20964,48.2379,727154.4,67.7881,2877.74,58.0,40.1774,1.357
9078.37,2745.46,0.30241,81.3043,1241141.0,115.272,3394.3,112.0,36.1692,3.835
5937.3,1218.79,0.20527,55.5294,816171.1,81.1221,2702.77,17.0,40.2919,1.124
5076.61,1173.34,0.23112,42.5819,718602.75,55.7165,2377.16,10.0,41.9059,3.49
16627.4,3781.63,0.22743,210.918,2337971.2,276.045,5534.34,84.0,23.8124,2.068
5735.47,1500.62,0.26163,43.6307,812466.8,65.746,2543.92,15.0,42.2117,4.261
11875.8,4250.27,0.35789,128.968,1665829.0,187.374,4249.12,39.0,30.5224,2.038
12632.3,2430.77,0.19242,149.801,1715087.0,199.414,4883.87,139.0,29.802,0.566
9739.41,2604.75,0.26744,97.5637,1375201.9,135.495,3631.56,118.0,35.9274,3.743
5381.46,947.23,0.17601,49.919,744415.8,63.8798,2670.35,2.0,46.5464,5.145
5392.68,1114.73,0.20671,46.9226,758220.06,61.5352,2784.56,17.0,41.4567,2.295
13198.9,3814.54,0.289,111.17,1778720.8,177.754,4672.0,50.0,30.2138,3.252
4958.42,2014.34,0.40624,72.5655,679669.25,68.9822,2718.64,62.0,41.1143,7.13
8092.33,2127.05,0.26284,94.5742,1071958.6,121.565,3885.8,40.0,35.8977,4.736
11276.9,2643.64,0.23442,131.11,1553152.9,150.889,4413.65,82.0,31.1018,2.174
9312.28,3293.86,0.35371,89.3369,1255012.5,109.29,3747.83,42.0,33.8551,15.837
13105.0,6052.93,0.46187,110.541,1795097.1,210.128,5035.64,42.0,30.4798,18.376
5820.6,1565.96,0.26903,48.1945,740984.7,87.097,2400.42,20.0,42.6403,3.664
5316.92,1285.17,0.24171,49.8325,742582.0,81.8372,2826.65,32.0,40.8602,13.138
8222.93,2999.16,0.36473,76.3819,1092860.2,125.689,3669.41,57.0,36.2395,7.128
7010.17,2324.76,0.33162,66.2077,996178.25,97.9469,3634.17,78.0,37.5039,15.257
4328.67,887.16,0.20494,44.0511,584514.2,66.6663,2588.93,13.0,42.497,2.391
6047.91,1849.74,0.30584,69.3013,845876.9,82.5093,3738.74,72.0,38.7825,3.179
12266.7,5264.2,0.42914,98.129,1723512.8,172.576,4748.07,67.0,35.045,17.254
10442.3,2531.65,0.24244,109.016,1483700.8,140.06,4527.75,42.0,32.3594,1.558
12808.2,5115.62,0.3994,137.735,1798229.8,187.859,4538.91,97.0,30.9587,13.28
17629.8,5825.46,0.33043,192.013,2404232.2,239.434,5749.73,85.0,23.8555,9.674
6950.48,2430.02,0.34961,62.0586,933709.0,100.362,3677.23,62.0,37.7681,0.0
15211.9,3831.35,0.25186,182.365,2150310.5,214.05,5690.99,69.0,22.9949,1.212
8040.73,2421.97,0.30121,89.7576,1140544.0,122.26,3542.12,95.0,36.8752,2.194
18134.2,5032.0,0.27748,201.702,2488080.0,283.536,6279.29,239.0,19.3733,8.056
7623.93,2006.51,0.26318,58.0211,1073889.0,88.8748,3071.08,35.0,36.835,15.763
12301.0,4136.97,0.33631,97.491,1709623.1,179.401,5430.66,55.0,30.6125,16.121
5820.83,1367.63,0.23495,54.4647,761890.2,90.371,3628.13,19.0,40.097,1.781
8184.24,3051.84,0.37289,81.6815,1111115.8,110.582,3623.31,28.0,36.3253,11.376
6687.98,2499.31,0.3737,46.8091,953938.06,90.3538,2855.21,6.0,40.9983,12.138
11377.3,2918.16,0.25648,151.381,1610297.2,148.465,4158.83,114.0,32.1385,2.798
12506.6,3400.99,0.27193,153.221,1794238.9,167.355,4755.1,33.0,29.0654,2.146
15073.5,3907.85,0.25925,186.11,2130790.8,217.243,5668.96,69.0,23.0878,1.318
4282.83,825.69,0.19279,40.5607,569476.94,56.6808,2573.46,15.0,43.4466,7.16
7294.76,2341.01,0.32091,92.8636,977453.5,90.2701,3360.36,37.0,36.9069,11.123
9725.93,2552.6,0.26245,99.9646,1361286.2,135.76,4145.62,54.0,33.8034,2.668
9518.95,2180.68,0.22908,86.123,1359895.1,114.286,4124.55,97.0,34.5155,2.52
15936.7,3762.19,0.23607,183.004,2207675.2,182.284,5413.11,155.0,26.0989,17.055
14559.1,5282.73,0.36284,89.8422,1985305.8,204.31,5126.11,146.0,26.8426,9.394
5547.83,1530.93,0.27595,57.8153,759720.3,77.7972,3100.57,44.0,39.7518,7.373
16608.2,5311.96,0.31983,179.468,2323031.5,249.968,4897.1,38.0,26.6003,5.725
12009.0,3220.76,0.26819,133.143,1669133.2,164.442,4590.58,80.0,30.3492,2.961
13731.1,4255.94,0.30994,169.095,1902200.9,223.45,4770.34,114.0,28.9193,4.847
7919.79,2040.53,0.25764,86.9105,1079284.5,122.645,3843.68,34.0,35.468,3.828
8619.82,3149.26,0.36535,80.8134,1172038.0,129.863,3937.98,36.0,35.1492,4.63
5612.66,2241.24,0.39931,50.0787,795738.44,88.697,2432.62,62.0,41.2184,13.663
19377.1,6378.16,0.32915,251.838,2673543.0,318.066,5476.33,79.0,23.3446,3.886
11489.3,3737.29,0.32528,109.249,1644267.1,187.313,4083.25,22.0,32.9137,3.677
13920.9,4944.06,0.35515,149.14,1915372.1,219.405,4821.2,32.0,31.2229,2.356
6765.32,1817.81,0.26869,60.9977,926399.06,87.7855,2935.88,25.0,39.2809,16.661
18063.3,4869.5,0.26957,163.33,2517520.0,216.191,5453.61,146.0,24.1538,14.734
5915.13,1600.05,0.2705,65.8444,745662.75,87.5609,3102.57,21.0,39.4605,2.123
15892.2,5288.57,0.33277,170.624,2261217.0,276.125,4943.18,235.0,27.4388,19.831
8821.12,1500.28,0.17007,77.7086,1191043.0,99.3303,3757.55,39.0,36.5089,7.486
16971.3,6924.32,0.408,204.125,2217938.0,271.31,5594.92,99.0,27.4082,6.924
21090.8,9162.59,0.43443,116.288,2817901.2,365.053,5282.4,154.0,26.9503,7.233
13255.2,5094.31,0.38432,108.159,1785427.2,236.794,4904.65,123.0,28.2768,19.294
6106.08,1487.54,0.24361,66.4389,760379.06,91.1326,2898.86,28.0,38.9326,11.289
17993.1,5104.81,0.2837,213.644,2498987.2,281.022,5733.61,204.0,21.8598,2.3
13309.6,3267.9,0.24552,191.293,1869788.0,251.108,4888.11,150.0,26.8076,2.402
12001.8,3527.03,0.29387,133.698,1693472.8,185.167,4625.7,63.0,30.9419,3.29
7774.93,2515.01,0.32347,68.8669,1118870.9,97.4512,3103.34,68.0,36.2496,18.464
14708.6,3443.8,0.23413,199.243,2055239.6,250.633,4956.19,123.0,26.717,2.258
3882.65,1177.63,0.3033,35.1959,533070.06,47.5744,1391.6,17.0,44.3512,1.681
7642.16,1462.79,0.19141,74.5038,1067683.8,86.2235,3160.56,35.0,37.9801,14.939
4641.51,807.84,0.17404,44.6519,621758.25,59.0798,2470.76,12.0,43.4256,9.557
8812.84,2303.8,0.26141,87.9201,1251141.5,120.195,3997.36,6.0,33.9089,1.778
8656.43,2635.44,0.30444,89.6024,1212262.2,135.773,3612.79,28.0,36.5228,4.285
17144.8,5689.5,0.33184,202.24,2241238.2,276.436,6930.25,255.0,28.6974,18.159
5534.69,1475.41,0.26657,56.8006,730655.9,83.4518,3500.51,34.0,39.7599,7.416
9912.22,2647.33,0.26707,105.476,1384380.2,149.906,4130.8,166.0,33.018,1.682
6900.48,2379.27,0.34479,66.4376,912977.7,95.2986,3667.06,77.0,37.59,4.045
11475.0,3004.28,0.26181,133.341,1592872.9,182.808,4750.91,172.0,46.5464,0.904
7076.85,2100.33,0.29678,67.9644,1001399.3,90.2495,3598.79,32.0,37.97,1.758
3920.78,1149.27,0.29312,35.2217,537643.5,48.5317,1395.78,16.0,44.3255,1.417
7048.43,2080.2,0.29512,65.7191,1040728.9,90.7163,2573.5,37.0,40.3983,13.011
13219.7,4705.66,0.35595,123.752,1798777.9,185.947,5135.61,93.0,34.1716,17.31
7634.92,2157.63,0.2826,77.6581,1030109.5,99.0837,2938.54,93.0,37.1259,3.18
8486.4,2409.23,0.28389,76.3673,1217205.8,128.256,3614.07,34.0,33.0321,3.144
7277.63,2080.18,0.28583,82.9358,964957.1,131.264,3518.96,39.0,34.4534,18.324
15087.4,5379.19,0.35653,148.455,2075299.0,219.966,4788.77,66.0,30.9541,6.609
6107.81,1028.28,0.16835,56.7163,818757.94,80.9061,2999.58,36.0,39.9474,13.707
11450.3,3227.43,0.28186,145.676,1630973.6,156.812,4202.05,121.0,32.4918,2.839
8103.71,2485.18,0.30667,69.219,1142647.0,114.831,3110.95,35.0,33.9611,15.752
8512.43,2988.8,0.35111,79.1521,1147684.4,115.466,3424.01,102.0,38.9359,6.41
9035.94,2852.1,0.31563,97.7757,1217529.8,95.2136,4572.24,23.0,32.5202,13.093
16364.2,4204.72,0.25694,218.665,2302692.0,270.547,5648.01,77.0,23.1246,1.566
7580.08,1880.35,0.24806,71.7248,1005742.25,95.8611,3579.94,92.0,35.1718,16.355
6114.87,2040.85,0.33375,62.8592,824170.25,96.8459,2754.08,29.0,39.9338,3.119
9452.54,2913.88,0.30826,88.0215,1326468.1,130.515,4648.25,45.0,34.4033,2.431
16684.1,4724.12,0.28315,191.437,2246277.5,251.42,5395.64,214.0,24.6636,2.412
16994.9,7278.2,0.42825,174.04,2341140.2,263.66,5480.64,89.0,25.2105,14.055
8346.52,2341.59,0.28054,88.3027,1179733.6,121.638,3351.39,7.0,36.3178,2.23
5217.24,1219.79,0.23379,42.3777,723949.7,65.1375,2264.21,11.0,42.7062,3.197
5915.12,1958.89,0.33116,71.0127,823661.9,88.7513,3008.37,34.0,40.3605,2.283
8100.61,2653.82,0.3276,76.223,1134953.6,103.512,3141.62,19.0,35.8115,6.714
14528.0,4795.52,0.33008,171.83,2083671.2,270.814,4868.65,93.0,27.4183,3.037
16634.4,5525.3,0.33216,178.566,2339515.0,272.316,5425.68,162.0,24.3309,2.042
8364.0,2634.96,0.31503,66.5962,1148957.8,118.901,3512.58,40.0,37.3834,5.49
8300.69,1908.29,0.22989,75.4966,1137066.9,104.891,3347.89,29.0,37.7154,17.203
8039.89,2307.07,0.28695,89.7561,1110542.4,114.619,3107.8,28.0,37.6472,1.026
4769.38,972.57,0.20391,41.3834,659385.44,56.1114,2347.43,51.0,41.6419,11.553
17896.1,4694.15,0.2623,226.969,2473134.2,273.217,5710.37,205.0,22.0017,1.923
6092.04,1493.32,0.24512,65.6958,848988.0,76.6633,2822.01,80.0,39.3658,8.858
19885.4,6253.3,0.31446,248.878,2774527.5,330.513,5406.37,85.0,23.9114,4.603
15223.1,4217.07,0.27701,192.237,2151698.5,219.73,5675.84,61.0,22.9478,1.723
10412.5,3249.72,0.31209,81.5587,1464828.6,138.502,4476.3,68.0,33.0884,11.825
13526.5,4348.22,0.32145,170.009,1941088.0,275.017,4937.91,98.0,23.0975,3.427
9253.41,2588.11,0.27969,112.005,1271801.2,154.73,4131.9,73.0,33.1632,0.916
14715.2,6582.33,0.44731,194.925,1979260.9,271.967,5485.02,186.0,26.4066,18.518
10896.6,4845.82,0.4447,114.854,1582260.2,191.201,4319.81,103.0,31.5496,15.682
13556.6,3201.65,0.23616,178.205,1922235.0,196.977,5583.58,68.0,23.7244,1.114
8413.26,2674.0,0.31783,90.3001,1222138.9,141.662,3365.13,99.0,37.5094,12.5
11087.9,3547.43,0.31993,98.1932,1553842.9,153.139,5214.07,123.0,33.0845,14.062
8107.95,1834.7,0.22628,94.9847,1131251.9,119.05,3196.75,5.0,37.0149,0.569
14768.8,4273.62,0.28936,183.728,2066115.1,236.923,4586.88,29.0,28.844,3.144
13893.2,3359.42,0.2418,184.885,1965508.4,226.5,4818.99,81.0,27.8205,3.128
15044.4,3973.61,0.26412,181.998,2114283.2,218.858,5718.14,65.0,22.9852,1.199
5587.39,1868.64,0.33443,46.7391,779396.7,74.0707,2245.44,26.0,42.0522,12.603
5886.19,1595.66,0.27108,45.9946,829460.0,75.7937,2993.34,15.0,40.2417,2.321
3987.09,1449.9,0.36364,34.9488,543073.44,55.7986,1388.28,32.0,44.4841,11.973
9940.12,2435.67,0.24503,95.0813,1418484.4,149.347,3907.33,40.0,33.552,2.258
4646.76,1353.38,0.29125,45.8721,650842.8,63.4086,2136.08,20.0,43.5836,1.456
6745.67,1873.91,0.27779,64.1936,960216.2,81.4714,3212.89,19.0,38.2395,2.034
8958.13,2734.92,0.3053,104.448,1258235.4,112.45,3276.18,52.0,37.045,12.637
8436.56,2636.43,0.3125,85.3418,1179891.4,119.239,3849.58,70.0,35.1499,3.469
8597.19,2266.9,0.26367,98.8984,1202135.5,126.658,3264.48,4.0,36.7244,0.62
8291.36,2267.76,0.2735,74.8865,1118167.5,102.835,3448.34,32.0,35.0082,12.659
14479.0,3832.71,0.2647,212.624,1986013.0,255.222,5167.67,157.0,25.2822,3.177
13564.9,4573.96,0.33719,116.059,1885494.9,201.93,6681.72,78.0,29.402,17.394
8863.29,1480.82,0.16707,78.0582,1194941.1,99.52,3755.45,39.0,36.9791,19.255
12385.6,4169.76,0.33666,151.964,1700647.6,164.514,5131.95,36.0,28.1028,4.166
6761.59,2310.0,0.34163,67.6771,947691.0,93.676,3246.1,41.0,38.5923,12.333
5061.25,1288.44,0.25456,50.6824,650637.06,57.6994,2114.81,21.0,43.1286,6.731
8422.6,1803.44,0.21411,82.4878,1192315.6,102.18,3819.48,10.0,34.0245,2.298
5992.34,1806.07,0.30139,48.7739,843827.2,83.1432,2490.94,75.0,41.0993,12.378
11212.8,2777.66,0.24772,127.592,1612457.1,164.934,4350.48,36.0,31.4385,2.583
13206.4,3398.47,0.25733,189.829,1813579.2,217.437,4484.69,178.0,29.1088,1.483
9285.05,1992.31,0.21457,94.8824,1303945.8,123.841,3881.88,37.0,34.6976,3.043
19334.8,6846.98,0.35412,245.744,2651122.5,345.268,5662.0,319.0,21.6833,2.682
7186.97,2425.62,0.3375,62.6561,961168.8,102.74,3175.91,43.0,40.1712,2.27
10934.2,3618.28,0.33091,164.85,1533880.4,194.958,4843.54,91.0,29.0642,3.243
9916.42,3110.95,0.31371,116.546,1365879.0,169.773,3735.48,33.0,33.3506,3.303
15474.7,5337.82,0.34493,194.468,2127202.5,252.041,5269.65,210.0,28.1706,4.339
5895.48,1902.12,0.32264,69.9331,822618.94,84.0837,3034.16,35.0,40.2116,1.649
14410.4,3712.87,0.25765,252.623,1954179.4,259.27,4781.03,276.0,27.6228,4.076
10279.5,2019.07,0.19641,123.147,1383402.2,148.829,3652.94,20.0,34.7888,1.785
12750.0,4042.14,0.31703,131.973,1764938.8,178.719,4307.23,41.0,31.1647,3.303
9810.14,3481.69,0.3549,89.1791,1344999.6,157.296,4693.82,23.0,32.1494,14.592
7123.07,1628.74,0.22865,67.9413,977725.25,99.0934,3513.58,23.0,37.1366,1.303
11919.1,2166.0,0.18172,149.584,1679811.1,167.448,4654.01,153.0,29.7762,1.473
7996.2,2583.33,0.32306,87.1463,1117824.1,111.177,3078.56,42.0,36.4092,10.824
5207.74,1746.79,0.33542,41.4521,718998.94,72.9492,2777.43,48.0,40.9582,14.5
6101.51,2514.19,0.41206,51.8211,854081.4,90.5464,2633.99,44.0,41.0144,7.431
8801.68,1918.39,0.21795,89.1043,1224063.4,140.028,3582.19,11.0,34.4949,0.0
8008.63,2508.37,0.3132,65.663,1158199.4,94.0233,4172.22,34.0,37.9957,12.082
8209.11,2827.36,0.34441,67.2586,1165290.8,109.193,3865.41,32.0,41.5657,15.796
7443.23,2126.36,0.28567,75.7619,1012593.7,137.716,3425.87,33.0,30.4447,17.304
9559.49,2358.78,0.24674,91.8211,1339478.8,136.402,4054.53,57.0,34.6027,6.207
13888.2,4809.44,0.34629,166.952,1962333.9,227.814,4543.8,59.0,29.3195,3.721
8636.47,2105.0,0.24373,85.1331,1189598.6,144.549,3195.12,11.0,36.7767,1.727
6899.99,1968.5,0.28529,65.7462,971351.94,88.5548,3219.89,19.0,38.5892,3.102
9102.93,3696.53,0.40608,94.5807,1284824.9,139.303,3430.53,76.0,30.2068,14.643
8111.49,1632.54,0.20126,71.8902,1161922.4,107.479,4057.08,101.0,34.8833,1.024
6763.81,1521.95,0.22501,67.0542,969815.5,85.3173,2958.61,40.0,39.0825,17.667
6613.28,1960.73,0.29648,61.1701,920730.25,85.7311,3910.73,21.0,37.5748,5.621
6188.5,1515.81,0.24493,70.2925,865860.06,74.3119,2773.01,74.0,38.831,8.245
6643.19,2399.15,0.36114,80.6452,907309.8,95.245,3261.83,58.0,30.3218,1.235
8199.16,2534.14,0.30907,68.3317,1103722.6,121.399,4501.41,64.0,33.9313,6.396
12226.2,2919.26,0.23877,152.058,1703790.1,195.263,4070.5,67.0,32.4556,2.144
5739.61,1875.52,0.32676,55.1203,822810.3,81.9418,2520.95,59.0,41.847,4.713
5861.42,2171.29,0.37043,41.5419,802933.3,81.8192,2400.76,37.0,42.5727,10.571
8452.28,1806.29,0.2137,90.086,1193303.2,117.661,3841.63,49.0,34.9438,3.05
7583.64,2901.69,0.38262,63.9698,1035292.6,112.146,3580.35,75.0,36.566,11.956
7131.1,2125.28,0.29802,52.1083,965226.25,98.1529,2641.91,42.0,40.474,10.381
8732.09,1922.34,0.22014,94.0654,1175073.5,117.182,3988.52,36.0,35.8413,4.925
11613.0,2950.52,0.25407,147.279,1606889.0,183.686,4155.48,62.0,30.9028,2.992
7541.84,2158.25,0.28617,89.7227,1033819.3,90.7625,3530.12,27.0,33.9457,12.199
4465.62,1729.67,0.38733,46.7983,659783.06,63.6453,2350.45,57.0,43.1816,11.249
11836.4,3836.92,0.32416,147.432,1687389.6,172.089,4417.29,118.0,32.5244,18.684
7108.55,2213.11,0.31133,66.4172,1015164.7,105.781,3455.73,19.0,37.4432,16.216
16028.4,4479.58,0.27947,234.147,2195657.8,277.587,4732.34,279.0,26.1278,4.417
10763.0,3269.32,0.30375,101.827,1483361.6,161.451,4470.83,36.0,33.492,4.495
11319.8,4296.25,0.37953,86.7173,1630927.5,170.449,3755.1,25.0,34.4301,17.968
22046.9,7183.42,0.32582,198.231,3078971.0,354.767,6340.82,233.0,21.7441,6.01
8650.12,2178.09,0.25179,82.6023,1189979.6,144.301,3183.04,11.0,36.389,1.692
5583.44,1647.75,0.29511,48.8329,719762.44,81.2895,2013.57,37.0,42.5786,9.988
11103.5,3975.19,0.35801,103.073,1544904.6,143.625,4386.83,64.0,36.4063,17.138
8882.35,3915.36,0.4408,80.4532,1279864.6,143.729,4625.98,53.0,34.9795,18.12
15941.6,4602.57,0.28871,195.314,2199135.8,271.055,5143.31,176.0,25.0984,3.198
7402.04,2823.09,0.38139,70.8964,1013630.44,100.479,3197.58,17.0,38.1402,2.755
5805.15,972.03,0.16744,49.9244,797978.1,62.9746,3051.71,18.0,39.836,3.924
15289.3,4744.03,0.31028,210.276,2131385.8,254.365,5337.42,264.0,24.6509,1.716
8644.06,2704.23,0.31284,96.4097,1196174.9,100.596,3428.7,25.0,36.9015,14.599
6811.92,1773.8,0.26039,67.5572,949937.0,84.6172,3590.36,32.0,37.9459,1.907
7395.3,2388.64,0.32299,50.2699,1001071.1,114.335,2697.39,34.0,40.7936,11.189
5484.86,1992.44,0.36326,49.0661,759146.0,80.8702,2418.47,28.0,43.4106,1.826
8672.79,2300.85,0.26529,103.369,1212750.5,125.16,3890.53,58.0,34.3824,9.367
4585.73,1429.37,0.31169,47.5172,575671.7,78.4349,2129.97,24.0,42.0736,5.699
9966.13,3583.1,0.35952,81.1171,1362538.9,134.066,4959.58,40.0,35.5226,16.464
5839.98,1903.26,0.3259,62.9299,764034.75,93.8161,2821.67,17.0,39.7523,12.321
12896.3,2873.03,0.22277,127.893,1784259.6,181.896,4296.1,174.0,31.6765,17.691
4268.17,785.79,0.1841,38.8271,564236.0,63.6596,2566.32,11.0,43.4596,2.038
15080.8,4850.68,0.32164,162.411,2096171.5,233.973,5325.31,206.0,26.6449,1.487
6633.26,2525.7,0.38076,78.0246,914525.3,92.064,3163.28,62.0,38.3769,2.234
8489.77,2756.59,0.32469,63.4908,1214607.1,105.296,3146.82,33.0,38.154,15.957
9345.44,2648.65,0.28341,109.49,1260141.2,152.217,4074.31,49.0,33.7125,1.878
7134.39,2119.67,0.2971,54.4878,992038.06,92.0188,3593.08,34.0,38.7432,12.452
9480.31,2777.92,0.29301,96.3402,1338500.4,131.707,3656.91,82.0,34.6966,19.089
7438.61,2423.4,0.32578,74.3293,1033080.8,114.651,3172.56,16.0,37.9647,14.365
8542.09,2582.92,0.30237,77.9459,1147485.9,103.059,3648.23,53.0,35.8038,8.096
12202.7,4314.89,0.3536,189.103,1605607.4,230.218,4962.53,74.0,27.8136,7.402
13259.1,5371.25,0.40509,104.024,1832013.5,210.076,3798.41,21.0,36.9817,16.072
7703.92,2304.09,0.29908,60.6072,972146.1,111.55,3260.92,36.0,39.6048,10.723
7642.67,1850.49,0.24212,83.3295,1053755.1,106.558,3884.68,26.0,36.1318,1.396
5497.0,1847.68,0.33612,49.2554,773121.7,81.766,2604.73,92.0,40.6773,13.473
4616.8,1130.88,0.24494,34.4391,637380.44,56.2334,1343.87,13.0,44.9377,8.575
7433.81,2482.49,0.33394,72.0146,1006608.44,112.727,3382.95,77.0,37.1526,4.202
6040.95,2386.99,0.39513,38.3541,823600.06,101.196,1806.86,7.0,42.2747,14.26
6396.79,3021.29,0.47231,68.6107,887726.06,111.089,3337.11,59.0,37.6983,9.151
19073.7,5206.72,0.27297,176.976,2705195.5,251.206,5812.99,209.0,22.7811,15.773
9539.07,2418.26,0.25351,116.88,1315110.2,138.525,4136.06,126.0,32.9774,2.575
10061.0,2617.8,0.26019,105.165,1464140.4,140.978,4087.41,85.0,34.7878,16.728
5527.17,1478.12,0.26742,39.8075,742880.56,64.9532,2848.21,56.0,40.1171,11.961
5654.84,1916.8,0.33896,48.3919,805646.8,80.5176,2799.09,19.0,41.9142,1.837
10275.7,2979.21,0.28992,102.314,1366605.9,159.18,4122.03,134.0,34.0734,18.939
8890.25,2418.96,0.27209,82.3587,1254008.4,120.718,4015.04,76.0,34.2824,3.713
6773.68,2407.09,0.35535,41.8577,953319.94,93.569,3410.53,44.0,46.5464,15.565
5525.66,2306.76,0.41746,53.0427,799818.44,86.9928,2420.58,80.0,41.3232,15.598
12274.9,4149.74,0.33806,124.134,1727866.0,199.196,4182.74,54.0,28.6888,2.338
7244.24,1776.14,0.24517,73.0774,1006209.44,89.9946,3118.65,29.0,38.5232,11.264
4663.57,1313.1,0.28156,47.932,652444.7,59.9311,1893.29,22.0,42.0162,2.213
22980.1,6929.29,0.30153,208.775,3244162.8,348.974,6934.14,229.0,18.5382,18.677
9713.64,3088.38,0.31794,76.3648,1368753.4,124.724,4501.41,20.0,34.4545,11.202
10016.0,3120.97,0.31159,95.8337,1404379.5,110.499,4516.2,37.0,30.0109,19.174
16333.9,4356.72,0.26672,236.416,2218751.8,266.326,4846.1,274.0,27.6867,4.035
15071.7,4753.63,0.3154,176.894,2109098.2,247.237,4646.68,39.0,26.3529,5.752
7505.8,2758.2,0.36747,57.1673,1087004.8,105.875,3601.57,16.0,38.527,16.068
6780.22,1958.01,0.28878,63.511,933110.7,88.9269,2926.9,53.0,39.6911,1.896
17862.8,6467.2,0.36204,163.102,2577895.0,267.094,6762.77,140.0,25.3012,14.482
8306.28,2569.94,0.30939,66.2457,1158446.5,107.903,3321.95,37.0,36.6341,4.505
6703.76,1813.03,0.27044,89.0537,921382.06,92.379,3346.47,24.0,36.9699,14.263
8031.67,3509.57,0.43696,80.4138,1124840.9,139.346,3484.11,38.0,33.5214,4.543
15246.3,4025.12,0.264,176.061,2098628.5,246.532,4695.01,50.0,27.335,5.297
7516.98,1790.21,0.23815,59.1584,1050216.6,81.448,2728.85,28.0,37.88,11.339
8988.94,2112.94,0.23505,92.4496,1264814.5,116.113,3682.02,25.0,35.571,2.247
7748.08,2140.42,0.27625,76.8872,1035518.75,88.5453,3473.04,94.0,36.5874,9.55
11765.1,3117.36,0.26496,145.182,1668753.2,158.334,4179.84,113.0,32.2176,3.488
8452.88,2649.42,0.31343,68.8142,1128651.1,125.379,3493.96,64.0,37.1985,10.944
14101.2,3703.19,0.26261,180.894,1979786.4,242.231,4919.79,95.0,26.9062,4.507
21781.5,5923.1,0.27193,194.398,3092525.8,304.822,5637.08,223.0,20.7313,20.915
8670.87,2688.1,0.31001,61.3743,1221357.8,124.88,3869.17,22.0,37.235,15.98
13439.7,5698.12,0.42397,98.5473,1876355.0,206.699,4652.75,37.0,35.4075,16.571
7045.93,1680.35,0.23848,62.0029,965839.2,90.2364,3442.54,31.0,37.5609,7.111
7739.17,1979.66,0.25579,88.0217,1087290.0,109.093,3884.18,20.0,35.5217,1.791
12701.3,3565.54,0.28072,126.806,1779298.0,167.008,5433.18,116.0,26.6477,16.807
16855.7,5262.12,0.31218,207.889,2218273.5,265.449,6328.7,258.0,21.484,2.45
10199.6,2604.33,0.25533,104.318,1455262.4,146.333,3979.54,45.0,33.051,1.622
12546.7,3442.43,0.27436,159.735,1777271.4,181.36,4832.86,166.0,29.3271,9.809
19520.3,6356.1,0.32561,201.07,2685824.0,317.421,6121.64,229.0,20.0121,11.469
14268.1,2915.31,0.20432,166.119,2016279.9,204.77,4072.63,144.0,31.9934,1.272
4318.35,846.32,0.19598,39.4275,567942.6,61.507,2593.68,11.0,43.7796,2.269
6058.72,1552.34,0.25621,51.5835,839088.5,87.4138,2897.62,2.0,36.4901,7.517
16358.3,4331.95,0.26481,253.41,2251560.8,279.511,4782.75,228.0,27.6521,4.234
7633.63,3030.48,0.39699,91.5977,1064717.6,104.927,3735.49,20.0,36.6727,13.258
7881.25,2641.23,0.33512,57.177,1102111.5,99.5882,3647.6,58.0,37.6123,16.733
13036.6,3120.09,0.23933,200.48,1801310.4,241.851,4929.42,129.0,26.6429,2.002
9376.97,1963.69,0.20941,74.7418,1257476.8,115.968,3569.15,28.0,37.2392,17.989
5014.95,1509.37,0.30097,45.5022,728692.3,69.7722,2599.16,43.0,42.1588,9.797
8517.08,3767.59,0.44235,92.6155,1121989.9,146.236,3392.09,77.0,37.9285,12.536
13319.4,3964.04,0.29761,200.315,1827742.6,217.983,4565.13,183.0,29.0966,2.001
9260.47,2899.53,0.3131,67.8317,1327203.2,113.258,3464.26,35.0,37.4717,15.413
4866.8,1550.43,0.31857,48.7077,686909.1,57.8559,2259.28,23.0,41.0671,6.407
7482.0,2394.86,0.32008,58.8812,1015415.9,104.748,3269.13,20.0,37.8111,9.322
16559.5,5014.89,0.30284,242.575,2249973.8,276.205,4887.36,274.0,27.253,4.048
6950.7,2618.8,0.37676,78.1377,943498.0,112.632,3237.44,75.0,38.0016,14.788
6185.42,1394.4,0.22543,66.8706,821546.9,79.9238,3231.48,20.0,39.3863,0.0
11919.8,3055.52,0.25633,147.41,1606849.1,174.633,4584.68,70.0,30.5978,2.854
5415.75,898.8,0.16596,54.192,759283.44,64.3559,2613.67,1.0,42.1448,1.403
13404.3,4499.3,0.33566,155.454,1914133.1,210.321,5810.94,90.0,25.2637,1.851
8327.96,1806.13,0.21687,80.0565,1187344.9,106.366,4226.17,93.0,34.3106,1.488
5729.97,2046.4,0.35713,54.9784,807810.75,84.033,2569.8,55.0,41.5185,8.21
5378.28,1609.05,0.29917,46.5405,725548.6,79.7549,2968.98,13.0,41.3583,10.022
19419.2,5566.9,0.28666,212.711,2769184.2,286.296,5974.1,267.0,24.3016,11.302
8482.31,1970.72,0.23233,96.8388,1147478.8,123.347,3420.05,16.0,37.1543,1.174
5792.83,2060.41,0.35568,71.8668,803386.5,92.5605,3026.11,33.0,40.326,1.605
8174.98,2815.7,0.34442,67.9893,1118008.4,117.612,3339.58,47.0,38.0752,2.282
5282.11,1417.05,0.26827,48.3006,754930.25,72.0667,2599.04,49.0,42.0777,10.873
8727.46,3048.12,0.34925,101.799,1208045.6,128.034,3356.69,40.0,36.856,15.679
11288.9,3060.67,0.27112,138.478,1527303.2,161.852,4579.76,109.0,30.8229,2.53
16474.0,4153.95,0.25215,178.418,2251773.0,198.091,5861.07,181.0,23.6978,14.357
11548.0,1932.3,0.16732,149.064,1610018.4,158.99,4628.33,148.0,29.7569,1.636
7965.21,3008.31,0.37768,73.4021,1114452.8,107.216,3478.89,23.0,37.0367,13.806
13363.7,4051.71,0.30318,111.374,1806017.1,184.235,4678.18,49.0,30.072,3.437
7518.82,1896.45,0.25222,70.6878,1074928.1,94.2761,2629.86,57.0,40.3371,12.258
7706.58,1987.59,0.2579,84.506,1056429.6,99.9356,4009.41,24.0,36.0308,1.679
11968.1,4586.03,0.38318,76.8,1623024.1,189.227,5884.12,71.0,31.1786,18.26
13561.9,4746.98,0.35002,165.468,1944650.2,234.13,4499.99,28.0,29.8215,3.491
4738.51,1277.88,0.26967,45.4519,672679.25,70.9213,2683.37,18.0,41.8372,3.93
13144.0,4090.62,0.31121,138.716,1886258.9,203.633,4813.27,53.0,29.5676,2.868
4207.92,1332.17,0.31658,34.7781,578000.94,51.8128,1394.49,32.0,44.4306,11.433
5754.88,2015.06,0.35014,54.6065,762078.75,99.4681,2686.46,33.0,41.3693,10.88
9721.11,3198.97,0.32907,135.634,1269116.0,174.575,4503.55,159.0,31.2517,2.656
8268.42,2486.5,0.30072,98.294,1168407.2,113.677,3544.52,90.0,36.9887,2.381
7439.5,1659.84,0.22311,54.5966,1017524.44,90.7994,2801.24,41.0,40.9139,12.476
6973.94,2633.57,0.37763,63.4233,991010.25,91.4344,2381.51,67.0,40.3461,5.866
7282.35,1812.88,0.24894,71.213,1054440.5,86.6181,3039.89,75.0,37.2938,19.453
6605.14,1452.63,0.21992,64.2076,909777.56,83.6421,3248.08,30.0,38.1747,4.052
14015.1,4523.06,0.32272,176.414,2065007.5,259.106,4937.89,88.0,30.794,3.077
19491.9,6126.7,0.31432,248.358,2704481.5,334.516,5493.96,72.0,23.3285,3.272
9053.83,2439.36,0.26942,101.747,1238010.4,152.046,4163.99,77.0,33.1885,0.659
9342.27,2949.37,0.3157,75.6113,1311189.1,121.816,3964.34,76.0,35.9075,5.769
4567.46,1221.95,0.26753,35.4566,635376.2,59.2653,1854.62,13.0,43.434,12.959
7881.74,2915.01,0.36984,86.8572,1101059.0,125.64,4008.5,62.0,38.4147,14.35
6865.67,2905.23,0.42315,52.9694,967956.56,115.254,2759.37,74.0,39.5749,16.789
13667.0,4590.13,0.33585,171.683,2001859.1,258.186,4868.06,82.0,27.4924,3.179
16818.3,5932.2,0.35272,199.467,2292593.2,249.314,5471.36,118.0,24.0251,14.993
4060.58,1057.74,0.26048,39.8157,544574.5,51.7852,2462.34,18.0,43.6323,9.829
6312.09,2147.3,0.34018,67.9001,863975.3,96.5898,3548.85,56.0,36.894,15.86
11986.0,4620.06,0.38545,128.327,1708165.2,180.884,5193.19,149.0,28.8729,14.023
18641.7,5818.14,0.3121,230.916,2620445.8,304.003,5680.4,200.0,22.9736,3.923
7255.2,3220.48,0.44388,52.268,1018098.7,114.526,2859.79,38.0,39.6328,14.575
7914.59,2179.61,0.27539,88.8108,1085437.1,111.92,3099.92,21.0,37.6738,0.6
15234.8,3511.46,0.23048,171.633,2081653.6,213.836,4906.76,122.0,27.6458,2.307
6433.01,1374.99,0.21373,66.8127,878609.56,84.6187,2714.43,44.0,39.5194,2.625
8325.45,2863.29,0.34392,67.2625,1206324.2,110.719,2545.87,78.0,40.3464,12.567
15716.3,5568.07,0.35428,196.154,2177645.8,238.318,4755.36,153.0,28.1714,16.529
7127.04,1727.85,0.24243,74.3211,958901.06,85.5299,4333.63,96.0,33.2261,14.404
8133.07,3031.32,0.37271,68.4943,1158046.4,114.867,3039.87,49.0,33.993,14.577
14291.4,3990.75,0.27924,148.839,2011752.1,221.14,5353.57,82.0,26.191,2.494
14182.6,5017.9,0.3538,177.391,1972038.8,238.252,5417.3,202.0,27.3578,2.177
9952.83,2925.09,0.29389,99.4875,1365455.8,113.548,4441.49,13.0,31.2406,16.187
19675.2,5261.77,0.26743,245.898,2727459.8,276.266,5628.51,210.0,19.2817,4.758
7829.75,2728.31,0.34845,70.037,1077650.5,107.08,3202.16,21.0,38.1535,2.811
8671.22,2290.29,0.26412,77.2531,1163909.4,123.433,3296.52,17.0,36.5352,3.331
7457.8,2502.32,0.33553,68.4497,1064614.4,101.557,3308.92,38.0,38.3202,5.523
9986.75,1992.23,0.19948,109.138,1418458.4,129.617,4224.85,48.0,33.8523,0.936
9105.74,4083.07,0.4484,88.0365,1259240.4,146.223,3799.71,117.0,34.5875,3.58
14106.2,4910.99,0.34814,160.278,1973081.9,213.863,5082.3,84.0,27.0147,5.496
16823.7,5177.82,0.30776,203.011,2241025.8,281.858,5127.7,189.0,26.1324,3.728
9578.11,2276.72,0.2377,100.327,1350992.9,120.845,3867.43,44.0,34.8939,2.837
6732.37,1974.31,0.29325,78.9454,902829.6,94.8973,3698.92,64.0,35.9158,11.952
10218.3,2882.79,0.28212,95.0009,1367720.4,134.476,4716.8,52.0,35.5675,17.905
5416.42,1964.43,0.36268,60.3788,759109.06,87.372,2736.91,59.0,39.9508,16.102
6576.85,2344.81,0.35652,50.7263,932175.9,90.6715,3288.42,78.0,39.218,13.966
10160.6,4250.86,0.41836,75.438,1389949.8,151.385,3622.8,10.0,37.3824,15.455
9477.07,3248.95,0.34282,69.2139,1330112.5,142.99,3726.06,31.0,34.3076,15.885
5719.01,916.92,0.16032,51.8328,791731.0,61.194,3023.86,23.0,40.0082,3.478
12613.2,3687.55,0.29235,135.895,1746674.9,171.655,4825.97,73.0,29.5795,11.147
9810.74,2564.04,0.26135,134.334,1380757.0,153.41,4368.47,57.0,31.9604,2.392
7507.79,2111.07,0.28118,69.6686,1037954.06,105.631,3127.53,25.0,37.0112,4.374
8148.25,1543.68,0.18944,73.4546,1150167.5,104.868,3746.33,12.0,34.4398,1.784
13249.1,5025.83,0.37933,153.448,1828995.2,212.594,5010.68,186.0,27.5784,17.341
9610.5,2842.93,0.29581,88.8486,1347718.9,130.549,4614.93,49.0,32.563,1.873
8756.47,2553.58,0.29162,62.6948,1228005.1,101.652,2985.11,53.0,37.8439,13.791
5368.3,1943.59,0.36204,45.8007,744661.1,75.995,1970.96,15.0,43.8325,2.031
5559.01,2155.71,0.38778,49.5259,773673.06,81.1072,2380.65,28.0,42.5329,1.518
16266.4,4829.42,0.29689,159.482,2293346.8,233.098,6307.94,131.0,24.232,17.286
8048.48,1492.6,0.18545,80.6429,1076028.2,103.516,3732.06,21.0,35.5578,16.89
15118.0,3918.19,0.25917,176.221,2128312.0,215.339,5707.35,71.0,22.9969,1.384
4094.83,1412.09,0.34484,29.0958,583819.4,54.4214,1267.75,53.0,44.1225,17.973
8627.97,1759.86,0.20397,101.668,1221562.0,121.319,3795.27,43.0,35.3461,2.741
8505.66,1607.82,0.18902,63.9022,1191761.5,97.5903,3328.78,54.0,37.8168,14.629
7881.1,2771.69,0.35168,77.9459,1120686.6,116.833,4137.44,58.0,37.0568,15.327
9358.72,3482.29,0.37209,80.1665,1328556.1,138.001,3788.99,27.0,35.9877,3.823
5907.98,1926.7,0.32611,70.8449,809334.1,85.3933,2635.52,50.0,37.93,10.039
11303.2,2080.82,0.18409,141.781,1581784.4,169.201,4665.73,139.0,23.5954,1.767
9738.9,2088.23,0.21442,95.9377,1370631.8,118.862,3814.19,54.0,34.375,16.772
13946.0,3761.37,0.2697,186.832,1961815.5,210.285,5677.75,65.0,23.0798,1.392
4953.77,1309.17,0.26427,40.8514,685966.4,59.1464,2597.0,56.0,41.6324,3.687
5727.42,2448.75,0.42754,47.0069,775997.44,103.445,2646.72,48.0,40.9196,17.167
13931.8,3731.73,0.26785,179.645,1891086.6,255.425,5137.35,90.0,24.6486,4.322
8356.0,2915.33,0.34889,92.8221,1197630.0,137.528,3785.51,104.0,33.3997,17.72
10068.9,2995.79,0.29752,93.4671,1417396.5,117.864,4329.82,101.0,32.9389,16.694
6183.92,1501.23,0.24276,66.7455,864223.25,76.7876,2810.45,82.0,39.5212,9.083
8195.27,2495.55,0.30451,68.469,1183853.5,103.587,3044.79,52.0,38.6453,18.933
6936.86,2190.17,0.31572,59.5608,935039.44,98.9902,3095.07,27.0,40.2743,1.672
7410.74,1167.34,0.15752,61.157,1041624.1,69.3,2934.74,34.0,38.7308,15.42
7153.33,2883.43,0.40308,72.7687,987298.1,98.566,3289.17,45.0,39.3155,4.262
14313.1,3985.8,0.27847,178.661,1990754.6,209.045,4968.54,112.0,28.936,3.835
6386.12,1827.06,0.28609,60.0834,915932.75,83.3818,3657.34,44.0,36.6672,14.176
6796.97,2607.6,0.38364,50.7862,939716.5,105.486,2806.01,75.0,39.6432,13.926
12707.2,2671.42,0.21022,148.216,1741143.6,206.852,4861.7,136.0,29.6214,0.731
9063.17,3153.9,0.34799,70.0488,1250263.0,121.138,4065.02,54.0,36.4082,15.424
6307.43,1596.9,0.25317,48.4799,908174.75,75.0426,2915.07,27.0,40.2412,15.195
8135.26,2361.04,0.29022,92.4233,1108056.1,119.917,3224.01,82.0,38.7058,1.801
21581.1,6409.98,0.29701,319.463,2981946.8,362.198,6591.57,101.0,17.7946,3.124
14500.7,4149.06,0.28612,188.928,2009304.1,224.308,5591.38,141.0,22.8157,1.101
12540.6,4398.92,0.35077,151.526,1680505.9,204.298,4718.48,114.0,29.287,6.196
8662.43,2369.17,0.27349,84.8468,1229745.6,119.219,4006.76,5.0,34.0745,2.036
5385.43,2325.98,0.4319,51.4892,745762.0,79.7331,2252.85,19.0,42.7003,2.583
10909.7,4238.74,0.38852,118.617,1478068.9,190.347,4603.93,96.0,31.6046,20.303
5604.18,1379.29,0.24611,51.2823,733127.75,88.9084,3556.88,22.0,40.9181,2.243
13375.1,3541.12,0.26475,166.302,1879992.9,208.163,4930.53,210.0,28.2107,2.16
7761.92,2505.8,0.32283,91.9423,1071356.0,99.3987,3586.47,21.0,36.8437,16.423
10152.8,3425.93,0.33743,97.1598,1328462.1,160.599,4337.03,92.0,34.3499,18.406
16599.1,5997.7,0.36132,187.438,2235165.0,252.513,5576.5,103.0,23.8358,7.392
6162.38,1661.23,0.26957,65.5897,878253.75,83.0842,3089.77,10.0,39.1372,1.815
7727.23,3234.63,0.4186,67.198,1063636.4,131.091,3377.03,49.0,36.7069,11.695
10894.5,2740.19,0.25152,128.415,1486137.1,159.826,3768.0,23.0,34.0081,3.292
5646.69,1387.38,0.24569,44.3574,790326.2,68.3351,2938.94,12.0,41.4846,2.581
7843.48,1983.4,0.25287,91.0143,1092912.5,126.43,3216.24,4.0,37.0301,0.685
5293.65,1618.41,0.30572,44.6322,769912.8,62.6281,2346.67,18.0,40.3015,2.388
7300.24,3470.97,0.47545,86.3235,1023715.56,138.141,3761.3,125.0,35.8316,15.787
6109.21,1466.97,0.24012,71.2282,851105.4,76.6336,2838.85,81.0,39.4581,8.547
5747.05,2106.94,0.36661,61.5392,745124.2,95.2288,2409.03,49.0,40.4892,2.985
9672.83,2732.03,0.28244,116.785,1365080.5,132.086,3785.83,51.0,35.0964,1.736
6999.97,2185.46,0.3122,64.1166,976689.5,96.0462,3067.17,56.0,38.9054,1.545
9113.43,2962.59,0.32507,86.3537,1313122.8,133.11,3296.47,9.0,36.6079,2.66
7566.27,2303.09,0.30438,74.8678,1028846.9,113.169,3359.55,83.0,37.6291,7.326
5564.42,1502.84,0.27008,53.9745,704533.94,91.8311,2714.24,5.0,40.7729,9.58
13063.3,5422.19,0.41507,96.2699,1849738.1,181.41,4545.68,77.0,37.1904,16.824
14853.2,5164.06,0.34767,153.433,2124895.0,226.761,5900.28,73.0,24.9342,1.995
6653.55,2150.13,0.32315,55.5955,920127.9,91.6135,2784.56,39.0,40.5265,2.628
22770.0,6712.24,0.29478,307.776,3142169.2,353.023,6350.48,87.0,15.9839,5.768
10144.6,3326.51,0.3279,109.464,1415337.2,177.853,4173.77,49.0,33.7445,3.209
16777.2,5309.96,0.31649,201.102,2273344.2,275.807,5362.09,212.0,24.6525,2.355
8005.51,2526.4,0.31558,74.3116,1117481.5,106.674,3983.58,54.0,33.7411,6.666
9143.67,2767.47,0.30266,100.244,1255738.1,130.576,4035.13,34.0,33.4666,4.383
5514.84,1294.91,0.2348,51.0705,794504.75,72.5111,2857.0,61.0,40.3188,1.387
15194.6,2723.2,0.17922,177.157,2115950.8,214.616,4716.22,25.0,28.4327,1.414
13031.1,2807.56,0.21545,142.274,1798964.5,179.027,3827.67,87.0,33.4072,19.207
8781.91,3092.12,0.3521,64.6458,1243781.6,129.076,3532.76,26.0,36.5162,15.463
19044.4,6192.86,0.32518,165.042,2660924.2,265.372,5626.16,196.0,21.6018,4.234
8723.86,3162.29,0.36248,85.51,1175184.9,134.492,3705.03,26.0,36.1051,18.637
10209.3,3160.08,0.30952,118.194,1436839.6,161.018,4254.72,50.0,33.5394,3.967
9702.68,3224.57,0.33233,91.0307,1341364.4,110.711,5006.19,26.0,34.9813,11.334
8581.42,2134.33,0.24871,100.587,1200939.9,125.405,3804.03,63.0,35.2553,3.024
10293.1,2555.98,0.24831,115.069,1457340.1,147.782,4331.94,55.0,32.1806,3.184
9819.48,2605.09,0.26529,107.65,1389438.2,164.064,4112.56,48.0,34.1372,2.719
12429.4,5116.69,0.41166,179.811,1684569.2,233.078,4890.53,204.0,27.7816,18.518
7018.77,2190.65,0.31211,64.2053,947566.2,100.607,3039.25,43.0,40.1536,4.561
4745.91,668.73,0.1409,46.4208,591044.4,61.3327,1858.41,35.0,43.7287,9.153
14636.3,3454.17,0.236,203.818,2037778.8,232.046,4981.14,123.0,26.5474,2.363
7968.42,2145.02,0.26919,73.9338,1088853.9,102.86,3483.88,31.0,34.3828,10.826
16670.5,6803.35,0.4081,199.705,2215892.2,306.828,5330.3,208.0,24.4444,19.657
4612.55,1439.99,0.31218,40.8724,620274.8,59.8228,1488.49,16.0,43.967,8.486
11710.2,4190.83,0.35787,82.1349,1573564.8,183.785,4089.43,39.0,31.7777,15.086
9069.34,2828.27,0.31184,73.41,1237437.1,126.421,3768.6,110.0,36.1394,15.101
8642.06,2674.71,0.30949,95.049,1184979.1,151.851,3265.32,13.0,36.5846,1.522
6003.2,1429.43,0.23811,68.7271,825125.06,78.125,2750.88,53.0,39.8183,8.669
13007.1,4592.55,0.35308,159.2,1828206.4,239.157,4290.39,38.0,27.2536,3.162
8959.42,3732.93,0.41664,71.8185,1275908.2,133.02,3428.72,21.0,35.1539,14.307
8372.56,2057.32,0.24572,83.1722,1186950.0,107.451,3818.31,20.0,35.2939,3.488
5056.35,1345.12,0.26602,47.4534,699379.6,59.5793,2206.71,18.0,46.5464,2.597
6080.01,1845.12,0.30347,55.7799,845301.6,86.0978,2414.17,62.0,41.9479,11.725
7282.85,2138.14,0.29358,73.6871,1001341.7,112.744,3081.71,80.0,39.004,0.925
8208.61,2731.76,0.33279,66.514,1106014.0,113.469,4024.66,83.0,34.7163,14.934
10084.7,3462.94,0.34338,104.71,1439716.4,120.97,3437.53,76.0,36.2504,14.928
17884.5,5422.54,0.30319,179.705,2549273.8,244.05,5232.71,96.0,26.2724,12.269
8741.44,1795.34,0.20538,106.184,1176127.0,136.41,3986.96,41.0,34.1095,2.022
12986.0,5418.13,0.41722,139.395,1775206.2,251.923,5087.19,91.0,27.6877,19.988
7758.34,2187.88,0.282,81.6881,1104826.1,105.635,3915.24,37.0,33.6399,2.898
5649.4,1479.92,0.26196,57.4623,707745.3,88.4986,3083.65,16.0,39.4904,2.227
9623.24,2539.84,0.26392,112.186,1371457.9,151.485,3805.24,15.0,34.1857,0.515
6230.79,1515.67,0.24325,53.6059,812298.44,93.3842,4092.28,19.0,40.7346,3.455
7148.91,2419.85,0.33849,62.8555,957596.94,103.65,3049.61,49.0,38.7365,5.869
9757.02,2688.95,0.27559,114.709,1363656.9,163.663,4178.14,47.0,33.1041,2.912
14717.2,5553.72,0.37736,126.079,2107056.8,209.68,5194.8,145.0,27.3933,4.797
7324.17,1835.75,0.25064,81.3436,1006759.06,109.199,3832.11,30.0,35.9153,1.566
16456.8,5815.14,0.35335,154.301,2339119.5,282.988,7767.5,142.0,28.6678,14.939
3237.64,963.93,0.29772,24.0526,436297.78,35.0995,1349.12,1.0,46.5464,1.863
12243.6,3306.55,0.27006,151.027,1753128.9,176.181,4738.6,27.0,29.035,1.74
9850.45,2706.31,0.27473,104.122,1384820.9,148.706,4230.41,152.0,33.436,2.064
5695.1,1010.91,0.1775,50.6202,779814.6,63.0726,3034.58,22.0,39.8741,3.757
5616.46,1458.33,0.25965,51.4112,816221.5,66.8883,2448.57,73.0,42.0695,3.291
8485.31,2387.78,0.2814,82.4057,1208270.1,132.31,3806.86,3.0,36.3682,1.931
30970.4,10658.9,0.34416,273.558,4256876.0,387.042,6701.17,205.0,19.5778,19.347
5194.28,2134.08,0.41085,35.3136,737997.44,69.0665,2575.47,39.0,42.762,2.351
12734.2,3090.38,0.24268,180.413,1776826.4,174.898,4635.52,86.0,29.7533,3.372
7544.26,1956.06,0.25927,89.106,1021723.9,119.413,3576.25,39.0,35.5648,3.77
6777.37,1837.46,0.27111,42.0941,936444.44,107.913,3013.6,82.0,39.3501,14.185
14425.9,4781.55,0.33145,109.226,2105655.2,181.372,5734.07,111.0,33.1494,20.17
16637.4,5852.08,0.35174,182.638,2349556.0,259.276,4900.23,38.0,26.5173,6.156
9218.25,2689.79,0.29178,86.4284,1307159.9,126.685,3959.64,68.0,33.1256,5.72
10463.7,3863.11,0.36919,95.2355,1466884.0,121.999,4015.64,46.0,35.5778,14.819
5376.85,1331.05,0.24755,54.3293,740052.44,70.217,2272.27,15.0,41.8867,2.679
6338.98,1661.9,0.26217,53.0541,888780.4,77.9892,2790.4,38.0,40.1012,7.133
6546.41,1449.09,0.22135,54.9037,913101.44,67.7836,3248.37,27.0,39.9997,3.408
10978.4,2997.3,0.27301,129.895,1566030.8,173.326,4441.85,50.0,31.6726,3.008
9614.22,1611.87,0.16765,90.824,1367701.0,110.838,3989.19,68.0,34.237,14.633
5622.3,1611.51,0.28662,57.6077,753188.8,89.0598,2674.56,30.0,41.0167,3.95
5529.64,1219.72,0.22057,52.5712,730897.9,83.53,3435.15,19.0,40.4579,1.973
8972.71,3070.23,0.34217,67.4482,1269041.8,124.684,3262.4,30.0,35.1555,17.445
17639.5,3849.01,0.2182,205.076,2543019.5,249.478,5785.3,265.0,24.2427,7.083
16817.5,4230.29,0.25154,231.361,2337042.8,258.235,5652.05,201.0,22.4028,1.919
6623.54,1696.52,0.25613,64.8736,926451.2,86.3677,3576.93,32.0,34.0549,1.874
10598.1,3434.29,0.32404,100.91,1477429.8,135.213,3678.15,28.0,35.173,4.301
11712.7,3173.35,0.27093,112.907,1644783.2,175.291,4527.26,67.0,32.1201,2.881
4190.36,732.8,0.17487,39.7899,551708.44,59.51,2560.08,12.0,43.4944,1.974
13784.8,3824.96,0.27747,166.846,1928476.6,205.526,4811.02,131.0,28.8969,3.946
10440.9,3063.87,0.29344,92.677,1479338.2,136.425,4177.78,113.0,33.2318,15.637
9512.44,5172.7,0.54378,81.5767,1186617.4,193.911,2687.97,87.0,38.635,19.807
10563.4,4789.77,0.45343,93.6058,1527163.9,156.972,5052.18,39.0,35.6837,14.732
6287.69,2015.43,0.32053,56.7017,875523.06,91.2635,2709.18,42.0,40.296,1.84
10526.7,3662.81,0.34795,129.103,1405880.5,175.237,4109.01,36.0,33.7698,1.853
5339.26,1468.71,0.27507,39.7644,717024.0,94.9956,2815.2,58.0,41.041,10.292
9071.93,2732.43,0.30119,52.9055,1225691.2,123.685,3976.38,26.0,35.9117,14.864
8715.99,3056.39,0.35066,68.4163,1223020.2,113.047,3916.56,62.0,35.382,18.061
5787.27,2401.79,0.41501,49.1059,806005.2,86.1888,2986.44,46.0,43.1536,9.979
8869.59,2886.97,0.32549,64.6229,1243928.4,107.005,3057.11,52.0,37.3777,14.097
7012.3,1840.5,0.26246,82.1101,964912.56,92.655,3513.24,31.0,37.7818,11.202
7835.88,1920.04,0.24503,72.8105,1104694.6,95.9505,2902.98,50.0,39.3353,17.271
16511.7,4773.44,0.28909,248.513,2314925.5,266.196,5382.73,205.0,25.2829,4.28
7226.73,2613.28,0.36161,53.6623,998187.94,111.316,3343.47,23.0,38.4148,14.773
5889.21,1924.69,0.32681,56.0572,812109.4,82.2289,3175.28,17.0,39.6653,6.869
4996.96,1327.36,0.26563,47.7576,699687.1,56.0844,1922.07,13.0,43.6749,2.382
16381.1,4273.05,0.26085,230.804,2316150.8,260.358,5542.66,89.0,22.15,2.292
11626.4,3255.44,0.28,128.379,1651026.6,160.682,5000.25,64.0,29.8673,12.559
4053.04,1216.85,0.30023,32.4913,555961.44,51.4097,1398.52,17.0,44.3421,1.424
4914.63,1641.17,0.33393,38.2937,678260.7,64.813,2345.02,42.0,43.1829,16.222
6563.43,1572.05,0.23951,61.5435,897302.25,78.1537,2814.61,17.0,40.3002,1.375
15412.3,4907.74,0.31843,233.176,2109687.2,262.289,5383.41,131.0,24.1076,2.158
16298.5,5539.42,0.33987,168.065,2280005.0,231.386,5611.53,76.0,25.481,7.015
10866.5,2568.39,0.23635,116.346,1477692.4,172.425,4047.24,75.0,32.4376,3.606
8860.01,1944.39,0.21945,74.027,1173175.8,116.473,3258.81,40.0,36.818,17.663
3425.48,1287.08,0.37573,24.618,466895.97,46.0849,1340.41,5.0,45.5307,3.592
12530.5,3151.28,0.25148,135.703,1694891.1,162.42,3976.68,178.0,32.4348,2.768
8948.04,2922.19,0.32657,86.3752,1255935.6,139.575,3610.68,91.0,34.8599,13.385
7755.74,1981.49,0.25548,68.3646,1069896.2,91.8552,3355.52,55.0,38.2508,14.947
21921.6,6167.47,0.28134,300.817,2979288.2,311.645,6642.21,290.0,18.6928,1.513
8456.37,2315.02,0.27376,71.0666,1198757.1,100.933,3254.31,67.0,39.5009,18.014
7388.49,1594.3,0.21578,65.442,977182.2,82.3666,3484.83,16.0,37.2455,3.77
13443.6,3180.06,0.23654,166.645,1911736.8,209.064,4921.98,91.0,20.3123,10.145
5347.35,1187.86,0.22213,42.6034,753172.06,66.6271,2827.96,22.0,42.1287,10.858
12298.0,3312.08,0.26931,144.576,1703855.2,208.828,4884.03,54.0,28.8846,2.255
7831.01,2237.86,0.28576,94.9651,1095055.6,108.848,3723.02,107.0,35.2154,17.34
9295.45,3533.38,0.38011,86.2786,1250307.8,131.078,3798.17,37.0,36.8711,14.09
15764.8,3503.65,0.22224,167.719,2202946.5,225.176,4913.37,79.0,27.5506,2.165
7781.93,2474.56,0.31798,63.3981,1091285.4,103.232,3144.54,75.0,37.979,19.135
10101.6,2992.01,0.29619,99.6573,1408881.9,139.568,4319.81,53.0,33.1808,5.681
13177.8,2815.27,0.21363,187.978,1833294.4,237.192,4845.96,133.0,27.5152,3.523
15337.1,6502.03,0.42394,114.639,2145437.0,239.677,5048.53,89.0,29.0151,19.966
3131.14,1175.34,0.37537,23.2478,424245.72,43.7503,1241.71,9.0,45.9293,6.49
13031.0,4664.35,0.35794,186.379,1705346.0,249.12,5101.57,90.0,26.5591,7.346
7495.5,2329.12,0.31073,60.296,1069412.4,101.724,4069.24,53.0,38.5214,16.598
10238.9,3136.02,0.30628,100.328,1408293.8,149.5,3631.42,121.0,36.1207,1.93
9195.32,2889.84,0.31427,77.65,1304969.2,131.707,4074.96,76.0,33.4138,4.513
11383.5,2939.63,0.25823,143.009,1611749.4,165.48,4143.27,125.0,32.1134,2.769
11835.0,5124.93,0.43303,137.996,1621735.5,196.819,4726.62,132.0,30.9316,17.277
6033.25,1897.52,0.31451,55.2232,831448.6,86.1944,3256.34,13.0,39.4412,6.584
15872.4,5122.38,0.32272,211.653,2216342.0,272.207,5363.69,283.0,24.3835,1.481
7633.41,1991.83,0.26093,94.0227,1060301.6,126.21,3221.02,4.0,36.8412,0.501
21907.7,5950.51,0.27161,287.77,2982829.0,312.697,6646.49,283.0,18.5755,1.566
7350.68,2891.24,0.39332,44.9264,1048704.1,96.7619,2979.99,35.0,40.408,12.269
13524.3,3363.1,0.24867,140.316,1814521.6,160.598,4217.53,192.0,31.2685,3.848
12167.1,3411.93,0.28042,127.06,1688512.6,161.195,4711.17,41.0,29.6361,16.846
6614.23,1987.74,0.30052,89.9908,912596.75,87.0909,3424.89,19.0,37.5776,17.772
14344.6,3462.72,0.24139,170.958,2055761.6,222.817,4850.99,97.0,28.0759,4.759
10966.1,2957.9,0.26973,118.356,1604505.4,174.873,4269.79,53.0,32.1628,7.987
8816.73,3577.76,0.40579,101.622,1146531.8,146.619,3754.73,66.0,35.3622,16.039
7235.52,2497.24,0.34513,60.6409,988269.7,104.549,2886.13,64.0,39.5386,15.185
10941.7,3173.54,0.29004,133.134,1568497.8,170.786,4429.09,38.0,29.7741,2.812
8181.23,2268.74,0.27731,78.3143,1144017.6,102.291,4129.21,62.0,34.7976,4.379
8303.02,2096.92,0.25254,84.7676,1191293.8,112.93,4058.78,98.0,34.8901,1.458
14599.1,3378.1,0.23139,176.331,2073755.2,219.722,4820.65,83.0,31.943,4.562
10369.1,2635.03,0.25412,76.4188,1468750.5,134.101,4230.35,67.0,33.7897,16.621
11887.8,3310.82,0.2785,82.4565,1603223.4,173.592,4517.1,69.0,32.861,15.745
4213.49,1323.95,0.31421,35.5795,583766.8,50.1534,1407.0,17.0,44.1577,1.388
7295.56,1628.94,0.22327,62.0714,1006815.5,89.4521,2731.33,102.0,39.5535,11.145
5286.62,1184.21,0.224,52.3366,716899.5,63.8838,2364.37,18.0,41.294,7.528
13288.8,3952.76,0.29745,168.534,1836224.9,217.645,4729.59,117.0,28.8209,4.714
13696.4,5210.36,0.38041,161.352,1908285.8,267.832,4716.15,51.0,28.0347,13.248
9610.49,3889.53,0.40471,91.2175,1359780.6,145.868,4090.82,21.0,35.6679,15.127
6431.34,1881.2,0.2925,66.1375,909485.4,79.787,3554.77,35.0,38.2967,2.031
23508.6,7657.9,0.32574,300.981,3290890.0,395.677,6306.63,95.0,17.8231,3.587
9438.24,2076.58,0.22001,108.314,1309036.9,129.77,4220.36,55.0,34.0068,1.531
14702.5,3869.14,0.26316,196.009,2044720.9,254.189,5010.74,122.0,26.3475,6.921
8698.05,2596.98,0.29857,83.0374,1212536.5,120.552,4041.21,46.0,34.7842,10.378
6997.5,2161.0,0.30882,61.6332,992216.06,90.0566,3937.39,46.0,36.4934,7.081
7877.11,2629.99,0.33387,69.0173,1137270.0,102.312,2837.7,86.0,39.6781,11.835
6091.67,2166.43,0.35563,63.896,828661.06,93.0652,3258.43,38.0,38.1792,7.798
4446.22,510.53,0.11482,43.5679,605233.3,51.6148,2254.62,23.0,43.7259,9.162
7965.57,2118.53,0.26596,64.1946,1099853.4,111.949,3763.13,26.0,36.6501,1.325
8371.54,2384.26,0.2848,74.8215,1132135.1,107.855,3554.95,83.0,36.1614,7.432
6470.08,2277.72,0.35203,34.8451,901395.5,91.9717,2413.82,29.0,44.5007,2.021
9275.1,3059.07,0.32981,104.155,1269520.8,152.134,3311.72,10.0,46.5464,2.333
9567.63,2947.18,0.30803,94.301,1354991.2,128.139,4086.81,99.0,33.7024,5.662
10183.5,3182.59,0.31252,114.426,1396452.4,148.743,4452.49,102.0,34.1382,4.55
14404.7,3952.4,0.27438,157.237,2024068.1,168.331,4900.07,40.0,25.1143,15.657
5976.82,1533.27,0.25653,67.9583,809724.0,89.8609,2872.44,19.0,39.4973,12.623
9463.85,1892.29,0.19994,99.6878,1335446.0,136.028,4264.19,46.0,33.5932,0.733
8648.15,3078.1,0.35592,105.413,1177878.0,141.428,3732.37,43.0,34.577,10.19
6862.96,1655.9,0.24128,64.6941,932841.8,76.9034,3470.77,53.0,38.3461,3.774
10015.3,3121.66,0.31168,95.2742,1412969.2,132.943,4167.06,110.0,32.7294,4.128
11451.1,3101.14,0.27081,141.982,1617394.5,164.238,4167.54,131.0,32.4508,2.818
6894.06,1864.62,0.27046,65.9819,922024.44,95.7821,2990.52,17.0,38.9599,1.766
5320.67,1172.84,0.22043,46.8991,761192.1,70.7794,2857.81,57.0,40.3716,1.412
16378.2,6155.29,0.37582,149.845,2323572.8,255.342,6633.98,45.0,24.8385,18.855
6167.06,2009.56,0.32585,49.1643,793035.6,91.033,2549.67,39.0,43.7389,14.756
11443.5,4388.6,0.3835,100.655,1585511.4,180.529,5938.71,94.0,29.7256,18.24
8043.76,2064.11,0.25661,83.6028,1135569.0,112.001,3334.78,9.0,36.4609,2.354
12119.3,3220.73,0.26575,149.623,1734031.8,170.154,4687.75,26.0,28.9057,1.819
5864.42,1939.01,0.33063,67.988,807484.2,89.8386,3008.89,36.0,40.3442,1.631
11961.1,4591.1,0.38383,126.764,1681248.6,176.827,4146.91,54.0,30.0067,11.44
8660.0,1932.2,0.22311,99.1296,1204103.4,135.511,3669.84,15.0,33.9625,1.889
10377.8,2596.98,0.25024,105.479,1450161.1,118.301,4226.42,59.0,33.6148,4.619
8598.71,3861.8,0.44911,67.5708,1218522.9,130.239,3293.1,47.0,38.4082,15.48
7484.83,3186.36,0.4257,79.8091,1061268.1,117.189,3305.58,45.0,37.7489,2.893
9576.48,3372.38,0.35215,100.994,1361280.0,134.256,3610.84,47.0,32.3144,12.721
15969.0,5370.35,0.33629,190.338,2273071.2,260.587,5104.43,86.0,25.6476,4.289
7687.83,2026.65,0.26361,74.2142,1081774.9,94.8747,3144.69,32.0,35.567,18.213
6743.79,2520.14,0.37369,64.7486,947053.75,94.5936,3839.67,61.0,36.6395,4.734
9224.61,3380.26,0.36643,79.5171,1254603.5,128.14,3886.33,108.0,35.9365,7.31
9363.74,2639.18,0.28185,101.224,1281686.5,160.368,4132.2,75.0,33.2427,0.669
7680.71,2794.16,0.36378,69.245,1096926.2,98.8446,3447.87,51.0,37.06,16.165
6009.14,2025.56,0.33707,53.9772,819403.25,87.0473,3192.42,12.0,39.4568,7.905
14228.4,3219.02,0.22623,154.029,1983862.4,213.603,4843.96,22.0,27.7067,0.0
5637.88,1478.08,0.26216,57.348,705597.9,89.9946,3082.66,17.0,39.4901,2.128
5143.31,1364.6,0.26531,47.6717,648468.5,68.6468,2210.01,40.0,43.6197,13.212
14073.5,3226.59,0.22926,170.559,1970375.1,202.117,4030.22,139.0,32.2602,1.566
5922.49,1494.26,0.2523,68.3209,839309.7,75.662,2694.29,70.0,40.1124,0.0
7616.97,1754.39,0.23032,68.0612,1104205.2,97.6673,3026.0,14.0,38.0874,1.771
6634.48,2757.39,0.41561,52.5415,910835.75,102.348,3390.38,36.0,39.4911,8.451
6655.04,2575.37,0.38698,62.1462,963754.06,107.22,3292.65,82.0,38.0016,14.418
9265.02,2262.73,0.24422,101.683,1306886.2,114.962,3850.21,47.0,34.9547,3.081
16164.4,4997.39,0.30916,175.392,2307217.8,235.985,5768.81,112.0,28.2569,16.779
6351.13,2007.98,0.31616,79.7084,885173.44,119.299,3437.8,83.0,37.5384,15.999
8458.02,2364.57,0.27956,63.0582,1173313.0,114.166,3700.59,62.0,36.597,16.134
11155.7,2974.39,0.26662,127.055,1549864.1,169.75,4355.13,53.0,31.9108,2.773
6066.88,1094.14,0.18034,58.0753,802779.6,64.668,2999.04,34.0,38.2889,17.726
7858.67,2477.4,0.31524,69.0386,1042567.6,112.617,3840.75,66.0,35.1764,12.513
10165.2,2184.81,0.21493,118.143,1377804.9,152.584,3603.61,20.0,31.2793,2.138
5835.0,1717.01,0.29426,69.7365,812132.56,84.8479,3046.61,41.0,40.1901,1.651
13279.2,5970.64,0.44962,171.298,1831913.5,254.768,64876.68,118.0,30.966,19.743
13589.6,5308.1,0.3906,169.394,1925952.2,264.626,4559.95,53.0,28.879,14.646
11820.3,3551.1,0.30042,122.803,1591371.9,172.357,4395.49,9.0,30.3989,12.544
7371.83,2592.04,0.35161,52.6081,983777.2,108.414,2701.45,39.0,41.8666,8.198
12605.8,4308.1,0.34175,127.601,1763094.8,198.019,4234.69,37.0,29.1241,2.596
4828.98,1472.47,0.30492,44.976,666774.1,60.8637,1881.46,15.0,43.6611,2.365
14559.3,4303.71,0.29559,194.303,2025637.8,228.913,5618.69,136.0,22.8211,0.821
5872.16,1304.93,0.22222,53.5147,811496.8,70.3888,2677.67,36.0,40.7369,7.416
5272.92,1857.85,0.35233,49.4719,732763.3,68.0817,2267.16,17.0,42.291,4.036
10685.7,2963.07,0.27729,141.115,1514701.4,150.993,3942.16,139.0,32.1409,17.201
5844.85,1852.23,0.31689,55.83,799094.44,82.0094,3179.91,12.0,39.5845,7.998
15692.9,4393.41,0.27996,164.856,2254123.2,216.791,6634.88,83.0,21.05,18.978
15588.8,5095.93,0.32689,222.108,2160941.2,257.866,5357.64,294.0,24.4948,2.644
12046.4,2602.83,0.21606,141.104,1665587.2,152.258,3766.02,122.0,33.9493,19.095
8852.8,1728.68,0.19526,80.2752,1268877.8,102.719,3939.68,13.0,35.3534,1.068
12074.9,2939.38,0.24342,110.073,1693091.9,139.676,4247.58,36.0,33.937,14.763
17865.8,6067.43,0.33961,159.531,2493883.5,292.531,5412.59,127.0,29.3941,4.669
9624.92,3070.17,0.31898,76.2866,1355876.6,127.973,3990.57,76.0,34.7976,6.055
7568.12,1580.96,0.20889,73.9803,1060019.9,84.1432,3234.62,35.0,37.3391,12.134
14716.4,5034.99,0.34213,174.095,2021503.4,268.104,4873.64,29.0,28.4083,2.901
20272.5,6231.19,0.30737,233.685,2777591.8,291.94,5729.93,180.0,22.0303,4.621
6487.89,2257.08,0.34789,64.5852,908207.3,82.5545,4026.2,54.0,38.3886,3.236
16939.2,5395.6,0.31852,197.463,2231203.8,260.433,6093.02,252.0,21.689,2.467
6961.25,2032.38,0.29195,69.0389,942571.6,92.6588,3409.06,57.0,38.4642,9.034
18144.8,4925.53,0.27145,220.311,2473055.2,275.676,4998.39,117.0,26.5582,7.947
4889.87,998.63,0.20422,43.1036,664655.1,62.0613,2690.84,12.0,42.7123,2.432
7956.22,2659.7,0.33429,56.2935,1107239.4,123.176,3033.06,59.0,35.053,13.8
12477.8,3341.34,0.26778,153.785,1778408.0,169.071,4777.47,31.0,28.5766,1.581
9623.54,3970.85,0.41261,88.7311,1354930.2,162.727,4281.53,84.0,33.2087,14.426
13105.9,6130.76,0.46778,94.2418,1883661.0,194.798,4920.1,53.0,34.2366,18.555
8566.08,3156.55,0.36849,84.5558,1146072.8,139.007,3645.56,37.0,36.1254,10.479
11196.3,3469.4,0.30987,127.498,1586015.2,180.209,4448.41,40.0,31.3179,3.15
8687.47,2200.8,0.25333,92.3635,1230190.6,126.465,3941.31,160.0,33.9897,1.307
5752.82,1454.01,0.25274,41.1821,781150.75,88.6349,3434.29,31.0,39.5338,12.247
12378.0,3674.03,0.29681,114.596,1837428.1,163.547,3619.5,171.0,36.3127,19.11
9589.27,3019.22,0.31485,74.5564,1343058.6,132.851,3715.76,48.0,38.0432,16.839
7789.67,1903.41,0.24435,85.2368,1063743.2,113.548,3422.26,2.0,46.5464,13.741
11325.7,3748.09,0.33093,126.185,1525094.8,173.171,4191.6,59.0,33.7455,1.751
15940.8,4846.42,0.30402,191.545,2185661.8,269.295,5265.76,87.0,23.8714,7.236
5385.85,2401.59,0.4459,48.4879,740236.75,96.5331,2321.47,79.0,41.3098,14.487
7499.67,1759.99,0.23467,74.8347,1022581.7,95.2712,3488.03,47.0,38.9787,9.189
7025.93,2874.91,0.40918,69.8172,980299.56,117.139,3390.59,76.0,37.027,15.503
15338.1,5843.36,0.38097,186.744,2142282.0,251.506,4566.18,35.0,25.7271,1.946
8242.59,1677.31,0.20349,81.7568,1190962.5,96.8719,3922.51,9.0,34.9219,1.303
4789.92,1450.63,0.30285,37.8593,649102.2,58.8333,1558.34,7.0,46.5464,6.597
18869.8,5342.5,0.28312,211.676,2610280.8,307.988,6102.5,199.0,20.1663,11.402
19518.4,8105.4,0.41526,194.883,2628664.8,295.424,5240.6,161.0,27.2916,18.119
7944.4,2656.52,0.33438,104.11,1063495.9,146.246,4093.19,95.0,32.06,17.583
5943.94,1770.52,0.29786,56.2943,848621.2,75.3458,2442.14,59.0,41.8797,3.159
24807.1,9208.53,0.3712,163.266,3518871.8,391.499,25372.78,130.0,28.8951,18.678
8571.74,2718.01,0.31708,61.372,1180774.8,132.037,4332.09,53.0,33.5704,13.157
12355.7,3285.28,0.26589,147.851,1768781.1,171.244,4773.76,26.0,28.6142,1.614
8054.87,2156.8,0.26776,86.0197,1159416.8,110.611,3971.85,3.0,34.1969,1.928
17030.1,6560.84,0.38524,190.202,2385618.5,274.653,4523.53,38.0,25.1581,2.311
8535.63,2146.15,0.25143,108.059,1139147.1,188.584,4072.95,98.0,30.5808,18.972
7802.1,2153.29,0.27598,65.4779,1073277.1,112.641,3840.87,26.0,37.1579,2.586
8829.31,2516.49,0.28501,94.9958,1213819.2,110.042,4091.52,14.0,36.5494,7.524
21278.6,5842.31,0.27456,289.455,2892438.0,321.505,6603.69,279.0,18.7297,1.627
3747.39,1170.28,0.31229,32.6855,512832.7,47.9021,1349.47,23.0,44.4935,2.034
11973.4,4690.71,0.39176,160.318,1640031.6,233.633,4972.65,93.0,27.5117,5.65
11016.1,3155.53,0.28644,120.1,1555908.2,162.201,4827.28,134.0,29.0997,15.635
5830.23,1550.71,0.26597,68.8306,788423.4,84.512,3736.32,59.0,36.9144,2.38
8037.48,2065.53,0.25698,86.7527,1133441.9,108.055,3977.59,50.0,35.2221,1.317
8671.29,2360.6,0.27223,85.4218,1225006.4,128.209,3331.79,5.0,35.1483,2.322
6001.78,1968.25,0.32794,55.8011,821803.56,81.8404,3198.03,13.0,39.5845,7.843
5064.05,1354.08,0.26739,47.5543,706157.2,78.5448,2867.55,33.0,40.7632,12.27
7220.57,2121.42,0.2938,75.3921,986960.6,109.98,3073.05,78.0,39.0232,0.841
9918.79,2884.79,0.29084,101.573,1384357.8,151.78,4264.18,145.0,33.865,2.201
5502.98,1598.09,0.2904,39.7791,760402.56,64.9307,2022.46,35.0,43.5001,11.561
7372.5,2550.04,0.34588,55.5432,1042455.5,105.073,3710.51,20.0,37.0701,12.489
9479.93,4357.85,0.45969,106.791,1347743.0,174.207,3720.93,135.0,35.1947,13.694
5928.67,1463.66,0.24687,54.7747,805856.0,71.716,2601.57,37.0,41.1131,4.83
16829.4,4692.75,0.27884,242.753,2292806.0,262.47,4780.99,270.0,24.819,5.411
17104.6,4968.63,0.29048,236.206,2354672.5,296.499,5248.13,191.0,25.5721,4.791
7696.55,2406.08,0.31261,79.5577,1049811.4,101.337,2937.34,106.0,38.3662,3.1
9788.15,3861.25,0.39448,89.6855,1405818.5,129.126,4185.98,37.0,34.8054,14.053
12737.4,3410.24,0.26773,174.966,1760820.2,185.148,5093.96,63.0,28.6995,2.098
8142.88,1701.29,0.20892,78.3795,1130790.2,89.6137,3605.1,58.0,34.0381,12.156
9724.44,1597.56,0.16428,98.2139,1380753.9,124.402,3971.98,43.0,34.732,1.146
4680.71,978.92,0.20913,44.2821,636703.6,67.9808,2257.8,27.0,42.652,9.552
7155.83,1919.21,0.2682,75.7972,975956.5,90.2177,3536.32,83.0,37.9264,5.03
5951.26,1195.66,0.2009,63.1716,833788.3,72.2087,3081.6,13.0,38.6343,1.992
7349.8,2223.6,0.30253,62.247,1029607.0,94.8286,3103.8,30.0,39.3527,17.51
16882.4,5672.26,0.33598,169.557,2320683.5,294.476,7139.4,112.0,25.5817,4.701
7369.91,1871.68,0.25396,68.115,1029889.25,94.531,3224.59,29.0,38.7405,14.02
17113.3,5500.0,0.32138,161.08,2465035.5,261.487,5125.67,49.0,26.4755,2.429
6298.25,1464.32,0.23249,60.5912,869490.56,77.5625,3163.34,26.0,38.3074,4.021
13029.4,3285.33,0.25214,167.588,1844013.5,192.075,5023.29,205.0,27.8925,1.984
12568.1,4105.72,0.32667,89.949,1694828.2,177.498,8074.73,63.0,37.9494,17.765
9808.75,3389.05,0.34551,100.201,1362761.1,150.757,4872.97,37.0,32.0754,1.556
10488.2,2797.68,0.26674,117.955,1460238.2,150.133,4353.08,51.0,31.3061,4.113
8197.96,1735.2,0.21166,57.481,1170081.1,78.7408,3586.59,25.0,38.2308,6.514
9371.68,2783.08,0.29696,94.8808,1330784.1,127.672,4034.79,108.0,35.4064,4.641
5193.72,1502.4,0.28927,62.8906,696962.8,75.3275,2702.08,58.0,40.6822,13.285
5334.72,1303.21,0.24428,40.9911,720709.2,83.0113,2564.92,19.0,42.0347,11.574
10278.8,3969.74,0.3862,87.3671,1443522.0,153.579,3583.64,45.0,36.3171,16.495
20223.5,6108.6,0.30205,178.315,2851702.2,257.636,6101.79,204.0,21.863,16.059
10074.4,4083.67,0.40535,98.2312,1405089.2,146.275,3497.97,70.0,35.6799,17.855
9585.29,2888.39,0.30133,73.8424,1327182.2,125.417,3815.16,51.0,37.5121,14.152
14274.8,5265.7,0.36888,186.439,1888752.1,254.725,5174.27,72.0,26.6582,7.115
6461.32,2256.32,0.3492,59.1729,896786.8,95.3042,3531.31,81.0,36.4289,1.505
13100.6,5416.06,0.41342,99.4743,1791950.9,208.508,4190.68,31.0,29.7442,19.949
12259.4,3801.33,0.31007,115.4,1795041.5,176.306,3705.06,125.0,35.6623,19.432
10801.4,3396.65,0.31446,125.079,1473631.6,177.909,3828.9,24.0,32.9457,2.897
9758.22,3665.93,0.37567,102.385,1362593.6,137.361,3599.28,159.0,34.9844,18.467
7450.15,2245.86,0.30145,76.8384,1018830.94,119.059,3077.42,80.0,39.048,0.886
5438.54,1256.33,0.231,68.9885,749654.94,72.9476,2796.56,63.0,39.6798,8.839
5559.69,1545.3,0.27794,46.2081,727500.56,75.9601,2152.19,39.0,42.5184,10.556
5504.58,1170.24,0.21259,52.5117,750022.94,87.2148,2908.62,55.0,39.9205,13.405
9699.06,2897.25,0.29871,111.346,1345800.8,180.327,3405.39,82.0,35.8807,20.098
5202.83,1472.28,0.28297,43.0521,698268.1,78.6812,2850.35,28.0,41.7266,9.597
13476.2,3734.18,0.27709,133.233,1900160.5,153.588,4619.82,118.0,30.3865,18.984
11604.3,3008.75,0.25927,148.251,1655897.0,172.463,4698.39,27.0,28.8761,1.719
6846.26,2271.24,0.33174,67.9114,937356.75,99.373,3036.33,42.0,39.4857,2.735
7174.72,2005.75,0.27955,65.525,993233.2,93.3086,3070.61,45.0,39.6505,1.988
6714.69,2016.28,0.30027,59.6548,940572.2,96.8674,3037.7,13.0,40.5513,17.503
14742.9,4299.58,0.29163,186.478,2050208.4,226.267,5634.62,137.0,22.8794,0.737
9937.35,3600.91,0.36236,134.113,1302586.4,182.106,4490.37,178.0,30.8994,1.448
18277.6,5142.07,0.28133,239.49,2484156.0,283.803,5431.29,277.0,26.0139,4.944
12095.4,3315.05,0.27407,155.686,1693432.6,206.698,4759.98,69.0,28.6958,2.94
10387.6,2647.45,0.25486,111.183,1455348.5,148.793,4386.1,57.0,31.1793,6.953
6796.95,2454.12,0.36106,65.2222,902431.8,97.9466,3681.33,82.0,38.0925,5.35
8167.98,2764.76,0.33848,97.4254,1106579.0,109.1,3950.99,99.0,38.2726,13.181
10877.2,3040.05,0.27948,99.7481,1511585.0,176.624,3469.98,109.0,37.0481,19.156
10491.6,2935.65,0.2798,123.34,1427997.4,181.755,3940.64,61.0,32.9568,2.852
16336.6,4003.97,0.24509,220.531,2292612.5,254.631,5670.48,95.0,23.0866,1.602
13444.1,4707.4,0.35014,127.446,1916590.2,169.875,5441.81,142.0,25.4769,17.201
6274.43,1489.86,0.23744,61.918,860075.2,90.9093,3329.7,39.0,38.3454,14.361
12323.8,2966.68,0.24072,159.148,1744847.2,196.276,4919.59,210.0,27.9142,1.638
6663.03,1749.26,0.26253,75.4894,890690.25,87.2611,3361.66,61.0,37.7773,12.436
8111.15,1910.59,0.23555,70.8298,1149657.1,88.9296,3051.35,63.0,39.0947,16.303
7763.6,2887.41,0.37191,84.0176,1079414.8,127.571,3524.22,86.0,36.6684,15.746
4427.38,944.96,0.21343,40.4526,614799.94,68.9208,2211.42,19.0,36.8109,12.506
7019.82,2081.09,0.29645,65.0661,969205.44,92.9956,3118.32,48.0,39.4787,2.463
13700.9,5086.7,0.37126,132.44,1792844.8,208.593,4531.22,68.0,33.769,4.922
12048.2,2306.05,0.1914,158.736,1634849.0,185.488,4774.53,142.0,30.1613,0.863
5519.11,1166.4,0.21133,48.7352,791258.56,70.914,2847.55,58.0,40.2799,1.211
9013.72,3400.36,0.37724,96.092,1229168.6,157.469,4395.03,57.0,33.6263,2.012
14704.1,4550.31,0.30945,174.921,2037367.4,235.073,5255.86,157.0,25.0641,18.997
9815.83,2569.04,0.26172,111.123,1394569.2,161.8,3957.06,90.0,33.4839,3.48
13273.9,4087.4,0.30792,100.274,1845350.2,178.961,4174.91,63.0,32.3668,19.319
14538.8,4079.13,0.28056,182.877,1979866.9,257.426,5284.69,98.0,26.2387,5.431
9374.31,2339.77,0.24959,95.8031,1312655.1,131.343,3765.52,18.0,34.067,3.204
6970.1,2641.54,0.37898,62.2468,1010602.1,94.875,3224.66,29.0,38.8883,1.309
10196.4,3391.43,0.33261,100.525,1389233.9,158.479,4244.52,121.0,32.6931,19.19
25595.7,11296.9,0.44135,200.342,3456737.5,398.357,6408.78,112.0,28.7747,19.526
9162.88,2211.48,0.24135,94.8522,1280506.1,137.85,3656.29,23.0,34.0844,1.33
14787.0,3821.85,0.25846,171.79,1986220.6,196.856,5047.04,149.0,29.7419,1.82
7390.27,2776.95,0.37575,61.4985,956478.25,130.876,3006.96,24.0,38.4267,15.822
23476.4,6978.54,0.29725,309.153,3264476.8,373.202,6370.74,90.0,17.8521,3.346
13217.6,3978.28,0.30098,147.934,1829508.5,204.251,4651.55,25.0,29.88,3.986
6489.44,3690.12,0.56863,92.9339,818215.6,142.916,2116.87,78.0,41.6643,16.598
15590.1,5567.8,0.35713,235.608,2125558.5,272.392,5353.68,145.0,24.3166,2.244
15771.4,5268.64,0.33406,183.389,2170630.8,233.958,5616.52,78.0,22.7746,18.193
5911.07,1945.59,0.32914,55.6363,820392.3,77.0275,3183.8,19.0,39.413,11.927
5029.07,1114.55,0.22162,44.6535,717409.0,63.6397,2704.27,15.0,41.3887,3.114
8295.26,2201.51,0.26539,72.2102,1207333.0,105.139,3115.01,18.0,37.775,1.691
5351.41,1236.88,0.23113,52.7174,725900.1,70.2427,2434.35,29.0,41.5431,14.0
13100.6,3763.56,0.28728,182.51,1790598.2,224.581,4748.69,66.0,28.7368,6.601
9407.17,3580.91,0.38065,89.0981,1237321.1,146.673,3570.2,60.0,35.9072,2.769
7735.38,1978.43,0.25576,66.7532,1131012.4,83.7971,2695.98,35.0,39.7865,3.992
9438.92,2310.95,0.24483,96.4421,1322502.1,117.216,41096.61,25.0,34.4389,4.636
7529.11,2066.22,0.27443,61.6408,1037558.8,94.5349,3600.2,64.0,37.4058,12.602
5485.04,1077.99,0.19653,52.6568,747615.5,68.621,2246.53,17.0,42.3676,8.826
11881.1,3772.48,0.31751,149.178,1677310.5,207.841,5106.96,136.0,28.3664,13.773
10099.9,2360.43,0.2337,125.03,1404214.1,160.563,4600.68,73.0,30.2264,1.227
8983.73,2538.17,0.28252,85.1632,1230019.5,120.196,3850.61,26.0,34.8366,1.926
8595.46,2675.02,0.31121,71.902,1198501.5,109.787,3566.69,75.0,37.0625,11.928
9297.76,2230.96,0.23994,94.2595,1277349.2,92.7825,4336.82,13.0,33.9779,4.933
11511.9,3833.89,0.33303,98.0309,1581692.1,169.48,5014.36,113.0,33.5062,14.75
7339.18,2132.66,0.29058,69.2214,991195.1,106.776,3354.21,80.0,46.5464,3.374
7358.76,2330.46,0.31669,73.7075,1015839.4,94.8551,3735.64,25.0,36.2574,2.458
16942.5,7620.74,0.4498,192.698,2282712.8,297.332,5874.69,122.0,26.4709,15.048
9192.55,2926.41,0.31834,70.7587,1228267.2,134.533,4267.17,63.0,33.0288,8.997
7281.91,2270.43,0.31179,63.3673,1021740.0,100.706,2643.36,28.0,39.0837,15.075
15309.3,4269.54,0.27888,208.374,2110399.2,266.908,5079.98,161.0,25.5922,4.012
8053.37,2852.67,0.35422,68.6689,1131811.4,111.449,4350.36,77.0,37.4183,13.616
5940.74,1940.07,0.32657,70.6185,823218.56,88.3602,3050.78,37.0,40.2415,1.641
14321.4,4420.34,0.30865,156.215,1987084.9,226.3,4766.09,97.0,28.8173,4.815
6232.04,1972.03,0.31643,60.9552,883908.9,101.613,2949.88,26.0,35.567,14.749
11316.0,3712.95,0.32811,127.768,1555108.5,162.02,4915.28,78.0,29.2585,3.499
8986.43,2692.65,0.29963,96.363,1199110.8,146.562,4029.49,37.0,35.521,5.532
9006.06,2231.49,0.24777,86.6893,1277853.8,111.938,4692.73,27.0,33.1059,1.726
9353.88,2769.5,0.29608,67.0952,1343383.2,122.021,3809.27,51.0,37.5344,11.962
11490.9,3715.66,0.32335,134.368,1605517.8,181.363,4773.41,69.0,29.9593,2.2
6868.47,2251.91,0.32786,53.7828,972540.7,103.278,3116.38,7.0,40.6591,14.187
10434.0,2487.07,0.23836,121.275,1442810.1,162.833,4667.94,66.0,29.8255,1.942
11863.9,2999.04,0.25278,166.565,1653297.5,183.489,4692.87,43.0,29.4605,1.894
9306.66,2539.41,0.27285,66.6875,1307272.4,113.588,3575.28,15.0,36.6314,6.482
5104.8,1639.39,0.32114,50.0204,719759.44,64.3347,2202.06,38.0,43.2267,2.683
5153.49,1652.54,0.32066,31.39,731754.1,64.9852,2454.78,46.0,43.1645,11.875
9307.44,2612.92,0.28073,42.0048,1296789.5,98.6109,4184.71,100.0,32.794,4.485
8269.09,2456.39,0.29705,64.7478,1170974.0,100.356,3213.18,26.0,37.8088,17.245
5325.98,2183.44,0.40996,34.5905,752629.5,72.742,2562.09,38.0,44.6221,1.297
19091.1,6392.06,0.33481,206.829,2615209.0,319.9,6082.93,246.0,20.1083,11.327
4986.21,963.05,0.19314,42.7984,717820.75,58.1752,2179.83,80.0,42.8395,0.814
9653.0,3595.52,0.37247,73.2576,1330014.5,144.306,3930.89,86.0,34.9598,14.219
5030.47,1170.62,0.2327,41.6988,708695.94,56.762,2407.22,10.0,41.7512,3.62
10798.6,2719.93,0.25187,125.068,1509401.2,161.901,4336.24,114.0,46.5464,17.724
17923.6,5130.85,0.28626,212.759,2481659.0,281.215,5733.52,209.0,21.9113,2.156
5239.88,1149.51,0.21937,53.2897,745826.9,67.8646,2883.51,58.0,40.2933,1.562
8966.5,1797.53,0.20047,100.139,1261201.9,116.029,3845.22,59.0,35.328,2.685
7629.48,2405.45,0.31528,68.5172,1061302.9,107.843,3593.29,21.0,38.2178,3.006
6205.88,1792.12,0.28877,58.4314,838751.7,82.0203,2534.66,48.0,40.6088,11.134
11764.5,3647.97,0.31008,142.484,1569796.0,195.156,4504.15,67.0,29.7955,3.398
10143.5,5336.89,0.52613,115.66,1356203.9,186.306,4140.78,150.0,34.3318,15.791
15930.3,4977.29,0.31244,202.948,2098267.8,253.385,6357.16,243.0,22.1522,2.652
5949.61,1432.87,0.24083,51.9128,857033.56,72.6923,2426.44,49.0,42.0513,11.268
16901.5,5372.35,0.31786,199.762,2237234.5,273.828,6504.98,257.0,21.8066,2.532
9828.87,3565.18,0.36272,93.6317,1371470.6,123.832,3576.45,48.0,35.5285,11.647
23157.9,6886.31,0.29736,301.575,3227720.8,370.235,6304.89,91.0,17.6685,3.191
8163.38,2564.2,0.31411,92.2015,1145719.0,107.338,4010.28,33.0,35.7609,1.775
8384.56,2268.04,0.2705,70.927,1200348.2,95.2923,3232.42,68.0,38.2675,18.591
8161.81,3815.93,0.46753,46.8635,1135885.1,136.74,2910.36,10.0,39.0146,12.399
7297.93,2373.1,0.32517,63.9927,992571.2,88.9523,3402.18,36.0,38.1967,8.472
10909.3,3062.56,0.28072,141.8,1496698.5,173.312,4273.83,56.0,31.7271,2.339
23715.7,9218.73,0.38871,260.801,3324363.2,353.863,5637.37,144.0,23.0339,6.007
11780.9,4768.49,0.40476,123.406,1695922.0,186.176,3942.52,177.0,34.9084,17.931
3848.26,1102.54,0.2865,32.179,524084.44,48.1151,1389.21,17.0,44.3722,1.381
4527.01,1554.85,0.34346,35.756,630187.1,67.1488,1889.37,15.0,43.6609,11.162
7301.01,2426.28,0.33232,52.4458,1036269.94,105.639,3155.47,12.0,39.1883,11.519
4346.08,419.5,0.09652,39.2045,588408.8,54.4585,2133.77,32.0,44.036,10.531
8391.86,3121.62,0.37198,70.1795,1160011.4,136.343,3468.13,46.0,37.3648,17.359
12873.4,5075.34,0.39425,176.599,1712133.5,262.223,4726.63,93.0,26.2196,4.657
6543.99,2201.73,0.33645,76.9851,901110.0,93.8222,3261.55,62.0,38.5146,1.9
10007.8,2834.32,0.28321,122.933,1372181.1,139.637,4201.05,131.0,32.8763,2.392
14584.7,4323.82,0.29646,171.147,2054743.9,211.592,5326.27,199.0,26.1328,3.795
6558.63,1978.1,0.3016,60.7405,879211.5,106.056,3126.97,52.0,38.3142,14.124
6487.8,1870.88,0.28836,72.686,882938.56,91.5939,2813.49,6.0,40.0738,12.261
6940.62,2165.28,0.31197,64.4683,952189.1,104.709,2992.51,43.0,46.5464,8.316
6423.19,1188.1,0.18497,54.1855,847714.9,70.9529,3244.2,40.0,38.0433,4.342
5637.5,1401.85,0.24866,63.3083,710577.44,86.3378,3087.12,16.0,39.4357,2.174
11792.8,3128.88,0.26532,146.939,1583479.5,187.611,4627.98,54.0,31.218,4.656
8597.38,3388.38,0.39411,79.818,1176036.9,126.761,4046.73,51.0,34.4239,13.85
9250.66,3126.41,0.33796,69.6953,1291790.0,137.346,4203.73,76.0,34.0306,18.139
6020.43,1459.22,0.24237,54.0961,863556.4,70.3864,2543.26,67.0,41.5467,3.723
10238.3,2703.1,0.26401,118.098,1407208.8,172.074,3610.23,22.0,34.6642,2.553
8303.36,2604.67,0.31368,75.2417,1142013.5,115.768,3391.13,23.0,37.601,13.73
4851.13,1740.55,0.35879,48.415,671923.44,71.3081,2182.1,22.0,42.005,1.833
18250.3,5971.25,0.32718,240.079,2496072.8,250.37,5636.79,135.0,25.1484,2.269
8304.65,1798.05,0.21651,90.647,1146119.1,104.336,3828.51,40.0,35.9086,3.241
13760.1,6063.53,0.44066,115.722,1866756.0,226.691,5321.68,109.0,33.7691,19.466
12089.1,3458.28,0.28606,157.772,1698755.0,207.541,4669.48,62.0,28.6318,3.904
3954.11,732.56,0.18526,38.2053,530515.4,54.9902,2423.76,12.0,41.1189,7.708
8805.84,2480.66,0.2817,66.0798,1213556.8,116.269,4428.79,53.0,35.0919,6.286
9228.11,2280.34,0.2471,95.0791,1277884.4,109.812,4277.14,112.0,34.2548,8.151
9617.92,3335.98,0.34685,105.135,1338122.1,139.055,3651.24,23.0,35.2716,2.693
8615.21,2376.37,0.27583,84.4712,1222538.0,116.74,3796.98,4.0,34.7474,1.481
6856.96,1769.48,0.25805,53.0649,967381.9,82.4852,3434.01,58.0,38.8057,1.528
17417.7,5268.87,0.3025,243.957,2362059.5,309.077,4774.31,163.0,27.5982,8.111
6501.22,2215.27,0.34074,59.7655,923238.44,84.5066,2796.67,49.0,40.0607,1.726
22706.1,6656.84,0.29317,303.008,3129860.0,355.805,6365.88,99.0,17.5772,3.51
11736.3,2579.44,0.21978,150.731,1655252.9,176.978,4611.35,54.0,29.9475,0.951
9588.62,2522.13,0.26303,105.37,1308594.1,157.025,4087.62,80.0,33.9275,16.882
5038.3,1825.73,0.36237,50.331,702133.2,70.7323,2020.6,11.0,40.9452,7.002
9856.58,2474.64,0.25106,105.938,1403502.5,141.504,3901.45,41.0,33.6436,2.319
17542.2,5386.61,0.30706,249.055,2375584.2,318.473,5613.03,334.0,21.7303,2.545
4816.91,1416.29,0.29402,44.6526,620398.9,71.071,2251.88,28.0,43.2852,11.247
9028.3,2444.66,0.27077,97.5266,1256443.0,124.314,4217.64,43.0,33.8388,2.37
4482.95,1314.17,0.29314,40.5011,630866.25,55.2854,2344.16,45.0,42.649,11.199
8691.24,2219.31,0.25535,88.6787,1208614.9,118.672,3746.09,42.0,35.4735,2.107
10778.2,2941.04,0.27286,115.535,1512797.5,159.683,4356.31,66.0,32.6162,4.777
5930.43,1693.89,0.28562,55.107,826476.3,74.965,2537.97,35.0,41.7194,3.151
9225.86,4340.28,0.47044,95.0315,1306879.6,149.017,3609.65,46.0,35.2612,10.062
22679.5,5587.19,0.24635,352.44,3111913.8,397.602,6222.16,155.0,19.8462,1.179
3990.78,742.7,0.1861,35.4716,556530.56,40.963,1720.29,10.0,44.4937,2.033
6772.35,2000.5,0.29539,59.6948,888332.3,98.2226,2809.62,30.0,39.0226,11.196
4866.82,1453.3,0.29861,46.199,679794.6,62.8346,2145.71,11.0,43.3256,9.943
9536.05,3256.9,0.34153,102.863,1334240.1,128.983,3667.46,8.0,35.1689,2.28
19941.7,6333.94,0.31762,249.742,2759411.0,319.383,5541.26,77.0,23.0509,4.016
14614.1,4937.12,0.33783,135.241,2049625.6,207.067,4931.01,69.0,29.3218,7.187
9856.58,2474.64,0.25106,105.938,1403502.5,141.504,3901.45,41.0,33.6436,2.319
11668.7,3059.66,0.26221,135.147,1631931.0,169.905,4494.4,94.0,30.9145,1.872
9251.3,2118.57,0.229,100.413,1256642.1,144.651,4006.01,38.0,34.0964,1.991
8063.54,2898.55,0.35946,69.768,1137221.9,105.178,3256.61,24.0,36.6086,14.018
13277.7,3993.4,0.30075,137.148,1904325.8,157.304,4762.62,59.0,29.14,5.965
9323.32,2106.99,0.22599,106.068,1276915.8,141.153,4022.1,43.0,34.0019,2.009
13060.5,3574.59,0.27369,160.632,1808477.6,194.536,4706.27,199.0,29.9428,2.137
10647.2,2408.69,0.22622,132.183,1480687.6,167.85,4719.1,179.0,29.0594,0.677
8510.62,2624.26,0.30835,70.0104,1183079.1,116.734,3438.63,41.0,37.3423,4.503
12197.4,3215.1,0.26358,136.022,1706287.8,163.699,4542.05,52.0,26.3667,3.367
8870.07,1569.12,0.1769,72.0758,1185294.6,106.297,3966.66,53.0,38.1156,20.305
6092.12,2064.93,0.33895,56.1153,864645.2,86.9249,3145.21,98.0,40.2275,13.935
14782.3,4309.37,0.29152,156.454,2048357.0,215.857,5300.6,188.0,29.3842,1.225
5926.71,1297.98,0.219,43.7024,821537.8,92.9197,2779.54,23.0,41.0499,11.559
8146.59,1993.7,0.24472,93.2427,1081015.0,129.67,3467.5,7.0,37.0607,1.247
7068.0,2546.52,0.36028,63.6357,957608.6,97.006,3216.16,45.0,38.3303,6.567
15277.4,5677.32,0.37161,104.612,2094347.0,242.266,4097.33,20.0,33.3633,11.128
10644.8,2833.87,0.26622,110.176,1434059.0,131.786,4492.39,59.0,31.3401,14.084
22718.1,6961.56,0.30643,317.089,3128113.5,373.648,6417.26,112.0,17.6092,3.234
6342.7,2181.3,0.3439,62.4621,832675.25,101.947,3000.8,5.0,40.3037,13.489
17471.2,5131.29,0.29369,230.854,2451399.5,279.983,5738.99,142.0,21.0352,3.541
6085.98,811.11,0.13327,53.2572,877901.0,66.2073,2334.04,16.0,46.5464,7.957
11507.3,2953.18,0.25663,169.424,1558828.9,186.867,4907.48,96.0,28.5415,8.346
8179.9,2861.17,0.34978,64.6746,1070818.4,114.305,3611.67,64.0,38.1924,15.417
9302.87,3175.87,0.34138,66.2897,1251924.8,130.066,4986.99,52.0,36.9117,16.542
8453.78,1672.03,0.19778,80.5657,1222100.0,99.2177,3959.69,9.0,34.9317,1.24
7198.1,2106.2,0.2926,58.439,985530.0,99.7366,2555.25,18.0,39.8153,4.266
4198.24,1016.98,0.24223,31.853,591480.8,44.5423,1956.68,51.0,44.7827,8.718
12231.1,4483.35,0.36655,136.556,1671149.2,182.509,4593.38,87.0,30.8994,12.573
6362.2,1742.98,0.27395,67.4458,906239.1,81.7128,3102.38,8.0,38.8268,1.692
14642.3,3137.73,0.21429,180.176,2072082.2,197.207,4107.79,142.0,31.8267,1.248
8983.88,2557.66,0.28469,98.7284,1260093.2,153.392,4233.79,70.0,33.4139,4.545
6108.79,1645.77,0.26941,50.2439,849590.8,78.115,2813.79,27.0,40.2401,3.748
8299.53,3539.52,0.42647,60.3005,1166386.5,128.649,3192.59,70.0,39.3085,16.872
6365.93,2468.49,0.38776,64.2444,899001.9,96.821,3164.63,69.0,38.5138,15.787
13755.7,4379.2,0.31835,156.721,1938765.4,215.911,5403.36,84.0,26.369,5.154
9565.12,2537.34,0.26527,116.534,1342326.6,143.638,4382.78,60.0,32.6174,5.194
10370.7,2425.85,0.23391,122.068,1412183.5,147.734,3643.43,13.0,34.7656,2.114
6770.03,1783.8,0.26348,81.3757,962896.75,112.833,3583.56,99.0,34.5257,5.504
7112.89,2639.53,0.37109,54.1795,980235.4,110.137,3589.31,38.0,36.1,8.953
6303.69,1662.53,0.26373,54.7089,875678.9,72.0961,3325.74,57.0,39.2906,2.832
9904.24,3910.62,0.39484,120.679,1345749.2,199.672,4318.37,163.0,31.1235,2.865
8842.37,2082.51,0.23551,94.3653,1233784.8,131.933,3546.09,18.0,34.6286,1.5
11337.9,3802.63,0.33539,114.028,1626602.2,182.93,4007.4,29.0,33.9661,5.954
8366.47,2863.52,0.34226,66.0124,1165716.1,117.232,3178.84,76.0,38.0012,14.827
9226.94,2329.17,0.25243,100.049,1307768.4,128.664,4100.45,164.0,32.7756,1.445
12730.7,4139.31,0.32514,152.332,1781595.2,170.425,5202.67,29.0,27.9358,3.584
10812.9,3418.11,0.31611,142.231,1494416.1,158.432,5060.1,35.0,27.1337,3.388
10691.5,2788.63,0.26082,97.2135,1512813.9,137.366,3911.76,121.0,34.3168,3.504
5912.88,1943.2,0.32863,73.5002,806052.94,110.193,2963.53,57.0,38.6872,15.702
8622.49,2872.67,0.33316,99.7789,1188396.0,146.33,3285.81,13.0,36.4056,1.88
18657.3,5178.1,0.27753,228.669,2630954.5,293.61,5570.5,113.0,23.4794,4.119
6111.9,1351.72,0.22116,50.7831,826336.7,83.7589,3231.22,43.0,39.3057,6.394
10288.7,2779.7,0.27017,106.739,1512438.9,152.047,4150.61,83.0,34.4722,16.377
10101.7,2609.84,0.25835,96.9652,1379405.9,132.607,4633.27,41.0,29.2842,11.881
6437.81,1593.42,0.2475,59.4527,885488.06,83.106,2744.21,40.0,38.201,15.881
8992.93,2166.42,0.2409,100.69,1271679.5,126.067,3812.7,52.0,35.142,3.17
14836.3,4523.86,0.30491,208.971,2059636.0,248.949,5278.23,284.0,25.2542,1.633
11982.7,3686.2,0.30762,120.29,1636470.4,145.958,4667.21,74.0,28.3594,14.301
6876.42,2213.16,0.32184,61.5514,933864.94,97.8378,3088.72,20.0,40.3415,0.908
4873.08,1375.32,0.28222,46.2439,680825.06,56.7995,1813.88,22.0,43.7591,2.931
13137.4,2933.66,0.2233,167.912,1818717.4,196.447,4758.32,102.0,29.0155,5.619
11395.1,2967.22,0.26039,133.631,1583246.6,159.772,4482.79,96.0,31.3337,1.728
5543.79,1354.19,0.24427,75.1012,745581.44,107.939,3181.28,58.0,35.9569,9.018
6835.64,2597.78,0.38003,85.0407,854847.5,157.298,3502.37,56.0,37.1297,15.024
4528.0,1276.64,0.28194,40.6552,607443.25,62.8474,2495.26,15.0,43.9205,8.353
12501.4,2946.06,0.23565,167.59,1724670.6,222.229,4269.47,71.0,29.1676,2.317
7507.88,2637.01,0.35123,69.6938,1040506.1,104.923,3846.25,58.0,35.7191,6.485
13318.7,2749.32,0.20642,167.145,1797235.6,215.67,4719.48,100.0,28.7346,1.667
8720.06,2285.84,0.26213,95.6778,1194345.2,103.636,3531.54,33.0,34.3447,16.126
10303.2,2962.59,0.28754,124.106,1425758.2,170.995,4648.63,76.0,29.8908,1.558
4841.94,1207.53,0.24938,42.454,672629.3,59.4102,1896.45,12.0,43.7522,2.165
20685.0,5388.08,0.26048,200.839,2974148.8,293.556,6436.79,269.0,18.9846,6.268
20566.5,6636.75,0.32269,258.143,2860031.8,324.668,5595.72,70.0,22.879,3.691
5792.15,2196.59,0.37923,33.3532,821752.1,79.1112,2591.69,39.0,44.8602,2.887
9124.26,2647.99,0.29021,95.6706,1268397.8,132.293,3884.97,22.0,35.0192,3.63
8014.66,2724.71,0.33996,67.5693,1093081.1,108.815,3477.89,47.0,37.6122,1.82
13985.7,4533.0,0.32411,126.787,1976002.5,189.635,5343.85,95.0,27.751,16.381
4641.48,1451.21,0.31266,43.9928,632926.2,61.4086,1892.07,14.0,43.5871,2.101
5867.29,1125.67,0.19185,63.3794,782966.56,81.3145,3598.34,68.0,37.5992,2.334
6886.56,1630.26,0.23673,61.116,909092.2,91.4082,3272.01,55.0,38.4546,13.542
12751.6,3146.4,0.24674,166.028,1800578.5,192.413,5007.31,199.0,27.7262,2.024
14898.7,5055.77,0.33934,179.764,2087209.6,260.443,5401.42,153.0,24.3386,1.393
7196.98,2130.89,0.29608,69.9109,970503.06,105.79,3385.86,76.0,37.0031,3.209
4167.16,1211.12,0.29063,33.1897,571885.94,51.5142,1408.76,17.0,44.2712,1.433
10615.6,3570.69,0.33636,120.914,1452385.1,184.981,3832.67,31.0,33.5138,3.353
10806.3,2953.0,0.27326,141.615,1532499.8,161.195,4097.88,134.0,28.1695,3.266
14118.5,4151.91,0.29407,132.119,1989441.4,160.486,5139.11,78.0,29.4172,19.125
6504.26,2099.43,0.32277,72.7014,874953.44,103.146,3676.62,69.0,37.1473,3.727
6399.43,1116.17,0.17441,52.5645,890026.1,71.7022,2891.38,47.0,37.9132,13.047
6300.05,1572.14,0.24954,44.3508,857468.1,97.2328,3300.14,39.0,40.9343,10.09
14136.2,4453.91,0.31507,152.073,1931045.6,218.464,5312.74,9.0,30.8495,5.614
4978.72,1607.68,0.32291,44.8531,725193.94,69.9457,2513.89,43.0,42.5307,11.428
16107.3,3861.4,0.23972,199.321,2254772.5,267.057,5717.01,96.0,22.8188,1.416
10388.5,3187.05,0.30678,127.497,1437689.5,187.217,4166.83,66.0,33.0721,1.702
5832.52,1121.29,0.19224,48.0524,837294.8,71.4371,2913.11,55.0,40.2691,1.442
4932.43,1390.31,0.28187,45.0674,630252.5,74.2844,2148.54,21.0,43.1881,3.398
20749.3,5476.17,0.26392,280.925,2830087.8,303.383,6544.03,286.0,18.557,1.642
4543.66,1619.91,0.35652,36.1754,616833.5,64.2675,1597.67,23.0,38.8482,1.872
5799.23,1783.0,0.30745,51.1774,861005.4,97.665,2019.12,56.0,43.7608,11.555
5909.93,2161.63,0.36576,55.0007,815086.44,89.494,2771.27,32.0,39.7697,8.444
15876.0,5566.88,0.35064,218.318,2220609.0,266.418,5391.12,286.0,24.3001,1.83
13304.1,3996.9,0.30042,119.727,1845253.8,164.622,5457.38,59.0,30.3557,18.615
7641.85,3115.66,0.40771,64.0597,1088199.8,106.439,4104.29,68.0,36.1995,6.752
6901.82,2390.01,0.34628,55.5198,958438.1,102.118,3772.07,75.0,36.4289,1.422
5061.23,918.04,0.18138,39.0192,702480.9,60.5068,2561.22,32.0,46.5464,16.711
6905.14,2011.94,0.29136,65.3361,950418.0,91.4676,3048.01,45.0,39.5385,1.964
7485.82,1649.94,0.2204,68.3757,1021933.25,98.0155,3458.4,23.0,37.5359,3.799
6267.93,2954.95,0.47143,80.8121,854153.6,118.33,3256.52,60.0,37.7902,16.414
10854.7,3118.15,0.28726,122.359,1561541.9,172.03,3458.62,140.0,37.2447,16.889
12788.9,3608.64,0.28216,142.626,1764283.9,153.377,4550.82,97.0,31.2101,2.444
15554.1,4602.24,0.29588,134.109,2191062.8,215.356,5627.74,73.0,30.546,3.583
17564.4,7105.49,0.40453,193.06,2404048.0,281.774,6015.58,132.0,27.3527,15.014
14934.8,4324.94,0.28958,190.621,2072976.1,223.938,5636.66,138.0,23.0821,0.808
14928.0,5046.52,0.33805,224.169,2044523.9,262.702,5270.7,137.0,24.6974,2.203
6034.24,2664.14,0.4415,58.1734,841402.0,92.166,2607.4,59.0,40.911,12.438
10256.1,3886.4,0.37893,90.6795,1392058.5,157.318,4641.28,36.0,30.0307,20.753
7923.52,2463.64,0.31092,54.2551,1071644.5,112.686,2860.2,31.0,41.7948,7.565
8710.27,3093.83,0.35519,72.694,1209397.1,118.875,3317.61,50.0,36.6861,15.436
8003.18,2001.83,0.25012,99.9188,1087531.9,115.326,3364.18,117.0,36.3135,1.61
7452.91,2668.43,0.35803,61.0967,1036425.5,101.883,3174.05,75.0,37.7236,15.223
10494.6,3033.98,0.28909,105.525,1495654.0,153.511,4019.53,33.0,33.605,2.384
5446.68,1748.26,0.32097,36.6786,746947.5,72.3902,2141.38,20.0,43.0455,14.533
9336.35,2176.46,0.23311,99.0515,1332310.1,148.631,3798.3,15.0,34.3358,0.453
19632.3,7047.7,0.35898,257.27,2633202.2,397.937,5415.66,203.0,24.4525,19.957
13548.7,4942.31,0.36478,116.583,1922777.2,192.332,4938.6,70.0,30.3104,2.625
6062.37,1527.25,0.25192,59.2791,819153.3,75.22,3005.07,32.0,39.7295,5.8
21608.0,6310.46,0.29204,190.425,3025149.2,282.88,5362.19,54.0,24.9909,10.125
6737.19,1902.69,0.28241,73.0941,949863.9,102.57,2889.95,37.0,34.819,14.046
5086.73,1742.64,0.34258,58.9558,698885.2,75.1611,2469.55,65.0,41.8925,12.228
8348.67,2103.94,0.252,81.2368,1187100.6,110.871,4033.83,38.0,34.8167,2.537
15897.4,3519.57,0.22139,178.886,2240752.5,219.008,4952.47,86.0,26.8049,4.397
8726.55,2249.56,0.25778,76.8819,1220816.4,104.632,4181.37,59.0,34.3506,1.799
15592.8,4526.97,0.29032,195.461,2163594.2,230.894,6507.35,140.0,22.8074,2.794
15837.0,6090.28,0.38456,193.079,2215356.5,245.424,4447.4,45.0,25.9095,2.61
14144.1,4817.36,0.34059,165.964,1956336.6,199.198,5079.98,79.0,26.8576,4.527
6954.7,1708.59,0.24567,57.6413,952221.44,81.3502,2848.49,33.0,38.5768,18.218
15201.6,3883.14,0.25544,190.094,2150446.0,216.112,5697.67,65.0,26.6685,1.348
7691.4,1773.17,0.23053,96.9387,1039798.0,119.92,3354.62,10.0,37.5835,1.247
9430.25,2836.27,0.30076,81.8597,1313309.6,128.846,3633.62,43.0,37.5488,14.267
7251.69,2234.67,0.30815,72.1853,978370.56,104.338,3335.47,73.0,37.114,3.873
4966.31,1452.34,0.29243,45.9844,692073.8,58.5678,1958.01,20.0,43.3129,2.025
6959.05,1308.45,0.18802,76.9672,940232.7,91.9582,3192.51,36.0,36.2113,7.534
9854.49,2759.6,0.28003,57.712,1378355.9,129.868,3725.62,46.0,36.5329,15.116
8455.99,2904.57,0.34349,76.3026,1160718.4,118.21,3042.54,95.0,37.5772,12.438
5102.33,1764.37,0.34579,57.8545,686117.1,81.0277,2407.18,40.0,42.1136,7.905
10971.6,3639.49,0.33171,128.685,1525508.8,179.315,4147.88,49.0,30.9017,2.072
7678.71,2996.59,0.39024,64.6707,1093979.4,102.872,4098.15,52.0,37.2043,4.288
9983.42,2810.01,0.28146,118.537,1369858.2,139.216,4167.56,132.0,32.8615,2.706
7417.34,2736.63,0.36895,91.2465,990685.0,131.398,3284.34,78.0,38.4372,2.072
19084.5,6087.79,0.31899,258.852,2575747.8,321.645,5771.69,312.0,21.1112,2.444
12616.5,5112.43,0.40521,98.5111,1662105.9,202.776,4337.94,62.0,33.5618,16.998
6292.71,1702.25,0.27051,54.4245,828750.75,83.5264,2999.09,42.0,39.2215,5.893
11275.6,3974.45,0.35248,116.754,1576913.2,177.707,4563.81,79.0,33.2762,3.719
13295.9,3390.56,0.255,128.745,1871352.9,178.684,4797.48,48.0,29.1037,2.848
7121.96,2375.17,0.33349,72.3436,983095.7,115.016,3013.99,34.0,34.9438,12.743
6434.77,1732.86,0.26929,58.296,906786.06,89.2766,2885.01,95.0,39.2334,1.696
14654.4,5351.19,0.36515,192.987,1944596.0,257.986,5217.56,74.0,26.4141,7.313
13908.7,4553.57,0.32739,176.744,1920322.4,271.55,5080.11,113.0,25.9384,7.104
15558.5,7056.07,0.45351,94.6939,2182284.2,245.305,6123.66,84.0,29.678,16.485
11627.1,3244.74,0.27906,128.501,1622289.9,168.509,4379.86,71.0,31.5652,4.742
13273.1,3854.0,0.29036,160.318,1821292.0,194.097,5391.98,118.0,26.2034,13.135
14837.6,6477.28,0.43654,179.858,2067313.8,266.122,4494.83,127.0,29.2166,20.216
6130.91,1979.65,0.32289,53.3673,845100.44,92.7898,3703.35,71.0,37.0337,1.339
8519.18,2787.71,0.32722,85.8403,1156677.2,130.584,3506.98,105.0,36.6586,15.702
4946.79,2343.23,0.47368,46.8471,708395.9,83.3137,2439.97,53.0,42.1104,11.125
6904.23,1823.79,0.26415,55.4783,930154.1,89.1046,2947.08,29.0,37.441,6.878
8491.86,2829.43,0.33319,92.3258,1201541.0,125.66,3179.9,36.0,37.6508,1.546
6699.14,1900.6,0.2837,60.3641,878267.9,91.0114,2868.21,42.0,39.6363,17.082
8938.51,2258.41,0.25266,75.2732,1263224.2,104.669,4148.17,25.0,33.875,5.862
12358.2,3120.82,0.25253,89.5497,1731245.9,162.222,4698.82,150.0,31.4988,4.064
7066.59,2126.26,0.30088,66.4506,985674.3,101.149,3167.02,24.0,32.4254,16.396
9585.46,2373.55,0.24761,116.396,1317024.2,136.911,4149.27,126.0,33.0377,2.575
8682.53,2706.1,0.31167,99.4376,1196329.2,125.008,3854.49,19.0,33.5161,3.127
11866.5,3592.76,0.30276,98.8882,1739773.9,141.658,5077.29,85.0,32.0167,17.728
6880.98,2170.49,0.31543,60.2591,959654.7,86.982,2394.23,55.0,40.2103,11.105
4920.51,1526.69,0.31027,45.1926,678591.6,63.1533,1935.59,27.0,43.816,2.974
10898.2,5304.16,0.4867,143.505,1546029.0,245.147,4427.07,187.0,31.1867,19.357
5999.09,2153.61,0.35898,59.1306,841127.94,89.2236,3369.72,83.0,38.7871,2.131
8410.59,2839.24,0.33757,63.358,1195058.4,96.4022,2628.33,82.0,39.4278,14.894
9749.4,2589.79,0.26563,125.851,1393371.9,147.608,4015.59,120.0,34.373,4.398
8056.03,2094.64,0.26,87.0631,1131913.4,108.558,3840.17,45.0,36.3002,2.016
9530.78,2394.12,0.25119,103.963,1362700.4,153.537,3902.1,48.0,33.4819,1.908
5356.93,1170.17,0.21844,47.4274,764801.9,74.6692,2897.3,58.0,40.344,1.087
9990.24,2476.29,0.24787,125.753,1386136.9,156.554,4579.66,66.0,30.2557,1.289
15297.2,5532.03,0.36163,175.631,2127141.8,256.755,4598.56,30.0,26.0136,2.217
8725.78,2845.03,0.32604,96.3317,1214427.8,119.398,4198.79,107.0,33.875,16.627
16725.7,5838.99,0.3491,230.938,2289120.2,264.853,5532.18,132.0,24.1708,2.07
8496.88,3105.99,0.36554,66.6973,1248409.6,126.806,2621.56,53.0,39.7527,15.579
7358.98,2831.0,0.3847,65.0162,1049846.4,101.223,4078.72,55.0,37.4041,7.279
10696.8,2692.57,0.25171,138.38,1488780.1,168.022,4663.46,173.0,28.6994,0.743
15171.0,3030.05,0.19972,175.126,2157793.0,234.217,4913.02,90.0,27.2016,4.023
12883.5,4945.36,0.38385,158.037,1778984.4,208.069,5067.72,141.0,27.2391,12.038
9652.94,2965.2,0.30718,101.88,1359384.5,163.361,3937.91,36.0,33.2612,2.325
8966.25,2290.1,0.25541,86.3614,1210154.1,123.099,3801.09,37.0,35.3347,2.04
10376.3,2676.73,0.25796,110.043,1459606.5,162.675,4302.6,61.0,32.7354,3.137
5773.25,2325.12,0.40274,48.2437,826531.3,96.5907,2716.78,40.0,41.8386,9.113
15106.3,3712.09,0.24573,180.629,2139431.0,214.075,5703.25,70.0,23.0152,1.486
11300.3,3074.53,0.27207,105.537,1559398.1,137.02,4085.65,9.0,33.2457,14.381
6488.31,1968.19,0.30334,58.0428,850979.0,87.7534,2672.19,42.0,39.1787,3.132
7400.09,2582.33,0.34895,67.536,1007609.4,100.36,3476.19,44.0,39.7447,2.14
15553.2,6163.08,0.39625,162.809,2206305.8,224.826,5255.91,146.0,26.2323,11.185
8877.62,2482.95,0.27968,83.3411,1258466.1,125.89,4202.06,77.0,33.7573,5.306
7347.26,1921.67,0.26154,63.672,915803.1,102.09,3261.48,39.0,39.4125,3.006
7058.84,2160.5,0.30607,68.7522,974794.06,101.635,2985.89,46.0,38.8339,15.943
6364.27,2673.28,0.42004,52.0459,881092.06,108.223,2848.16,82.0,39.5929,15.436
7263.83,1022.57,0.14077,75.1375,983148.56,83.1383,3166.17,50.0,38.6556,10.209
9295.53,3715.08,0.39966,66.3188,1288224.2,138.096,4016.77,86.0,38.7168,19.23
5852.96,1908.17,0.32601,66.9607,806281.3,91.6063,2971.46,33.0,40.573,1.938
8208.74,2386.95,0.29078,73.0677,1194304.2,108.098,3085.94,28.0,38.0486,2.011
6864.01,1973.15,0.28746,73.4105,939625.2,106.984,3051.09,81.0,39.1288,0.723
14850.0,4645.76,0.31284,171.892,2072955.2,228.04,5161.22,181.0,26.0094,3.022
7258.36,1798.82,0.24782,68.8973,960400.9,100.347,3900.48,61.0,37.3465,3.791
8577.42,2387.49,0.27834,89.9616,1176530.6,116.466,3600.66,6.0,35.6288,0.0
14492.9,5564.64,0.38395,190.339,1925835.6,256.948,5327.93,85.0,46.5464,6.822
4917.31,979.95,0.19928,44.2957,663827.3,56.6425,2566.81,15.0,43.2655,6.721
10170.4,2942.75,0.28934,119.416,1397836.8,149.8,4192.49,126.0,32.7852,2.232
10921.4,3442.12,0.31517,99.9834,1517934.4,150.96,4410.59,37.0,35.1232,5.171
7653.43,2585.34,0.3378,74.7086,1074860.4,118.956,3017.38,34.0,37.8787,12.304
10323.8,3603.31,0.34902,148.411,1476761.5,193.06,4499.44,149.0,31.3678,2.375
4828.34,1454.63,0.30126,46.7259,621954.9,72.5571,2253.26,28.0,42.6376,7.585
4297.48,1290.77,0.30035,37.0022,581076.3,50.3844,1429.3,26.0,44.3182,11.222
9821.14,3445.9,0.35086,95.2069,1386463.0,130.05,3631.74,24.0,33.792,12.929
7990.93,2359.3,0.29524,66.8274,1113167.8,100.688,3771.62,69.0,36.2226,13.222
8719.8,2497.6,0.28642,94.7921,1194846.4,125.114,3428.55,108.0,34.6359,2.234
21725.0,6171.66,0.28408,295.066,2951854.2,317.277,6604.48,295.0,18.6908,1.497
13138.5,2707.82,0.20609,151.074,1801253.9,194.563,4803.32,141.0,29.8158,0.731
14992.1,2989.8,0.19942,177.096,2083548.0,222.274,4704.6,36.0,28.4933,1.282
9645.02,2625.12,0.27217,55.2255,1357113.8,122.586,3733.87,48.0,35.8903,14.821
9997.52,4528.19,0.45293,85.2075,1420213.6,143.058,4204.69,104.0,35.1777,18.4
3966.08,1248.92,0.3149,35.3512,547554.56,49.5822,1790.78,12.0,44.4667,8.288
12925.1,4563.32,0.35305,130.698,1838217.4,184.606,5592.76,51.0,26.8667,16.397
4794.92,1383.18,0.28846,37.2692,654662.75,56.9261,2191.91,51.0,43.1017,12.484
9984.78,2744.91,0.2749,116.786,1401256.5,150.102,4153.08,45.0,33.1112,2.963
9689.64,3287.42,0.33927,87.4802,1288515.9,115.495,3990.44,35.0,30.8796,18.715
13468.8,3251.19,0.24138,151.663,1908172.6,175.738,4885.0,32.0,28.8706,1.784
14819.6,4492.31,0.30313,177.618,2067225.9,248.321,4565.67,29.0,29.2224,3.899
14993.4,3895.45,0.25981,184.224,2122391.0,217.616,5696.71,69.0,22.9902,1.249
22183.2,5238.9,0.23616,325.869,3049460.5,391.982,6220.12,162.0,19.8421,0.986
6733.51,2187.93,0.32493,64.6155,880404.3,93.1802,3574.0,67.0,38.1176,4.32
6507.05,2218.67,0.34096,64.1486,888460.7,104.364,2820.46,50.0,39.9078,15.145
4626.86,1445.43,0.31239,47.0807,653409.9,71.4044,2345.83,50.0,46.5464,7.97
4625.52,1309.25,0.28304,40.1102,617812.25,67.8029,2685.61,15.0,43.5007,9.581
11836.5,3346.48,0.28272,138.37,1652271.5,165.459,4567.3,63.0,30.7486,3.648
15210.2,5027.74,0.33055,162.38,2164817.8,273.351,4847.75,217.0,21.0734,19.813
10017.1,3846.99,0.38404,86.774,1410442.0,148.969,3579.24,52.0,37.5275,16.354
11335.7,5416.8,0.47785,94.9146,1560058.1,192.165,3547.43,98.0,35.3488,18.686
6269.27,2758.44,0.43999,57.1957,838472.8,104.938,2743.88,57.0,40.4446,14.324
14875.8,3842.03,0.25827,185.736,2099667.0,214.09,5679.3,66.0,23.0878,1.299
15762.4,6145.47,0.38988,195.401,2183421.2,259.617,4451.47,81.0,25.8864,2.284
12426.5,5010.56,0.40321,84.452,1758562.0,187.303,4025.02,22.0,31.6488,17.327
10012.9,4009.14,0.40039,38.2937,1369341.4,141.15,3854.9,66.0,35.5504,11.85
5800.22,2000.66,0.34492,70.4292,798236.75,85.4309,3122.63,36.0,39.8973,3.632
8472.43,2357.72,0.27828,85.9396,1208927.8,117.439,4023.29,4.0,33.8763,2.078
17365.0,6774.99,0.39015,126.72,2468116.5,274.011,10833.79,100.0,27.2248,20.839
16722.3,4484.83,0.26819,233.483,2360201.0,261.824,5503.35,89.0,22.5346,3.153
13020.6,3275.92,0.25159,138.742,1793105.1,195.236,3694.56,110.0,34.0632,19.382
7180.37,1966.89,0.27392,84.5691,991283.2,114.885,3780.57,19.0,36.5945,1.471
10772.7,2579.52,0.23944,121.699,1459951.6,156.318,3635.18,15.0,34.548,2.253
13166.5,2891.88,0.21963,194.239,1825829.8,238.054,4844.17,128.0,27.4666,3.491
14906.5,3877.56,0.26012,157.601,2023962.2,184.589,5129.67,85.0,27.1632,20.751
6067.03,2242.53,0.36962,62.9007,820811.06,101.732,3337.35,68.0,38.8198,14.051
13150.4,3699.12,0.28129,158.687,1826048.0,205.934,4868.9,196.0,22.5604,1.261
8280.35,2778.47,0.33554,98.7324,1167294.5,115.859,3047.01,64.0,32.9564,12.576
6693.05,2406.63,0.35957,81.538,911766.8,95.8337,3288.88,60.0,38.1446,1.498
10537.5,3118.53,0.29594,116.315,1423585.2,166.997,4025.82,37.0,32.8677,1.444
13259.5,4808.35,0.36263,154.819,1844035.9,174.623,5172.41,37.0,28.2173,3.601
7690.22,1675.67,0.21789,72.9373,1094627.2,73.2333,2923.93,22.0,36.6429,5.074
6284.33,2138.6,0.3403,48.2346,868768.06,82.9855,2503.52,66.0,41.0616,11.266
9612.79,2420.55,0.2518,110.652,1361619.5,157.314,3893.38,10.0,34.4709,1.282
13045.2,4596.38,0.35234,145.386,1824745.1,165.284,5129.29,31.0,27.8373,3.467
9810.03,2981.53,0.30392,52.3216,1284551.5,143.202,3778.36,38.0,33.8194,14.732
5717.83,1921.04,0.33597,69.0445,790946.7,86.4525,3035.45,42.0,40.0371,1.763
10562.4,2961.54,0.28038,125.81,1469617.2,160.008,4601.2,77.0,29.8981,1.751
8920.59,3188.08,0.35738,77.8056,1219311.9,119.681,3779.22,92.0,34.4731,7.433
8058.8,3045.38,0.37789,80.859,1144417.8,118.824,3360.89,34.0,37.74,4.449
5294.86,1965.75,0.37125,46.1114,757474.2,72.6084,2007.73,5.0,42.4235,8.018
5344.78,1447.91,0.2709,37.6396,728692.06,62.1841,2873.83,48.0,41.5691,11.601
6227.53,2340.39,0.37581,61.4001,868583.75,88.3087,2762.66,54.0,40.5825,2.499
7714.46,2053.7,0.26621,78.5929,1087997.2,123.815,3332.76,26.0,38.1038,3.623
13517.0,6144.28,0.45455,92.4151,1922257.1,212.075,4287.95,108.0,33.9183,15.802
11408.9,4548.21,0.39865,57.415,1557929.9,153.091,11299.78,120.0,36.5398,20.795
7450.79,2068.91,0.27767,63.0221,1025716.5,96.3241,4002.75,68.0,36.6065,12.814
8752.83,3076.23,0.35145,59.8315,1176306.4,135.646,4639.7,37.0,34.0398,18.727
4977.77,1454.79,0.29225,40.8931,663721.06,72.6359,3087.66,15.0,42.3424,11.518
7542.51,2303.3,0.30537,79.6754,1046903.6,98.1193,3725.92,37.0,36.3322,1.806
11511.4,5128.15,0.44548,96.1895,1598819.8,186.608,4074.96,67.0,35.927,17.947
12309.3,3790.69,0.30795,109.716,1767172.8,173.503,3787.36,127.0,35.6937,16.155
9794.12,4155.55,0.42429,77.329,1324435.5,151.406,4129.85,31.0,39.4333,13.511
5661.46,1443.0,0.25488,55.1856,748965.44,72.7194,3446.83,27.0,41.5849,5.438
8477.48,3526.12,0.41593,64.9486,1198000.1,119.737,3539.51,52.0,36.5491,16.209
8382.2,3001.85,0.35812,66.601,1205819.9,115.544,3320.56,89.0,37.283,19.021
9586.94,3081.86,0.32146,89.8493,1296666.9,146.832,4386.42,20.0,35.1562,16.935
7649.51,2586.4,0.33811,61.9481,1028106.3,125.332,2889.39,50.0,36.898,8.36
24437.3,8481.69,0.34707,184.069,3454117.0,339.135,6774.84,196.0,19.6633,18.606
5629.13,1740.51,0.30919,53.6035,781772.56,86.8256,3300.23,48.0,40.4776,15.221
6472.9,1870.04,0.2889,53.7634,853092.1,102.425,3012.22,1.0,38.8441,11.638
8475.15,1555.37,0.18352,77.3099,1208943.5,99.4633,3914.98,14.0,34.9337,0.93
5809.6,1044.75,0.17983,49.5634,803570.75,74.9278,2656.88,4.0,41.4829,1.285
6941.95,2322.06,0.33449,49.32,891835.44,108.841,2511.37,37.0,42.7334,10.935
8271.36,2331.28,0.28184,89.9456,1126628.4,118.036,3240.57,81.0,38.6253,1.714
3994.24,1235.18,0.30924,32.5173,546301.3,49.182,1407.66,17.0,44.3222,1.533
12565.9,5369.54,0.42731,140.55,1759343.4,210.172,4933.41,75.0,27.654,19.67
12776.5,3829.41,0.29972,152.803,1807475.5,166.557,6207.67,38.0,25.7167,15.96
8972.46,2721.26,0.30329,79.5633,1270596.5,120.918,3878.65,53.0,34.8604,11.826
15904.9,5845.58,0.36753,197.116,2308308.0,295.21,5195.69,89.0,24.8442,5.45
7247.44,1202.5,0.16592,54.8839,1025133.6,61.3179,3218.36,26.0,38.1737,5.947
9179.82,2788.56,0.30377,102.639,1260099.9,146.511,3338.46,11.0,35.1212,2.255
8765.42,3723.74,0.42482,69.4996,1248309.1,122.524,4532.91,72.0,34.0273,19.429
7860.58,1969.0,0.25049,68.4581,1074641.9,113.015,3702.15,26.0,38.5238,1.416
12366.9,3908.9,0.31607,96.7802,1703236.9,192.965,4575.36,149.0,31.4178,3.682
8411.54,2375.8,0.28244,85.083,1195765.9,118.169,3409.73,45.0,36.6698,15.576
5756.39,1615.94,0.28072,64.9757,721473.25,89.2036,3112.33,16.0,39.4241,2.335
26080.0,9200.19,0.35276,180.857,3541903.0,400.262,9080.7,146.0,29.2707,20.615
10159.2,3012.19,0.29649,102.573,1365778.8,132.992,3706.99,106.0,32.7202,17.934
8229.55,2713.57,0.32973,78.8797,1142759.2,110.343,3755.76,25.0,33.9627,2.85
11937.1,3818.79,0.3199,112.535,1649239.9,166.291,4826.69,120.0,31.2096,20.493
3915.86,1196.4,0.30552,36.6714,531240.06,49.6639,1389.32,32.0,44.4725,11.2
12323.4,2446.4,0.19851,146.116,1682997.5,195.458,4811.65,142.0,30.2174,0.557
6165.41,2521.45,0.40896,53.0205,846040.25,87.1694,2563.49,41.0,41.0203,9.124
7134.01,1971.51,0.27635,67.8355,981408.5,86.2515,3085.39,51.0,40.3998,3.107
7097.15,2088.01,0.2942,70.0756,978402.5,90.5192,3172.74,51.0,39.4215,1.523
9554.57,2697.31,0.2823,89.5173,1333541.9,108.956,4454.41,49.0,35.345,14.45
7884.26,2236.09,0.28361,91.8595,1077020.2,116.622,4233.37,108.0,33.6515,2.613
6592.79,1390.15,0.21085,58.484,905147.06,81.0378,3323.1,49.0,37.8556,8.879
8938.94,4149.05,0.46415,92.4123,1281623.6,131.192,3735.31,28.0,34.3761,10.46
5011.49,969.41,0.19343,35.5343,688709.2,56.4333,1862.21,6.0,43.4166,12.189
12744.3,3654.02,0.28671,152.92,1750635.1,221.747,4510.72,128.0,30.2101,4.662
13415.2,5546.27,0.41343,161.914,1806815.2,247.961,5251.78,74.0,26.0564,4.78
5924.06,1838.04,0.31026,51.6881,810790.4,81.4036,2506.55,46.0,41.6979,13.517
8263.37,2868.86,0.34717,82.3445,1149254.2,114.125,4040.38,26.0,35.8419,13.918
17765.6,6211.05,0.34961,238.807,2396953.2,281.706,5585.03,142.0,20.6939,2.378
4967.38,1472.25,0.29638,47.0988,695770.0,63.7076,2001.9,4.0,42.3393,4.287
14694.1,5825.14,0.39642,183.938,2008067.1,290.727,4588.12,133.0,28.4703,16.594
4661.51,827.6,0.17753,40.4394,646998.56,56.7132,2298.91,52.0,43.7466,12.356
8526.58,2131.0,0.24992,71.3253,1248691.2,98.0665,3172.2,16.0,37.2134,1.347
8039.25,2297.18,0.28574,87.4432,1110305.5,113.54,3103.93,21.0,37.6598,0.577
14683.8,4640.33,0.31601,179.024,2056018.5,250.778,5419.34,139.0,24.2825,2.294
11842.1,3904.94,0.32975,118.601,1642013.1,171.739,5873.39,64.0,33.9361,4.246
6104.82,1590.39,0.26051,50.6562,794158.2,100.84,3556.17,20.0,40.1135,1.907
16593.1,4295.04,0.25884,217.87,2318880.0,281.529,5707.86,95.0,22.8641,1.477
17729.8,5404.64,0.30483,221.261,2515388.5,286.907,5628.89,116.0,21.6257,2.434
5721.06,2072.13,0.36219,59.4872,758909.94,100.088,2718.71,11.0,39.9076,12.946
9413.03,3913.43,0.41574,84.2917,1301017.2,143.301,3719.41,132.0,35.0492,3.778
16755.3,5464.8,0.32615,164.814,2293989.8,228.031,5432.52,149.0,25.5154,18.307
6868.28,2023.91,0.29467,60.8549,936919.25,91.9015,3415.45,50.0,38.2598,13.854
4471.96,1454.28,0.32519,34.5502,636178.8,50.3445,1555.5,40.0,42.7634,5.038
8676.48,2359.12,0.27189,66.4603,1150821.0,108.539,4079.96,15.0,34.5803,12.135
13171.1,3401.62,0.25826,193.638,1795174.2,212.616,4566.99,186.0,28.925,2.239
9586.66,2527.84,0.26368,63.0942,1368506.8,123.093,3764.26,53.0,37.0019,13.222
5147.13,1028.9,0.19989,43.3778,722186.75,58.9628,2797.07,12.0,40.2636,2.623
7889.89,2358.08,0.29887,76.3711,1104540.5,122.499,3224.66,102.0,37.9911,11.614
12514.4,3194.32,0.25525,160.423,1730977.0,203.809,4804.74,54.0,28.5993,2.784
4754.78,1931.48,0.40621,32.7632,661142.94,72.3113,1184.83,49.0,44.775,19.344
13184.1,4369.46,0.33141,99.1519,1830116.8,182.266,5934.17,78.0,33.3862,20.783
27897.4,12120.9,0.43448,215.085,3882443.5,392.871,6101.83,156.0,23.6543,20.591
15157.6,5607.8,0.36996,149.838,2167309.5,215.786,4693.89,119.0,28.9121,0.0
8662.17,2133.49,0.24629,85.7549,1169079.9,109.056,3639.52,15.0,38.8204,15.736
15533.7,4680.91,0.30133,141.756,2131399.5,213.689,4155.17,85.0,31.5435,20.299
7053.38,2132.36,0.30231,75.4524,972306.44,112.975,3029.45,80.0,39.4232,0.827
7503.14,2020.53,0.26929,60.4072,1020943.1,92.6519,3391.38,33.0,37.7389,10.078
18050.4,5595.17,0.30997,188.028,2527353.0,225.262,5486.49,129.0,25.6374,19.111
5999.84,1414.72,0.23579,66.4843,844344.2,74.5214,3038.06,18.0,38.7478,1.845
6915.34,1806.14,0.26117,62.5709,1014583.5,88.4755,3139.35,41.0,39.0751,1.552
10105.7,3912.15,0.38712,68.7183,1459345.2,143.406,3070.83,43.0,37.8488,15.349
7205.92,2075.01,0.28795,74.378,962613.6,106.138,3360.84,96.0,35.6081,12.722
11447.7,3146.67,0.27487,145.796,1625912.4,160.051,4117.73,127.0,32.3159,2.671
9844.7,3513.26,0.35686,90.2194,1323443.1,133.851,4245.0,47.0,36.235,15.691
7926.73,2198.04,0.27729,84.2648,1082554.4,116.854,3203.29,81.0,38.7727,1.708
13478.5,4483.24,0.33262,179.603,1871830.1,238.689,4383.88,14.0,30.3301,3.219
21117.4,5940.34,0.2813,175.866,2937825.5,248.079,5688.31,102.0,22.9773,18.271
13400.9,4820.63,0.35972,156.992,1941089.1,230.475,4832.14,161.0,29.5989,12.105
17132.6,5258.07,0.3069,233.771,2349685.0,311.967,5205.42,198.0,20.3096,4.541
14920.7,4546.28,0.30469,200.034,1957824.0,231.6,5571.11,225.0,23.2001,6.435
4847.79,1854.47,0.38253,48.1041,676698.9,73.0699,2135.47,30.0,41.6194,2.844
6842.37,2402.02,0.35105,84.4992,947797.3,95.49,3244.27,64.0,38.4553,1.66
16286.7,4169.37,0.25599,248.422,2221638.8,252.633,4812.46,275.0,27.6192,4.048
6477.15,1845.79,0.28496,65.9109,876528.94,74.3855,3153.05,30.0,38.8312,14.033
9839.92,2974.39,0.30227,105.572,1346706.9,126.79,3919.45,27.0,33.9289,2.895
7464.12,1725.3,0.23114,80.4147,1021962.2,91.2133,3413.96,57.0,37.8353,14.705
16216.2,4311.14,0.26585,179.746,2264382.8,215.129,4075.18,138.0,32.023,1.554
6990.49,2298.66,0.32882,52.531,947541.56,94.3902,3194.98,40.0,38.4747,13.452
7857.26,1920.75,0.24445,76.4435,1074693.1,97.5646,3616.86,39.0,36.2897,4.668
10678.7,2995.73,0.28053,150.529,1511238.4,163.846,4129.9,128.0,32.0819,2.796
8887.93,3682.15,0.41428,89.2309,1211654.6,137.084,3821.35,114.0,34.4084,6.386
9335.93,3083.5,0.33028,45.437,1284642.4,129.759,3813.01,22.0,34.3076,16.627
9819.84,2790.6,0.28417,119.039,1355205.9,140.093,4167.18,105.0,32.7724,2.242
11182.7,4773.45,0.42686,128.355,1549268.0,197.191,4323.19,129.0,32.1062,19.185
6715.55,689.03,0.1026,78.0791,884512.44,85.7022,2895.35,41.0,40.1103,8.71
6928.91,2214.76,0.31964,62.4699,911588.3,106.715,2806.48,27.0,39.0288,3.849
8000.6,1773.94,0.22172,62.3908,1097928.6,88.8618,3078.6,21.0,40.0992,6.941
12020.5,3766.12,0.3133,147.917,1690703.8,160.053,5230.35,38.0,27.1963,3.504
7454.93,2677.32,0.35913,78.4583,1012727.94,114.682,3016.05,16.0,38.7359,13.826
11576.4,3120.69,0.26957,127.759,1600973.0,161.723,4482.48,100.0,31.3144,1.846
8495.81,1559.87,0.1836,73.8486,1143493.4,105.13,3756.84,36.0,35.8594,6.571
6787.33,2488.77,0.36667,67.3402,956650.5,110.706,3227.1,13.0,37.754,12.347
5573.28,1608.27,0.28856,39.9384,782941.5,63.7725,1939.6,40.0,43.691,13.706
6931.27,1984.06,0.28624,63.9244,922254.0,105.215,3309.31,50.0,38.3639,15.22
7572.7,2669.37,0.35249,65.7031,1077110.9,99.6067,4007.55,69.0,35.2325,7.911
9268.27,2149.87,0.23196,102.138,1319843.6,144.24,3993.82,53.0,32.9158,1.984
9316.48,3066.52,0.32915,102.429,1291020.5,132.742,3917.24,14.0,35.0535,2.652
17499.9,5981.07,0.34177,234.619,2387597.8,278.715,5511.57,142.0,24.1899,1.631
11850.9,3170.96,0.26757,139.218,1647638.8,163.424,4381.35,49.0,30.3154,4.37
5664.86,1831.49,0.3233,55.8708,772986.5,77.043,3225.6,13.0,39.5603,7.849
6570.06,2560.55,0.38973,54.0008,863197.0,108.933,3450.97,58.0,34.0708,16.462
9366.18,1987.43,0.21219,104.487,1299178.6,133.326,4225.46,55.0,33.7439,1.62
8533.9,3412.1,0.39982,68.5759,1198411.5,135.506,4086.81,16.0,34.9627,17.451
5536.68,1105.81,0.19972,55.9158,765408.5,76.5786,2671.03,20.0,40.8396,1.332
4656.37,1676.58,0.36006,38.1194,658859.8,65.8352,2526.26,43.0,42.7422,8.398
11629.7,3347.84,0.28786,104.715,1570931.6,139.74,4769.11,33.0,31.3815,15.933
8687.8,2530.1,0.29122,76.0346,1184346.2,108.176,3623.39,55.0,36.0073,15.13
18050.8,5729.21,0.31739,234.949,2475711.0,303.14,4819.02,173.0,27.4317,9.505
11985.9,4478.7,0.37366,131.448,1724763.2,174.258,4581.92,152.0,30.696,19.774
9787.82,2411.97,0.24642,103.034,1386497.1,157.029,3842.86,15.0,34.0715,0.51
7879.01,1586.69,0.20138,74.8446,1105687.1,105.875,3745.27,14.0,34.4245,1.793
9797.55,2419.16,0.24691,142.103,1382717.0,156.051,4153.45,116.0,32.2402,2.527
14092.3,4772.02,0.33862,184.241,1924077.6,247.3,4426.12,72.0,27.872,18.211
10098.4,3447.88,0.34142,94.0557,1413748.2,128.808,4223.75,102.0,33.4066,16.366
6787.83,1654.69,0.24377,61.7121,928344.6,83.5092,3214.4,39.0,38.7566,3.323
9285.36,3001.28,0.32322,99.0026,1272237.4,144.299,3591.38,118.0,33.4198,1.48
11668.7,4736.42,0.4059,96.5903,1660286.1,169.353,4385.6,134.0,31.7135,20.98
4512.26,1829.23,0.40539,24.7251,618620.7,63.77,1545.68,19.0,44.19,7.786
7103.66,2304.71,0.32443,76.4534,980051.44,89.0526,3759.02,37.0,36.2953,1.505
7908.97,2606.32,0.32953,90.4046,1062306.4,133.503,3961.96,44.0,36.0068,5.661
15099.3,4070.11,0.26955,179.16,2140327.5,240.909,4529.52,17.0,29.9679,2.883
10421.1,4027.59,0.38648,95.8855,1497369.8,134.066,4768.03,31.0,31.5498,14.316
7185.19,2059.1,0.28657,67.6092,901915.2,98.7066,3121.34,26.0,38.1323,3.188
11198.9,2032.53,0.18149,137.591,1560018.6,173.239,4683.06,154.0,29.5621,2.042
10816.7,3343.51,0.3091,124.836,1570084.2,175.073,4502.28,51.0,30.6987,15.382
16699.7,5172.28,0.30972,205.28,2196393.0,267.162,6331.67,247.0,20.1185,3.234
16814.8,4663.77,0.27736,178.848,2329918.2,218.409,5399.39,120.0,26.1224,14.021
9697.76,2368.24,0.2442,87.9107,1347221.2,120.81,3935.4,146.0,34.501,7.331
11053.6,3055.77,0.27645,129.234,1546715.5,190.552,4694.17,98.0,29.2654,1.614
7674.63,2122.13,0.27651,73.1313,1058857.9,103.245,3321.74,58.0,38.2673,14.56
9103.55,3070.52,0.33728,93.5366,1303196.9,128.604,3959.01,73.0,35.3102,4.645
15764.1,5319.22,0.33742,109.123,2267796.0,206.636,5719.99,73.0,25.7948,17.363
11453.6,4311.14,0.3764,112.14,1585654.0,171.608,4363.57,91.0,34.0751,16.724
7325.58,2530.56,0.34544,70.7936,1006335.3,101.059,3244.32,19.0,38.0051,2.67
12515.7,4720.54,0.37716,117.338,1763646.9,164.323,4722.73,126.0,32.0552,17.752
6203.94,1388.32,0.22378,39.9902,788392.25,97.6574,2761.81,5.0,40.209,11.88
9095.39,2794.96,0.30729,99.1011,1259582.8,124.917,4215.22,112.0,31.3529,3.968
6551.46,1537.73,0.23471,60.9451,898603.3,89.6111,3377.95,26.0,36.5477,2.224
17414.2,6452.01,0.3705,194.565,2359881.8,287.057,5694.44,151.0,23.4183,19.64
8796.49,2089.62,0.23755,82.1584,1257476.1,111.366,3776.87,22.0,35.7275,3.157
5282.28,1649.27,0.31222,45.636,730379.1,63.4401,1843.84,22.0,43.7109,4.11
8812.66,3068.59,0.3482,90.4661,1248581.5,133.264,3226.55,25.0,37.6738,2.674
5281.75,1807.63,0.34224,50.5376,729192.25,69.5077,2210.19,36.0,41.6391,2.847
7483.8,1537.11,0.20539,58.4561,1093998.5,83.9475,2508.35,75.0,41.813,10.879
9676.53,2889.11,0.29856,92.1281,1377450.0,129.27,4096.4,100.0,33.8766,6.113
11184.2,3143.12,0.28103,123.633,1562343.5,178.491,4198.34,67.0,32.9117,1.547
5023.44,1448.73,0.28839,47.2534,644022.5,69.8669,1913.14,33.0,42.9924,2.294
5280.87,1782.94,0.33762,32.8431,753030.0,68.3585,2315.51,43.0,43.3604,9.108
7980.21,2403.42,0.30117,78.1481,1089140.6,103.68,3187.4,127.0,35.2693,10.911
7232.48,2063.21,0.28527,65.0904,1009699.2,93.667,2868.52,78.0,39.4373,14.614
8465.78,4099.99,0.4843,84.1988,1186263.6,138.837,3495.27,89.0,37.7798,15.137
17232.3,3936.91,0.22846,199.303,2462277.0,254.48,5699.0,264.0,24.45,5.45
8168.52,3543.25,0.43376,104.653,1109319.1,158.187,3796.62,96.0,36.1803,16.993
15273.9,5695.34,0.37288,184.61,2095971.5,243.448,5491.57,214.0,26.8497,1.946
15783.6,4602.66,0.29161,179.179,2167505.0,272.184,5351.85,103.0,25.3665,6.562
4716.79,900.43,0.19089,40.7008,612756.06,66.6375,2640.38,12.0,41.7337,2.484
8658.0,3018.13,0.34859,64.4977,1228130.9,109.288,5192.23,74.0,37.9573,13.884
8874.38,2436.69,0.27457,89.0925,1246752.1,140.499,4005.49,168.0,33.6869,1.552
10328.2,2758.48,0.26708,115.814,1422952.0,164.192,4716.53,79.0,30.0372,1.866
12746.7,4032.55,0.31636,144.501,1798282.6,183.729,4409.52,55.0,30.978,5.87
6039.73,1385.48,0.22939,68.872,847443.1,79.0361,2829.41,75.0,39.4407,7.402
12711.1,2388.73,0.18792,155.531,1735627.4,197.656,4753.41,133.0,30.0348,0.928
5641.6,1672.2,0.2964,57.8559,751025.0,90.3564,2699.35,33.0,40.9532,4.12
11917.8,3178.18,0.26667,93.8637,1646624.4,137.254,4194.9,178.0,32.2077,18.664
9065.75,2117.69,0.23359,86.5416,1276871.8,109.958,4734.46,27.0,32.8683,1.841
8367.48,2972.15,0.3552,75.0495,1195951.9,108.837,3465.95,30.0,37.7601,18.229
8941.96,2357.39,0.26363,102.387,1227394.9,117.577,3852.07,18.0,34.126,2.409
4366.05,1389.91,0.31834,35.9277,606302.75,53.4468,1389.38,17.0,44.6474,1.515
8020.04,2248.38,0.28034,93.9545,1129371.6,114.333,3555.18,95.0,35.5522,5.304
14880.5,6127.09,0.41175,180.245,2063659.1,262.538,4181.11,91.0,26.7191,7.585
12403.7,2426.05,0.19559,146.801,1693700.0,198.72,4810.48,142.0,30.1819,0.553
9794.29,3938.87,0.40215,95.5141,1363976.5,172.175,4225.6,62.0,33.3011,17.962
5296.29,1886.2,0.35613,42.1141,769814.44,81.7175,2387.65,45.0,43.1297,10.782
6152.45,1547.16,0.25147,59.6267,804409.06,75.0799,2967.72,41.0,38.5461,18.657
9748.34,2777.93,0.28496,106.886,1413232.0,152.752,4011.28,83.0,34.8891,17.71
5646.04,1979.11,0.35053,70.1156,782106.8,83.5887,3055.31,36.0,40.1175,1.818
4710.82,974.08,0.20677,44.7839,665675.44,61.4508,2589.66,15.0,41.7677,3.505
7272.11,2450.7,0.33699,62.3045,980583.2,108.554,3107.85,47.0,40.3029,1.9
5877.14,2204.74,0.37513,47.9837,826904.56,82.6198,2395.28,30.0,41.7965,1.88
7753.84,2797.23,0.36075,86.2568,1125080.8,117.922,3584.98,48.0,37.0174,5.174
9844.7,3513.26,0.35686,90.2194,1323443.1,133.851,4245.0,47.0,35.5687,15.691
6324.49,1220.82,0.19303,57.6642,831762.0,76.955,2890.27,45.0,39.7447,4.871
9195.55,3889.36,0.42296,80.7403,1256908.6,123.665,3659.66,51.0,38.1037,15.814
16740.2,4751.07,0.28381,184.951,2311819.2,227.631,4134.32,123.0,31.6767,2.652
9072.61,2326.62,0.25644,114.491,1280550.5,152.243,3758.75,12.0,34.6765,0.954
6767.69,2163.15,0.31962,67.3389,937993.6,95.1246,2840.36,7.0,46.5464,5.755
13901.4,5418.58,0.38978,140.72,1996669.4,202.573,4738.24,118.0,32.5073,19.255
7939.8,3130.54,0.39428,63.0717,1128937.5,114.113,4593.49,73.0,33.4945,13.689
10412.5,3653.82,0.3509,97.7818,1452223.8,161.753,5452.77,60.0,32.9301,1.896
13861.8,3504.23,0.25279,187.806,1887827.5,211.13,4573.64,181.0,28.9631,1.903
9172.48,2610.96,0.28465,98.8505,1272582.8,102.992,3405.31,34.0,46.5464,18.768
6771.78,1880.14,0.27764,65.5269,909472.1,85.2715,2985.94,18.0,39.0633,1.898
8512.48,3046.24,0.35785,90.3958,1146148.6,159.191,4313.47,53.0,34.5747,1.579
7273.18,2360.71,0.32457,61.2585,952560.2,116.061,2717.9,27.0,39.0876,3.065
12159.7,3768.04,0.30987,110.218,1758372.2,149.199,4619.11,76.0,31.255,15.544
12136.0,2901.04,0.23904,148.191,1673338.1,191.213,4136.17,93.0,31.947,2.16
5948.79,1881.82,0.31633,40.2273,836957.1,78.0088,2934.2,54.0,41.0178,7.171
10252.3,4778.39,0.46607,92.8504,1426690.6,178.114,4298.21,28.0,37.2324,17.635
6731.02,2361.0,0.35076,64.6455,902832.94,110.059,3010.34,43.0,38.8503,4.897
18892.3,6441.2,0.34094,180.623,2605541.8,260.302,4536.52,174.0,30.0216,15.891
8049.43,1423.69,0.17686,84.0564,1132755.6,118.244,3881.28,84.0,35.6495,13.744
11039.2,3038.78,0.27527,131.714,1525308.4,158.075,3686.37,26.0,34.8433,2.363
8929.78,1960.9,0.21959,80.4583,1282366.4,102.153,3980.26,15.0,34.9424,1.766
17868.9,4923.65,0.27554,234.747,2459150.8,284.122,5417.2,204.0,24.086,5.203
8501.95,2182.44,0.25669,86.8832,1197542.8,110.176,4705.83,27.0,33.0422,1.722
9895.26,2747.87,0.27769,96.2384,1358670.8,127.516,4006.08,25.0,33.4908,16.285
14409.5,4168.87,0.28931,140.172,2020702.9,190.784,4709.27,72.0,31.1143,4.616
4180.68,1290.25,0.30862,35.1387,576070.56,50.3245,1382.27,32.0,44.498,11.473
8220.02,3545.58,0.43133,75.8992,1136471.9,147.338,3887.24,75.0,35.7151,15.834
4823.36,1079.66,0.22383,43.161,677796.0,66.6515,2705.35,13.0,41.7271,3.531
6654.53,2044.85,0.30728,65.9533,919228.2,94.7802,3046.4,49.0,39.0543,2.742
6962.39,2295.84,0.32974,48.3847,972135.1,109.429,4093.96,66.0,37.451,16.227
11311.1,2747.87,0.24293,149.738,1576810.2,180.748,4001.58,64.0,30.8251,1.735
7467.59,1929.56,0.25839,67.7099,1031261.0,103.749,3602.48,24.0,37.4732,1.722
5223.36,1769.94,0.33885,46.6005,733046.5,73.5561,1975.41,4.0,41.8834,6.442
8516.63,2152.28,0.25271,99.1018,1212192.8,122.175,3460.44,122.0,36.7372,2.328
8382.54,2505.02,0.29883,82.4687,1150845.5,103.465,3798.61,43.0,37.3196,14.002
13749.1,3550.29,0.25821,191.524,1865674.0,216.27,4618.48,178.0,28.8239,1.9
7133.85,2285.43,0.32036,64.161,1033485.56,88.5247,4687.9,40.0,40.6267,16.768
14379.2,5733.13,0.3987,138.882,2030670.8,219.151,5346.79,105.0,32.463,20.019
11961.1,3070.17,0.25667,154.49,1628344.4,179.617,4450.18,57.0,31.023,2.308
7211.66,2501.11,0.34681,66.7319,978675.75,105.52,3126.19,58.0,38.4555,9.519
8467.74,1596.82,0.18857,80.8815,1218327.2,97.6991,3925.02,9.0,34.87,1.317
5424.75,1632.53,0.30094,63.1161,710773.6,87.23,2650.77,48.0,41.1381,4.855
7034.89,2368.01,0.3366,65.7704,993778.7,91.2244,3795.42,81.0,37.6115,3.567
5380.57,1309.8,0.24343,54.9808,707277.25,87.554,3349.55,15.0,41.1907,2.798
6200.87,1586.45,0.25584,59.0248,813191.8,69.4784,3278.5,46.0,39.045,5.366
17375.4,6593.3,0.37946,187.488,2447806.0,285.177,5607.57,157.0,23.3658,3.388
11177.4,3086.9,0.27617,145.523,1574902.8,152.771,4112.41,132.0,32.1389,3.039
11716.0,3574.07,0.30505,92.1766,1641465.5,160.166,4807.56,97.0,30.8207,15.141
6815.8,2207.9,0.32393,65.1522,894726.7,95.9289,3574.01,67.0,38.1176,4.329
8012.44,2635.86,0.32897,67.4751,1119284.2,116.605,3605.17,15.0,40.1236,14.007
7797.9,1683.56,0.21589,76.1374,1114737.8,108.447,4040.13,104.0,34.9581,1.018
8937.91,3055.17,0.34182,94.4234,1213100.9,124.976,3375.67,80.0,37.9458,2.472
11713.4,3937.89,0.33618,103.927,1649346.5,156.952,4180.77,146.0,32.4002,13.563
5583.33,1508.6,0.27019,52.4328,773990.25,82.007,2904.4,38.0,40.1062,6.5
11626.0,3909.96,0.33631,127.29,1623993.2,173.772,4249.01,28.0,30.5634,2.305
4586.6,941.4,0.20525,39.4898,606478.7,67.3623,2567.5,12.0,43.478,2.168
7603.03,3129.69,0.41163,71.0778,1004883.5,119.643,3216.91,51.0,37.9893,9.526
14422.4,3247.57,0.22517,173.074,2017514.9,229.265,4883.78,87.0,26.5529,3.452
7914.78,2271.77,0.28702,86.183,1068913.5,133.439,3542.96,42.0,35.9614,4.313
17140.4,5237.07,0.30553,232.829,2372491.5,307.599,5386.49,197.0,25.4483,4.781
15079.6,3257.71,0.21603,198.549,2066165.6,249.114,5119.79,172.0,24.931,2.52
6509.89,1727.8,0.26541,62.2693,877850.3,106.035,3157.56,38.0,38.8139,10.214
8077.43,1655.83,0.20499,76.4802,1101775.2,104.401,3232.13,38.0,35.4145,8.864
9317.63,2613.09,0.28044,99.5301,1300867.0,149.261,3581.31,23.0,34.7393,1.872
10726.3,4094.63,0.38173,88.7574,1506560.4,168.558,3868.72,28.0,35.3258,17.77
5808.96,1478.99,0.2546,69.884,820585.1,77.2606,2706.58,68.0,39.6951,9.734
5871.53,1524.08,0.25957,50.806,762145.56,97.0101,3405.25,15.0,40.0503,1.821
7649.53,2559.38,0.33458,64.1381,1023003.7,106.836,3734.92,67.0,40.7259,6.185
9220.85,3088.75,0.33497,92.3513,1247528.4,123.369,3345.93,84.0,38.0055,2.399
6271.04,1622.75,0.25876,67.4312,894591.2,77.2745,3096.87,7.0,39.0166,1.789
5037.47,1031.8,0.20482,44.1914,675173.5,63.3579,2634.16,14.0,42.9006,4.041
5109.7,1484.77,0.29057,42.5302,727795.3,68.1558,2480.84,33.0,43.1802,13.127
13373.5,4706.21,0.3519,150.263,1858368.8,190.364,5143.47,38.0,27.9915,4.007
8949.36,2502.92,0.27967,87.397,1194620.9,116.998,3945.79,34.0,34.702,17.793
16831.1,4945.5,0.29383,238.877,2358711.2,282.955,5702.81,143.0,21.1843,3.365
15845.9,7746.23,0.48884,198.619,2154921.0,291.539,5556.17,207.0,25.7101,17.723
8467.0,3757.17,0.44374,65.0042,1212472.6,115.529,2885.13,64.0,38.3754,16.971
5687.41,1224.83,0.21535,51.2249,788485.4,81.5722,2846.3,3.0,40.4181,12.339
6521.98,1504.34,0.23065,61.4642,905229.0,94.9605,3130.93,55.0,39.3909,6.236
9368.85,2161.19,0.23067,112.404,1300420.4,133.039,4244.83,54.0,34.0901,1.603
8481.76,3221.77,0.37984,89.3761,1187356.4,131.3,3555.24,31.0,34.3181,17.579
13252.4,4547.43,0.34314,94.5068,1844035.1,176.651,4730.88,125.0,30.4292,18.026
9611.84,3602.88,0.37483,85.4496,1371828.4,139.602,3981.65,42.0,34.8275,5.751
7582.73,3152.9,0.4158,64.3053,1029567.75,121.861,4157.27,77.0,37.6722,14.716
8676.9,3304.0,0.38078,78.222,1219089.6,112.776,3637.64,34.0,36.3052,9.134
4900.15,1684.66,0.34379,45.0844,704775.56,77.5523,2456.19,45.0,41.7881,12.548
9686.99,2702.38,0.27897,90.4135,1394954.5,126.208,4117.83,14.0,33.4729,2.618
9141.61,2515.5,0.27517,96.3458,1299113.2,129.094,3784.49,30.0,33.1973,3.728
11569.1,3859.37,0.33359,146.101,1576413.0,187.021,4800.16,100.0,29.0474,19.03
9503.17,2622.4,0.27595,108.525,1279723.2,149.958,4092.86,46.0,33.6152,1.926
13874.6,4107.64,0.29605,154.656,1919823.6,204.168,4660.47,30.0,29.8114,3.976
13201.6,4642.99,0.35169,158.241,1830481.8,202.003,4866.29,76.0,28.3019,3.028
10857.4,3434.92,0.31636,115.152,1495782.1,155.85,4294.76,80.0,32.6808,4.551
5902.07,2414.52,0.40909,58.3642,826277.4,86.3571,2788.56,39.0,40.5988,7.306
7223.14,2446.85,0.33875,59.7209,1041400.4,101.731,3460.54,19.0,38.7959,10.329
6652.64,2704.55,0.40653,61.7819,882112.75,105.063,3100.78,53.0,38.7596,15.444
6537.91,2445.18,0.374,65.408,927058.9,90.0088,2328.18,62.0,40.8488,11.84
15280.4,5013.02,0.32806,221.527,2116689.5,265.082,5369.4,288.0,24.6824,1.522
10897.8,2416.04,0.22169,120.632,1472930.1,150.84,3664.53,17.0,34.6606,2.068
5477.71,2202.07,0.402,34.1262,770320.8,75.3003,2220.35,49.0,42.3646,2.661
13196.7,3458.84,0.26209,127.809,1860794.9,162.18,4588.36,115.0,30.2689,18.197
9528.23,2048.08,0.21494,101.376,1323914.1,136.092,3707.15,27.0,33.7825,1.55
12585.9,2582.73,0.2052,157.217,1713802.1,194.769,4940.11,141.0,29.5379,0.738
6463.29,1933.05,0.29908,69.7073,904462.2,93.8856,3106.94,59.0,38.8505,16.75
8167.27,2365.4,0.28961,98.9481,1155619.8,111.677,3546.78,98.0,35.3102,2.003
6036.54,1959.86,0.32466,57.1245,834636.7,90.1277,2675.79,42.0,40.7274,1.674
6008.25,2183.43,0.3634,57.3718,839834.1,71.889,2633.18,31.0,41.0957,3.293
4992.46,1129.68,0.22627,40.4195,690690.9,57.4398,2554.58,39.0,41.7822,8.314
9773.18,3622.93,0.3707,86.2104,1359070.5,136.564,3711.5,109.0,35.4821,12.96
8774.89,2576.4,0.29361,87.1698,1216083.2,119.906,3116.17,22.0,37.3721,14.841
4522.05,1112.53,0.24602,32.7837,645209.6,44.2008,1261.48,34.0,44.6376,18.581
6455.18,2119.85,0.32839,59.5406,889631.5,91.4712,2692.33,48.0,40.4362,2.307
13475.4,4814.93,0.35731,168.55,1877843.5,227.605,4644.75,99.0,29.7563,7.19
10718.3,2923.88,0.27279,91.8918,1487277.4,147.555,4044.17,142.0,33.6827,18.401
11960.5,5056.57,0.42277,121.964,1686044.0,185.013,5691.5,126.0,27.8593,20.959
16362.1,4190.79,0.25612,222.693,2284941.0,266.219,5379.51,96.0,24.6477,3.008
4113.65,726.81,0.17668,39.7659,542997.44,49.934,2582.82,21.0,43.6749,8.364
9220.56,3570.14,0.38719,95.8399,1313848.6,120.435,3830.65,30.0,38.0572,14.219
5698.6,2656.53,0.46617,49.6085,784851.94,96.5905,2159.53,7.0,41.6196,7.886
9434.69,2691.3,0.28525,104.197,1307052.5,124.281,3911.01,20.0,34.0981,2.27
8401.15,2681.58,0.31919,71.3067,1130671.6,109.222,3624.09,75.0,36.8439,4.909
11384.1,4363.92,0.38333,109.309,1547469.5,174.009,4589.64,99.0,32.7209,20.245
14526.3,4642.04,0.31956,179.423,2107889.5,246.776,4973.03,88.0,22.9669,19.948
10550.9,2244.82,0.21276,90.1081,1446751.9,130.867,3365.56,32.0,35.8422,16.922
8246.34,2435.29,0.29531,59.1688,1119618.0,121.315,3209.17,20.0,37.9802,3.669
8588.24,2580.88,0.30051,66.8937,1167329.0,107.395,3102.5,29.0,37.8088,17.008
11815.2,3658.68,0.30965,118.316,1685831.4,198.058,4316.84,46.0,32.2417,10.849
6589.13,1520.37,0.23073,56.8827,902481.1,79.7621,3201.57,28.0,39.377,11.49
5093.55,957.73,0.18802,45.6131,641179.9,68.2688,1910.92,27.0,44.1024,9.75
10862.5,3293.83,0.30322,114.142,1523587.1,145.81,4410.57,62.0,32.2822,15.677
8487.31,2862.31,0.33724,64.5625,1187818.9,118.147,3185.95,48.0,34.138,15.402
14535.1,2969.36,0.20428,170.55,2058991.4,204.287,4030.38,146.0,32.2512,1.657
7484.15,2114.45,0.28252,54.7688,1070694.0,85.7881,3497.87,57.0,37.951,15.005
5433.35,1708.18,0.31438,43.9011,747826.0,69.8937,2118.2,27.0,43.3991,1.948
13005.4,3177.16,0.24429,132.865,1766068.1,163.023,4132.46,207.0,31.6836,3.069
7141.48,2315.81,0.32427,65.9481,1032628.6,94.0733,2886.92,80.0,39.4614,13.971
6276.1,1099.79,0.17523,58.5983,833328.94,86.1468,3006.21,58.0,40.1636,12.39
9012.04,3576.78,0.39688,80.2393,1216554.0,131.354,3745.67,43.0,31.0216,13.768
7013.86,2313.9,0.3299,64.386,963248.5,100.779,3053.58,45.0,32.1735,14.611
9376.98,2787.75,0.29729,103.221,1313529.6,153.158,4213.92,78.0,33.1466,5.05
10791.3,3334.19,0.30897,107.933,1502737.4,143.65,4853.7,85.0,31.8486,18.621
5759.81,2144.38,0.3723,45.2132,817838.7,92.3981,2578.23,33.0,41.7571,11.403
7490.74,1908.67,0.2548,73.6248,1014352.44,96.6242,3712.49,36.0,35.5336,6.265
5902.21,2034.66,0.34472,40.3298,826982.4,76.9973,2915.58,40.0,41.5336,13.424
17803.1,6014.35,0.33782,168.149,2541605.5,267.224,6010.11,78.0,23.7346,20.315
16266.9,4366.93,0.26845,232.829,2225242.8,278.272,4830.79,282.0,27.271,4.462
7359.86,3045.19,0.41375,79.6974,974880.44,130.042,3879.09,57.0,34.9876,9.522
8122.63,2272.62,0.27978,87.761,1120232.9,111.318,3114.85,21.0,37.6946,0.882
9699.44,2854.69,0.29431,92.5833,1343046.8,133.729,3903.53,26.0,35.0754,3.42
5521.72,1360.62,0.24641,55.9758,711907.8,84.4003,2952.19,2.0,37.6667,0.0
22408.0,6296.5,0.28099,292.437,3095852.2,365.86,6240.74,92.0,17.93,3.359
4449.21,1398.9,0.31441,32.0485,631787.75,49.3325,1245.95,32.0,42.7112,18.675
7629.22,1949.35,0.25551,77.27,1041519.3,94.3383,4122.46,94.0,33.3149,13.131
11582.0,2121.53,0.18317,148.522,1639259.9,167.411,4628.02,146.0,29.8554,1.78
9804.46,3378.87,0.34462,86.7779,1403868.0,142.252,3485.3,10.0,36.0084,4.151
7024.71,2546.23,0.36246,75.9979,961442.9,122.99,3175.63,58.0,38.3884,11.289
18023.9,6841.15,0.37955,184.701,2460538.0,288.506,6221.86,98.0,27.2592,13.883
5279.17,1136.55,0.21528,45.9736,757722.5,70.9922,2852.09,58.0,40.2008,1.043
13467.2,4897.44,0.36365,161.519,1906339.4,196.122,5618.39,77.0,25.5684,2.047
7896.87,4229.87,0.53563,90.0413,1077512.1,152.411,3473.27,133.0,36.6206,17.683
7624.27,2914.5,0.38226,70.5278,1100498.2,98.8886,3212.56,43.0,37.8738,12.401
17833.1,4975.43,0.27899,215.054,2481945.0,286.784,5756.92,203.0,21.7506,1.913
18716.8,7115.06,0.38014,228.294,2583215.2,325.279,4964.99,182.0,26.4215,10.817
7576.06,2108.0,0.27824,62.4062,1040309.8,101.083,3196.87,49.0,37.422,6.743
7688.88,1967.61,0.2559,59.6232,1082029.9,87.0629,3057.88,25.0,38.7339,15.599
13757.9,4603.99,0.33464,201.618,1856928.0,248.34,4567.44,43.0,28.8928,2.084
15869.9,3858.01,0.2431,199.354,2234623.0,269.497,5562.41,82.0,23.5669,1.263
7504.81,1752.5,0.23351,75.9292,1047944.6,81.2122,3123.13,33.0,38.1247,12.851
7351.92,2972.29,0.40428,62.9882,1033599.4,105.24,3892.81,72.0,37.5156,5.195
13718.9,3371.19,0.24573,181.882,1878622.6,210.753,4575.18,177.0,29.1499,1.645
12090.0,4190.74,0.34662,129.002,1687508.0,186.309,4262.78,39.0,30.3916,1.915
7162.34,1831.8,0.25575,82.0753,959085.3,93.3508,3669.13,51.0,36.4093,14.096
10279.9,2984.83,0.29035,103.785,1473323.4,135.829,4124.33,46.0,32.3742,4.767
5211.17,2094.97,0.40201,34.8882,735531.6,69.8692,2527.28,38.0,42.7969,3.378
4976.6,1225.72,0.24629,47.954,644650.8,74.8429,2032.27,35.0,42.7451,11.039
14724.2,6374.87,0.43295,130.003,2033528.6,239.862,5904.93,110.0,26.8627,18.24
8307.31,3998.96,0.48137,50.1706,1146875.5,123.559,2698.77,65.0,38.6913,16.898
7811.4,1791.26,0.22931,80.7247,1120361.4,109.467,3364.97,35.0,37.9677,3.329
6351.97,1570.73,0.24728,44.8018,893401.75,69.4232,2763.04,18.0,40.8986,7.974
6305.15,1668.62,0.26464,65.0286,885292.3,90.9438,3279.76,1.0,39.0109,0.0
9488.24,2835.2,0.29881,94.6791,1337475.0,125.044,3686.72,73.0,35.2542,13.121
10009.9,2936.81,0.29339,112.565,1412359.9,158.313,4227.43,49.0,33.4439,3.099
24208.9,6313.03,0.26077,212.563,3406879.8,295.39,6882.46,256.0,18.6228,18.171
6150.81,2190.41,0.35611,40.0815,835088.3,97.4443,2288.94,29.0,41.4393,15.652
8215.19,2668.98,0.32488,90.7284,1189356.1,142.371,3304.79,96.0,35.081,12.751
8513.05,3892.18,0.4572,63.1688,1259348.1,128.252,3696.51,59.0,36.4961,17.567
7013.61,2168.07,0.30912,70.9765,1001220.2,100.243,3256.3,20.0,37.8286,13.784
10414.0,3444.75,0.33078,123.458,1434758.5,178.399,3838.76,33.0,32.7313,3.52
12626.1,3815.33,0.30217,95.6497,1785471.9,177.817,4193.91,120.0,32.0773,3.018
8861.97,2816.48,0.31781,74.2656,1205993.9,109.072,3521.86,102.0,35.8052,0.0
8654.49,2517.45,0.29088,93.7323,1165277.5,131.644,4007.18,39.0,34.4998,3.542
4723.16,867.98,0.18377,44.0287,665115.3,60.1394,2680.5,30.0,41.8991,2.546
6076.79,1894.78,0.3118,63.2285,811138.5,98.275,2730.95,5.0,39.5633,10.128
6914.97,2420.04,0.34997,41.3442,937754.9,98.2062,2970.64,72.0,38.7149,6.681
8241.77,1981.24,0.24039,79.4813,1161929.0,112.365,3293.14,8.0,36.7724,2.119
14554.3,4570.85,0.31405,148.531,2064651.8,174.403,4526.03,113.0,30.9799,18.49
6980.79,3472.89,0.49749,55.8685,962244.3,110.712,4053.96,38.0,36.0778,15.351
9087.5,3620.72,0.39842,97.536,1307105.4,141.095,3691.69,28.0,34.6466,10.886
11972.3,3391.23,0.28325,136.295,1654436.2,162.481,4488.96,99.0,31.1703,2.236
6072.9,1853.23,0.30516,63.6106,800150.7,99.6668,3223.04,75.0,39.0296,11.556
20560.3,7682.98,0.37368,107.235,2821554.0,310.359,6817.45,176.0,19.6631,17.502
12106.4,3230.26,0.26682,147.479,1615283.4,171.297,4528.93,73.0,30.4954,3.619
3873.44,1026.29,0.26495,34.428,550157.44,46.3464,1791.45,12.0,44.5076,1.73
9168.21,3157.86,0.34443,97.3873,1294279.6,118.156,3330.93,27.0,36.7562,10.302
15313.0,4079.13,0.26638,236.757,2086244.4,270.348,4739.56,291.0,27.5808,4.456
5634.06,1306.46,0.23188,43.7097,787264.0,73.3275,2963.19,13.0,41.8007,4.144
7613.16,1672.11,0.21963,62.0679,1081559.8,85.5465,2912.77,31.0,38.8737,4.929
8375.13,2530.16,0.3021,73.4116,1167357.4,113.046,3371.7,48.0,35.3374,11.455
16657.5,5868.94,0.35233,233.498,2284110.5,268.145,5469.69,139.0,24.2729,1.787
5473.83,1397.15,0.25524,44.6211,734363.1,83.6227,3191.34,19.0,42.5262,6.909
7623.96,3066.14,0.40217,80.6255,1045998.7,114.827,4266.46,27.0,34.1658,20.495
9537.08,2981.47,0.31261,101.93,1339117.1,134.842,3655.09,9.0,46.5464,1.95
28960.1,9885.56,0.34135,216.755,3981595.2,390.693,7136.24,157.0,46.5464,2.448
13463.9,3582.36,0.26607,122.493,1922018.2,172.562,5653.39,129.0,26.1047,15.33
11671.5,3097.26,0.26536,174.638,1631652.2,190.744,4646.56,110.0,29.6058,2.122
6001.78,1968.25,0.32794,55.8011,821803.56,81.8404,3198.03,13.0,39.531,7.843
6189.57,1720.68,0.27799,56.1895,803326.94,87.6591,2998.04,52.0,39.5012,5.742
5212.66,1187.25,0.22776,41.9342,728310.0,67.23,2702.04,26.0,41.2183,9.408
6945.0,1132.07,0.163,53.2233,964490.0,80.0576,2894.07,2.0,42.3883,2.011
8719.67,3382.73,0.38794,79.3024,1193647.4,125.988,3424.99,12.0,36.8062,16.133
5368.2,2296.78,0.42784,46.4546,779851.94,75.2187,2672.57,44.0,40.356,14.353
15805.2,5280.82,0.33411,221.265,2166817.5,318.465,5720.06,190.0,21.9355,2.611
5132.85,1169.19,0.22778,45.9074,719178.7,63.7628,2680.48,12.0,41.8229,3.561
4391.4,1685.36,0.38378,26.9328,612729.44,59.4803,1552.92,12.0,44.8696,9.154
8350.49,2825.08,0.33831,75.8711,1157159.6,103.462,3936.92,17.0,37.9561,6.795
7588.78,2442.73,0.32188,66.6766,1054877.6,103.536,3140.64,36.0,35.634,6.884
9626.85,2696.07,0.28005,103.772,1325311.1,134.722,3575.32,122.0,35.9349,1.6
10741.8,2314.29,0.21544,119.935,1467709.4,165.031,3871.46,64.0,33.3954,1.344
14791.0,5823.55,0.39372,160.895,2052490.4,222.79,5550.54,167.0,23.9059,17.346
7858.47,2177.76,0.27712,77.0609,1067614.5,99.2111,3091.22,102.0,38.1662,4.096
17092.3,5376.28,0.31454,189.729,2347604.8,232.187,5500.4,86.0,22.2401,5.775
8989.39,2370.36,0.26368,100.552,1252015.0,125.385,4162.18,44.0,34.2911,3.052
7455.08,2443.59,0.32777,64.527,984580.7,116.11,4192.1,50.0,36.9509,8.64
7646.63,2601.99,0.34027,66.4034,1085839.9,103.549,2991.72,74.0,37.3685,17.611
9724.94,3235.98,0.33275,98.1592,1356980.0,146.264,4250.07,37.0,34.1623,1.622
8956.01,2127.53,0.23755,98.6505,1224450.0,140.068,3976.02,46.0,34.2905,1.733
6434.03,1827.12,0.28397,48.5062,914529.0,75.5102,2737.05,10.0,42.6255,12.356
7264.35,3358.94,0.46238,35.7661,1027658.8,103.146,2725.09,65.0,38.6137,15.58
9200.36,2919.21,0.31729,90.9385,1294633.8,118.992,3572.24,86.0,35.474,17.06
6903.42,2569.51,0.3722,57.333,948471.0,103.027,2945.39,78.0,40.2193,12.051
5962.72,1985.06,0.33291,50.259,828167.8,94.7321,2482.15,88.0,41.3706,14.484
22771.3,7039.69,0.30914,315.611,3143441.8,374.362,6283.2,107.0,17.6205,3.752
8624.57,2621.7,0.30398,87.5934,1129241.1,147.534,3662.63,89.0,36.8224,15.078
6750.24,2099.69,0.31105,56.9204,876885.5,103.3,2926.2,1.0,39.3387,11.209
9908.06,4167.55,0.42062,90.0778,1396593.1,153.508,3379.96,45.0,36.5174,16.769
13350.0,4334.71,0.32469,169.891,1824740.0,203.204,5049.11,182.0,28.6391,2.715
6803.44,3408.59,0.501,58.2752,947130.6,117.799,2651.8,42.0,40.6414,9.911
8971.16,3027.94,0.33751,79.2541,1203943.8,126.354,3776.1,67.0,35.5694,11.076
11471.1,3282.72,0.28617,134.346,1594635.0,167.616,4192.73,34.0,32.0739,2.808
10772.9,2705.55,0.25114,111.073,1551976.1,143.831,4103.88,105.0,33.7951,16.189
8111.6,1935.65,0.23862,71.3092,1096341.1,104.627,4234.48,102.0,34.9843,16.921
16818.3,5117.02,0.30425,194.746,2259520.8,268.942,5374.12,215.0,24.8584,2.437
6385.36,2043.47,0.32002,58.7705,886277.3,91.4311,2669.82,42.0,40.6442,1.817
8178.11,1853.33,0.22662,79.1005,1140717.2,102.224,3891.7,16.0,33.8002,1.85
15259.3,4712.26,0.30881,185.498,2038388.0,262.15,5052.12,195.0,26.4711,2.313
12389.6,4423.16,0.357,118.82,1755391.4,165.923,4060.35,63.0,33.4649,3.06
4670.89,1866.32,0.39956,46.7282,686984.94,66.6405,2334.29,57.0,42.9753,11.249
9185.9,3041.87,0.33114,107.68,1295263.6,134.392,3632.21,9.0,35.3197,2.314
9517.42,3050.96,0.32056,97.6135,1330747.9,147.353,3987.51,28.0,29.0401,3.12
8811.14,3112.0,0.35318,105.068,1204384.4,127.214,3994.57,117.0,35.3012,18.414
11399.8,4252.17,0.373,103.473,1542835.8,184.752,4022.64,73.0,34.7124,16.481
8778.22,2408.76,0.2744,96.1093,1211144.5,147.922,3274.51,11.0,36.302,1.5
7384.46,1972.43,0.2671,77.8156,1059173.0,109.826,3419.95,29.0,35.4027,2.666
8003.32,3521.02,0.43994,52.3476,1089373.9,120.348,3738.14,84.0,35.4899,17.008
6413.93,1639.18,0.25556,67.6825,845995.25,90.7573,3439.36,81.0,37.8971,1.512
7834.61,2165.17,0.27635,68.0947,1130494.1,94.8461,2855.29,35.0,38.3061,16.938
5220.07,1959.76,0.37542,36.256,731104.0,72.0165,2391.74,23.0,44.4759,9.936
8240.39,2634.82,0.31974,69.6539,1098693.4,124.018,3686.18,46.0,36.3656,17.18
7448.92,2678.76,0.35961,77.0665,1013898.1,109.582,3015.46,117.0,37.6492,2.386
21851.0,5996.54,0.27442,284.586,2988796.8,309.034,15991.09,248.0,19.1125,1.462
6709.91,1949.74,0.29057,58.1464,927492.25,78.6142,3250.79,38.0,38.5992,4.494
14874.4,4635.4,0.31163,207.6,2048342.9,260.308,5344.38,296.0,24.3907,1.563
9598.88,2960.17,0.30838,82.3566,1377161.6,136.808,4548.77,99.0,32.6485,2.019
6676.95,2146.4,0.32146,64.2703,898289.94,95.8426,3095.36,33.0,40.2658,2.107
11636.6,4306.49,0.37008,134.196,1518093.9,178.448,4424.01,73.0,31.1694,10.053
14569.9,4917.78,0.33753,190.857,1978464.6,253.508,4546.4,151.0,25.759,7.806
7517.41,2235.68,0.2974,79.1682,1041081.44,98.8241,3339.13,26.0,37.8375,5.625
5811.9,1302.19,0.22405,55.3534,797006.9,76.3018,2733.79,15.0,40.577,0.971
18616.4,5639.31,0.30292,233.781,2640143.2,292.589,5754.98,120.0,20.8927,2.868
7358.05,2484.81,0.33769,77.3944,1015570.06,101.77,3746.76,38.0,36.0918,1.852
11009.8,3035.97,0.27575,131.097,1548240.6,171.209,4213.5,53.0,32.5353,1.506
6660.14,2333.25,0.35033,73.1551,904873.44,96.2693,3287.97,55.0,39.0634,0.964
7884.69,2170.38,0.27526,88.6916,1135317.2,109.489,3991.16,2.0,34.0927,1.971
9752.5,3405.06,0.34914,90.7638,1357411.6,140.198,3628.8,71.0,35.2889,9.421
12095.6,3173.77,0.26239,146.48,1725067.0,166.699,4708.78,28.0,29.1482,1.427
8164.44,2611.17,0.31982,75.6317,1122747.1,116.504,3956.75,88.0,37.756,4.831
6981.62,2510.99,0.35965,76.1669,964334.75,94.6676,3253.78,55.0,39.2075,1.969
5054.23,1312.74,0.25973,44.2395,688777.06,74.3096,2699.97,8.0,39.4689,8.516
18834.7,4881.18,0.25915,183.283,2662125.0,227.557,6089.51,237.0,22.356,8.168
7641.24,2599.59,0.3402,62.0706,1064482.0,88.7024,3391.58,29.0,37.6711,7.638
14310.7,5379.81,0.37592,112.281,2004436.4,200.903,4729.2,186.0,29.4214,20.901
5956.92,1325.07,0.22244,55.5696,775639.2,81.0177,2826.74,47.0,38.8759,17.259
6066.88,1094.14,0.18034,58.0753,802779.6,64.668,2999.04,34.0,40.1948,17.726
7664.52,2795.33,0.36471,76.4803,1026277.8,115.913,3191.69,21.0,38.8622,15.945
11629.1,4104.19,0.35292,91.5745,1627505.9,160.265,5829.91,43.0,37.0687,13.697
7888.63,1586.16,0.20106,75.8645,1109559.2,106.73,3765.35,11.0,34.2826,1.942
5702.94,1696.58,0.29749,45.94,838212.25,64.6405,2469.07,25.0,41.9308,2.673
6373.13,1533.26,0.24058,67.9835,899657.6,80.5088,3197.88,19.0,38.5029,5.89
9483.5,2543.07,0.26815,92.3049,1338924.1,108.781,4155.57,96.0,27.5239,18.615
6116.7,2098.14,0.34301,75.8023,797847.1,77.2113,4113.68,26.0,35.5745,9.817
8052.97,2836.6,0.35224,81.4107,1126898.2,113.048,3776.99,30.0,35.4381,15.539
8660.54,2279.81,0.26324,97.6565,1184342.9,118.288,3813.74,25.0,34.3113,2.38
12420.4,3264.26,0.26281,122.153,1714399.0,152.476,4924.92,72.0,29.4264,17.9
7110.2,1405.98,0.19774,68.2775,967868.6,96.3984,3400.75,41.0,37.7263,4.981
6675.15,2363.13,0.35401,52.0272,953629.2,98.6738,3286.6,10.0,38.8229,14.337
4403.74,920.57,0.20904,37.0394,613337.9,52.3162,1841.28,39.0,43.9654,9.102
10087.1,2762.24,0.27383,104.42,1421829.5,149.012,3977.41,46.0,33.1994,1.625
12840.1,4802.1,0.37399,121.099,1794015.6,217.086,4355.86,46.0,29.424,2.288
18804.4,5833.92,0.31024,184.114,2588111.2,255.074,6537.29,100.0,20.0722,7.454
8169.42,2756.35,0.33739,87.3302,1090468.9,126.022,3362.67,76.0,38.0258,2.357
9933.38,2847.7,0.28667,99.4328,1360199.9,145.293,3871.26,119.0,32.9638,2.217
5520.72,1951.69,0.35352,39.2213,771456.1,79.3458,3138.03,40.0,39.1486,13.643
15935.8,4404.51,0.27639,188.91,2247375.2,221.469,5729.15,68.0,23.1302,1.347
23025.1,5371.88,0.2333,315.308,3168659.5,400.005,6234.34,161.0,19.8314,1.024
4953.05,1575.15,0.31801,38.0893,686256.2,64.5334,2033.63,23.0,41.9914,11.419
7699.11,2278.08,0.29588,70.2807,1072980.1,104.811,3431.94,40.0,36.255,4.308
19118.8,6768.57,0.35402,173.273,2670695.5,312.531,6381.24,156.0,20.9078,2.198
7347.9,1721.7,0.23431,70.0294,980954.1,93.6063,3905.12,97.0,36.051,14.819
21132.8,6699.36,0.31701,239.838,2904415.8,344.427,5712.64,208.0,21.5339,4.528
7365.49,2185.98,0.29678,78.8007,996674.7,119.185,3086.96,81.0,39.1075,1.118
8962.12,2555.04,0.28509,87.9382,1261091.9,133.851,3843.26,8.0,32.4523,2.268
23212.7,5414.72,0.23326,314.94,3202336.0,405.278,6220.49,160.0,19.8525,0.972
14969.1,6244.26,0.41714,160.617,2104594.5,258.467,4806.38,107.0,28.2525,9.616
13312.3,6310.07,0.474,151.667,1837475.9,256.792,4669.84,139.0,30.1229,20.365
7476.43,1864.94,0.24944,83.0434,1041986.75,115.617,3845.4,86.0,33.3379,4.765
6302.64,1638.04,0.25989,53.0133,907969.3,72.2306,2540.44,56.0,41.6893,11.645
5716.31,1783.58,0.31201,50.4164,752457.94,75.566,2470.8,28.0,43.347,11.692
11794.0,2346.0,0.19891,143.417,1649949.8,173.942,4639.97,151.0,29.8964,2.263
19154.0,5418.9,0.28291,274.789,2609547.5,318.18,6334.51,294.0,18.6133,3.28
20734.4,7997.71,0.38572,189.396,2876946.0,356.061,16122.75,152.0,22.6657,4.1
6117.64,1536.59,0.25117,57.3766,871966.4,77.1703,2907.57,18.0,38.8393,4.974
21475.3,9121.02,0.42472,201.028,2814508.0,346.946,8003.46,114.0,29.1583,19.423
5367.93,1512.78,0.28181,54.6838,727288.44,82.8116,3452.28,26.0,40.0579,15.47
6462.58,1876.2,0.29031,62.4196,861161.3,90.8698,3242.27,66.0,39.5955,12.909
4648.76,1759.77,0.37854,46.9062,674306.25,68.1371,2375.4,58.0,42.9753,10.843
4656.42,1002.07,0.2152,41.7507,650793.44,57.2816,2282.19,31.0,43.4063,13.996
6983.52,2776.47,0.39757,67.5118,1003681.3,106.899,3211.97,34.0,36.1224,15.941
12045.0,4988.92,0.41419,163.585,1647846.6,250.22,4955.31,150.0,28.6479,20.781
19695.3,5529.33,0.28074,208.463,2724865.5,304.231,5975.6,209.0,20.4,11.068
13875.1,4831.0,0.34817,194.113,1851013.6,232.942,4939.65,191.0,27.3268,3.014
5686.32,1730.62,0.30434,61.2357,756576.9,88.8995,2672.88,30.0,41.1039,4.569
9701.23,2391.33,0.24649,127.301,1318565.8,159.07,3606.64,31.0,32.0058,2.355
4202.05,744.71,0.17722,39.6896,554911.25,59.5054,2569.43,10.0,43.4913,2.006
6391.31,1761.08,0.27554,54.867,868967.4,76.4682,2766.25,33.0,40.7959,3.324
17493.7,4107.6,0.2348,218.85,2372853.5,251.777,5896.86,247.0,24.8916,8.93
7014.91,2441.04,0.34797,64.3268,939913.06,111.193,3892.28,48.0,36.7965,7.623
6088.46,2090.39,0.34333,34.5022,863003.1,75.2555,2545.59,64.0,41.5926,4.623
9531.34,2893.56,0.30358,105.388,1317714.9,138.735,3558.92,107.0,36.3017,1.47
10049.4,3796.07,0.37774,72.6394,1382556.6,148.746,4498.13,90.0,33.1623,18.19
8408.52,2852.73,0.33926,92.1011,1117147.9,115.339,3593.09,33.0,37.9536,11.871
6624.52,2144.22,0.32367,52.1021,914264.4,98.8737,3666.27,73.0,37.0052,1.303
7325.74,2530.79,0.34546,70.8061,1006357.75,101.06,3244.36,19.0,38.0049,2.671
8571.07,2355.92,0.27486,78.2261,1231099.9,93.7573,3172.58,28.0,37.2238,4.425
6223.64,1214.95,0.19521,53.361,875304.7,57.8399,3177.87,12.0,39.3099,12.44
21304.7,5609.45,0.26329,181.414,2976716.2,275.853,5328.47,27.0,25.0576,20.145
7515.15,2529.35,0.33656,81.9786,1047062.75,96.957,3414.82,51.0,37.9204,3.063
14408.1,5398.52,0.37468,191.785,1921973.8,246.548,5130.63,76.0,26.2265,6.235
6207.53,1522.1,0.2452,65.8301,844592.0,103.314,3055.68,78.0,37.0822,11.004
9213.68,3383.43,0.36721,65.4987,1256629.1,126.022,3697.12,62.0,38.1529,18.754
9066.64,2218.12,0.24464,108.012,1242813.8,141.372,4009.06,44.0,34.0929,2.012
8070.01,2034.78,0.25214,71.8586,1064804.5,112.942,3094.49,47.0,38.4384,17.001
12019.7,2356.65,0.19606,144.675,1631366.6,196.95,4866.29,139.0,29.857,0.583
15339.7,5547.37,0.36163,102.806,2116532.0,227.467,5394.58,83.0,28.3121,18.773
10982.9,2758.19,0.25113,149.609,1471671.2,170.277,4358.85,38.0,31.198,3.509
6661.52,1617.87,0.24286,58.2801,934568.06,86.8471,2690.77,46.0,39.99,7.867
9914.34,2450.35,0.24715,97.9986,1377696.8,123.324,4286.68,37.0,33.5495,2.133
8037.12,2777.68,0.3456,64.339,1105796.9,112.746,3384.21,84.0,36.8036,3.762
7795.34,2664.63,0.34182,71.6496,1058752.0,128.837,3097.79,84.0,39.0429,1.655
7291.55,2423.03,0.3323,62.5752,1002524.2,110.02,2874.19,73.0,39.1929,17.526
8744.73,2908.23,0.33256,91.8225,1183665.8,142.536,4071.19,44.0,35.0748,17.252
16363.8,6967.9,0.42581,192.214,2207707.5,267.382,5323.7,190.0,27.6536,20.069
5856.53,1804.25,0.30807,27.7727,816830.75,70.5603,2458.05,22.0,41.866,9.787
7997.81,2694.39,0.33689,76.1762,1148760.2,96.3031,3884.77,30.0,36.3165,19.67
8219.01,2336.08,0.28422,78.7472,1147740.0,100.908,4147.42,62.0,34.8397,4.412
9754.16,3318.79,0.34024,88.9483,1315107.8,146.286,3993.21,36.0,32.7846,11.234
7862.44,2329.08,0.29622,68.9595,1089245.5,106.133,3849.25,25.0,36.1333,2.971
7981.35,2972.98,0.37249,65.0336,1137804.2,115.136,3492.74,21.0,36.5511,14.481
8457.83,2362.95,0.27938,76.5392,1151770.1,94.6325,3659.17,104.0,31.5582,20.016
9195.36,1999.78,0.21747,102.921,1289399.1,136.618,3627.18,20.0,33.0396,1.509
11543.3,3148.7,0.27277,136.883,1601905.4,160.687,4460.33,94.0,31.5388,2.037
11769.2,3168.86,0.26925,154.656,1677868.2,165.369,4677.47,28.0,28.7646,1.699
10295.8,3926.24,0.38134,109.632,1412504.6,150.65,4180.24,43.0,33.787,13.747
8611.84,2208.81,0.25648,85.5874,1214804.0,117.842,4019.73,42.0,34.8907,2.55
16377.6,5987.35,0.36558,191.131,2255406.2,258.312,4848.39,159.0,28.1317,17.677
13890.9,5060.08,0.36427,96.2252,1943450.0,211.7,13612.43,102.0,34.2088,13.685
3917.14,1199.59,0.30624,34.0489,531672.25,47.3768,1394.26,32.0,44.464,11.275
11377.5,3708.23,0.32592,110.343,1570569.9,167.482,4549.49,19.0,31.9591,4.568
8415.25,2180.4,0.2591,85.8201,1199520.5,114.155,3324.26,5.0,37.5682,2.376
8013.74,2083.59,0.26,66.4808,1100801.9,113.887,3790.96,25.0,35.727,2.237
7840.57,2938.36,0.37476,58.6029,1129110.0,111.46,4890.43,23.0,36.7483,13.027
7459.33,1647.32,0.22084,85.9954,1039140.44,103.108,3919.0,29.0,36.4054,1.431
23212.7,5414.72,0.23326,314.94,3202336.0,405.278,6220.49,160.0,19.8525,0.972
3912.05,1218.18,0.31139,31.9482,537942.94,50.9075,1394.94,17.0,44.4037,1.397
6175.5,2849.54,0.46142,47.5366,833551.5,97.6827,2706.22,33.0,39.3895,13.191
7642.42,1915.69,0.25066,66.8941,1050225.5,92.1953,3190.82,104.0,37.8314,3.878
13557.8,4296.53,0.3169,105.136,1889568.4,174.947,5340.19,111.0,31.6171,19.788
8490.11,1746.51,0.20571,92.4787,1194853.8,111.603,3933.19,101.0,35.5434,9.834
6950.23,1977.05,0.28445,92.6517,953858.94,91.6086,3552.62,23.0,38.2952,11.969
18355.3,7451.43,0.40595,188.449,2567685.0,280.531,5407.67,131.0,25.5754,19.213
5648.6,1887.53,0.33415,57.5731,746401.94,90.7938,2787.17,37.0,40.456,3.434
21535.1,5868.68,0.27251,303.089,2931521.2,307.279,6650.04,284.0,18.6382,1.503
8364.96,2914.92,0.34846,91.7453,1183787.9,106.208,3682.31,26.0,35.5865,13.203
8649.1,1590.57,0.1839,77.859,1165572.0,98.8816,3696.99,43.0,36.33,8.483
6921.89,2404.62,0.34739,75.2625,944201.4,100.142,3338.99,70.0,38.079,1.817
9627.58,3252.22,0.3378,109.482,1355110.0,128.114,3729.88,20.0,35.1296,3.348
9806.75,3732.54,0.3806,73.6205,1394532.8,141.156,4505.61,79.0,33.0156,17.225
7771.39,2650.51,0.34105,59.0768,1062343.5,107.023,3707.57,49.0,36.9096,11.849
11213.1,2829.3,0.25232,136.377,1552053.9,170.98,4675.13,173.0,28.8802,0.618
8323.52,3080.21,0.37006,77.9642,1177380.9,124.565,3449.31,43.0,38.3805,3.015
16237.2,4223.07,0.26008,177.061,2306491.2,223.062,5333.98,210.0,24.8975,8.774
12532.7,3929.1,0.3135,160.578,1764772.0,212.93,4604.51,110.0,29.661,3.723
9389.13,2241.45,0.23872,105.978,1304863.5,128.975,4210.92,53.0,33.7317,2.158
4538.01,892.85,0.19674,44.3992,618068.8,68.1386,2581.25,12.0,43.0013,2.277
7065.68,2644.69,0.3743,65.4145,1010280.9,97.5813,4184.22,64.0,37.1828,13.559
5514.55,1893.42,0.34334,51.5116,766696.8,83.4163,2553.19,80.0,40.8306,11.989
8619.78,2918.55,0.33858,83.7156,1158322.9,138.701,3775.76,24.0,35.2589,13.804
4955.49,944.16,0.19052,43.4905,712662.06,58.7951,2187.94,80.0,42.7786,0.671
16107.1,5174.14,0.32123,212.314,2114485.8,265.221,6265.47,231.0,21.5121,2.644
9384.59,2772.71,0.29545,92.6852,1271505.9,130.371,3338.51,76.0,38.1673,2.279
5060.58,2343.98,0.46318,42.0429,718190.5,89.1852,2055.05,87.0,42.6699,12.735
7501.21,2235.22,0.29798,64.1537,943416.1,115.464,3449.81,27.0,39.4709,2.128
16783.5,3681.96,0.21937,181.701,2397219.8,213.417,5505.36,222.0,46.5464,5.604
3391.21,1314.85,0.38772,25.838,457306.75,44.7173,1366.0,1.0,45.3821,3.288
11245.0,4915.34,0.43711,89.596,1568426.6,160.175,5916.48,82.0,32.18,19.364
11318.3,3017.81,0.26663,155.529,1598845.6,167.216,4832.54,38.0,28.292,1.916
9018.38,2971.18,0.32945,81.0263,1302139.1,126.424,3524.7,24.0,36.9775,4.69
8529.23,2687.25,0.31506,64.3257,1204903.9,103.151,3626.04,13.0,37.4971,12.189
11176.8,3959.53,0.35426,95.3795,1556595.0,161.385,5319.44,30.0,32.1713,12.427
4614.57,1329.75,0.28816,38.8241,662304.5,52.5465,2403.57,55.0,42.2006,12.47
11826.0,2552.39,0.21582,148.387,1657642.6,168.643,4711.14,152.0,29.6203,2.719
9376.46,3301.81,0.35213,102.708,1307216.8,135.24,3643.74,17.0,28.4809,1.971
5055.66,1430.06,0.28286,47.8202,699581.44,60.6078,1930.83,16.0,43.3257,3.574
8101.85,3170.55,0.39133,95.1842,1139552.1,144.822,4381.81,125.0,33.3255,11.26
10689.7,3577.12,0.33463,101.201,1511230.0,152.645,4501.28,63.0,31.9131,9.743
7060.71,2473.64,0.35033,62.8972,932638.44,108.423,2795.94,27.0,38.7088,3.002
16350.8,5038.49,0.30814,178.519,2309716.5,245.589,4798.29,60.0,23.2039,8.629
5794.95,1886.68,0.32557,56.0417,800992.7,79.6353,2612.74,33.0,41.4006,2.937
13656.7,3701.28,0.27102,179.519,1850197.8,225.057,5074.02,85.0,26.5558,9.376
13781.8,4899.97,0.35553,201.249,1872238.2,253.055,4714.47,45.0,28.4256,2.192
11490.9,1823.19,0.15866,147.513,1626534.4,162.314,4612.96,154.0,29.8625,1.661
9154.5,2037.03,0.22251,97.005,1269071.0,126.963,3997.37,43.0,34.8153,2.944
6707.02,2298.75,0.34273,79.781,911344.25,100.461,3233.3,55.0,38.1818,1.332
13602.4,3453.91,0.25391,166.716,1908546.5,216.349,5104.4,196.0,27.6547,1.997
5925.61,1096.33,0.18501,55.6742,815600.75,66.058,2304.38,34.0,42.2454,15.583
6350.54,836.2,0.13167,61.5261,884952.94,67.7308,2897.83,53.0,41.2299,12.389
7575.71,3004.03,0.39653,77.2504,1064929.6,121.143,3238.94,46.0,37.9893,3.475
4102.72,681.59,0.16613,42.7194,561471.8,58.2526,2416.6,12.0,43.0484,10.076
7248.55,2246.53,0.30992,62.8308,944577.56,117.495,2815.53,36.0,38.8702,8.438
3973.46,1844.23,0.46413,42.012,562586.75,75.9676,2247.01,39.0,43.3015,12.072
14136.5,6152.87,0.43524,168.233,2004976.1,253.188,4935.16,137.0,27.2459,14.869
10904.4,3458.03,0.31712,143.354,1567546.1,165.219,4065.96,131.0,32.4244,17.79
8969.42,2516.52,0.28056,104.32,1238233.9,135.836,3286.79,5.0,36.7002,0.917
8782.18,2851.47,0.32468,56.7188,1154049.4,129.748,4140.08,40.0,41.6824,13.542
12723.9,5513.09,0.43328,165.696,1836965.4,240.693,4645.53,170.0,29.7852,20.403
9228.81,2494.21,0.27026,94.9503,1274561.1,115.596,3810.37,38.0,35.5426,2.775
10544.6,2702.71,0.25631,125.523,1472054.4,168.474,4651.46,74.0,30.2527,1.62
7109.52,1807.4,0.25422,63.9954,978600.3,100.539,3605.12,20.0,36.9929,1.845
7127.56,1706.66,0.23944,61.9446,960021.1,85.3673,3574.68,15.0,34.4737,9.121
7571.49,2514.59,0.33211,75.1242,1050421.5,98.5228,3794.54,34.0,35.9987,2.191
11374.1,2858.78,0.25134,148.435,1533541.9,172.508,4562.27,57.0,30.4871,1.787
10226.7,3729.71,0.3647,104.578,1430631.5,157.165,3679.17,16.0,35.1316,3.288
11290.7,4546.92,0.40271,128.063,1599116.9,188.906,4759.7,116.0,29.7027,17.71
10464.3,3126.45,0.29877,134.876,1406558.9,155.66,4043.35,39.0,34.0243,2.586
9131.24,2200.55,0.24099,91.3142,1295820.5,130.71,4028.98,45.0,34.4534,4.976
11005.2,3079.54,0.27982,102.812,1537906.9,152.449,4197.38,36.0,33.3399,3.991
21288.2,6536.43,0.30704,245.901,2967005.5,318.975,5587.41,73.0,23.1025,3.299
8836.81,3209.04,0.36314,78.546,1195560.5,133.932,4244.2,33.0,34.6313,3.902
6173.84,3022.16,0.48951,56.654,859891.3,114.331,2417.5,63.0,41.618,13.22
13978.7,4080.72,0.29192,161.561,1923756.5,233.312,3935.66,147.0,33.183,20.769
9701.88,2247.52,0.23165,91.0036,1374635.2,111.613,4664.28,28.0,32.8875,4.296
14725.0,3893.74,0.26443,171.143,2017699.8,239.782,4878.73,27.0,28.0666,2.96
13925.1,4493.67,0.3227,138.919,1965067.1,186.505,4733.3,73.0,30.9797,4.448
7129.53,2341.06,0.32836,78.7295,990569.5,96.6041,3680.41,37.0,36.4563,1.732
15040.3,3308.95,0.22,197.682,2085133.8,241.611,5057.52,121.0,25.7929,2.617
6678.89,2539.47,0.38022,79.6045,915619.8,98.7725,3254.48,69.0,38.6298,1.297
16009.8,5477.69,0.34214,244.052,2188247.5,263.331,5540.74,118.0,23.9552,2.505
8600.15,2168.1,0.2521,102.109,1177145.1,103.945,3864.62,25.0,33.722,2.361
8716.96,1778.6,0.20403,98.7821,1234610.0,126.939,3794.87,47.0,35.0048,2.644
7354.35,1810.58,0.24619,66.2988,1012349.9,95.2586,3598.03,38.0,37.3387,2.182
9284.4,3836.57,0.41322,94.3454,1293027.5,133.447,4086.49,27.0,35.6955,9.889
14942.3,4639.51,0.31049,191.127,1970191.5,220.912,4236.92,105.0,30.9412,2.12
11985.5,2144.31,0.1789,144.866,1684042.0,171.17,4637.38,150.0,29.9662,1.593
7941.66,2608.26,0.32842,67.9345,1116844.1,105.01,3404.87,41.0,35.4634,4.325
6407.59,1534.59,0.23949,55.8072,919648.8,65.9413,3025.09,42.0,37.9716,15.98
12714.6,3221.58,0.25337,155.861,1763624.4,204.625,4820.43,53.0,26.7305,2.801
10187.6,2522.37,0.24759,102.05,1440153.9,129.556,4027.83,43.0,33.797,6.813
6311.88,1629.58,0.25817,61.1587,829515.2,82.3016,2754.16,31.0,39.0047,3.748
14183.6,4669.17,0.32919,162.24,1973233.0,245.323,4540.25,102.0,29.2251,5.04
9755.12,2583.49,0.26483,100.261,1308135.2,136.811,3771.42,17.0,35.7199,1.755
8473.07,1679.74,0.19824,76.45,1207087.9,102.022,3918.72,14.0,34.9456,0.926
9767.13,2762.69,0.28285,60.7586,1303185.2,143.15,3700.67,47.0,35.8655,14.026
6459.44,2219.17,0.34355,65.1308,849675.94,93.5234,3420.34,69.0,37.6425,5.513
8488.64,1696.87,0.19989,77.8848,1210658.0,99.7146,3917.2,13.0,34.9433,0.971
15863.6,5128.49,0.32328,202.455,2100514.2,249.842,6800.6,252.0,23.419,14.851
12705.8,5224.44,0.41118,167.486,1763869.0,244.648,4887.33,214.0,28.2466,19.123
9534.78,3004.15,0.31507,101.656,1320295.6,132.753,3947.44,25.0,33.6845,2.406
5019.77,1363.67,0.27165,43.0274,699692.94,58.901,1896.07,14.0,42.9845,2.193
12340.0,3864.32,0.31315,80.6693,1659107.5,173.405,3746.32,84.0,34.8125,8.394
6035.87,2181.73,0.36146,43.7758,873975.7,81.9925,2719.69,35.0,42.3435,11.986
8527.21,2357.2,0.27643,77.389,1187602.4,104.707,4084.99,61.0,35.2912,1.447
6866.47,2221.23,0.32348,71.6734,960641.8,95.1959,2850.0,18.0,35.6834,10.243
14558.1,4515.51,0.31017,163.912,2000811.8,231.249,4546.39,104.0,24.704,17.496
17660.5,4932.23,0.27928,231.232,2476201.2,285.148,5720.18,201.0,21.9818,2.011
15909.6,5092.39,0.32008,185.324,2189550.5,250.928,4970.26,33.0,27.6497,3.306
4372.52,928.59,0.21236,39.3835,574089.0,61.6759,2584.71,11.0,43.2879,2.264
10102.0,3764.06,0.3726,100.868,1407739.0,131.32,3670.04,34.0,31.1318,13.718
11710.1,2848.98,0.24329,110.598,1734783.6,146.122,3606.94,117.0,36.9025,14.113
7921.36,2641.06,0.3334,67.4358,1144460.1,96.143,3237.09,48.0,40.1913,17.071
6632.84,2292.3,0.34559,55.4125,920000.2,101.472,3722.97,76.0,36.3471,1.316
6676.59,1287.04,0.19276,50.1332,931793.3,76.8408,2820.21,4.0,42.4552,10.566
21674.4,8421.25,0.38853,199.165,3003163.2,314.696,7636.71,132.0,19.3659,20.195
7625.46,1974.49,0.25893,86.5529,1025164.94,114.218,3470.5,33.0,36.1477,3.534
8208.6,2757.35,0.3359,64.9443,1078692.5,118.411,3807.78,63.0,36.297,16.075
4630.09,1061.41,0.22924,42.5466,648672.4,60.0577,2387.81,41.0,43.3568,12.36
8944.28,2822.18,0.31552,93.3892,1263308.0,117.475,3976.61,93.0,34.2804,7.861
5140.89,1342.83,0.2612,43.9269,713423.3,59.8683,1930.07,16.0,43.3835,2.448
10420.5,2502.88,0.24018,100.19,1475271.6,138.69,3540.96,116.0,36.2967,2.738
6654.83,1267.04,0.19039,60.8945,891051.0,94.9385,3229.56,61.0,39.4498,14.27
20980.8,6646.1,0.31677,247.301,2894032.2,345.6,5942.14,206.0,22.025,4.738
6233.63,1635.84,0.26242,55.8398,818063.3,91.1417,3142.99,37.0,38.1107,18.579
8243.54,2650.5,0.32152,70.0467,1104247.6,121.256,4564.72,59.0,34.2761,6.321
20232.2,5635.41,0.27853,189.295,2850303.0,284.693,5355.04,37.0,25.3584,5.804
8394.11,2313.44,0.2756,96.2239,1133375.4,124.799,3489.88,116.0,35.6025,1.545
17298.2,4865.86,0.28129,165.82,2409896.8,209.825,5482.43,150.0,24.0709,14.452
16170.0,4609.88,0.28508,183.763,2159086.2,277.057,5337.98,146.0,25.2473,17.806
6877.19,2723.13,0.39596,66.8587,935052.44,108.274,3197.89,51.0,39.0373,15.451
7151.4,1822.67,0.25486,71.7704,964771.6,102.914,3286.42,70.0,37.6581,3.527
13578.4,3827.71,0.28189,170.526,1921384.5,210.585,4965.6,199.0,25.6795,2.087
15827.5,5625.34,0.35541,180.758,2217563.8,249.511,5649.63,216.0,27.1795,2.241
9094.84,2631.19,0.2893,97.2042,1248527.6,111.806,3240.3,32.0,37.1715,11.388
5856.87,1831.95,0.31278,60.6004,795225.44,84.7924,2412.57,17.0,39.7248,3.23
13475.4,4080.21,0.30278,176.351,1945442.9,240.712,4826.45,89.0,27.4669,3.084
8527.27,2507.18,0.29401,85.4211,1197618.2,104.288,3981.75,36.0,36.9306,13.138
10832.4,3578.8,0.33037,102.555,1509814.6,152.794,4979.01,53.0,29.0545,12.831
8974.67,3090.1,0.34431,79.8,1208545.8,140.774,3653.11,24.0,36.4966,16.683
14993.4,4358.73,0.2907,176.829,2049155.2,200.987,5102.47,192.0,28.8979,2.013
10763.7,4134.12,0.38407,90.0083,1507871.5,153.11,4038.74,64.0,37.0991,11.274
7698.79,1936.51,0.25153,74.7367,1032365.0,93.3362,3742.35,83.0,34.3699,13.817
9680.08,3701.0,0.38233,93.583,1372587.1,129.907,4098.89,33.0,34.3022,12.616
9714.81,2580.45,0.26562,93.9611,1384415.6,133.621,3591.15,132.0,36.0104,1.991
5186.78,1119.07,0.21575,52.1829,677577.56,79.1023,3289.51,29.0,40.661,2.119
7885.86,2334.62,0.29605,82.9066,1109349.0,121.666,3685.58,74.0,32.3794,6.13
14963.4,4436.73,0.2965,202.829,2095779.6,251.717,5321.37,294.0,24.6563,1.401
10153.9,3493.65,0.34406,95.5361,1346040.6,164.302,4565.49,83.0,34.4541,15.895
4572.71,1340.59,0.29317,47.2734,644993.0,64.198,1978.32,22.0,42.0739,2.125
4752.03,949.39,0.19978,39.9797,645452.56,56.4766,2444.6,60.0,41.0535,10.282
8682.55,2406.31,0.27714,92.7766,1232677.4,131.888,3966.22,162.0,33.6634,1.172
10212.2,3731.37,0.36538,106.063,1407012.2,157.866,4578.41,110.0,31.2627,20.12
5037.6,1470.42,0.29188,48.1747,704561.44,66.9939,2044.57,2.0,42.1533,4.899
11799.4,3661.95,0.31035,126.299,1618749.4,164.199,4989.96,82.0,28.6292,4.181
7671.35,2455.26,0.32005,70.8622,1085227.6,94.4772,3696.48,38.0,35.0949,18.693
7319.45,1513.39,0.20676,76.3829,988334.7,115.541,3440.84,34.0,35.0244,1.57
9538.25,3149.22,0.33016,102.66,1330837.1,129.531,3630.13,14.0,35.3219,2.575
15064.3,4347.34,0.28858,182.225,2101683.0,229.061,5647.86,137.0,22.7213,0.737
8980.46,3210.8,0.35753,104.68,1266148.6,128.241,3677.49,50.0,35.3422,5.74
14672.6,4136.26,0.2819,173.091,2012214.2,241.74,4799.55,34.0,28.036,2.874
8802.85,1869.45,0.21236,88.2822,1239825.1,108.975,4655.86,31.0,33.2405,1.867
22719.0,6445.05,0.28368,289.44,3125413.0,364.77,6329.49,89.0,17.4644,3.223
4930.54,1854.33,0.37609,54.7446,673561.06,99.2984,2829.93,65.0,41.3498,9.879
14878.8,4781.85,0.32138,172.186,2057106.9,222.64,5303.64,193.0,27.1479,2.088
14877.4,2879.28,0.19353,179.053,2072413.5,213.939,4707.74,35.0,28.3963,1.35
15843.8,5154.24,0.32531,191.347,2244146.5,274.216,5163.38,85.0,25.7357,4.395
10854.7,3118.15,0.28726,122.359,1561541.9,172.03,3458.62,140.0,37.2447,16.889
13424.5,3745.05,0.27897,162.778,1839420.5,198.973,4860.86,97.0,28.3527,4.321
9273.27,2588.57,0.27914,101.486,1274529.4,156.216,4131.69,73.0,32.6396,0.893
9212.84,2551.49,0.27694,97.3284,1270794.1,125.44,3915.51,19.0,33.7777,1.983
14581.6,5522.46,0.37872,195.391,1936008.4,262.688,5051.8,121.0,22.5388,8.836
5870.07,1430.59,0.2437,55.6886,815134.6,85.7168,2627.89,37.0,37.3897,10.062
7506.47,2068.84,0.2756,71.7192,1025393.9,101.399,3348.11,93.0,37.4396,3.644
8884.27,2656.13,0.29896,88.3756,1206260.5,119.12,3827.43,31.0,35.0307,1.891
4196.0,1257.53,0.29969,34.1353,578272.44,50.9028,1399.62,30.0,44.4197,11.842
9393.2,3517.96,0.37452,75.663,1270646.6,135.975,4040.86,95.0,36.4848,15.519
10730.7,2933.91,0.27341,132.795,1534312.9,164.878,4391.4,41.0,31.5828,3.082
7229.91,1373.29,0.18994,72.7981,970922.6,100.927,3245.62,84.0,36.7537,10.559
13871.0,4204.83,0.30313,198.125,1822735.4,231.214,5622.45,250.0,23.6857,3.296
12412.7,5348.7,0.4309,108.099,1702777.8,189.046,4582.06,40.0,31.4067,17.955
7188.9,2193.28,0.30509,68.7632,1015271.5,99.9261,3608.14,66.0,37.3265,13.572
11712.2,2986.5,0.25499,135.713,1597826.8,150.287,3943.24,229.0,32.5641,2.338
11718.5,3097.21,0.2643,131.855,1620553.9,163.375,4471.86,96.0,31.3658,1.838
13637.9,4106.71,0.30112,142.675,1922507.0,185.123,4834.08,140.0,29.0148,2.286
14576.5,5441.92,0.37333,185.251,2032367.8,245.538,4295.44,34.0,26.259,1.876
5009.5,1345.01,0.26849,47.0492,695646.75,61.6654,1967.52,19.0,43.7324,2.522
10351.2,3799.13,0.36702,113.411,1403132.9,141.753,4437.61,38.0,33.2369,12.821
10942.4,3688.86,0.33711,97.9169,1528418.4,143.901,3609.63,23.0,35.3867,5.344
11826.6,3221.78,0.27241,161.609,1663861.6,193.404,4803.61,61.0,28.5902,2.768
6440.65,1770.15,0.27484,54.7415,843746.4,88.6667,3267.03,52.0,39.135,14.441
11390.9,3182.07,0.27935,138.272,1583128.6,171.544,4434.09,96.0,31.8997,2.026
12431.5,3079.32,0.2477,130.875,1691281.8,154.443,3985.76,227.0,32.3573,2.508
13649.4,2842.48,0.20824,174.581,1923974.1,199.827,4043.23,142.0,32.1264,1.455
13339.5,4876.03,0.36553,143.073,1912859.2,213.975,4563.54,96.0,29.5503,18.113
7287.03,2451.06,0.33635,72.4594,976343.2,104.346,3165.26,126.0,36.6801,2.116
11932.8,4350.43,0.36457,83.8891,1688699.9,157.087,5053.98,13.0,31.3646,18.22
6516.29,2349.31,0.36052,61.7571,920799.8,87.5901,3400.57,82.0,37.7149,15.561
10541.2,3395.13,0.32208,65.9458,1445140.9,144.082,3453.41,82.0,35.6149,19.057
10083.0,3815.04,0.37836,103.925,1408683.1,136.101,3534.89,37.0,34.5857,14.0
7057.75,2645.59,0.37484,61.4194,996605.3,98.6974,3870.51,67.0,37.2468,4.339
7667.55,2320.68,0.30266,72.0221,1062808.1,102.434,3175.03,25.0,38.1239,7.485
15558.2,4541.25,0.29188,178.204,2137073.0,272.55,5234.12,91.0,25.4157,6.413
9154.62,2604.74,0.28452,102.169,1270819.5,122.526,3864.37,22.0,34.0853,2.24
14973.7,3059.26,0.2043,185.796,2081773.9,224.072,4696.63,38.0,24.9333,1.255
18573.1,5060.65,0.27247,156.203,2564872.0,220.034,5799.71,147.0,46.5464,2.232
5106.51,869.82,0.17033,47.474,654996.56,62.0701,2035.5,42.0,43.674,5.748
21535.1,5868.68,0.27251,303.089,2931521.2,307.279,6650.04,284.0,18.6346,1.503
8942.89,2232.08,0.24959,108.599,1216278.1,135.949,4126.06,120.0,32.75,1.64
17144.8,5689.5,0.33184,202.24,2241238.2,276.436,29668.61,202.0,22.7369,3.037
10187.0,4280.87,0.42022,85.1634,1432413.5,151.489,4220.57,110.0,32.7751,3.205
10069.5,2211.44,0.21961,95.4505,1401811.9,117.246,3843.37,56.0,34.3394,17.023
9412.9,4222.96,0.44863,64.3116,1396225.5,131.003,4266.45,70.0,38.9345,13.794
10623.5,4145.58,0.39022,141.302,1436660.2,207.845,3994.96,96.0,32.6273,18.475
10672.6,3984.55,0.37334,97.5626,1525250.2,152.072,4048.38,62.0,33.8941,17.799
8181.45,2757.0,0.33698,82.2641,1100921.8,140.192,3546.83,40.0,36.0818,4.662
14318.4,6354.06,0.44376,139.901,1956092.6,227.395,5661.87,151.0,26.3967,18.065
8972.27,2933.24,0.32692,112.717,1252051.6,157.602,4046.04,120.0,33.4734,7.173
12202.2,3959.51,0.32449,138.414,1738741.5,182.272,4484.3,93.0,30.8565,17.559
13974.5,5027.1,0.35973,161.264,1920521.5,213.443,5131.28,132.0,26.8438,12.538
5914.15,1712.49,0.28955,43.2644,861465.4,70.536,2495.7,25.0,41.7408,2.271
6420.88,2081.68,0.3242,52.6047,886920.94,96.1071,3576.0,70.0,36.702,1.322
7838.4,2650.84,0.33818,68.5737,1058172.9,113.745,4197.21,61.0,34.2396,12.728
15593.3,5719.12,0.36676,182.455,2197439.8,262.082,4385.24,38.0,26.7277,2.184
11481.9,2829.55,0.24643,145.65,1551026.8,176.129,4567.07,57.0,30.802,1.743
8264.68,2589.2,0.31328,91.6822,1173273.8,101.267,3609.96,25.0,35.2329,11.667
9679.76,2203.32,0.22762,112.389,1359266.4,126.142,4162.11,62.0,34.202,1.915
4714.66,1890.2,0.40091,32.2862,673248.8,61.9487,2651.67,54.0,42.662,12.295
7781.18,1813.23,0.23302,81.8001,1094524.9,98.7139,3810.16,44.0,35.9656,2.439
9678.7,2862.86,0.29578,104.091,1328632.8,152.517,4178.29,49.0,34.5138,2.09
10618.1,3277.38,0.30865,70.4248,1510540.6,131.4,4083.48,40.0,34.5149,18.453
4676.54,1678.14,0.35884,40.3103,640837.3,64.5828,1406.51,15.0,43.7013,11.287
5111.33,1957.62,0.38299,24.9752,704003.94,69.6626,3064.82,64.0,39.8013,3.607
9586.5,3484.12,0.36344,86.2009,1318370.2,127.916,3768.62,31.0,37.833,14.057
4351.37,1478.03,0.33967,41.0459,613042.44,64.8809,2376.55,64.0,41.8627,11.372
7456.4,3324.0,0.44579,67.0679,1071769.6,108.036,2615.57,80.0,39.4535,9.225
4478.18,1422.06,0.31755,32.6009,636055.6,51.5987,1429.17,39.0,44.4558,19.016
10402.0,4277.9,0.41125,98.8459,1451059.2,156.791,3771.61,15.0,34.6527,4.558
8243.16,1982.84,0.24054,53.2756,1162125.9,86.649,3488.56,30.0,38.5582,7.619
4859.3,925.8,0.19052,45.0402,685851.1,58.1137,2697.12,12.0,46.5464,2.123
7178.25,1701.35,0.23701,91.9786,952449.56,110.221,3774.67,29.0,36.3743,4.498
9322.35,3879.85,0.41618,98.6296,1228976.0,165.601,3869.78,105.0,35.8557,16.362
23570.8,5802.88,0.24618,317.523,3246984.5,413.278,6229.79,133.0,19.8394,1.004
7332.5,1780.6,0.24283,64.1183,976527.44,88.1227,3987.96,13.0,34.6688,11.238
6720.9,1538.31,0.22888,53.3765,931379.3,93.8304,2678.71,93.0,39.9638,10.762
11354.8,4011.5,0.35328,128.822,1575132.1,191.63,4198.27,32.0,30.2317,2.754
9609.23,3154.11,0.32823,104.3,1333463.8,144.266,4332.3,41.0,33.8987,1.777
8292.82,2070.36,0.24965,83.7118,1173909.2,116.24,3883.33,72.0,34.9669,4.952
4354.48,611.43,0.14041,41.083,596562.75,47.0647,2304.34,26.0,42.8094,13.565
6873.28,2201.98,0.32036,63.9597,932655.4,98.3268,3136.24,21.0,40.1082,1.574
9573.98,2143.96,0.22393,111.705,1323868.1,132.023,4224.78,57.0,33.9852,1.581
8912.43,2536.82,0.28463,90.1259,1215345.5,119.17,3751.22,40.0,35.3226,2.015
9633.45,2475.77,0.25699,119.747,1323532.1,135.758,4124.03,128.0,33.0523,2.046
14443.0,5477.09,0.37922,112.695,2037170.5,214.007,4657.27,145.0,30.0651,18.774
9378.53,4019.09,0.42854,64.9438,1300972.9,131.074,3572.73,68.0,35.4955,18.549
14686.7,3078.47,0.2096,170.742,2083238.4,226.293,4821.78,87.0,27.5881,3.41
12433.0,3237.43,0.26039,138.199,1751157.1,157.474,4893.01,145.0,28.6319,18.175
7060.04,2634.56,0.37316,76.7575,968649.2,111.979,3949.5,32.0,35.1449,4.437
9622.66,3117.46,0.32397,111.594,1348315.8,135.191,3998.85,106.0,34.0751,17.141
7357.85,1741.01,0.23661,84.7093,1048746.5,100.219,2951.15,43.0,39.1087,6.691
6959.17,2408.07,0.34602,68.0846,978988.56,99.146,3518.6,38.0,37.2081,14.858
14032.3,4981.9,0.35503,156.167,1950010.8,202.241,5027.57,80.0,27.3715,5.369
10038.1,2604.87,0.25949,119.651,1370245.2,135.968,4179.85,134.0,32.7993,2.634
7353.19,2096.22,0.28507,81.0598,1001377.44,108.772,3093.95,76.0,38.7484,1.546
11513.0,3220.12,0.27969,104.446,1574142.9,161.476,3805.04,12.0,36.9525,15.299
13797.6,3512.43,0.25456,168.708,1877285.2,213.515,4897.46,137.0,27.5233,4.133
12311.8,3673.26,0.29835,110.562,1702364.2,149.074,4802.58,89.0,30.9668,16.453
11138.7,4145.07,0.37213,111.554,1637261.4,174.788,4443.08,103.0,32.8001,15.12
11339.0,4252.49,0.37503,99.7549,1595820.1,147.869,4068.41,52.0,35.6201,18.417
12722.3,3035.57,0.2386,108.935,1775361.2,178.544,4717.92,4.0,31.4572,4.939
15177.3,4219.84,0.27803,182.545,2080517.6,237.208,5298.26,189.0,28.088,2.551
5986.41,2132.19,0.35617,48.4739,849319.9,79.9289,2551.36,30.0,41.9218,3.459
9031.18,2715.48,0.30067,78.1739,1258226.0,118.099,4294.02,62.0,34.1991,1.953
10006.1,3297.22,0.32952,87.8122,1422797.2,144.065,3618.57,11.0,33.214,4.014
4981.91,1325.94,0.26615,40.5419,690123.4,59.5043,2597.54,56.0,41.707,4.404
11596.9,5385.16,0.46436,89.6049,1649507.0,170.196,3469.22,84.0,35.7937,17.372
5956.69,1319.62,0.22153,52.7928,834300.2,70.644,3174.13,55.0,38.7577,2.319
8071.73,1903.44,0.23581,70.9674,1087672.9,103.088,3911.27,92.0,35.8665,11.827
6118.13,1365.26,0.22314,54.8858,840824.7,70.8236,2654.26,24.0,39.8763,13.647
17077.7,4282.43,0.25076,231.787,2423440.0,260.663,5560.34,95.0,22.055,2.278
7533.94,2075.32,0.27546,60.5628,985674.6,102.469,3082.54,54.0,39.4629,15.374
12693.7,5863.6,0.46192,161.196,1744555.5,242.183,4762.07,117.0,28.7715,13.872
9519.26,3226.93,0.33898,90.2674,1348687.1,125.761,3865.23,10.0,36.169,4.843
5077.49,1585.16,0.31219,45.9779,713166.4,65.205,2018.09,6.0,42.3292,4.203
7617.15,2105.48,0.27641,68.5533,1045041.7,107.672,3686.33,29.0,37.1797,1.685
8588.63,1862.36,0.21684,63.2444,1239749.2,85.3433,2638.38,53.0,39.8715,14.565
9050.6,2248.59,0.24844,108.799,1274785.1,152.626,3832.56,15.0,33.5887,0.531
3827.0,1166.78,0.30488,34.7456,520910.97,51.9477,1376.8,32.0,44.4711,11.063
15540.9,5182.12,0.33345,191.521,2048977.6,230.353,4350.43,105.0,30.413,3.286
6647.93,2405.73,0.36187,60.2299,890125.1,104.415,3261.89,71.0,38.6276,14.825
5450.93,1308.87,0.24011,54.9922,715058.9,85.258,3441.92,20.0,36.4507,1.671
7987.56,2527.86,0.31647,86.8419,1125153.0,102.927,3481.76,26.0,35.4515,7.749
12591.5,3219.78,0.25571,163.422,1732392.0,207.866,4531.62,130.0,27.9192,4.945
15382.8,4002.15,0.26017,192.49,2170839.8,220.771,5700.07,62.0,23.0739,1.371
7060.71,2473.64,0.35033,62.8972,932638.44,108.423,2795.94,27.0,36.1026,3.002
6720.24,1547.54,0.23028,75.7389,885835.4,90.183,3430.78,85.0,37.7361,1.952
21728.6,7136.96,0.32845,247.2,3031671.2,336.932,5584.09,79.0,23.1075,3.564
7531.33,2417.34,0.32097,90.2168,1064735.5,103.689,3554.61,31.0,35.231,9.248
4772.0,1872.23,0.39233,44.5436,698907.5,68.0616,2376.23,56.0,42.2699,10.903
8969.48,2765.56,0.30833,56.2736,1282412.9,102.271,3951.85,60.0,38.1764,15.308
14626.5,5173.93,0.35373,152.195,2068198.1,197.439,5460.59,47.0,25.946,13.764
15950.2,3921.86,0.24588,212.173,2227132.5,271.569,5708.29,87.0,22.8265,1.467
10150.4,2818.64,0.27768,99.9985,1436627.5,128.197,3701.39,123.0,35.4822,2.192
10206.9,3867.31,0.37889,71.3674,1430608.5,141.081,4571.12,37.0,38.1002,14.638
9378.68,2937.93,0.31325,94.5164,1246466.6,125.399,5435.63,40.0,35.7697,4.201
5505.87,1712.87,0.31109,53.4495,719339.75,73.4352,2412.05,18.0,43.7653,9.725
7229.32,2192.61,0.30329,55.335,999123.5,93.4638,3336.69,25.0,38.2677,12.987
13625.2,3010.86,0.22097,171.125,1853777.4,209.559,4716.13,25.0,28.7758,3.086
19390.6,6103.12,0.31474,265.618,2630779.2,317.75,5857.17,329.0,20.4372,2.808
11071.9,3274.97,0.29579,132.53,1551956.9,181.077,4231.69,51.0,32.4392,1.393
11989.4,4278.21,0.35683,107.206,1726346.2,178.574,4662.77,114.0,30.6236,16.248
9182.95,2263.51,0.24649,106.118,1289434.4,147.93,3833.13,11.0,34.1374,0.536
7085.92,1657.78,0.23395,66.929,994891.0,98.4454,3228.05,32.0,37.1099,4.05
3840.72,1178.75,0.3069,34.8508,524504.2,47.8891,1388.39,17.0,44.2774,1.345
5858.34,1993.52,0.34028,67.3304,813585.2,87.2007,2970.54,32.0,38.9399,15.676
15047.2,7020.1,0.46653,146.818,2087834.9,249.015,4369.72,101.0,30.2627,19.628
13030.9,4592.21,0.3524,142.63,1798078.8,227.448,4126.5,99.0,31.5512,18.352
9807.73,1807.02,0.18424,95.417,1381907.4,113.149,4023.85,53.0,33.5306,17.864
9846.99,2684.44,0.27261,107.91,1346511.9,159.547,4224.91,78.0,32.6179,1.099
6117.99,1682.05,0.27493,52.8147,873678.06,74.2203,2543.38,65.0,41.5299,3.786
12408.2,3469.5,0.27961,120.617,1713078.4,166.544,4697.84,62.0,32.4269,18.707
9153.31,3530.83,0.38574,100.151,1274354.6,151.204,4023.23,61.0,34.6957,18.022
19115.0,5639.55,0.29503,256.952,2603311.8,305.173,5817.52,335.0,21.3231,2.457
5006.9,1138.58,0.2274,43.1622,698859.5,69.972,2683.32,10.0,42.5297,13.018
14892.0,4318.77,0.29,215.181,2039283.9,269.205,5066.95,173.0,25.3986,3.0
12539.3,4723.03,0.37665,133.93,1752494.1,186.165,5199.2,82.0,29.62,14.925
13074.0,3111.38,0.23798,159.461,1838661.9,203.89,4968.3,188.0,27.9729,2.181
6137.69,1974.09,0.32163,67.8897,839232.75,87.9815,3722.8,58.0,36.7874,4.866
14889.0,4327.25,0.29063,194.311,2067020.1,214.635,5612.65,142.0,22.7446,1.145
5398.94,2337.54,0.43296,42.7133,780462.9,89.4896,2311.01,86.0,41.6778,14.167
7063.42,1395.39,0.19755,53.5584,999201.3,73.8865,3094.91,34.0,39.5828,7.725
15247.1,5219.18,0.3423,217.763,2123957.2,259.777,5313.24,296.0,24.1171,1.857
11643.0,4649.4,0.39933,97.9345,1637512.4,159.414,4351.66,53.0,35.5974,10.371
9034.63,2933.39,0.32468,79.9414,1270433.1,126.139,3755.78,23.0,36.0599,15.029
8491.08,2908.12,0.34249,98.7877,1160984.2,143.382,3301.31,14.0,36.5649,2.086
13492.0,5277.73,0.39117,94.2175,1877043.2,195.708,5757.61,87.0,28.8525,10.976
7537.26,2468.07,0.32744,62.2568,1060451.6,94.8273,2440.11,84.0,40.2539,6.194
7890.86,2231.39,0.28278,49.5705,1091927.6,110.755,3035.35,15.0,40.1735,15.493
6310.32,1699.29,0.26928,34.9153,788935.8,93.7243,2928.53,40.0,40.404,14.218
13219.1,3914.28,0.2961,149.496,1786237.0,190.724,4825.87,68.0,30.6133,2.729
15064.8,6431.19,0.4269,100.638,2115452.5,226.645,10276.26,61.0,33.3605,11.659
15178.2,4785.04,0.31525,208.384,2110255.0,254.454,5330.03,289.0,24.8683,1.558
12284.6,4302.14,0.3502,184.437,1610112.0,246.049,4952.54,67.0,27.0635,5.64
9305.58,2953.8,0.31742,81.9377,1321168.6,129.108,3527.45,53.0,36.247,17.888
12931.6,3746.34,0.2897,121.344,1792793.9,169.065,4472.22,158.0,30.822,12.898
14321.3,6118.53,0.42723,100.041,1993266.9,219.301,9775.23,61.0,36.1999,12.793
15907.1,4624.84,0.29074,234.279,2168454.2,273.087,4790.31,281.0,27.0248,4.602
8112.4,2763.12,0.3406,63.3095,1134193.8,117.336,3111.93,71.0,38.1122,13.387
6459.99,1398.14,0.21643,66.1618,919013.5,80.375,3070.97,14.0,38.9842,2.05
8493.64,2526.22,0.29742,63.4234,1195958.6,99.745,3124.78,46.0,38.5712,15.645
10420.6,3242.35,0.31114,133.254,1417495.4,146.62,4749.38,71.0,29.9299,5.052
5102.06,1392.81,0.27298,32.945,719124.9,61.655,2398.7,46.0,43.0446,3.172
10692.8,3519.59,0.32915,114.281,1517873.0,146.003,3748.98,46.0,35.246,3.257
7227.64,2327.43,0.32201,73.1768,1025969.0,96.2851,3084.36,36.0,39.1111,11.429
13732.5,3913.57,0.28498,172.092,1949101.2,172.041,5185.28,153.0,26.6995,11.026
11039.1,4029.82,0.36504,76.6654,1502162.2,171.824,6862.73,91.0,34.0734,8.4
14989.3,3914.36,0.26114,204.451,2067131.1,253.035,5133.13,143.0,25.5067,3.611
6220.32,2235.31,0.35935,68.5677,848165.25,102.468,3024.13,47.0,40.302,1.642
7976.86,2581.1,0.32357,57.4831,1161192.0,95.1231,3817.09,21.0,37.759,12.378
18104.7,4797.82,0.265,220.767,2536712.5,285.347,5665.98,212.0,22.2976,2.615
8324.55,2500.64,0.30039,80.9513,1142494.2,110.359,3668.18,35.0,35.5136,14.258
6919.37,2417.19,0.34933,53.7405,953961.2,88.2495,2985.66,51.0,39.911,12.816
15270.1,3895.82,0.25512,184.105,2155944.8,208.907,5709.8,66.0,23.026,1.278
14972.5,5852.99,0.39091,78.8759,2037230.2,225.128,4404.84,136.0,31.7066,10.719
5049.75,949.82,0.18809,41.2957,690622.94,70.4142,2734.59,27.0,42.1151,13.496
5265.92,1804.17,0.34261,32.4578,742784.5,67.3237,2634.23,50.0,42.2124,12.812
18434.8,5368.67,0.29122,256.666,2469160.0,308.118,5790.29,311.0,21.18,2.972
5359.03,1874.13,0.34971,55.5045,742123.1,72.2695,2575.45,71.0,41.362,10.848
12256.1,4719.09,0.38504,112.227,1674015.9,165.995,5788.2,64.0,29.4828,20.456
4101.34,1041.57,0.25395,32.5808,572538.75,44.3736,1766.01,33.0,44.0469,10.688
11817.4,3944.97,0.33382,164.746,1636510.4,211.641,4687.73,84.0,29.3304,4.248
6731.36,2148.87,0.31923,64.9643,912710.2,110.797,2786.03,27.0,39.0676,8.203
9741.29,2650.52,0.27209,114.506,1363541.5,156.411,4182.43,49.0,33.9099,3.454
17748.8,4685.69,0.264,211.291,2461833.8,272.521,5744.58,198.0,21.7984,2.125
4951.27,1756.98,0.35485,33.1755,693492.0,63.8429,2271.82,43.0,43.0303,10.713
18856.5,5933.34,0.31465,263.299,2558308.0,325.913,5814.4,319.0,20.5296,2.713
22984.8,6515.95,0.28348,300.982,3140529.5,368.335,6332.71,99.0,17.6709,3.294
5945.25,2067.54,0.34776,58.7093,829401.3,86.5812,3468.26,75.0,38.0649,1.308
12234.9,3282.35,0.26827,151.966,1746913.2,174.043,4729.42,28.0,28.9015,1.733
12096.9,2078.32,0.1718,158.14,1638739.5,189.061,4690.59,141.0,30.3131,1.111
12217.5,3448.47,0.28225,100.859,1690662.1,180.793,4611.04,123.0,29.9508,2.836
7596.27,2222.54,0.29258,58.8035,1012843.4,100.008,4236.09,66.0,39.0171,9.654
7437.34,2887.54,0.38824,78.7118,1027102.75,101.303,3821.28,33.0,36.2367,1.896
9567.68,3771.66,0.3942,70.6081,1359830.6,133.866,4238.26,39.0,37.3475,20.207
12544.5,4067.03,0.3242,109.549,1763208.5,148.645,5069.26,134.0,30.3286,20.998
10793.0,3302.09,0.30594,121.398,1477965.1,153.904,4875.87,74.0,29.2971,3.475
16309.9,4672.68,0.28649,118.132,2291778.5,185.993,4935.51,154.0,29.1221,19.4
3862.04,1202.48,0.31135,32.9302,528382.06,49.533,1398.73,17.0,44.3635,1.739
9378.05,2598.98,0.27713,71.9174,1264527.1,127.463,3976.39,78.0,34.1271,16.353
7942.49,2632.56,0.33145,57.194,1133840.1,105.586,3671.43,16.0,38.0802,14.931
9026.11,2146.35,0.23779,97.6867,1262992.2,121.44,3844.79,48.0,35.1158,3.437
11237.4,2848.21,0.25345,162.234,1575994.5,192.517,4634.99,112.0,29.5434,2.527
11614.1,4240.12,0.36508,150.023,1628328.2,187.346,4936.53,45.0,27.5921,3.795
5992.1,1535.68,0.25628,42.2742,828818.8,85.6836,3049.66,34.0,41.5822,13.139
5939.27,1933.33,0.32551,68.5766,829768.44,88.8188,3042.06,38.0,40.1974,3.744
8238.52,2510.65,0.30474,90.9087,1162615.9,112.66,4135.38,25.0,34.657,1.638
6875.99,2790.24,0.40579,57.7275,946592.25,98.6844,2912.15,35.0,39.864,11.582
9910.41,2843.94,0.28696,94.9222,1393011.8,134.377,3658.51,125.0,35.437,2.045
11910.7,2831.86,0.23775,152.327,1684104.1,169.413,4692.58,24.0,29.0818,1.789
8113.5,1771.15,0.21829,101.205,1118287.2,127.539,3644.38,19.0,32.9836,2.112
6946.37,2274.78,0.32747,60.533,929177.7,105.248,3575.58,57.0,39.5559,17.533
15727.8,4831.35,0.30718,201.68,2068682.4,260.707,6223.09,250.0,23.8713,4.051
8064.62,1531.78,0.18993,82.7486,1152629.5,96.7329,3805.05,18.0,35.7048,1.878
18391.8,6411.49,0.3486,180.144,2591085.5,232.296,6084.02,171.0,21.2087,19.017
6737.25,1534.26,0.22772,66.8518,921007.1,84.2705,3112.99,46.0,38.0255,3.808
10224.9,3882.79,0.37973,94.608,1425632.8,133.681,4741.42,35.0,33.6346,16.3
12117.3,4636.3,0.38261,92.6968,1677198.8,175.513,4916.27,33.0,31.9466,18.872
4898.55,1495.63,0.30532,49.5763,639024.1,69.9247,2038.53,77.0,42.472,12.602
5774.42,1533.83,0.26562,71.9848,810204.9,86.1823,2737.88,75.0,39.764,8.392
13845.6,4496.51,0.32476,134.159,1929731.2,172.76,5041.98,152.0,28.779,15.818
11730.6,2463.44,0.21,157.351,1628110.2,183.946,4087.89,72.0,31.3622,2.256
11497.9,4154.88,0.36135,117.593,1592927.2,197.925,3942.94,61.0,31.678,16.516
14700.5,4316.59,0.29363,208.738,2034181.9,260.971,5132.84,143.0,25.193,2.248
8166.99,3184.82,0.38996,71.522,1159092.4,120.416,3884.16,43.0,35.8432,12.615
9272.18,2045.71,0.22062,101.963,1262655.8,145.8,3990.14,36.0,33.8976,2.0
14406.5,5210.89,0.3617,202.144,1988335.8,260.767,4625.66,41.0,28.4645,2.875
13850.3,4444.65,0.3209,151.695,1985436.0,205.325,5475.14,89.0,25.9141,1.356
8466.51,3087.81,0.3647,65.6229,1188683.6,117.267,4652.09,61.0,37.972,4.259
3922.01,1395.13,0.35571,25.3465,539340.06,47.6619,1730.09,10.0,44.8038,11.3
6250.79,1699.98,0.27196,56.8189,849627.7,87.1162,2923.19,30.0,39.1109,7.467
8072.37,2030.45,0.25153,71.3666,1145112.6,99.2528,3452.8,36.0,34.3585,14.875
13317.3,3939.71,0.29583,133.574,1849803.0,195.942,5012.53,79.0,27.737,15.006
7951.77,3206.57,0.40325,60.6916,1061594.5,129.413,3433.63,65.0,38.4098,19.202
13790.9,4346.83,0.31519,150.742,1918950.8,214.15,5092.19,66.0,27.2884,3.516
9178.95,3456.06,0.37652,88.161,1280316.5,140.346,4180.83,45.0,35.8987,10.937
6597.2,1300.52,0.19713,53.8412,869779.0,71.7084,3230.13,45.0,40.104,4.082
8149.69,2976.77,0.36526,58.7914,1106670.0,123.397,3297.81,65.0,35.5217,15.919
4488.7,1641.8,0.36576,40.8412,618204.4,59.6505,1820.04,47.0,43.9881,12.291
10757.8,3682.96,0.34235,132.586,1427213.0,173.675,4156.76,43.0,33.7796,1.972
13033.7,3888.34,0.29832,147.368,1781246.9,194.324,4614.63,43.0,29.6514,4.216
6920.92,2220.75,0.32087,82.8934,1006222.7,114.57,3575.68,89.0,34.4124,6.452
12341.6,3812.78,0.30893,156.931,1752390.2,204.44,5157.46,116.0,25.8091,13.576
8583.92,2560.17,0.29825,92.0352,1164510.6,110.273,3868.55,21.0,35.0488,7.365
9016.98,2819.19,0.31265,104.359,1275114.5,105.847,3279.77,55.0,36.2502,10.359
10252.6,2516.5,0.24544,120.364,1421067.8,161.315,4639.71,71.0,30.0159,1.47
9217.15,1679.83,0.18225,89.1005,1315325.8,126.542,4173.45,43.0,32.0433,0.745
6429.49,1815.46,0.28236,61.4201,918580.9,86.6369,2403.72,30.0,46.5464,8.587
9210.06,2080.25,0.22586,101.005,1257943.6,147.706,4006.4,36.0,34.1406,1.882
6843.93,2323.02,0.33942,42.98,945429.8,98.3958,3903.2,50.0,38.8415,12.36
8506.0,2465.44,0.28984,85.0566,1193757.2,110.205,3912.64,34.0,34.547,1.678
13747.9,4970.87,0.36157,161.077,1916649.5,211.288,4879.52,89.0,28.4599,5.099
4728.14,1058.9,0.22395,46.4242,658946.9,59.2129,2576.36,15.0,42.1633,3.46
6819.41,2300.6,0.33736,68.8256,911578.1,103.015,3186.69,81.0,39.0041,15.388
6839.68,2896.54,0.42349,65.9772,921213.06,114.353,3603.06,63.0,37.3399,14.411
10305.4,2928.9,0.28421,124.977,1441858.6,165.521,4617.16,74.0,29.8464,1.997
4592.95,1467.14,0.31943,49.6623,654934.06,61.202,2149.79,29.0,43.025,6.248
7629.11,2596.46,0.34033,84.0585,1086600.4,120.759,3456.71,48.0,34.5419,5.246
7988.19,2661.41,0.33316,61.3053,1097662.6,106.369,3815.33,31.0,36.77,4.154
6458.36,2087.55,0.32323,56.2035,869202.06,91.5909,2689.05,19.0,40.5041,13.936
9609.36,2442.88,0.25421,93.4517,1291377.2,101.679,3910.37,25.0,34.7835,12.006
17841.9,6271.01,0.35147,236.737,2477331.2,315.975,4883.99,204.0,26.59,9.778
15789.2,4249.82,0.26915,180.952,2228472.0,227.423,15328.88,128.0,25.6151,18.979
8860.65,2404.27,0.27134,83.2263,1233044.1,119.985,4096.09,48.0,34.9526,1.47
14237.0,4408.48,0.30964,150.398,1959580.8,218.108,5573.82,12.0,30.928,6.908
5803.8,1554.66,0.26786,45.8081,824108.44,74.5396,2136.73,2.0,41.8695,10.056
12064.9,4713.76,0.3907,94.4427,1610399.4,193.708,4425.73,39.0,32.6784,16.927
9502.14,3425.0,0.36044,101.003,1338975.9,136.419,3653.9,13.0,35.1578,2.337
7714.77,2964.07,0.3842,79.0094,1096887.4,114.253,3358.76,36.0,37.7517,4.381
9748.66,2955.01,0.30311,111.828,1356876.5,166.878,4146.43,48.0,34.0004,3.232
10703.0,3651.28,0.34114,97.6169,1496067.9,160.021,5367.87,51.0,32.4653,1.896
6394.88,2428.34,0.37973,38.3938,868651.0,99.1278,1863.88,7.0,42.0812,5.293
4005.2,1207.46,0.30147,36.9701,585078.0,77.2652,2558.69,29.0,44.7398,6.905
9403.02,3026.68,0.32188,87.7518,1267321.8,150.547,4059.2,36.0,36.597,2.546
7626.92,3187.15,0.41788,75.1926,1075634.2,121.741,3358.97,38.0,37.7515,2.503
9000.12,2620.05,0.29111,92.5255,1262301.9,123.891,4741.03,39.0,32.8807,3.454
7345.22,2078.88,0.28302,74.3486,977155.3,94.9726,3285.96,80.0,35.1796,12.719
7067.88,2461.23,0.34822,61.3327,957884.7,103.495,2997.36,67.0,38.8811,13.285
7519.94,2362.11,0.31411,54.4106,1094644.8,96.2305,3733.69,24.0,37.4863,15.411
10671.4,2575.63,0.24135,153.816,1435220.9,161.691,4402.8,54.0,29.6786,2.635
5686.63,1396.29,0.24553,54.7968,747718.1,90.7437,3370.43,22.0,40.6312,2.003
13097.3,3209.63,0.24506,135.598,1847083.9,154.579,5052.79,52.0,28.7249,3.237
10129.2,2906.23,0.28691,109.255,1439751.1,146.594,4014.31,44.0,33.6797,1.772
16154.5,4851.46,0.30031,235.531,2215015.5,277.245,4880.57,280.0,26.8966,4.04
7092.01,2263.44,0.31915,55.4271,922912.0,118.983,6223.3,18.0,40.0548,2.138
6196.22,2181.19,0.35201,58.0973,850623.2,83.7181,2658.75,34.0,41.1628,4.215
8780.13,3287.0,0.37436,68.3882,1174583.8,144.776,5335.22,72.0,36.1202,4.842
10230.2,3443.82,0.33663,103.714,1447963.9,144.525,3759.81,11.0,35.0807,2.763
20471.5,6598.05,0.3223,166.972,2865813.2,253.97,6676.76,136.0,23.0397,20.271
3862.29,955.03,0.24727,33.4869,552599.06,42.9276,1781.57,11.0,44.4482,2.012
8802.49,2315.82,0.26308,83.1858,1252560.5,115.808,3974.42,73.0,34.357,3.142
7351.42,2997.69,0.40777,70.1151,1034046.94,115.544,3515.63,72.0,36.5273,15.631
9281.36,4115.07,0.44336,109.677,1297236.6,132.016,3522.61,54.0,35.5934,7.613
6491.52,1527.81,0.23535,56.8792,843383.8,75.8866,2940.17,51.0,39.5786,0.0
9766.95,2874.2,0.29427,88.306,1388873.2,131.495,4145.79,103.0,33.4836,5.315
9897.17,3801.99,0.38414,91.8578,1340251.6,154.173,5300.27,56.0,35.4841,16.665
10648.0,3082.21,0.28946,128.603,1524479.5,172.028,4386.91,43.0,31.7843,2.624
10039.3,3607.04,0.35929,96.8665,1406575.5,127.518,3913.6,85.0,36.7697,9.625
10766.0,2994.81,0.27817,126.897,1485880.9,175.256,4129.98,43.0,31.3338,2.329
11151.1,4505.34,0.40402,85.248,1584045.2,173.7,3912.45,8.0,33.8317,16.344
13989.2,4278.01,0.3058,153.752,1914843.6,208.278,5631.61,10.0,33.3157,5.337
14028.0,3759.23,0.26798,176.861,1912285.5,251.449,5165.72,89.0,25.9492,4.764
13403.3,3647.79,0.27215,170.304,1839600.5,218.893,4786.6,111.0,28.3157,4.486
9448.28,2724.3,0.28833,100.444,1296268.5,163.486,4141.21,72.0,33.082,0.569
7671.36,2526.1,0.32928,84.1923,1032701.6,145.257,3530.64,71.0,37.9015,15.341
3651.79,628.54,0.17211,32.648,510951.6,37.3532,1639.86,10.0,45.1251,3.028
7861.37,2013.96,0.25618,83.1317,1077784.5,113.283,3109.69,22.0,37.595,0.771
5199.23,1059.67,0.20381,43.1798,731419.56,59.7703,2804.79,12.0,41.4697,2.511
6337.69,1694.87,0.26742,56.1609,887850.9,77.1685,3363.89,55.0,38.9675,2.489
8773.93,2913.39,0.33205,60.7127,1185933.1,121.882,4343.33,53.0,34.3329,18.307
14896.3,4623.99,0.31041,186.473,2054051.6,226.036,5024.05,89.0,29.296,9.701
7063.43,2475.67,0.35049,56.4289,1027563.4,90.8413,3377.03,24.0,39.5568,14.045
6935.56,1589.88,0.22923,73.2047,917200.9,92.0964,3492.09,79.0,37.7408,1.897
13065.8,4306.53,0.3296,154.799,1861116.0,207.339,4705.4,161.0,30.2744,20.431
8946.09,2036.96,0.22769,105.372,1214380.4,142.648,4021.0,37.0,34.0734,2.012
8827.72,2658.61,0.30116,90.8563,1233301.5,123.688,3194.29,22.0,37.2391,0.884
4104.71,1286.25,0.31335,33.3057,558227.56,48.6712,1425.76,17.0,44.2038,1.446
8625.3,2076.48,0.24074,91.951,1157757.9,128.726,3469.65,12.0,37.0002,1.129
12921.3,3733.36,0.28893,95.7102,1795649.9,152.479,4521.01,127.0,32.652,19.862
13648.6,2510.11,0.1839,170.485,1854088.9,207.171,4752.02,99.0,28.6651,1.817
14753.6,4271.98,0.28955,152.048,2026171.6,199.748,4185.44,114.0,31.4267,20.273
11318.6,2999.08,0.26496,130.388,1561525.0,165.864,4488.65,90.0,31.2626,1.767
9317.84,3163.39,0.33949,75.3362,1281851.4,129.099,3838.77,35.0,35.1154,13.248
5216.74,1940.0,0.37187,37.6624,735621.44,68.5006,3303.17,11.0,44.6019,16.097
10607.0,2738.29,0.25815,130.287,1460329.5,157.268,4824.33,71.0,29.5595,3.627
15053.1,3924.78,0.26072,184.35,2126982.8,215.024,5709.94,67.0,22.9333,1.155
18340.7,7035.76,0.38361,146.601,2475679.5,270.917,4930.5,74.0,26.2646,13.546
16647.6,4847.66,0.29119,79.9349,2297475.0,196.974,4661.71,130.0,29.833,14.92
10474.1,3832.64,0.36591,75.3607,1444949.1,144.93,4488.04,65.0,32.7866,18.733
8743.64,2806.69,0.32099,70.4088,1187938.5,116.395,3652.53,85.0,35.9446,5.211
11898.2,4082.1,0.34308,127.524,1654634.1,193.597,4216.44,40.0,24.7855,2.039
10972.9,3348.7,0.30517,134.309,1502566.2,185.128,4271.26,74.0,32.7773,1.781
14522.7,6225.63,0.42868,152.567,2003629.8,207.671,5137.42,80.0,27.0567,18.689
7948.72,2367.15,0.2978,60.1842,1104921.2,99.5249,3500.75,44.0,37.6196,7.105
5825.32,1911.04,0.32805,68.2214,807067.56,91.0821,2987.98,34.0,40.499,1.954
8204.3,2837.17,0.34581,83.889,1138354.9,121.532,3842.22,30.0,34.9349,4.832
5971.48,1058.41,0.17724,53.3328,825630.3,61.9726,3073.04,19.0,39.4237,4.022
9724.5,2247.63,0.23113,96.3011,1336105.6,125.633,4858.21,47.0,29.1772,13.444
7114.3,2157.25,0.30322,80.0422,965930.7,111.013,2982.27,81.0,38.8405,1.952
11026.3,2436.77,0.22099,104.356,1563867.5,155.76,4555.96,61.0,32.4374,1.835
10385.8,2656.57,0.25578,103.13,1506852.5,141.352,4356.28,138.0,31.3735,16.138
6616.94,2182.14,0.32978,57.9753,931694.9,92.4921,2822.48,42.0,39.9718,3.301
5509.69,1065.36,0.19336,39.4443,746670.44,83.2755,3066.51,26.0,41.9517,11.51
17433.9,7084.11,0.40634,157.37,2416874.0,286.348,5872.84,112.0,25.1116,19.578
9303.56,3907.72,0.42002,95.8562,1313346.0,136.083,3514.89,63.0,35.8383,17.746
16193.6,6600.98,0.40762,155.804,2205062.8,247.236,4623.65,84.0,32.0115,19.225
13012.2,4425.56,0.3401,175.057,1821727.0,218.605,4866.96,82.0,28.3539,3.623
16725.1,3983.2,0.23815,220.526,2360874.8,262.848,5550.31,97.0,23.6682,2.22
19825.9,6451.14,0.32538,179.067,2812581.2,307.601,5816.06,225.0,22.2789,10.725
17499.9,5981.07,0.34177,234.619,2387597.8,278.715,5511.57,142.0,23.5671,1.631
6077.83,1398.16,0.23004,57.4263,836795.7,77.1265,2764.75,18.0,40.8946,1.282
6775.17,1916.0,0.28279,57.5324,923172.06,85.617,3147.81,30.0,39.105,12.295
4865.18,883.5,0.18159,43.453,660848.25,68.9179,2642.89,13.0,42.9446,2.137
8927.16,2335.68,0.26163,84.558,1258258.2,118.559,4719.75,27.0,32.9626,1.83
13635.6,4708.94,0.34534,191.63,1871410.4,249.769,4586.25,33.0,29.2346,1.97
8240.75,2715.55,0.32952,63.0595,1168548.8,108.848,3027.45,62.0,38.4347,16.076
8295.46,3028.03,0.36502,105.678,1156564.6,159.804,3806.46,102.0,33.4016,15.632
8578.47,2759.47,0.32167,93.1456,1205953.2,100.917,3662.97,28.0,36.7982,10.97
5645.48,1200.96,0.21272,53.258,787144.5,75.6101,2670.99,54.0,41.0854,12.436
13613.9,4860.69,0.35703,156.505,1952413.6,218.182,5439.91,150.0,23.4985,19.063
16355.4,6086.43,0.37213,172.362,2273105.5,271.594,6364.17,219.0,27.8723,2.872
16384.0,4511.71,0.27537,205.18,2253585.0,266.343,5159.81,166.0,25.2734,2.689
14960.6,5083.09,0.33976,93.9039,1956861.2,216.834,4647.06,96.0,28.8525,18.013
10344.1,3182.08,0.30762,114.248,1465659.9,134.101,3943.13,54.0,34.4357,2.026
22199.3,6734.58,0.30336,298.707,3003655.5,339.854,6555.78,268.0,18.6884,2.621
6888.92,2189.27,0.31779,62.8165,931353.1,102.983,3100.1,23.0,40.2818,1.403
7455.12,3467.73,0.46514,79.8865,1028999.56,146.792,3357.19,100.0,36.6455,13.206
14784.3,4308.85,0.29144,182.365,2095248.8,233.941,4507.33,38.0,30.0332,2.966
16419.3,6224.62,0.3791,188.736,2287090.5,259.082,4577.45,99.0,25.4557,2.485
10591.0,4171.16,0.39384,73.4071,1472437.6,164.591,4631.57,67.0,32.6968,17.822
12180.4,2755.63,0.22623,146.52,1695981.8,187.497,4121.7,68.0,32.0426,2.026
14785.3,5570.75,0.37677,168.232,2048047.6,212.006,5164.42,137.0,26.6255,12.006
7217.82,2851.73,0.39509,64.838,1058195.4,95.3541,3225.69,28.0,38.8457,1.168
7365.12,1368.3,0.18578,79.1251,990476.44,89.1105,3228.45,23.0,38.3836,0.0
7042.67,2175.57,0.30891,72.7245,951911.56,97.8691,3026.75,117.0,38.6789,2.328
9113.11,3093.0,0.3394,65.4612,1275569.5,127.182,3910.56,23.0,38.5134,11.534
12241.4,3051.35,0.24926,148.335,1655224.8,168.915,4485.96,63.0,30.35,2.614
11782.2,3194.99,0.27117,129.755,1628685.6,171.845,4466.78,87.0,31.8841,2.146
8706.2,3550.44,0.4078,92.1297,1208119.0,121.877,4306.97,21.0,33.9701,14.676
11327.6,2990.69,0.26401,110.205,1523853.6,124.089,4619.37,46.0,31.0206,12.81
5349.38,1326.94,0.24805,32.7197,757613.94,64.0378,2034.09,46.0,44.4986,9.134
6896.97,2729.36,0.39573,58.4944,991745.2,88.4516,2978.74,63.0,40.291,13.146
9329.75,3527.11,0.37804,120.682,1247026.8,182.693,4411.02,182.0,31.1067,1.738
7009.77,2325.2,0.3317,49.1457,1008340.6,77.8268,3005.73,24.0,39.5095,7.281
8882.68,3539.37,0.39845,78.6841,1213467.9,144.933,3887.46,55.0,34.73,11.344
7967.27,2138.2,0.26837,59.9465,1129898.1,99.1464,3090.42,44.0,38.7928,13.254
11994.8,3529.73,0.29427,102.589,1660830.6,179.948,4592.99,123.0,30.0283,2.826
6854.67,2344.71,0.34206,64.2574,921549.8,98.1089,3111.96,19.0,40.2474,1.48
5587.95,1622.29,0.29031,45.6099,798153.94,67.8389,2412.61,26.0,40.3195,2.891
14394.2,6174.38,0.42894,134.566,2096811.8,213.649,5447.78,167.0,24.8971,19.919
6719.7,1420.85,0.21144,60.569,914352.5,75.0777,3062.23,33.0,39.4291,2.951
14345.8,4190.08,0.29207,165.122,1999308.5,239.727,4532.77,84.0,29.7873,7.952
7772.81,2572.54,0.33096,70.266,1044659.1,116.559,3830.64,57.0,36.7808,12.777
5857.25,2089.6,0.35675,59.6696,759687.25,105.572,2965.23,5.0,39.3961,16.552
5997.2,2775.3,0.46276,46.7337,847559.0,103.425,2922.88,39.0,42.185,11.418
8028.6,2596.25,0.32337,92.9623,1074181.8,114.501,4294.39,108.0,33.4324,3.323
10606.5,4646.67,0.43809,86.5159,1479817.4,157.88,4139.14,115.0,33.1703,6.088
11084.6,3564.74,0.32159,117.404,1582855.4,131.784,3867.58,75.0,34.7747,2.154
8365.67,2409.38,0.288,86.5368,1176386.9,112.518,3981.9,21.0,35.4202,2.125
8383.67,2646.68,0.31569,91.1684,1127697.6,136.085,3981.74,40.0,35.6039,5.055
10944.9,3354.34,0.30647,121.616,1604676.8,157.106,3725.4,166.0,36.3365,14.192
5244.36,1850.6,0.35287,56.6046,695689.9,90.0194,2351.03,33.0,38.9256,2.961
7981.84,2206.92,0.27649,65.1951,1096640.1,109.363,3827.11,23.0,36.7377,1.468
10251.5,2378.31,0.23199,101.021,1430841.5,129.416,3966.14,51.0,33.8974,19.729
5346.35,1319.21,0.24674,48.7312,680119.7,75.3847,2331.56,22.0,42.7258,3.352
14643.6,4400.13,0.30048,139.75,2029173.9,187.517,4662.51,55.0,29.7352,3.702
5787.34,1516.36,0.26201,60.1825,729562.75,86.388,3112.19,16.0,39.4293,2.282
4138.94,1411.61,0.34105,34.1409,587051.94,45.9197,1367.25,43.0,44.4925,5.558
15446.9,4098.13,0.2653,222.363,2160214.8,270.148,5651.65,111.0,21.5892,2.671
6424.14,2306.16,0.35898,54.1913,914367.44,92.1303,2942.51,8.0,39.5436,13.218
4276.38,1084.69,0.25364,39.6363,567597.06,66.3985,2502.37,11.0,43.3893,2.512
7490.39,2613.74,0.34894,83.3522,1049143.0,120.591,3003.61,61.0,39.5705,14.294
8906.3,2638.6,0.29626,88.5291,1243554.1,98.3313,3599.29,24.0,34.8527,17.154
6570.8,2699.7,0.41086,67.1555,894441.8,105.809,3374.27,30.0,37.6738,9.344
9580.19,1858.49,0.19399,92.689,1338515.8,107.068,3840.18,156.0,32.8427,4.117
17949.5,6008.5,0.33474,228.442,2461901.8,287.157,5728.14,186.0,22.0082,2.816
7564.12,2014.59,0.26633,58.5232,1063870.0,94.4617,3526.24,33.0,38.6114,12.429
21768.7,6132.66,0.28171,305.268,2969888.2,316.625,6634.99,291.0,18.7127,1.502
10732.0,4004.35,0.37312,99.4453,1477021.0,168.128,3890.04,90.0,32.0929,18.489
11322.4,2890.8,0.25531,63.1989,1598804.4,129.436,4326.65,64.0,33.1575,18.819
6968.3,2649.47,0.38021,64.1861,1011701.9,96.0576,3216.67,29.0,38.8725,1.398
7858.89,1584.31,0.20159,63.6837,1116642.5,95.9303,2618.28,55.0,40.3298,13.307
10932.4,3319.14,0.3036,93.4726,1542602.2,128.635,4581.19,106.0,29.1808,13.3
7067.93,2719.15,0.38471,77.9608,962931.25,106.281,3344.85,61.0,38.7265,1.593
14089.5,4626.06,0.32833,177.7,2078120.0,257.96,4937.37,83.0,27.7171,3.093
13996.2,4670.85,0.33372,187.821,2016092.5,276.806,4930.37,97.0,27.8199,4.518
8721.32,2342.97,0.26864,54.3084,1199641.0,110.1,3254.73,44.0,37.9295,17.711
9314.62,3731.49,0.4006,67.552,1309008.1,132.183,3865.72,52.0,34.9595,16.222
9990.04,2652.2,0.26548,126.527,1378198.2,155.306,4534.09,67.0,30.0457,1.899
9015.05,3998.69,0.44355,99.0992,1191589.9,143.1,4142.39,91.0,33.336,11.686
3866.1,1174.46,0.30378,32.8229,524753.25,50.9144,1369.47,32.0,44.5448,10.866
4427.43,1397.69,0.31568,38.6977,623332.5,53.1426,1901.62,34.0,44.1736,11.585
10583.0,4718.01,0.44581,79.0686,1483433.1,173.199,4394.43,77.0,32.0917,17.023
9249.1,2310.26,0.24978,100.252,1293941.6,120.628,4187.12,36.0,34.1106,2.511
15342.4,4093.41,0.2668,190.689,2171423.2,218.589,5684.63,64.0,23.071,1.702
9453.26,2457.49,0.25996,100.597,1290166.9,152.24,4137.87,79.0,33.1179,0.986
9168.7,2767.74,0.30186,102.044,1264310.9,137.212,3578.03,124.0,35.0445,1.588
15680.1,4817.02,0.3072,180.427,2148923.0,226.715,5739.69,72.0,23.7035,4.714
8068.64,2609.58,0.32342,67.8109,1183388.1,114.39,2993.65,63.0,38.871,14.275
5874.58,2314.02,0.3939,58.0598,802487.75,86.6652,2659.8,41.0,40.9281,9.731
19381.6,5881.5,0.30345,200.191,2687598.2,297.196,6046.82,230.0,23.0833,7.148
7236.43,2006.3,0.27724,56.2129,955795.75,95.1024,3115.46,49.0,39.1159,5.257
7884.17,3163.93,0.4013,81.2264,1086747.9,116.299,3365.88,23.0,38.5774,14.855
11725.0,3013.81,0.25704,150.455,1672165.4,173.295,4646.13,31.0,29.1688,1.811
9664.1,2908.65,0.30097,123.276,1329235.8,141.929,4168.46,119.0,28.284,2.416
7438.87,1971.89,0.26507,63.7092,991591.9,92.6562,3344.56,76.0,37.6626,15.577
16175.2,3979.22,0.246,182.722,2312358.2,217.853,5355.64,219.0,24.8368,6.936
11176.1,3839.97,0.34358,95.0101,1570378.6,141.882,3642.06,67.0,35.2004,8.238
17281.0,6645.13,0.38453,243.523,2461432.0,319.68,5364.98,206.0,22.1062,18.052
8403.47,2427.46,0.28886,79.6192,1194282.1,111.534,3922.98,45.0,35.0811,2.272
6162.82,1378.35,0.22365,56.1313,817411.8,74.5135,3121.35,32.0,39.4778,4.462
14941.4,3711.61,0.24841,179.979,2099024.0,214.885,5703.29,69.0,22.9907,1.355
5814.6,1891.91,0.32537,68.671,779206.56,77.5895,3089.71,27.0,40.597,2.053
7071.82,1810.59,0.25602,70.8809,963612.8,93.7942,3922.28,65.0,36.2377,12.695
9807.95,2794.39,0.28491,109.239,1347273.0,156.232,4137.58,79.0,33.0006,0.827
8390.03,2238.72,0.26683,86.637,1144684.0,125.801,3577.56,48.0,36.02,5.01
5886.18,1478.75,0.25122,47.7483,817608.9,72.7065,3358.65,52.0,39.2368,2.673
6193.96,1951.69,0.31509,55.6888,884317.3,80.6784,2714.83,50.0,40.3535,2.343
8177.66,1680.73,0.20552,75.1843,1093101.4,101.984,3422.96,61.0,39.2465,11.918
13339.8,5612.72,0.42074,137.687,1857627.1,202.768,4782.8,97.0,30.1194,8.331
8702.38,2401.36,0.27594,83.7395,1234857.6,111.184,3871.06,67.0,33.4028,3.422
10036.6,3727.49,0.37138,67.0729,1459062.1,143.554,3295.02,88.0,36.4952,16.799
14536.6,2861.65,0.19685,151.941,2029388.6,219.91,5270.45,62.0,26.2033,0.0
14049.8,4283.37,0.30487,187.976,1952230.4,218.714,5566.93,143.0,23.1452,4.215
6242.74,910.97,0.14592,47.804,879107.0,73.1055,2740.75,1.0,42.0224,0.545
13481.8,2623.05,0.19456,165.708,1845320.0,205.029,4706.85,100.0,28.8544,1.797
8493.91,2645.01,0.3114,61.0815,1172744.6,106.665,3528.41,52.0,35.4144,19.262
17047.5,4380.81,0.25697,183.914,2443924.8,220.862,4687.52,109.0,29.5626,16.758
10494.8,3252.19,0.30988,112.513,1522201.4,145.547,4290.61,68.0,32.5557,7.097
8633.27,2103.87,0.24369,85.1565,1189099.2,144.323,3195.17,11.0,36.8217,1.731
21121.3,7922.81,0.3751,233.058,2930460.8,367.727,6277.68,117.0,21.1086,13.184
8071.08,2187.66,0.27104,90.2859,1135403.1,89.7219,3672.99,27.0,31.18,12.512
8676.48,2359.12,0.27189,66.4603,1150821.0,108.539,4079.96,15.0,35.6783,12.135
8421.57,2946.99,0.34993,67.5711,1206202.8,111.142,3148.62,69.0,39.0596,16.444
9055.89,3444.81,0.38039,78.8231,1232434.6,133.73,3719.0,95.0,33.8806,8.238
4469.6,623.42,0.13948,40.6052,615248.56,54.6208,2331.25,21.0,40.3712,8.693
11852.6,3783.72,0.31923,136.694,1627181.5,181.119,4269.44,74.0,32.0889,2.562
6252.34,1342.12,0.21465,55.969,857460.5,84.2695,2812.98,17.0,40.3755,1.133
6755.54,2337.4,0.34599,68.8473,925838.9,96.5809,3433.58,53.0,38.8636,5.138
4844.58,1866.38,0.38525,55.3773,648034.75,96.1178,2824.0,59.0,40.4746,11.354
6394.57,1545.19,0.24164,66.5764,845719.0,98.4727,2791.9,58.0,38.7831,14.061
9670.28,2895.29,0.2994,90.6343,1362431.2,127.02,4149.45,96.0,33.0843,6.087
9038.5,2869.39,0.31746,99.2033,1223449.4,126.944,3364.46,78.0,38.0549,2.393
9445.0,2259.03,0.23917,105.944,1301952.0,134.246,3728.79,6.0,35.2785,3.269
10417.7,2894.06,0.2778,98.5309,1478105.4,145.206,3726.29,129.0,34.9567,2.382
7560.7,1720.07,0.2275,70.7027,1079570.4,74.5358,3039.35,19.0,35.7552,9.975
11056.3,3997.42,0.36155,91.327,1551040.4,145.49,4003.87,55.0,35.7579,18.293
6765.39,2028.17,0.29978,58.362,935321.75,79.1675,3173.45,37.0,38.9717,4.338
6983.39,1804.27,0.25836,57.7755,956805.6,85.3331,2882.4,26.0,40.5235,5.284
14613.2,4847.03,0.33168,134.519,2038085.4,181.715,4781.77,66.0,28.3662,17.424
5293.77,1910.68,0.36092,38.9413,731478.94,71.0046,1970.88,39.0,43.8148,8.266
7111.73,1462.45,0.20563,60.8412,982597.56,83.1748,3116.91,23.0,40.0141,9.501
9281.76,2802.46,0.30193,104.468,1286635.1,125.374,3888.22,18.0,27.6965,1.935
28165.9,10085.9,0.35808,210.228,3887152.0,402.177,7261.56,128.0,46.5464,2.398
15448.9,4333.97,0.28053,211.108,2134138.8,265.232,5133.95,177.0,24.9664,3.234
4366.72,1507.45,0.34521,34.2293,615932.0,50.612,2220.34,43.0,44.0855,12.204
6758.68,1542.77,0.22826,56.0955,949040.5,78.3863,3049.4,51.0,41.1183,15.289
7023.61,2299.12,0.32734,65.3677,998185.9,87.1789,4066.46,49.0,38.8274,12.16
9503.25,3210.11,0.33779,102.938,1333116.0,123.58,3573.08,45.0,32.6654,11.571
11335.1,3204.83,0.28273,174.767,1562850.6,191.52,4646.44,106.0,29.5888,2.622
6056.82,1943.44,0.32086,70.6747,840490.56,88.6425,3067.91,33.0,40.1097,1.66
24147.9,8928.78,0.36975,245.533,3260943.0,305.336,6612.81,116.0,19.8505,20.091
12603.1,2670.54,0.21189,160.124,1710209.6,193.744,4747.67,138.0,29.6558,0.874
14829.5,4273.89,0.2882,186.331,2061881.8,224.293,5612.25,138.0,22.7502,0.811
10738.7,2720.66,0.25335,101.923,1560729.2,140.18,4186.87,83.0,34.3399,14.232
10561.3,2811.83,0.26623,127.275,1485523.1,174.923,4180.13,55.0,32.9113,1.369
8892.2,3562.14,0.40059,77.9533,1216360.8,123.628,3768.95,13.0,38.3956,18.113
21731.3,6174.67,0.28413,297.348,2970384.5,313.2,6608.88,290.0,18.7464,1.753
6203.64,1565.1,0.25228,67.7452,872600.9,79.4623,3168.43,17.0,38.9058,2.043
13165.4,5331.2,0.40494,112.844,1833084.1,219.47,5553.82,103.0,32.8728,18.36
10323.7,3461.0,0.33524,104.518,1467534.6,159.2,3705.27,84.0,35.5617,12.204
4574.26,1690.07,0.36947,32.8814,633189.3,64.587,2395.73,43.0,43.1428,8.524
7522.32,1830.74,0.24337,76.5411,1012673.75,95.7819,3594.87,76.0,36.1387,16.088
17113.9,3898.37,0.22778,190.648,2416125.0,260.787,5675.53,92.0,23.0119,1.427
14235.7,3805.18,0.26729,180.216,2001582.5,213.013,5677.86,68.0,22.9468,1.16
29109.7,9670.54,0.33221,265.663,4043160.8,367.817,5925.16,124.0,23.4334,5.135
6469.31,3036.44,0.46936,56.8326,879188.94,109.763,3056.35,57.0,38.9522,16.849
6420.88,1857.61,0.2893,67.7111,879965.1,87.4944,2713.57,59.0,40.6799,5.711
7989.95,2369.95,0.29661,58.7498,1140042.0,106.727,2841.7,18.0,37.6428,12.135
9770.9,3173.74,0.32481,98.698,1368246.8,120.561,3437.57,38.0,36.1824,14.219
10030.0,3137.0,0.31276,92.4286,1416823.2,122.785,4251.24,87.0,32.3983,6.887
12408.7,6220.43,0.50129,168.602,1725044.6,271.864,4805.85,234.0,28.7173,19.804
8450.76,3450.35,0.40828,82.9268,1199800.9,132.399,3303.14,33.0,37.7755,4.707
3943.18,1041.69,0.26417,32.5753,560006.75,46.543,1786.03,12.0,41.2001,1.703
10694.8,2639.69,0.24681,132.715,1486746.1,168.019,4664.94,173.0,28.8019,0.779
18698.7,5633.15,0.30125,241.863,2593436.0,327.88,5426.45,212.0,25.0304,6.51
8882.48,2941.69,0.33117,97.932,1203145.5,164.681,3974.38,81.0,33.3427,5.08
6801.04,2054.11,0.30202,61.6839,922975.0,95.6301,3178.91,28.0,39.9353,5.93
8225.02,3120.03,0.37933,71.7589,1160964.1,126.012,3822.74,11.0,36.1229,14.373
11163.8,2831.42,0.25362,162.682,1580285.2,182.842,4634.58,63.0,29.747,1.105
8954.39,2888.21,0.32254,81.9969,1285105.6,120.143,3803.77,37.0,37.0065,3.349
12698.2,3776.41,0.29739,109.019,1829855.0,166.341,5764.2,87.0,26.8323,16.166
14718.6,5221.65,0.35476,162.277,2094312.8,241.312,4578.5,60.0,28.2608,3.851
8358.38,1520.54,0.18191,78.9034,1195543.6,94.8659,3966.82,16.0,34.9422,1.221
9460.55,2273.15,0.24027,84.5874,1335831.8,114.17,4654.66,26.0,33.1157,2.03
6319.49,863.37,0.13662,48.8594,893530.4,75.2334,2720.78,1.0,42.1446,0.698
10567.3,3780.5,0.35775,69.5936,1405888.4,170.214,8709.75,68.0,32.4782,4.822
6886.11,2064.11,0.29974,60.0392,976200.8,90.1174,2688.12,30.0,39.2568,9.339
11589.8,2955.36,0.25499,152.89,1623159.6,149.432,4065.23,133.0,32.617,3.387
10805.8,3898.72,0.36079,97.4205,1507701.1,137.758,3998.15,54.0,34.7574,17.665
7266.15,2035.2,0.28009,80.7623,996480.7,108.155,3079.77,79.0,39.2017,1.656
8576.82,2560.78,0.29856,98.684,1176221.8,129.861,3373.08,118.0,36.2729,1.643
9738.91,1675.19,0.17201,93.2322,1363725.8,123.776,3807.99,56.0,34.7791,19.051
12891.1,4174.29,0.32381,124.292,1844868.6,167.391,4828.71,51.0,27.6706,18.603
14341.1,2655.22,0.18514,168.593,2001296.8,226.039,4855.14,75.0,27.1991,3.064
9579.1,3857.57,0.4027,80.8797,1339892.0,151.378,3808.36,120.0,34.4239,2.975
5927.81,3082.43,0.51999,61.4986,814381.44,103.56,2488.68,66.0,41.3909,13.893
12645.4,4890.81,0.38676,85.4388,1794347.1,190.079,4698.32,78.0,31.4164,19.816
7568.86,2189.13,0.28922,52.8404,1025435.75,98.9513,3871.27,30.0,36.4598,14.359
6554.98,2126.41,0.32439,49.0781,837191.4,102.375,2304.8,39.0,42.8112,12.057
8153.95,2208.53,0.27085,91.8225,1155987.1,112.914,3925.82,43.0,35.3948,1.838
9109.86,2569.0,0.282,83.2705,1282862.0,121.096,4532.63,49.0,33.3349,1.267
6782.55,2234.0,0.32937,63.9109,909598.3,103.471,2760.7,30.0,39.4847,7.693
8135.12,3440.25,0.42288,74.6627,1173665.4,121.916,3760.55,80.0,36.6372,14.619
6250.31,1063.59,0.17016,51.1491,875798.94,60.8549,2711.31,31.0,40.8084,7.976
6030.34,2118.21,0.35125,71.4413,838299.94,91.3476,3051.03,36.0,40.1979,1.637
11165.6,4806.59,0.43048,88.4379,1549539.5,185.673,3944.39,82.0,35.1528,18.556
7326.49,1922.42,0.26239,88.3076,1026946.0,107.515,3844.95,26.0,36.1927,1.423
8603.41,2834.14,0.32942,71.3726,1245231.5,109.67,3373.09,72.0,34.8544,16.158
20202.6,6560.6,0.32474,221.997,2791842.0,296.367,5906.91,183.0,20.735,4.198
5374.54,1690.36,0.31451,42.2341,757854.5,71.6408,2852.31,50.0,41.4073,9.785
7326.62,2586.71,0.35305,67.9097,973304.9,107.539,3092.22,40.0,39.5324,16.475
9236.4,2025.16,0.21925,102.207,1277294.9,132.634,4209.61,54.0,33.7439,1.649
23179.5,5517.4,0.23802,312.753,3195150.0,409.141,6234.39,141.0,19.8214,0.905
6638.86,1891.75,0.28495,69.1705,885591.06,91.2355,3004.87,18.0,38.9889,2.161
17390.3,5314.87,0.30562,236.849,2398782.0,280.551,5666.55,209.0,22.0085,3.377
9075.07,2123.45,0.23398,109.722,1239896.2,139.716,4007.86,36.0,34.1155,1.944
9715.95,2122.74,0.21847,107.418,1347995.4,136.959,4251.04,52.0,33.8607,1.718
6619.97,1730.22,0.26136,68.7626,887543.25,88.9613,2994.93,23.0,39.0813,2.219
16849.1,3460.57,0.20538,180.083,2413920.8,213.713,5390.59,221.0,24.671,5.681
7968.42,2145.02,0.26919,73.9338,1088853.9,102.86,3483.88,31.0,34.3828,10.826
12709.2,4322.8,0.34013,106.219,1847431.1,173.685,4572.18,120.0,30.8139,18.141
12024.1,3641.54,0.30285,148.87,1692846.0,158.243,5141.32,29.0,27.7666,4.104
18661.7,6152.55,0.32968,184.484,2638191.0,298.681,5613.85,197.0,22.1298,8.675
13733.3,4101.09,0.29862,172.36,1908570.5,225.055,4796.77,117.0,28.5637,5.032
9673.93,2633.92,0.27226,102.358,1323285.9,152.676,4151.52,76.0,33.1179,0.799
12674.3,3729.4,0.29424,150.295,1764375.5,194.525,4502.3,31.0,27.3199,2.397
11575.0,2191.64,0.18934,144.662,1623892.2,167.485,4656.55,157.0,29.3545,2.093
11555.9,2512.75,0.21744,140.184,1631191.2,185.248,4616.7,53.0,29.9198,0.884
6695.22,1720.15,0.25692,55.0847,879218.06,78.6739,3103.9,57.0,39.5536,5.388
11172.8,3074.33,0.27516,108.529,1547322.1,140.164,4580.22,103.0,30.5221,18.503
5476.1,1827.91,0.33379,53.7639,764881.3,76.6843,2710.85,41.0,40.7135,10.28
5503.31,2152.33,0.39109,51.7191,780507.5,74.0883,2376.74,27.0,42.4178,3.467
15615.8,5575.04,0.35701,160.462,2162401.8,277.4,4780.78,124.0,28.9668,5.906
15613.7,4712.13,0.30179,159.837,2109399.5,262.577,4982.49,105.0,27.2262,15.798
8941.03,2246.66,0.25127,96.0836,1242714.1,106.423,3358.42,35.0,35.5676,13.191
9088.15,3497.92,0.38488,95.6013,1264874.4,115.763,4195.66,54.0,37.0764,17.91
6770.87,1420.49,0.20979,51.5554,933146.4,87.5043,2907.13,20.0,40.4053,1.55
21206.9,6798.06,0.32055,248.79,2952105.0,327.677,5536.37,73.0,23.3102,3.663
6870.46,1630.44,0.23731,57.7651,957522.94,83.8928,2880.91,29.0,39.9654,16.401
14677.1,5803.19,0.39539,109.598,2082018.0,219.632,4353.44,23.0,32.2886,14.752
16677.2,4828.75,0.28954,230.19,2309749.0,273.011,5661.68,194.0,22.3046,2.076
19201.6,5056.85,0.26335,181.4,2751971.8,241.95,6071.72,229.0,22.5501,6.416
17603.6,6166.07,0.35027,158.999,2477336.0,262.155,5778.09,104.0,24.4161,16.674
7740.18,1471.11,0.19006,76.3969,1083253.2,98.5171,3775.0,11.0,34.3215,1.896
9186.75,3715.99,0.40449,86.0011,1289320.0,126.948,3708.31,106.0,35.0196,3.505
9884.53,2450.04,0.24786,103.075,1398437.6,158.824,3847.8,15.0,34.0433,0.512
11148.8,3855.4,0.34581,136.542,1573274.6,170.033,4547.41,70.0,30.1093,2.848
5642.16,1745.71,0.3094,60.0177,748733.56,90.6069,2654.12,29.0,41.191,4.237
9772.43,4303.41,0.44036,94.8303,1364590.2,154.642,3528.82,63.0,33.6481,15.686
9923.36,3819.99,0.38494,94.4969,1390683.1,124.047,4294.71,42.0,36.0156,14.711
14255.6,3036.48,0.213,177.375,2014077.1,216.182,4906.57,68.0,27.2363,2.961
8416.37,2940.2,0.34934,84.6528,1148737.9,122.413,3784.93,27.0,37.3082,3.929
6080.86,2298.45,0.37798,66.2192,850101.9,88.3049,3072.65,49.0,46.5464,4.473
8278.0,2483.57,0.30002,81.9667,1177894.8,127.566,3461.49,26.0,37.4782,2.889
10505.8,3984.5,0.37926,93.1132,1475128.1,146.242,4185.93,121.0,33.0012,17.119
7490.07,2543.45,0.33957,55.4577,1055354.4,107.696,3783.78,17.0,37.12,12.067
6847.01,1635.27,0.23882,54.4592,901380.8,88.99,3447.88,44.0,37.8725,6.285
7992.97,1641.57,0.20537,75.2794,1148861.4,99.0549,3899.06,9.0,34.8404,1.297
12576.6,3509.63,0.27906,144.477,1728734.0,168.205,4514.03,89.0,30.965,2.222
3815.85,1229.99,0.32233,32.6848,527908.56,48.6234,1354.31,24.0,44.5138,1.469
10414.4,3097.04,0.29738,95.7381,1482652.8,123.043,3812.54,87.0,35.124,14.925
13453.3,5995.05,0.44561,146.139,1843402.0,207.367,5111.41,154.0,28.3832,17.924
8924.99,2302.33,0.25796,93.6914,1252144.4,129.263,4158.26,163.0,33.6567,1.383
8670.58,2533.98,0.29225,92.124,1218556.2,123.319,3264.42,4.0,35.8259,2.99
5283.16,1782.14,0.33732,40.6496,739661.7,68.273,2779.42,48.0,40.9332,9.23
10108.7,2501.21,0.24743,89.7764,1431492.0,141.522,3607.85,131.0,35.9463,2.618
12550.6,3931.31,0.31323,105.721,1722735.4,179.079,4032.38,92.0,33.34,18.332
8401.31,2234.12,0.26592,82.6024,1185184.2,119.281,4138.87,42.0,35.4169,2.613
7935.8,2412.3,0.30397,85.6342,1093694.4,135.926,3722.08,83.0,35.1348,18.964
9756.84,2650.54,0.27165,102.343,1379206.8,155.714,4199.4,64.0,33.2788,5.019
7741.63,3170.8,0.40957,77.4369,1049644.2,112.631,3292.18,49.0,37.571,12.108
4314.91,985.68,0.22843,38.9238,579715.25,59.4801,2481.81,13.0,43.9209,11.438
13830.0,3888.21,0.28114,189.446,1939180.5,230.398,4427.37,74.0,26.0595,2.133
19493.1,5595.03,0.28702,259.25,2673313.2,303.109,5595.23,200.0,24.9557,4.667
11752.9,4005.67,0.34082,150.992,1650137.4,168.099,5066.06,29.0,29.3376,11.544
8253.45,2196.08,0.26608,61.2458,1175330.6,101.382,3268.4,48.0,38.6272,15.643
7751.84,2488.48,0.32101,51.3776,1078127.4,125.944,3290.99,13.0,38.9497,13.272
10499.0,2505.65,0.23865,96.0227,1397706.4,170.983,3887.76,96.0,33.3439,3.114
6973.82,1544.27,0.22143,57.1141,1012665.44,78.6198,2669.88,43.0,39.1886,15.519
6024.62,1298.16,0.21547,70.9681,840187.1,76.4868,2769.82,78.0,39.6116,7.829
9410.23,2624.68,0.27891,99.2155,1310317.9,109.657,3502.11,34.0,36.5925,12.667
6650.2,1583.48,0.23811,72.9088,908291.3,95.2571,3355.15,70.0,38.6463,13.958
5802.99,1607.6,0.27702,54.159,833651.25,71.4904,2510.27,58.0,41.7017,2.309
5783.59,1929.69,0.33364,57.502,810980.7,80.2988,2510.15,24.0,41.7524,3.6
6104.74,1427.72,0.23387,56.9123,843228.6,73.0246,2380.52,42.0,40.6624,11.874
9729.77,2647.74,0.27212,98.6662,1393145.8,137.087,3987.01,67.0,35.3828,2.369
5194.34,994.32,0.19142,48.9593,741346.7,67.4161,2919.89,55.0,40.0471,1.793
5780.08,1936.86,0.33509,69.3264,799000.0,87.1553,2979.17,31.0,40.0144,2.046
9590.42,3467.83,0.36159,83.6101,1382072.2,137.636,4207.36,52.0,37.8923,4.01
7928.17,1994.8,0.2516,83.3687,1072889.4,99.3939,4088.96,32.0,35.9018,12.804
9704.37,4166.22,0.42931,84.2613,1304960.9,163.798,3700.07,33.0,35.0823,16.583
7796.84,3030.48,0.38868,94.3194,1085321.4,125.295,3867.39,89.0,38.2131,10.749
7866.0,2693.13,0.34237,81.567,1064384.9,110.363,3593.37,23.0,36.4808,11.419
8265.32,2841.61,0.34379,61.963,1165084.6,124.132,4219.5,47.0,33.4911,16.655
6750.11,1856.46,0.27502,40.2943,929992.8,100.569,4167.66,27.0,39.841,18.548
6597.67,2378.77,0.36054,79.7502,897116.7,98.759,3270.15,57.0,38.5974,1.316
10037.8,3285.15,0.32727,105.174,1415583.1,135.173,3719.02,18.0,35.2048,3.534
7814.75,2710.78,0.34687,63.9123,1095183.4,102.248,3671.82,12.0,37.0129,16.695
5766.76,1942.85,0.3369,46.7388,811283.44,80.9773,2500.6,26.0,41.7333,1.944
7469.91,1316.87,0.17628,54.4423,1044758.3,73.4642,3575.25,22.0,40.3463,0.0
5769.0,1363.85,0.23641,67.8704,791578.06,79.7636,2781.93,74.0,39.3302,7.485
5751.49,957.16,0.16641,52.4658,789537.1,62.6414,3036.81,20.0,39.7391,4.049
6759.59,2005.46,0.29668,60.208,893744.2,100.235,3492.61,54.0,38.1747,3.777
12176.6,3240.07,0.26608,118.671,1720538.2,127.879,4284.76,144.0,31.4439,17.979
6284.74,1680.79,0.26743,61.1569,845501.06,77.0792,3250.34,26.0,38.8412,6.33
21091.4,8074.03,0.38281,207.109,2878933.8,300.154,5885.36,154.0,20.8933,19.189
15620.9,5834.18,0.37348,153.476,2184645.0,251.225,5441.5,101.0,26.0101,18.645
5612.96,1458.54,0.25985,62.4686,697851.75,92.9614,3099.57,16.0,39.3725,2.356
6618.39,2329.64,0.35199,61.496,879758.25,100.19,2775.84,42.0,38.8894,10.248
13024.2,4138.82,0.31777,136.042,1846618.0,165.009,4777.62,59.0,28.9607,13.882
8650.07,2288.21,0.26453,95.6606,1183005.5,122.945,3224.48,87.0,38.666,1.978
8251.58,2475.52,0.3,76.5329,1135213.1,118.936,3738.94,46.0,35.4604,6.364
5120.28,1506.61,0.29424,49.3869,693128.1,65.2287,2237.14,10.0,40.5796,8.41
9331.76,3251.56,0.34844,96.5081,1324920.1,140.29,3670.55,86.0,36.7051,4.11
10859.5,2908.64,0.26784,115.426,1526007.0,158.977,4355.97,67.0,24.4462,3.39
7034.32,2238.05,0.31816,76.4392,963135.0,111.301,3069.56,82.0,39.1113,1.539
7948.6,1609.4,0.20247,75.9739,1137172.9,108.537,4045.88,103.0,34.9114,1.043
4000.26,1087.13,0.27176,33.732,569494.4,46.039,1773.46,12.0,44.4892,1.73
8245.18,2047.94,0.24838,89.9684,1160018.2,124.902,3960.73,160.0,33.9697,1.316
8691.77,3384.7,0.38941,81.4679,1191458.6,134.699,3942.39,35.0,30.8274,5.165
6268.77,1302.59,0.20779,53.6349,861134.1,86.0697,2788.21,17.0,40.7424,1.158
6997.31,2227.93,0.31839,65.2837,949242.94,99.3754,3085.16,34.0,39.8698,1.959
7625.96,2686.6,0.35229,74.3861,1056750.5,96.8401,3319.02,16.0,37.9561,3.168
4221.77,671.16,0.15897,38.6427,554832.3,60.6622,2550.97,13.0,43.4488,2.169
6588.1,2329.6,0.3536,62.9884,878562.9,102.392,2777.68,42.0,38.5626,10.262
5867.63,1727.08,0.29434,65.1423,795361.3,100.41,3219.95,61.0,39.1485,15.263
9118.23,2136.51,0.23431,98.4704,1286423.5,125.165,3857.89,51.0,34.7553,2.807
7213.83,1819.33,0.2522,56.5611,952969.5,113.355,3237.6,15.0,39.2436,11.869
9800.63,3418.23,0.34877,106.345,1423485.4,172.003,6053.38,84.0,25.2927,19.311
4218.8,1215.87,0.2882,33.3898,575994.56,53.0611,1385.8,32.0,44.4664,11.516
13667.7,3133.61,0.22927,175.631,1938181.8,192.13,4072.55,132.0,31.8535,1.61
8187.41,2543.47,0.31065,93.308,1163164.6,119.265,3543.49,90.0,36.9405,2.183
6448.8,2067.07,0.32053,49.118,890122.5,97.521,3695.38,70.0,36.7848,1.319
12286.4,3274.34,0.2665,152.317,1649818.6,172.217,4578.53,83.0,30.1089,3.431
9625.29,3375.57,0.35069,77.8508,1312363.1,139.774,3681.42,97.0,36.0309,5.939
3621.11,1091.7,0.30148,33.9963,487400.3,48.5196,1351.15,27.0,44.8013,11.304
7320.59,2082.99,0.28453,65.2139,1012027.4,93.929,3391.85,42.0,37.5075,10.213
11698.0,2842.56,0.24299,135.443,1554448.6,161.583,4572.45,94.0,31.2392,11.806
10801.9,3611.48,0.33433,109.618,1493087.0,155.436,4800.24,45.0,31.0684,16.71
24151.0,7867.52,0.32576,182.791,3419611.0,351.35,12146.63,203.0,24.0232,6.74
9759.26,3853.78,0.39488,92.8745,1401830.9,136.198,3994.89,31.0,32.2434,12.631
7812.64,2646.73,0.33877,69.5403,1064994.9,116.689,3620.53,74.0,32.2176,14.555
4398.75,1259.48,0.28632,39.9829,601371.3,61.9825,1454.45,13.0,44.3112,6.521
6277.73,1840.07,0.29311,69.3262,906329.5,78.826,3073.33,10.0,38.9895,2.188
16347.9,4788.58,0.29291,128.419,2267036.0,229.55,5749.81,78.0,30.3606,11.231
7324.22,2548.75,0.34798,69.3758,996138.5,103.957,3116.73,40.0,38.0644,16.214
19848.9,6184.47,0.31157,252.576,2735823.2,316.009,5570.54,79.0,23.2876,3.723
7045.33,2204.31,0.31287,77.1517,965566.7,94.1824,3699.0,35.0,35.5959,2.428
8762.25,3017.17,0.34433,53.7818,1230726.2,119.856,3946.51,57.0,38.9813,13.065
15329.6,4055.3,0.26454,162.119,2227045.8,236.019,4426.72,110.0,30.3301,17.981
22246.0,5337.12,0.23991,325.751,3053059.2,403.685,6222.19,158.0,19.8445,1.001
4886.03,2083.09,0.42633,37.9987,686187.25,65.5129,2618.78,39.0,44.1487,3.948
9152.5,3720.82,0.40653,90.4283,1312083.2,124.319,4120.38,62.0,36.4475,15.38
6467.23,2157.34,0.33358,75.6562,883600.25,92.7748,3217.54,58.0,38.497,1.253
9156.74,2288.26,0.24989,99.8316,1279301.4,138.232,3646.03,12.0,34.057,1.561
5536.9,1341.47,0.24227,54.6504,755368.75,70.0908,2467.94,40.0,41.6537,10.331
9088.17,3160.47,0.34775,95.048,1291698.4,130.899,3787.16,42.0,35.0926,4.355
9419.59,2924.73,0.31049,60.6301,1292113.9,139.552,3992.74,25.0,33.8318,4.652
7286.38,2794.86,0.38357,56.7036,1047047.0,107.029,3279.21,22.0,38.8299,11.855
17995.3,6408.23,0.3561,211.243,2550051.2,311.197,5779.1,99.0,25.0003,3.566
11091.6,5219.38,0.47057,88.981,1579818.8,174.532,4096.16,68.0,37.0845,15.348
7117.4,1964.89,0.27606,66.678,963333.25,90.3599,2998.74,20.0,39.0106,1.94
7795.91,1897.05,0.24333,62.3826,1101368.8,100.948,2979.04,29.0,38.4483,5.34
10625.6,3864.19,0.36366,71.7954,1462155.4,156.108,3951.24,27.0,35.2549,15.506
9608.53,1827.98,0.19024,101.279,1365029.6,128.049,4260.5,42.0,33.6586,0.915
6945.21,1942.98,0.27975,65.0099,963352.1,91.5569,3054.94,46.0,39.4918,2.007
13847.9,3526.42,0.25465,160.486,1956887.6,202.001,5255.74,198.0,26.5519,3.405
6124.21,1790.47,0.29235,65.5009,811573.1,97.3556,3205.82,67.0,38.8134,14.384
12089.8,3192.67,0.26407,142.863,1654861.0,183.517,4197.46,39.0,31.2201,2.063
6661.78,1698.73,0.25499,61.0524,938764.5,82.4692,3459.14,58.0,39.3018,8.995
18204.2,5530.89,0.30382,168.725,2624521.0,274.348,5702.31,123.0,27.3338,17.572
13765.0,4057.1,0.29474,170.349,1893605.5,225.247,4843.06,138.0,27.5736,5.186
9779.31,3687.08,0.37702,82.2241,1397475.5,144.708,4094.08,69.0,31.6338,17.15
7147.77,1674.33,0.23424,71.7654,1038763.0,86.4568,3050.81,14.0,37.775,2.4
10606.5,2861.5,0.26978,132.721,1499316.5,158.962,4300.13,42.0,31.9847,2.878
9687.99,3212.16,0.33156,91.7239,1324828.0,140.27,3822.17,50.0,34.9575,2.216
10202.1,3072.33,0.30114,97.0327,1409119.0,131.795,3592.48,27.0,35.3279,3.296
11137.4,4243.51,0.38101,81.9881,1462949.5,182.235,3589.42,96.0,36.4727,16.654
11517.7,2727.64,0.23682,104.05,1664574.4,123.473,4660.41,97.0,30.7168,17.191
8363.64,1513.34,0.18094,80.8927,1181204.6,94.1285,3791.35,12.0,34.159,2.257
9724.1,3328.4,0.34228,97.1653,1346714.6,122.993,3693.25,55.0,35.9373,11.805
5631.01,1099.21,0.1952,57.5693,772976.94,61.3262,2356.96,34.0,41.3474,10.415
15716.1,4107.77,0.26137,249.442,2171737.2,272.84,5296.11,205.0,25.4187,3.844
4343.89,1525.28,0.35113,30.1171,618843.06,51.2111,1229.33,57.0,44.8952,16.289
15031.9,5859.18,0.38978,184.321,2057890.1,267.451,4795.95,132.0,30.1357,8.335
11398.9,3783.27,0.33189,121.276,1594026.9,168.347,4303.42,37.0,30.7893,2.363
5972.21,2223.83,0.37236,50.073,831331.44,80.7882,2416.5,27.0,41.9175,11.386
6242.99,2407.33,0.3856,63.4633,843237.56,97.8255,3771.05,38.0,36.3914,5.986
8176.98,2987.96,0.36541,54.0804,1134771.1,118.084,3657.43,53.0,36.332,18.355
4563.75,1731.45,0.37939,38.7611,627592.6,63.0592,1965.92,68.0,43.6889,12.666
10168.3,3825.67,0.37623,84.7104,1431211.4,143.937,3622.12,72.0,34.82,14.693
23570.1,5708.46,0.24219,315.952,3250498.5,400.505,6231.52,145.0,19.8103,0.93
10561.4,3184.27,0.3015,111.001,1440379.8,167.829,4313.27,68.0,33.2557,0.587
6169.12,1366.87,0.22156,69.0858,877780.56,71.8167,3083.89,13.0,39.1343,1.671
5021.08,925.17,0.18425,42.1863,719651.75,60.3823,2187.65,81.0,42.78,0.961
5120.87,1384.66,0.27039,45.0992,725602.75,67.8208,2558.9,48.0,41.4449,6.359
7334.66,1473.57,0.2009,63.0848,1042916.5,91.025,2933.41,23.0,37.7356,10.257
5635.56,1468.95,0.26065,63.7311,708919.56,86.4764,3095.05,16.0,39.4237,2.264
8931.2,3329.93,0.37284,88.8185,1233791.2,126.343,3656.63,116.0,35.3821,4.678
11982.5,4356.36,0.36356,95.8438,1683167.9,185.183,5892.05,98.0,34.4067,15.768
4726.17,1249.51,0.26438,47.7343,625975.5,62.2428,3049.0,29.0,40.9428,12.381
5559.51,1665.94,0.29965,49.9632,784353.56,77.2025,2461.73,98.0,41.4074,11.795
9786.32,2262.36,0.23117,111.419,1364717.1,131.201,4207.87,58.0,34.0872,1.818
8300.87,2351.29,0.28325,88.4736,1202495.5,108.495,3844.61,74.0,35.0442,4.616
8459.05,3636.56,0.4299,64.3329,1209945.8,120.492,2620.46,67.0,39.4083,7.469
8532.63,2159.94,0.25313,90.7418,1146496.6,109.531,3783.69,32.0,35.6155,1.998
14034.8,2963.09,0.21112,177.332,1981947.8,199.869,4033.93,143.0,32.1996,1.543
10895.7,3102.87,0.28477,97.0134,1503103.5,150.699,3923.13,19.0,35.5087,2.67
10174.6,2700.69,0.26543,117.795,1434490.8,150.051,4204.3,54.0,33.2813,3.871
8286.97,2181.25,0.26321,89.1776,1132724.8,124.774,3581.78,48.0,36.5381,5.127
13775.1,2750.86,0.19969,176.072,1941754.6,195.938,4032.31,152.0,32.2888,1.285
9633.51,3247.64,0.33711,90.1351,1372644.6,135.701,4215.09,106.0,31.2661,16.025
6233.06,1622.07,0.26023,65.2959,902410.44,77.249,3132.29,13.0,38.2546,2.269
6737.06,1988.86,0.29521,64.3115,928143.5,84.4156,3491.27,17.0,46.5464,0.0
14484.3,5008.16,0.34576,200.391,1984141.8,249.611,4660.06,44.0,28.458,2.647
8542.26,2373.4,0.27784,74.6462,1211527.1,98.538,3909.97,33.0,31.6806,19.608
5993.52,1271.97,0.21222,55.061,819342.75,80.2083,2770.33,27.0,40.6839,1.304
8424.47,2684.55,0.31866,64.1943,1157045.2,109.551,3400.54,73.0,37.6884,13.41
8845.0,1901.82,0.21501,101.146,1223126.4,133.478,3666.08,22.0,34.5428,1.891
11648.3,4077.15,0.35002,112.411,1687022.9,162.481,4704.51,70.0,30.1435,7.627
13422.9,4655.79,0.34685,137.132,1858993.6,242.481,4570.09,141.0,30.4068,20.853
10788.8,4887.11,0.45297,90.2246,1352204.4,191.556,2952.55,130.0,38.3219,18.093
18880.2,7275.45,0.38534,198.09,2718408.8,300.493,5179.1,114.0,27.2334,4.196
8169.14,2402.08,0.29404,76.5395,1111499.5,109.968,3701.8,33.0,37.2136,12.155
9737.5,2829.04,0.29053,118.774,1367238.4,146.963,4373.01,61.0,32.3301,12.376
12225.3,3006.29,0.2459,151.22,1697727.2,193.383,4138.14,79.0,28.4172,2.009
6885.41,2010.77,0.29203,65.2332,947465.56,93.8497,3208.58,37.0,37.7036,6.204
10870.4,3392.9,0.31212,143.63,1475439.1,257.699,4067.16,160.0,30.4434,19.736
19031.9,5708.67,0.29995,269.526,2596985.8,308.946,5799.06,334.0,20.1851,3.488
5641.42,2068.67,0.36669,45.3308,822643.56,87.9862,2159.47,64.0,43.2784,11.175
14653.2,5698.89,0.38891,136.29,1955976.0,205.849,5366.2,173.0,26.3173,16.253
10119.9,2438.36,0.24094,124.137,1399609.1,161.667,4635.18,72.0,29.989,1.6
5038.99,1811.15,0.35942,40.6696,677559.8,78.4738,1820.15,28.0,43.282,12.525
9457.13,1583.09,0.16739,73.7264,1287121.9,179.642,3121.79,126.0,37.676,15.469
8044.89,2439.29,0.3032,67.5904,1124172.0,110.416,3654.1,57.0,37.6951,2.821
6832.25,2343.18,0.34295,62.3168,946792.8,98.9721,3923.7,76.0,37.6855,1.709
6678.89,2539.47,0.38022,79.6045,915619.8,98.7725,3254.48,69.0,38.7218,1.297
12710.9,6330.5,0.49803,158.515,1744537.0,269.764,4711.06,104.0,28.7111,17.549
8092.9,3000.97,0.37081,87.1347,1111749.9,124.504,3993.62,77.0,36.3322,15.35
7515.06,1441.18,0.19177,66.1897,1048421.3,73.4449,2792.84,14.0,40.3246,11.61
16404.3,5630.7,0.34324,180.629,2269764.8,275.424,5630.25,104.0,26.2662,7.512
8086.1,1621.65,0.20054,78.5118,1134256.6,104.284,3804.98,13.0,34.2739,1.971
6014.0,2169.43,0.36072,40.6266,813707.06,98.6446,2012.06,17.0,41.7829,16.686
8499.28,2556.26,0.30076,87.9819,1199142.8,118.237,4454.24,46.0,35.7306,1.785
5466.75,1358.26,0.24845,51.6829,765010.5,68.6057,2707.54,34.0,40.6227,4.358
7618.69,1767.41,0.23198,68.3685,1065416.9,83.6211,3661.34,84.0,36.2261,15.934
8185.36,1828.39,0.22337,80.2985,1170795.4,115.227,3975.41,22.0,34.7164,1.436
16010.6,5413.36,0.33811,173.799,2175961.0,232.838,4811.89,36.0,28.5701,20.258
7987.09,2094.2,0.26219,98.4494,1056160.5,129.763,3744.09,33.0,36.3212,5.451
5262.46,891.77,0.16945,52.4449,726322.0,61.6574,2853.07,27.0,39.8533,4.096
11316.0,3712.95,0.32811,127.768,1555108.5,162.02,4915.28,78.0,29.2585,3.499
10768.6,3697.01,0.34331,98.5484,1509709.6,162.649,5751.24,53.0,33.6364,1.842
10415.9,3133.36,0.30082,139.249,1490769.5,165.828,4132.5,126.0,32.2912,2.609
5499.13,1176.34,0.21391,50.4734,790091.5,70.5619,2850.39,57.0,40.2972,1.208
5285.94,803.95,0.15209,54.1871,697149.3,63.0266,2743.73,48.0,40.2822,18.674
11401.8,4305.71,0.37763,101.931,1607015.2,157.492,4295.27,41.0,34.0396,15.214
7626.46,2009.09,0.26343,68.3938,1057716.5,87.6942,3149.52,27.0,37.2719,11.812
14318.5,5712.4,0.39895,174.674,1995381.0,250.386,4587.86,119.0,29.68,19.022
18111.7,5010.76,0.27665,249.442,2481616.2,284.595,5045.12,299.0,27.2434,5.148
14068.2,2903.04,0.20635,165.676,1980665.0,206.37,4040.08,142.0,32.1619,1.538
8153.85,2899.91,0.35564,83.7001,1114266.1,119.395,3698.68,24.0,37.3924,9.295
5490.45,1540.68,0.28061,52.5515,748365.8,82.1559,2430.91,91.0,41.455,15.054
14069.1,4491.89,0.31927,168.241,1978708.1,213.797,5039.7,196.0,27.7924,2.731
9658.71,3633.36,0.37617,97.9164,1379054.1,150.65,3938.21,85.0,34.7113,12.145
8578.86,2931.61,0.34172,71.7649,1194297.9,121.639,3517.44,57.0,34.8546,11.686
8249.83,2863.7,0.34712,41.1927,1177898.9,102.822,8350.04,48.0,39.6485,18.321
5199.56,2110.81,0.40595,34.5858,736030.0,69.1928,2572.53,39.0,42.5649,1.867
6703.76,1591.15,0.23735,60.7611,928045.94,81.7986,3081.28,29.0,46.5464,0.0
9617.2,3380.96,0.35155,132.424,1364411.5,163.111,4332.42,89.0,32.2126,19.524
9968.98,4683.91,0.46984,84.9707,1233040.1,181.222,2681.48,68.0,39.3491,16.481
15760.2,5746.75,0.36463,170.708,2134914.5,260.307,4247.37,94.0,32.1812,20.959
12636.6,4257.83,0.33694,133.692,1803184.2,177.417,5568.44,108.0,24.3928,16.329
6770.7,2450.35,0.3619,80.9074,935629.7,94.2405,3243.81,61.0,38.7165,1.495
5786.04,1595.78,0.27579,43.5639,825935.44,61.9196,2568.0,25.0,42.0757,2.723
11918.0,1988.27,0.16682,147.469,1679273.4,159.621,4687.97,149.0,29.7063,1.504
11227.5,3174.02,0.2827,122.365,1570937.4,178.453,4201.3,62.0,32.906,1.591
13460.4,3589.39,0.26666,112.072,1905414.4,199.395,4398.75,106.0,25.6055,18.988
5601.03,1297.54,0.23166,50.6051,803633.06,73.698,2882.31,57.0,40.4208,1.316
7524.45,1657.67,0.2203,85.3769,1010352.4,117.225,3491.5,25.0,34.7184,1.801
6649.85,2084.45,0.31345,61.7179,897594.94,98.7175,3088.54,18.0,40.2216,1.697
7180.49,2059.91,0.28687,76.6016,974889.44,112.366,3359.31,46.0,36.8024,0.0
7110.2,2786.44,0.39189,64.117,970820.5,115.562,3778.78,33.0,36.6691,20.099
5110.19,784.93,0.1536,47.9297,717130.8,69.58,2624.99,1.0,42.1405,1.513
7796.68,2586.38,0.33172,58.777,1086695.1,96.2151,2908.3,43.0,39.3237,4.518
9548.18,2864.02,0.29995,102.442,1321869.1,140.114,3465.61,123.0,33.3283,2.054
6191.09,1497.67,0.2419,67.7853,883317.9,73.1776,3055.99,19.0,39.1693,2.443
14002.6,4502.41,0.32154,164.619,1936950.9,203.306,4973.52,128.0,28.0168,4.243
5151.09,1600.11,0.31063,46.1302,727938.9,71.9534,1976.8,4.0,42.4805,3.657
5915.12,1958.89,0.33116,71.0127,823661.9,88.7513,3008.37,34.0,40.1934,2.283
13403.3,4602.18,0.34336,158.567,1883462.4,228.358,4670.21,116.0,29.2881,4.145
5839.62,1052.5,0.18023,52.5383,806465.25,66.6275,3035.59,20.0,39.713,3.648
10647.5,4036.17,0.37907,68.6901,1503463.1,147.651,3627.86,54.0,37.4108,11.743
4974.88,1271.37,0.25555,42.5523,684026.7,57.1992,1859.88,18.0,43.6823,8.915
6147.66,1466.16,0.23849,69.3965,859846.25,74.1032,2839.78,74.0,39.386,7.301
10379.0,2269.22,0.21863,90.735,1463201.8,120.557,3980.36,158.0,33.9092,6.336
5236.25,1682.41,0.3213,54.356,717720.2,74.584,3027.59,18.0,40.1752,8.094
15140.7,3688.05,0.24358,174.561,2102826.5,231.965,4774.13,26.0,27.0116,14.032
7287.4,2533.6,0.34766,74.8096,1005427.5,112.467,2973.49,105.0,32.9145,9.97
14945.1,5372.19,0.35946,129.751,2087806.9,199.746,5718.96,155.0,25.0722,17.165
18727.4,5399.17,0.2883,256.875,2552790.2,311.054,5732.04,331.0,21.2638,2.655
20261.3,6864.0,0.33877,243.142,2815549.2,329.425,5447.63,73.0,23.4587,3.817
7617.34,2545.81,0.33421,70.0189,1056696.0,112.157,3806.65,40.0,32.0738,16.646
5895.46,1909.3,0.32385,53.7813,806176.06,82.8726,3194.74,9.0,39.8273,7.859
3344.43,1348.71,0.40327,10.6891,453815.28,42.1948,1496.33,32.0,45.0784,3.706
9549.46,2775.99,0.29069,92.0544,1317149.9,141.579,3559.2,117.0,35.5926,1.452
7855.97,1975.97,0.25152,67.809,1088810.5,108.901,3706.66,22.0,36.2514,1.9
24064.9,7857.93,0.32653,310.303,3353308.2,390.171,6660.27,98.0,23.9586,4.554
13877.6,4086.33,0.29445,168.333,1919983.1,191.105,4984.49,201.0,30.0815,1.948
8068.6,1741.72,0.21586,68.0291,1143628.4,99.2933,3903.73,15.0,35.2468,5.832
7561.62,1804.59,0.23865,72.8274,1098569.8,92.3558,3080.61,16.0,37.9924,2.261
7173.29,1189.63,0.16584,61.4226,993232.56,70.9025,2970.36,25.0,40.2637,15.088
8011.18,2166.53,0.27043,84.3378,1135279.0,117.567,3629.7,6.0,36.4809,2.052
13689.4,4184.67,0.30568,130.261,1939174.1,153.105,5143.46,152.0,28.07,16.788
14256.5,4579.54,0.32122,170.841,1980152.4,207.435,5263.81,192.0,27.1924,1.987
9220.01,3252.33,0.35274,106.839,1258193.0,147.93,3345.15,21.0,36.6125,6.411
5173.29,1122.38,0.21695,43.7239,708007.94,74.3836,2830.72,15.0,37.3906,2.426
12757.2,4011.74,0.31446,122.387,1730776.6,194.85,4494.45,198.0,28.6926,2.39
6988.52,1181.61,0.16907,49.8978,986743.0,61.1014,3309.77,40.0,39.7709,7.262
9734.27,3189.51,0.32765,97.8704,1351902.4,128.13,3517.65,25.0,35.7427,4.643
9404.44,2867.88,0.30494,98.0864,1350118.6,153.116,3898.62,126.0,36.3426,14.148
4588.93,1716.96,0.37415,46.4791,644065.44,84.1186,2635.97,37.0,42.7598,15.272
5514.33,958.87,0.17388,53.3861,779030.3,61.9212,3096.93,49.0,39.7837,5.129
6217.06,1445.1,0.23244,69.919,840591.94,82.1864,3385.57,52.0,38.7427,6.179
11332.5,2810.08,0.24796,129.955,1571774.0,174.739,4683.4,176.0,28.7689,1.011
6221.4,1899.33,0.30528,56.4074,893309.5,81.0269,2584.15,59.0,41.5307,3.303
9659.75,2598.82,0.26903,105.257,1377795.4,155.583,3898.47,48.0,32.9267,2.136
11802.3,3725.53,0.31566,127.865,1692385.6,160.058,5038.89,158.0,25.0982,18.544
14663.3,5169.82,0.35256,128.995,2126237.5,203.388,5266.8,70.0,25.978,10.527
12897.4,4637.06,0.35953,126.497,1807262.0,211.699,5216.81,38.0,29.7951,2.499
14878.6,5197.51,0.34932,200.935,1972531.0,235.687,5374.96,94.0,27.6097,7.298
6241.27,1458.26,0.23364,50.3331,885828.8,70.6321,3247.59,56.0,39.3176,1.629
14578.1,3596.5,0.2467,199.598,2039993.5,253.504,4954.59,146.0,26.3827,3.089
15395.3,5570.63,0.36183,165.065,2146601.8,231.424,5060.4,81.0,26.9457,5.369
6266.6,2243.93,0.35807,69.0815,851345.5,95.041,3176.49,56.0,38.2219,1.299
7013.76,1669.78,0.23807,75.8656,963074.06,80.9624,3397.25,102.0,37.2213,14.707
9371.28,2585.01,0.27584,97.4798,1287816.5,157.626,4126.09,79.0,32.5782,0.791
8156.35,1914.56,0.23473,63.0186,1161776.1,87.351,3062.65,22.0,38.8853,8.779
22927.2,6635.19,0.2894,306.947,3162040.5,355.975,6288.22,105.0,18.1155,3.313
10471.3,3997.38,0.38174,102.877,1482747.2,171.013,3861.31,25.0,36.2107,18.302
8454.3,2148.79,0.25416,60.9881,1201426.4,99.6648,3210.81,36.0,37.9017,15.297
6727.97,2203.08,0.32745,66.1031,896540.4,101.856,3259.7,83.0,39.7102,14.795
7170.11,2808.43,0.39168,67.0041,1014563.2,104.968,3960.8,68.0,37.4041,4.598
10220.9,2433.97,0.23813,112.851,1430294.9,132.672,4212.53,75.0,34.194,1.801
10959.5,3633.73,0.33155,78.4388,1490556.5,152.337,4979.31,73.0,33.9617,18.454
7325.4,2248.08,0.30688,62.9032,1005939.1,85.4226,3244.61,40.0,38.4427,4.153
8312.0,2256.24,0.27144,89.0265,1171100.6,110.391,3181.51,61.0,37.789,13.618
7667.41,3512.49,0.4581,80.4059,1088710.8,122.488,3251.21,42.0,37.9868,3.248
4664.44,1470.65,0.31528,38.9739,652189.25,63.4124,2484.9,40.0,42.3016,8.918
10093.8,4090.03,0.4052,71.3895,1409635.0,165.843,4852.98,38.0,38.3281,18.964
10578.4,4964.4,0.46929,88.8967,1281935.0,200.289,3314.68,86.0,37.262,20.695
23339.9,7622.2,0.32657,261.093,3279902.8,322.823,5865.71,79.0,23.8144,11.535
9817.2,3550.42,0.36165,115.908,1427989.2,138.975,3877.51,64.0,34.8994,6.515
12022.0,3944.42,0.3281,125.429,1673898.5,181.272,4250.4,45.0,30.4416,2.253
14904.3,3949.43,0.26498,186.673,2110468.5,210.811,5702.16,68.0,23.0197,1.238
13712.3,4154.1,0.30294,129.478,1924131.1,167.734,4906.78,160.0,27.3032,19.392
8514.54,2189.26,0.25712,96.4635,1170257.9,119.867,3843.92,71.0,37.9987,13.314
6867.58,2217.99,0.32296,70.124,945960.6,97.2882,3725.95,28.0,36.2588,1.498
4879.12,1499.54,0.30733,35.3521,692162.2,59.3516,2552.13,9.0,42.527,2.117
7222.2,1750.77,0.24241,64.1083,1014223.9,89.4892,3296.03,9.0,37.8068,15.33
11354.2,2615.88,0.23038,133.771,1542274.2,166.225,3882.43,88.0,33.1994,2.227
4607.48,1860.59,0.40381,41.9666,675644.0,74.1476,2306.44,50.0,43.2173,9.933
6457.74,1834.09,0.28401,61.1681,850685.56,87.7144,3519.27,56.0,38.3435,4.019
6102.98,1810.94,0.29673,68.3312,872501.5,79.4885,3068.98,11.0,38.1275,2.249
7414.23,2074.7,0.27982,60.9925,1021515.44,106.375,3195.99,62.0,38.6491,12.688
20623.7,7277.53,0.35287,208.459,2947600.0,317.471,6517.17,206.0,23.6285,19.342
5951.78,2081.64,0.34975,54.475,812760.8,84.6777,3187.34,22.0,39.2672,7.779
7487.48,1770.86,0.2365,54.8964,1065763.1,74.2556,3494.97,16.0,38.4356,7.917
13964.0,3619.78,0.25922,151.036,1965126.0,211.221,5343.77,98.0,26.381,2.821
6951.65,2613.45,0.37594,77.6285,968354.4,109.348,3257.81,31.0,37.1857,2.636
7727.26,2163.46,0.27997,71.8289,1083394.5,108.043,3476.71,27.0,30.1786,17.948
14991.7,4384.97,0.29249,195.305,2084877.0,222.425,5619.36,141.0,22.754,0.87
8054.03,2262.24,0.28088,66.6155,1076610.5,95.8034,3883.78,29.0,39.7699,12.143
6973.75,2020.23,0.28969,64.8623,929638.06,94.5927,3582.59,50.0,40.1582,3.358
19945.7,6576.96,0.32974,244.185,2774023.2,336.26,5435.4,90.0,22.7261,4.346
8046.49,2416.66,0.30033,83.0554,1072000.8,143.562,3501.03,33.0,36.3164,2.678
6663.27,1965.4,0.29496,42.0179,908318.3,108.858,4241.89,32.0,37.3445,18.252
5767.55,2097.58,0.36368,37.9063,807702.2,81.9369,2257.03,23.0,41.2812,12.812
9284.8,4316.29,0.46487,89.3006,1310234.2,149.186,4493.74,21.0,36.5454,19.582
6878.24,2124.21,0.30883,71.4359,914818.5,90.5393,2978.57,29.0,39.0387,3.245
11360.0,2770.48,0.24388,142.915,1615553.9,147.911,4140.88,125.0,32.2125,2.95
8141.23,2288.24,0.28106,89.1924,1155274.8,123.075,4146.44,100.0,34.4871,2.894
12613.5,4069.72,0.32264,153.499,1794410.0,189.232,4758.32,62.0,29.4247,20.55
6759.59,2005.46,0.29668,60.208,893744.2,100.235,3492.61,54.0,38.0706,3.777
12333.3,4690.74,0.38033,128.562,1787187.9,190.503,5323.59,152.0,26.8321,18.048
8749.95,1957.35,0.22369,102.554,1217104.0,139.656,3548.05,16.0,34.3428,1.839
6655.73,1875.34,0.28176,65.2868,904646.9,92.189,3233.06,52.0,38.8307,9.006
9471.45,2712.79,0.28641,92.7575,1313245.0,122.086,3807.86,41.0,35.1554,2.706
4962.54,930.87,0.18757,44.7279,677233.56,66.8516,2836.82,13.0,39.485,2.276
6579.89,959.49,0.14582,47.5815,932241.75,78.7703,2740.37,1.0,42.4894,1.776
11802.2,3181.5,0.26956,148.325,1685636.1,166.059,4675.84,28.0,28.6685,1.727
9880.43,2824.41,0.28585,107.046,1355619.9,136.504,3984.69,36.0,35.878,9.165
14206.5,3479.2,0.2449,173.284,1933257.0,207.799,4831.51,139.0,28.8027,4.473
6591.14,2107.11,0.31968,68.7904,925930.0,91.7587,2934.19,22.0,39.5664,12.137
5947.08,1448.1,0.24349,55.2447,825537.75,71.4851,3348.13,54.0,37.2956,2.723
6802.28,1627.55,0.23926,67.2224,948896.44,103.62,3151.29,30.0,37.1515,4.245
6271.93,2279.28,0.3634,39.2914,882498.7,93.7484,4307.21,43.0,38.6239,19.148
11294.0,2478.22,0.21942,137.893,1540704.6,157.423,3890.98,86.0,33.1503,2.153
9218.55,3334.96,0.36176,76.0205,1258537.1,132.03,3903.68,96.0,33.8806,8.238
9542.9,4044.53,0.42382,97.6308,1345270.6,142.706,3936.96,76.0,35.6511,18.009
4528.07,1053.98,0.23276,39.8059,599618.94,66.4636,2653.26,10.0,43.4155,2.986
4815.58,1265.8,0.26285,39.0176,661720.6,50.8635,1847.22,47.0,44.3045,12.312
5640.65,1565.67,0.27756,63.1448,709002.06,90.3769,3096.48,20.0,39.4473,2.135
10657.7,2623.38,0.24614,132.447,1479465.1,167.879,4700.28,172.0,28.6155,0.576
15493.5,7103.57,0.45848,93.6959,2178275.2,239.767,6908.81,92.0,31.7311,17.573
7838.08,2685.85,0.34266,68.2179,1078559.9,107.746,3641.02,47.0,37.7682,2.226
17666.4,4934.8,0.27933,215.795,2456167.0,280.773,5704.39,200.0,22.1017,2.152
11990.1,3009.98,0.25103,125.487,1670949.6,169.303,4665.79,66.0,29.6819,10.324
13839.5,4245.89,0.30679,194.408,1887622.6,220.534,4592.02,166.0,29.1834,2.45
7721.77,2782.42,0.36033,93.0932,1064942.4,128.848,3840.03,86.0,35.5107,16.395
7693.62,2278.51,0.29615,66.2414,1053670.5,96.4369,3051.63,53.0,39.1176,15.709
14798.9,4878.2,0.32963,175.782,2087644.5,241.187,5293.19,61.0,26.7392,15.274
9969.93,3627.93,0.36388,116.747,1365349.8,177.136,3731.95,32.0,33.3979,3.071
17263.7,5696.49,0.32996,161.522,2446180.8,252.787,5687.71,110.0,24.5587,16.158
8041.63,2763.75,0.34368,63.3554,1123176.9,107.865,3129.55,26.0,36.5358,15.073
7834.46,2832.51,0.36154,76.5869,1069941.8,118.485,3351.01,56.0,37.5284,8.6
8632.57,2490.07,0.28845,59.9386,1224548.4,95.413,3028.16,20.0,37.2151,13.612
15379.6,5095.78,0.33133,216.955,2147311.8,241.264,5330.44,292.0,24.6014,1.733
11852.6,3783.72,0.31923,136.694,1627181.5,181.119,4269.44,74.0,32.0889,2.562
9361.6,3506.76,0.37458,123.082,1259462.6,184.152,4406.95,186.0,30.837,1.369
10240.2,2909.14,0.28409,89.02,1462615.6,132.216,4553.68,36.0,33.2343,4.499
4252.88,1553.69,0.36532,36.2792,584850.75,56.5898,1483.05,37.0,44.3253,1.555
8073.1,1543.16,0.19114,74.4982,1137401.1,100.961,3776.58,18.0,34.3023,1.738
9507.67,2684.03,0.2823,77.3101,1338160.0,116.753,4057.41,34.0,34.3235,10.032
15299.4,5716.85,0.37366,187.883,2184246.5,274.369,5085.51,110.0,27.444,4.567
10870.9,2230.22,0.20515,111.406,1554276.6,147.549,4425.77,44.0,46.5464,0.0
12623.6,4988.02,0.39513,135.796,1793841.4,202.285,5033.45,93.0,27.3561,18.833
12773.2,2612.22,0.2045,164.036,1749148.8,200.845,4717.92,88.0,28.7989,1.865
4720.41,1084.82,0.22981,40.4256,658893.0,43.4804,1851.79,50.0,44.3998,10.427
11968.8,3800.58,0.31754,110.343,1715007.2,181.881,4144.31,19.0,32.6219,3.036
21983.1,5913.68,0.26901,297.04,2986257.0,315.693,6647.17,278.0,18.6237,1.504
15343.7,4626.87,0.30154,189.476,2130863.0,227.305,5609.48,136.0,22.6714,1.47
8029.07,3165.78,0.39428,49.9483,1084038.8,119.695,3206.24,41.0,38.2469,13.864
19179.5,5683.38,0.29632,178.906,2711007.5,247.665,6452.18,59.0,23.8208,18.786
10001.0,4343.45,0.4343,76.0407,1367880.0,154.031,4191.76,68.0,36.3329,15.882
23883.3,8732.44,0.36562,246.86,3210463.0,421.264,6160.69,269.0,20.9747,6.133
12842.3,3236.56,0.25202,158.136,1799533.9,203.745,5019.48,202.0,27.4909,2.186
16328.4,5403.69,0.33093,196.773,2208699.5,267.233,5371.93,192.0,24.9712,3.464
6922.39,1876.53,0.27108,53.9031,953303.8,86.1483,2615.66,31.0,40.0509,11.242
8997.07,2025.51,0.22512,108.603,1225897.8,143.511,4014.76,36.0,33.9814,2.179
5652.19,1421.51,0.25149,64.447,710970.4,86.7749,3095.89,20.0,39.4406,2.191
14174.3,4338.65,0.30609,171.438,2028244.2,176.127,5230.51,165.0,26.8218,10.066
7384.64,2548.67,0.34513,41.1613,1031526.2,109.332,4195.37,36.0,35.4305,7.486
14986.3,4483.4,0.29916,159.559,2081489.8,218.789,5286.4,189.0,27.0557,1.211
12967.7,4211.47,0.32476,168.679,1901572.2,260.568,4744.78,87.0,24.7649,3.416
13764.5,3733.82,0.27126,164.207,1885821.0,212.827,5096.95,146.0,29.7423,1.313
7428.86,2338.55,0.31479,73.8917,1025085.94,94.7027,3744.34,37.0,36.3049,1.501
11677.6,2075.86,0.17776,152.796,1635567.1,163.559,4627.56,149.0,30.1521,1.701
9850.22,3698.02,0.37542,139.534,1292424.2,177.509,4427.21,172.0,31.6808,2.731
6915.82,2246.98,0.3249,67.7606,922802.0,99.0229,3547.89,64.0,34.0561,15.613
10054.8,3246.12,0.32284,127.818,1350353.4,165.291,3994.82,38.0,33.4396,1.521
7494.34,1239.85,0.16543,65.3879,1039249.56,68.9889,2810.65,23.0,40.0679,8.85
7047.81,2011.71,0.28543,61.4514,997940.9,104.196,3090.19,6.0,39.6022,13.59
14728.0,4435.84,0.30118,197.688,2038379.8,217.746,5640.0,142.0,22.808,1.241
18501.6,5677.7,0.30687,251.896,2528336.8,315.244,5721.11,326.0,21.3167,2.651
9329.43,2357.89,0.25273,95.7534,1272097.5,92.7783,4285.01,15.0,34.1629,8.558
8564.63,3062.07,0.35752,80.6582,1171906.2,116.645,3307.4,6.0,37.593,12.861
23255.4,6931.7,0.29806,311.488,3224351.0,362.245,6348.49,90.0,17.5733,3.509
8999.49,3317.16,0.36859,77.6722,1230450.2,121.133,3522.35,15.0,37.6168,15.918
12179.5,3051.06,0.2505,156.679,1743757.5,184.3,4719.45,101.0,30.0346,2.69
8054.36,2518.12,0.31264,70.4134,1126460.2,115.987,3612.73,13.0,36.4292,10.775
6591.35,1847.48,0.28028,81.3651,883121.7,107.711,2817.75,89.0,36.4582,14.3
10937.3,3582.73,0.32756,101.491,1505007.5,147.137,4027.35,132.0,33.1811,17.203
10653.8,2335.72,0.21923,103.083,1509167.2,151.691,4375.26,46.0,33.049,0.752
18859.7,5496.35,0.29143,272.905,2542203.5,303.811,5712.32,330.0,21.4078,3.027
16888.8,5983.98,0.35431,224.881,2288031.2,272.149,5539.88,120.0,21.7388,1.875
6474.57,1789.26,0.27635,53.5174,921510.2,65.1345,3208.44,15.0,39.3307,13.132
7515.24,2655.67,0.35337,61.4718,967805.44,132.439,3056.53,38.0,40.2027,15.986
19622.5,7555.55,0.38504,184.178,2680548.2,332.321,10428.16,210.0,28.2303,10.736
11838.8,3076.11,0.25983,119.333,1638109.8,131.084,4702.77,61.0,30.9082,18.426
10177.9,2884.96,0.28345,134.679,1393908.6,143.521,4863.45,63.0,29.2329,3.694
15458.6,3435.28,0.22222,186.06,2154033.5,225.016,4711.05,33.0,28.6431,1.864
5120.61,1442.78,0.28175,43.6442,710890.06,63.4028,1989.66,18.0,43.1569,1.62
5859.51,1745.4,0.29787,52.0649,825460.8,83.0955,2508.7,65.0,41.6904,2.049
8467.68,1863.94,0.22012,82.0691,1149612.0,107.747,3678.18,9.0,37.1227,17.925
4900.15,1684.66,0.34379,45.0844,704775.56,77.5523,2456.19,45.0,41.7881,12.548
7529.61,1860.91,0.24714,78.31,1017484.6,94.2273,3499.29,24.0,34.9686,15.194
9780.99,2696.17,0.27565,117.953,1342345.9,138.475,4199.64,131.0,33.1059,4.365
5687.57,1392.65,0.24485,50.4035,792414.6,62.2368,2799.0,29.0,41.8993,10.322
7246.18,1482.57,0.2046,73.3418,970864.6,88.365,2897.23,31.0,37.9022,12.43
9449.56,2326.64,0.24621,74.4404,1254586.1,130.99,3385.19,51.0,39.5435,15.486
10654.1,3211.7,0.30145,103.413,1534602.2,154.113,4230.29,156.0,32.8065,18.045
5616.3,2319.9,0.41306,35.9924,777582.75,87.9953,2226.41,14.0,41.9409,12.823
8863.78,2134.46,0.2408,84.2511,1256394.8,106.289,4601.01,27.0,33.5179,2.075
8888.69,2225.92,0.25042,92.6095,1233686.4,137.195,4062.77,176.0,33.6014,1.849
7899.88,3003.43,0.38018,81.7362,1087355.0,113.452,3798.31,37.0,33.5317,13.467
14330.7,3649.77,0.25468,173.33,2015519.2,212.382,5595.43,66.0,23.5119,1.85
13891.2,4855.16,0.34951,167.731,1968328.8,229.051,4533.55,59.0,29.3458,3.821
9936.31,3009.98,0.30292,113.677,1362024.8,160.913,4185.39,81.0,33.0216,0.791
10107.9,2224.33,0.22005,113.541,1395887.5,133.748,4309.22,59.0,34.2042,2.202
11966.8,3106.4,0.25958,150.391,1604146.4,179.027,4580.48,91.0,30.2213,3.206
12589.5,3411.49,0.27097,155.253,1795466.1,182.344,4796.51,44.0,28.4068,1.951
2606.51,823.31,0.31586,23.4576,372285.34,40.0872,1494.81,45.0,47.4255,8.792
7659.42,1968.72,0.25703,80.8862,1035734.25,123.449,3567.25,33.0,36.6308,1.651
5050.9,1767.05,0.34984,32.6544,716677.0,68.5215,1683.96,48.0,43.3584,1.241
7914.93,1977.02,0.24978,81.2492,1047497.56,113.088,3760.15,5.0,37.3277,0.0
23643.4,5867.34,0.24815,319.81,3255178.5,411.56,6230.31,136.0,19.8301,1.022
6896.99,2024.62,0.29355,69.8211,973490.0,91.2825,2965.65,74.0,38.7904,10.271
8935.66,2134.84,0.23891,114.742,1224516.5,133.349,4157.83,55.0,34.4487,2.151
14241.5,3851.8,0.27046,173.79,1961588.4,195.674,5143.99,62.0,28.7454,2.392
6279.53,1304.56,0.20774,56.7891,846339.1,78.3763,2446.53,34.0,40.1969,13.433
4250.34,1144.03,0.26916,45.9431,545863.8,65.3697,1993.48,34.0,43.6822,5.605
8266.98,2252.94,0.27252,80.3083,1175339.2,107.308,3859.75,40.0,35.1768,2.619
13384.8,5096.42,0.38076,146.194,1868437.1,253.94,5995.07,90.0,24.636,2.264
3358.81,1103.36,0.32849,25.504,455268.47,40.9591,1320.62,4.0,45.6424,2.715
7506.41,1905.91,0.2539,68.6863,1047885.8,112.887,3100.57,23.0,37.2213,12.395
13846.7,4786.19,0.34565,161.02,1956033.9,167.86,5023.64,49.0,29.1109,15.126
13991.9,4404.2,0.31476,163.398,1915152.9,239.496,4834.6,118.0,28.787,4.571
13981.9,4431.84,0.31696,196.574,1894479.9,239.233,4537.58,33.0,29.169,2.301
16376.9,5104.09,0.31166,185.87,2313113.2,241.236,4898.7,26.0,46.5464,5.828
8821.58,2118.76,0.24017,95.1052,1239334.5,129.369,4007.15,171.0,33.6711,1.393
11099.4,4729.96,0.42614,156.168,1520328.0,225.232,4834.86,156.0,28.8789,19.405
7520.47,2475.98,0.32923,52.9154,1071169.2,95.9702,3409.14,14.0,37.0318,9.897
16190.9,4512.77,0.27872,195.178,2217675.5,215.59,6049.97,196.0,23.4624,19.204
12057.4,3282.14,0.2722,171.061,1669941.5,201.662,4774.19,69.0,28.7218,3.487
19634.2,5552.38,0.28279,301.444,2666566.2,305.86,6567.0,289.0,18.6364,1.49
11450.6,4989.71,0.43575,86.2375,1585778.1,184.263,4329.4,109.0,32.686,20.49
13681.1,4211.59,0.30784,169.101,1886418.8,223.176,4798.46,114.0,28.3897,4.891
8652.45,2129.43,0.2461,62.6714,1258329.0,94.4347,3276.7,31.0,37.6502,14.259
5748.54,831.29,0.1446,49.2479,809426.75,71.0702,2681.91,1.0,42.3158,0.725
12033.3,2709.55,0.22517,158.312,1657426.8,182.856,4126.88,62.0,31.6901,2.343
9268.2,2695.13,0.29079,78.602,1304565.0,129.679,4051.79,78.0,34.5946,4.678
10962.2,3889.34,0.35479,157.63,1507786.5,177.283,4924.64,52.0,28.8107,11.346
7784.2,1922.75,0.247,78.8738,1101177.1,104.801,3853.69,38.0,36.4369,2.096
8696.65,2398.74,0.27582,92.8596,1197822.9,132.435,3968.93,34.0,35.306,1.675
6695.68,2327.61,0.34762,78.4761,912856.9,97.2617,3236.37,54.0,38.6639,1.853
7069.04,1958.5,0.27705,72.8095,965876.5,106.538,3325.68,65.0,37.6917,14.273
4800.88,1500.55,0.31255,37.9901,665221.3,60.1652,1891.23,41.0,44.0605,11.295
7365.72,1874.76,0.25452,64.4219,1021617.5,96.7242,2924.78,78.0,38.8266,3.213
16616.2,3835.38,0.23082,218.184,2300387.2,250.078,5770.47,219.0,46.5464,8.294
5182.17,1735.36,0.33487,32.0105,736163.4,65.9982,1426.45,53.0,42.8018,20.071
6827.84,2337.67,0.34237,42.3642,888733.3,101.712,2883.41,55.0,39.3505,16.256
6596.25,1695.3,0.257,71.0059,909374.4,104.194,3418.75,67.0,38.2154,13.845
16117.9,5115.25,0.31736,241.165,2212008.5,255.745,5383.06,139.0,24.8526,1.726
7210.76,2116.04,0.29345,59.5698,1003001.75,92.2262,2754.73,23.0,38.6154,16.165
19942.5,7768.21,0.38953,191.393,2711707.2,286.635,6005.6,179.0,24.454,20.406
7480.96,2392.39,0.31979,51.8427,1010737.25,105.133,4040.77,42.0,37.1525,10.535
15011.7,5001.18,0.33315,155.96,2057013.2,235.6,5386.62,189.0,25.6843,1.298
4716.71,1509.7,0.32007,44.2539,627986.9,64.2285,3431.84,25.0,41.2162,12.528
11816.8,2921.86,0.24726,88.5753,1590837.5,163.295,4629.44,71.0,34.7801,14.334
9525.58,3573.9,0.37518,69.8518,1334552.8,142.759,4127.62,16.0,32.3259,16.1
7061.26,1623.14,0.22986,59.7268,988184.25,82.7426,2886.67,31.0,40.64,16.392
6954.57,1380.98,0.19857,55.3758,991893.75,63.8879,3226.3,26.0,37.7089,10.759
11674.5,4119.69,0.35287,137.064,1615027.0,198.11,4722.97,90.0,27.0687,11.468
6495.06,1977.82,0.30451,53.655,898074.7,91.3192,3025.27,93.0,39.4804,14.58
6203.57,2992.26,0.48234,87.6402,756983.44,136.12,2049.17,104.0,41.4,6.183
10462.8,3360.44,0.32117,92.8579,1416656.2,134.939,3856.63,65.0,35.195,15.696
15310.7,4627.51,0.30224,186.996,2127896.8,222.233,5995.01,75.0,23.0018,11.894
6977.85,1821.75,0.26107,73.8213,978223.7,91.3655,3163.36,38.0,37.3643,12.735
13866.5,3330.09,0.24015,101.128,1911486.1,301.776,4566.07,175.0,30.9648,19.24
11327.8,2948.02,0.26024,142.283,1545596.1,183.14,4433.73,47.0,31.201,2.576
6764.01,2365.71,0.34974,61.5985,937317.06,98.4925,3721.65,79.0,36.5539,1.892
5302.02,2554.52,0.4818,45.1281,768225.9,83.3456,2780.83,35.0,42.2735,14.114
6889.66,1793.32,0.26029,55.7198,989908.1,74.2278,3226.13,28.0,39.1167,15.57
7932.09,2133.77,0.269,89.9609,1093841.0,115.584,3101.12,21.0,36.2889,0.632
6880.57,2660.82,0.38671,81.6912,939153.0,116.427,3626.82,47.0,37.0714,17.28
7715.96,1797.69,0.23298,71.4034,1121545.4,97.257,3066.33,19.0,37.8591,1.637
7793.43,2323.68,0.29815,56.9513,1103323.9,99.1487,3367.05,40.0,38.9587,12.057
6582.15,2413.51,0.36667,47.159,931692.6,94.8784,3228.29,71.0,39.1379,14.051
15925.0,3917.84,0.24601,244.482,2187962.8,251.856,4792.42,277.0,27.5055,4.663
4932.43,1390.31,0.28187,45.0674,630252.5,74.2844,2148.54,21.0,42.7247,3.398
7028.9,2107.51,0.29983,59.5841,991186.7,90.115,2595.99,33.0,36.2429,15.38
18432.9,6067.48,0.32916,207.26,2521316.5,318.103,5697.41,217.0,22.4742,11.157
12375.8,3267.57,0.26402,138.323,1675604.9,157.755,4112.57,221.0,31.7378,3.178
10944.4,5130.78,0.4688,85.1039,1353639.9,208.731,3197.49,74.0,37.2299,19.037
12052.1,3395.23,0.28171,145.431,1616084.0,179.108,4733.34,67.0,31.0924,2.797
6870.71,2717.02,0.39544,49.188,959089.4,101.373,3142.16,31.0,40.1445,6.007
16914.9,6324.42,0.37389,197.794,2260687.8,257.56,5649.95,109.0,27.2779,20.018
15208.9,4638.72,0.305,153.006,2130067.5,195.857,4089.92,130.0,31.5595,18.597
7708.71,1585.94,0.20573,69.8534,1087825.8,82.5971,3015.94,45.0,39.4388,15.501
7397.51,2949.16,0.39866,64.6484,1086939.6,98.9306,3225.93,30.0,37.2162,1.216
6274.85,1693.46,0.26988,69.5561,890584.1,76.7867,3118.67,11.0,38.7011,1.834
17294.2,6106.26,0.35308,188.91,2420133.5,288.329,5672.06,152.0,24.5923,1.942
4600.63,906.89,0.19712,39.6262,623930.7,50.7668,2365.56,61.0,41.7644,13.073
13240.5,4766.56,0.35999,205.829,1838390.8,258.7,4875.59,299.0,32.8864,19.01
6315.83,1206.58,0.19104,52.7499,823787.75,72.4931,3127.51,39.0,38.7608,4.12
8286.9,2403.48,0.29003,67.7695,1152093.4,119.827,3345.6,79.0,36.9656,2.71
8057.21,2593.95,0.32194,74.8859,1084759.4,111.448,3463.02,73.0,34.8316,4.111
7221.67,2473.99,0.34257,43.648,1013224.06,104.449,4081.63,50.0,37.2016,11.323
18425.5,5421.67,0.29424,241.592,2537727.0,292.133,5424.16,213.0,24.3465,5.531
18925.5,6066.72,0.32055,261.135,2571107.0,315.116,5770.82,337.0,21.0935,2.527
11015.3,4524.31,0.41072,87.904,1522874.4,173.988,3627.75,26.0,36.6729,17.11
4913.32,864.67,0.17598,38.7655,690929.44,53.4152,2369.15,12.0,42.9963,2.114
6332.49,1474.5,0.23284,57.7281,835717.6,70.3709,3211.35,30.0,38.6524,8.596
9058.67,3006.6,0.3319,151.294,1246862.8,162.89,4148.25,127.0,33.0,3.024
6436.93,1931.78,0.3001,85.1123,915945.4,90.2929,3402.0,25.0,36.3105,9.126
22983.4,6488.52,0.28231,290.461,3171140.2,369.886,6335.72,89.0,17.8893,3.194
13264.1,2878.53,0.21701,189.829,1823145.2,245.048,4932.04,129.0,26.9484,3.004
6200.45,1746.65,0.28169,60.2167,865056.25,79.678,2992.93,28.0,39.6709,6.4
9219.75,2033.52,0.22056,101.653,1277338.1,132.072,4228.86,55.0,34.0871,1.558
16017.4,4459.34,0.2784,243.306,2180686.8,266.931,4784.79,258.0,27.3876,4.785
9330.81,2274.23,0.24373,111.586,1292943.2,134.425,4224.64,55.0,34.087,2.327
6263.33,2094.72,0.33444,59.5549,900939.06,82.7302,3229.37,23.0,38.8484,10.665
3770.23,1046.74,0.27763,19.2305,516376.06,44.327,1982.39,43.0,45.205,8.289
6484.98,2386.04,0.36793,77.8562,882459.6,94.4157,3252.54,59.0,38.6337,1.162
7529.61,1860.91,0.24714,78.31,1017484.6,94.2273,3499.29,24.0,37.5197,15.194
8107.84,2158.96,0.26628,89.6619,1111953.4,110.386,3106.1,22.0,37.2814,0.993
5616.6,1858.76,0.33094,56.5076,766929.06,74.8453,3182.03,13.0,39.5671,8.421
6271.76,2344.44,0.3738,49.0708,871237.4,107.161,2962.41,18.0,40.1469,11.674
9052.98,2106.69,0.2327,95.2585,1250871.2,116.11,3753.01,89.0,35.9466,15.815
9232.5,3037.95,0.32904,100.948,1273239.2,133.389,3890.02,23.0,33.5311,2.578
8138.54,2409.98,0.29611,93.8688,1109972.8,118.863,3210.99,83.0,38.7423,1.684
7958.65,1961.47,0.24645,98.0684,1047773.2,116.797,3796.35,31.0,36.4474,4.805
7246.17,2233.46,0.30822,60.6568,1047970.94,91.7418,4766.27,42.0,38.2959,11.782
6594.02,2318.1,0.35154,70.9892,936869.2,104.696,3323.24,61.0,37.9697,12.419
8161.6,2748.51,0.33676,65.9599,1088148.8,118.232,4345.54,61.0,33.5159,4.989
15363.6,3705.9,0.24121,204.376,2140264.2,248.114,4992.73,134.0,26.6369,3.026
9673.7,2383.61,0.2464,111.238,1345623.1,137.189,4169.97,56.0,33.8933,1.918
4092.68,1231.92,0.301,32.9247,562381.4,51.1983,1395.07,17.0,44.3346,1.472
13601.9,2687.17,0.19755,169.958,1842257.2,215.166,4714.58,105.0,28.8846,2.104
8444.19,1847.35,0.21877,102.438,1136153.9,132.709,3551.49,30.0,36.2307,3.516
7339.62,2667.56,0.36344,64.2667,977064.25,98.0477,3039.35,45.0,40.0506,6.426
10452.3,3665.21,0.35066,100.098,1438833.9,144.784,3547.06,75.0,36.2317,16.902
14469.6,6372.07,0.44037,180.247,2000256.9,259.666,4602.07,124.0,29.5641,18.901
14926.9,5475.32,0.3668,175.481,2063807.9,255.353,4877.15,226.0,28.932,20.586
7994.0,3119.86,0.39027,66.4623,1112511.5,114.152,3493.35,91.0,36.8491,13.135
8041.23,2676.72,0.33287,68.859,1080809.8,104.818,4043.47,65.0,37.0119,12.554
7706.9,2299.79,0.2984,67.9192,1038609.7,93.2084,3413.62,21.0,37.6275,9.102
9480.02,2547.57,0.26873,87.9228,1296959.8,127.073,3673.54,82.0,35.9989,19.201
13929.4,4272.43,0.30672,209.477,1930620.8,237.896,5309.94,286.0,24.1094,2.082
7707.64,1412.83,0.1833,77.8731,1078417.4,89.276,3159.7,20.0,37.8994,13.178
7923.31,2603.2,0.32854,50.0506,1063742.4,118.504,3009.26,31.0,40.7063,10.722
9640.75,2941.43,0.3051,71.494,1335338.6,123.529,3860.62,43.0,36.9075,14.652
5414.83,770.19,0.14223,51.1612,744136.8,58.6785,2947.04,20.0,40.0382,3.572
11683.2,4183.04,0.35803,97.01,1675702.1,155.188,4121.97,26.0,33.6393,14.065
6047.3,1966.5,0.32518,56.0736,829373.6,86.2942,3223.43,20.0,39.4881,7.897
5625.71,1544.9,0.27461,59.9551,706048.75,90.565,3097.27,16.0,39.4411,2.167
15555.5,5436.45,0.34948,246.796,2100232.8,248.569,5425.25,125.0,23.2602,2.081
9440.43,3045.64,0.32261,88.2158,1315844.4,131.127,3786.68,7.0,35.9258,16.249
4778.79,1878.57,0.3931,46.5618,698557.5,70.969,2363.12,56.0,42.7234,10.653
6203.53,1726.15,0.27825,60.5662,853872.2,82.9039,2792.7,53.0,37.4968,10.877
11110.6,3930.19,0.35373,92.8574,1582719.5,156.584,3831.44,54.0,34.418,16.603
13673.7,5733.2,0.41928,96.1969,1912986.8,210.564,10479.99,68.0,34.6591,7.922
8682.02,2750.11,0.31675,87.757,1159515.9,109.253,3624.97,33.0,37.5219,10.732
18462.1,6091.64,0.32995,241.223,2535865.5,254.119,5644.74,133.0,22.8316,2.258
9459.54,2985.39,0.31559,87.0003,1336454.2,140.158,3852.52,11.0,35.1203,2.142
8740.31,3230.93,0.36965,66.6592,1228822.5,121.18,4420.69,58.0,35.0822,17.562
4191.92,1104.14,0.26339,30.2979,580461.0,50.2887,1995.08,40.0,44.7744,5.555
9761.2,4439.1,0.45476,91.5696,1382295.1,151.065,3998.12,71.0,34.717,16.392
11433.6,3169.06,0.27717,130.319,1569175.0,144.981,4496.37,94.0,30.9947,16.655
9058.49,3549.08,0.39179,91.9401,1297890.8,145.439,3373.1,81.0,35.9074,17.371
6937.08,1758.31,0.25346,72.0736,929229.56,101.041,3516.18,83.0,37.5663,2.316
13472.0,4431.81,0.32896,162.301,1849334.2,200.021,5003.68,71.0,27.607,2.943
5104.61,1813.51,0.35526,34.3922,702481.56,80.7905,2006.71,10.0,41.6782,11.897
6598.12,1833.49,0.27788,60.4535,901587.75,75.2973,3057.54,42.0,39.5585,4.428
5687.86,2196.64,0.38619,49.0355,792380.75,81.6657,2277.64,26.0,43.107,2.99
4045.12,1372.71,0.33934,37.5257,554050.44,49.3067,1394.85,15.0,44.0362,3.999
10066.3,3129.92,0.31093,68.5897,1464688.8,125.814,3477.96,53.0,36.843,14.028
9783.63,3609.97,0.36898,91.7837,1406745.5,148.022,3649.43,104.0,34.5145,12.77
16246.0,4941.6,0.30417,188.873,2180714.0,256.363,5342.81,185.0,24.9473,3.285
9131.33,2806.5,0.30734,80.2607,1268812.9,120.448,4242.18,68.0,33.8164,4.628
7267.26,2073.14,0.28527,71.3299,984728.56,100.736,3377.3,73.0,37.1278,3.943
3857.89,1095.26,0.2839,35.9067,528429.6,46.1638,1404.29,17.0,44.3747,1.557
7284.41,2006.33,0.27542,62.4233,1015497.1,100.427,3368.77,83.0,36.9634,3.528
12305.2,4527.69,0.36794,127.276,1750869.4,185.846,4869.2,85.0,26.7617,17.942
9114.56,2706.66,0.29696,89.1352,1310516.4,115.867,4039.28,10.0,34.5186,2.251
9384.94,3928.12,0.41855,88.3719,1328978.9,147.397,3994.33,4.0,35.9574,11.424
9825.1,3374.61,0.34346,92.1923,1334458.2,150.134,5278.03,102.0,32.357,3.496
10586.0,4044.48,0.38205,91.6655,1464809.6,165.878,5051.94,102.0,28.7643,16.55
6508.89,2226.28,0.34203,63.9966,895015.94,81.5951,3270.18,37.0,38.3295,4.184
11572.0,3859.8,0.33354,145.557,1576695.6,187.1,4800.12,100.0,29.0516,19.031
4026.66,1199.89,0.29798,32.8431,546594.6,49.561,1397.08,31.0,44.4204,11.365
6366.11,2120.1,0.33302,55.1281,879275.2,89.2534,2664.43,44.0,40.701,3.03
12647.1,4763.61,0.37665,100.53,1760952.2,200.849,4108.87,31.0,30.8255,17.58
9599.72,2532.62,0.26382,106.386,1360496.6,152.71,3880.05,43.0,33.6561,2.316
12954.7,4252.3,0.32824,140.8,1831380.5,239.438,4787.87,123.0,29.7843,15.14
8985.94,2231.36,0.24831,80.0771,1288622.4,115.843,3156.11,8.0,37.6296,16.028
15372.1,5430.09,0.35324,154.05,2149398.0,199.376,5391.78,45.0,27.2964,5.819
11968.9,3025.02,0.25274,156.405,1641735.2,193.321,4126.69,111.0,32.6666,18.662
7675.67,2520.86,0.32842,61.8241,1092635.5,100.717,2904.45,26.0,37.7648,14.107
7400.01,2458.0,0.33216,65.7321,1071314.0,91.262,3235.5,32.0,38.9261,3.941
8532.39,2448.18,0.28692,88.4333,1160465.6,110.901,3785.74,59.0,34.8169,15.196
9671.65,3642.58,0.37662,75.1173,1327407.0,153.441,4094.84,62.0,34.7077,18.394
6773.25,2735.07,0.4038,37.522,950900.7,94.6158,3143.24,49.0,38.4291,12.033
15930.9,5049.48,0.31696,210.289,2106430.8,247.408,5778.2,251.0,21.9903,2.232
10471.9,3401.74,0.32484,96.5656,1486037.8,145.895,4411.37,96.0,31.0597,6.208
21116.9,5908.5,0.27979,297.512,2874043.5,315.676,6575.03,288.0,18.7398,1.286
13137.8,3016.19,0.22958,151.987,1908573.2,194.989,5105.47,72.0,27.4951,9.551
10958.0,3721.52,0.33961,98.3745,1518748.0,149.101,4220.5,97.0,46.5464,3.95
7879.82,2110.19,0.26779,63.2388,1119568.1,91.9828,2995.45,36.0,38.481,17.883
5916.68,2058.05,0.34783,48.2117,824709.06,78.2325,2564.01,27.0,42.4553,2.131
13085.6,4496.61,0.34363,156.455,1823164.9,176.878,5221.63,44.0,26.3721,3.432
9408.25,3167.91,0.33671,87.4417,1323997.2,152.292,4050.9,73.0,34.5093,9.658
8436.23,2287.04,0.27109,73.6717,1163526.1,104.714,3686.81,54.0,46.5464,7.903
8749.81,2382.52,0.27229,61.1772,1224251.5,119.141,3068.92,32.0,37.787,7.206
6872.55,2347.39,0.34156,76.9236,934204.9,98.0341,3237.84,59.0,38.6396,2.041
6419.03,1654.42,0.25773,58.4549,903904.3,79.56,3492.31,38.0,41.5275,13.493
12293.8,2565.4,0.20867,147.54,1668548.6,198.806,4970.26,139.0,29.7596,0.559
5105.98,1946.38,0.38119,48.8988,708855.06,75.4918,2179.93,28.0,42.9985,2.676
6271.26,2005.03,0.31971,67.094,852860.2,89.8876,3743.74,58.0,34.9272,4.772
4294.76,1089.06,0.25357,30.5383,589138.06,50.311,1995.72,39.0,44.5876,6.248
8838.75,2720.69,0.30781,99.283,1206067.1,120.946,3877.57,30.0,32.8921,5.095
16120.3,4977.79,0.30879,192.358,2106190.5,257.342,5952.47,244.0,21.6517,2.598
8782.39,2250.95,0.2563,96.8518,1245285.2,136.691,4235.73,76.0,33.1834,4.661
6942.03,2043.83,0.29441,78.9713,943220.56,107.916,3072.1,79.0,39.0353,0.901
7703.45,1986.61,0.25788,71.5134,1116889.0,106.798,3097.19,23.0,37.5646,2.237
7536.41,2596.54,0.34453,78.1005,1053776.0,99.7754,3775.52,33.0,36.0947,2.246
7642.05,2671.69,0.3496,71.9209,1064671.9,107.732,3365.53,33.0,38.2324,11.502
11195.2,4072.14,0.36373,103.28,1551268.5,179.116,5845.71,70.0,26.5722,17.095
11369.0,4021.7,0.35374,122.784,1589722.4,185.293,4221.63,37.0,30.4712,2.23
5396.25,1686.61,0.31255,49.5349,762773.1,73.4438,2263.39,62.0,41.8881,13.629
8407.81,3277.96,0.38987,75.7716,1131807.5,122.478,3118.05,19.0,35.284,14.347
8421.44,2686.08,0.31895,94.309,1131704.6,126.846,3158.26,79.0,38.9288,1.873
13279.2,5970.64,0.44962,171.298,1831913.5,254.768,63658.58,105.0,31.0451,20.253
11225.6,2929.44,0.26096,130.744,1559864.5,159.645,4484.58,91.0,28.5848,2.04
9639.1,2312.45,0.2399,108.826,1339557.5,135.22,4223.44,70.0,33.8805,2.373
18437.0,6283.23,0.34079,190.257,2561741.8,228.215,5083.87,124.0,27.0284,9.988
22161.7,7554.93,0.3409,187.722,3155331.8,362.172,15677.12,96.0,23.015,1.245
10362.9,3505.48,0.33827,96.3028,1429737.2,145.526,3776.67,24.0,35.1754,3.656
7453.25,2578.38,0.34594,73.0716,1066435.2,100.049,3210.49,24.0,38.0787,13.229
13885.4,3666.32,0.26404,189.758,1886485.4,220.515,4624.34,175.0,29.076,1.849
8295.19,2235.03,0.26943,68.2962,1141663.0,119.068,3875.4,26.0,36.5569,1.552
7106.17,1905.55,0.26815,62.1888,987269.06,94.2,3390.17,23.0,37.5786,7.723
9300.28,2720.78,0.29254,95.2569,1284612.1,128.904,3925.19,30.0,34.3535,2.39
11251.6,3580.15,0.31819,132.359,1538741.9,160.967,4912.25,69.0,29.394,3.62
8968.63,3115.08,0.34733,93.6082,1205387.5,117.087,3528.06,34.0,36.7399,12.487
7297.51,1721.1,0.23584,83.2602,1011516.2,107.348,3851.22,23.0,36.2748,1.315
6252.32,2129.79,0.34063,68.5345,863297.56,80.6019,3618.94,92.0,38.3821,13.765
8129.94,2706.73,0.33293,91.336,1154227.8,107.59,4032.89,25.0,36.3155,2.343
8386.41,2671.6,0.31856,75.1726,1146887.9,121.348,3465.39,40.0,36.8158,15.335
5680.16,1195.02,0.21038,52.7502,777639.4,75.1446,2722.78,15.0,40.273,0.995
5999.76,1440.99,0.24017,53.1385,867938.6,85.6436,2414.19,26.0,39.4218,8.395
15983.2,4682.33,0.29295,190.682,2150409.5,255.373,5276.65,208.0,25.3468,2.318
14300.1,3408.49,0.23835,151.179,1942533.1,196.585,4281.6,70.0,30.6061,20.718
13185.2,3771.86,0.28606,160.1,1843269.1,241.085,4372.08,76.0,30.62,1.458
11772.1,4957.83,0.42115,98.8949,1547271.6,166.962,4424.03,66.0,34.9082,18.001
6711.97,2061.91,0.30719,64.8649,927749.06,92.5001,3155.84,47.0,38.8178,2.305
6011.82,1189.37,0.19783,48.7549,830421.75,76.4347,2741.9,17.0,40.2211,1.415
5844.5,2390.84,0.40907,42.7799,796741.94,88.1711,3009.52,65.0,40.1778,1.572
7531.53,2700.15,0.35851,79.2878,1023601.8,117.266,3492.73,96.0,37.5867,15.496
9564.43,2571.61,0.26887,85.3133,1363875.1,132.242,4061.2,38.0,34.9109,2.923
5939.01,1615.09,0.27194,63.8201,810456.4,77.4962,3236.81,72.0,39.5568,12.702
13638.5,6039.85,0.44285,154.085,1916536.2,236.712,5205.09,189.0,27.3076,20.254
22259.3,7427.69,0.33368,226.666,3031425.0,382.51,5847.24,280.0,21.3357,6.887
4796.48,1490.66,0.31078,45.6829,662032.44,61.2034,1881.35,15.0,42.9628,2.359
16630.4,5158.08,0.31015,184.185,2337625.8,240.576,5346.14,92.0,24.5754,11.693
10440.6,2194.25,0.21016,94.5672,1460472.0,119.656,4363.88,46.0,29.9263,18.313
10412.5,3774.16,0.36246,95.4857,1479489.8,140.507,3953.52,3.0,38.289,5.456
6595.79,2223.26,0.33707,48.1871,935563.4,83.2063,2784.84,13.0,41.7408,11.604
14270.0,4989.34,0.34963,165.843,1969958.4,200.389,4940.84,83.0,27.9584,5.305
18709.5,5211.0,0.27852,250.402,2516441.2,314.338,5791.48,319.0,20.9438,2.843
16143.0,3966.41,0.2457,222.294,2277062.8,271.573,5630.44,105.0,21.5418,2.724
12674.3,3141.28,0.24784,95.4288,1716302.0,145.247,4632.01,164.0,31.6932,16.121
6209.31,1944.12,0.31309,63.2861,822112.9,92.6329,3099.84,63.0,39.9527,7.859
13409.4,3927.37,0.29288,126.888,1876483.4,185.235,4564.5,62.0,30.4715,2.673
14681.3,3861.89,0.26304,186.054,1975006.5,217.106,5012.55,180.0,27.0651,2.379
10657.0,3911.79,0.36706,127.704,1470392.6,181.454,3876.55,29.0,33.7359,3.633
7910.26,2157.15,0.2727,75.9724,1113037.6,108.957,3787.31,38.0,35.5134,2.59
8075.47,1980.83,0.24528,89.0824,1128379.6,126.954,3207.15,5.0,37.0708,0.584
7668.28,2057.73,0.26834,63.8751,1074456.0,96.0733,4072.04,11.0,34.7478,0.0
6118.35,1524.21,0.24912,72.4449,816418.6,84.2172,2954.83,24.0,39.1601,2.201
10250.1,2343.56,0.22863,140.833,1365811.9,161.665,4381.49,85.0,29.3369,2.086
9565.47,3007.4,0.3144,90.2876,1365252.9,142.843,3949.31,1.0,34.8816,2.044
9414.32,3982.63,0.42303,84.9794,1315306.4,141.938,3954.54,127.0,33.7388,3.603
12729.3,4644.01,0.36482,130.45,1776493.4,193.938,4800.81,104.0,28.8607,19.645
8939.69,3184.66,0.35623,76.0695,1244065.5,139.977,4011.53,10.0,32.7489,18.212
5134.63,2025.52,0.39448,23.8196,698818.0,76.6501,2581.94,32.0,44.9337,16.795
6605.52,3426.49,0.51873,66.7685,928878.56,121.204,2291.23,66.0,40.6259,16.935
14411.1,4138.22,0.28715,191.597,2006462.9,220.846,5621.22,138.0,27.8857,0.757
7942.24,2335.68,0.29408,65.2718,1167608.2,107.031,2704.23,57.0,39.9041,13.883
7607.48,2394.3,0.31472,68.1249,1034674.25,115.687,4098.06,88.0,34.4414,13.276
12474.9,4785.15,0.38358,123.724,1796843.2,191.764,5200.6,98.0,28.9285,18.316
9555.83,2853.36,0.29859,110.881,1357691.1,144.534,4084.73,74.0,33.7295,5.5
3924.93,1277.69,0.32553,36.6033,527997.5,51.9431,1339.44,24.0,44.4344,11.603
6052.11,1611.16,0.26621,51.6354,790586.44,97.1919,3611.37,16.0,37.6991,1.839
9729.21,1920.39,0.19738,100.168,1381390.9,132.708,4256.49,42.0,33.6189,0.926
6619.68,1222.26,0.18464,65.6819,948367.6,81.9214,2670.9,47.0,39.2552,19.195
7403.5,1998.39,0.26992,68.8133,1026816.8,102.189,3209.95,33.0,36.153,7.262
8429.87,2104.83,0.24968,93.0628,1129071.8,112.292,3867.49,33.0,36.2426,5.099
5853.68,2028.56,0.34654,74.906,807939.56,86.0887,3043.02,36.0,40.2484,1.669
13742.1,6146.05,0.44724,175.064,1854489.4,268.802,5258.77,203.0,26.1358,19.534
15044.0,5695.8,0.3786,232.504,2034320.4,296.127,4728.07,190.0,27.647,11.627
9290.35,1865.27,0.20077,83.2276,1315347.8,110.678,4710.73,29.0,33.0552,1.663
12964.5,3917.89,0.3022,170.755,1859495.4,219.267,4595.31,43.0,29.533,2.286
6977.59,1287.6,0.18453,77.3677,942460.7,93.9625,3242.36,24.0,36.7433,18.176
12867.9,4076.14,0.31676,132.424,1794409.2,180.215,4759.79,80.0,29.4386,3.766
16408.8,5360.19,0.32666,232.975,2243620.2,251.447,5458.06,125.0,23.7282,2.733
9015.92,2548.22,0.28263,81.7666,1275822.5,123.203,4579.17,48.0,35.1628,1.704
3842.15,1332.72,0.34686,25.6576,527654.7,45.9564,1482.37,1.0,45.0955,3.779
6604.55,2010.1,0.30435,72.4827,889483.75,96.3531,3624.79,60.0,37.6722,2.347
6074.87,1322.94,0.21777,56.0178,818678.9,70.0644,2471.63,38.0,41.474,13.697
10028.6,3938.29,0.3927,133.708,1326366.2,193.271,4539.93,171.0,31.6054,2.185
8464.43,2579.35,0.30472,96.8429,1104012.2,134.901,4081.35,87.0,36.3166,5.269
11547.6,3711.09,0.32137,115.809,1606013.8,146.118,4577.19,69.0,31.2913,16.957
8867.84,2048.7,0.23102,105.424,1212584.9,143.887,4005.14,37.0,34.1045,1.927
8287.22,3469.95,0.41871,93.7179,1159275.4,129.658,4214.99,22.0,34.564,9.82
14770.9,3938.89,0.26666,182.58,2010036.4,245.02,5180.87,99.0,25.924,5.504
3728.51,1284.73,0.34456,38.2794,508006.6,52.7184,1417.47,17.0,44.1638,1.76
10929.7,3171.77,0.29019,74.6913,1452142.5,140.02,4098.83,61.0,33.9397,17.118
15280.4,4826.2,0.31584,160.125,2117898.0,233.668,5339.67,200.0,26.5049,1.6
14233.9,4556.81,0.32013,176.244,1985376.8,199.622,4955.48,104.0,27.6432,3.405
5720.56,2306.65,0.40322,50.2657,790476.56,89.3704,2353.73,27.0,42.1921,4.729
5850.42,1835.29,0.3137,67.532,814750.6,84.7556,3024.97,34.0,40.2608,13.44
4233.96,1062.15,0.25086,34.6403,601056.25,54.6425,1745.66,41.0,44.7318,11.305
12050.4,2350.68,0.19507,148.953,1640083.6,191.457,4896.99,141.0,29.8156,0.549
15276.2,6094.42,0.39894,187.678,2044488.0,285.614,5703.18,79.0,26.5693,6.987
7793.2,2050.49,0.26311,73.7911,1079839.1,102.628,3528.17,57.0,36.5093,6.75
13451.5,4996.05,0.37141,128.874,1891093.2,207.064,4304.1,59.0,29.6165,2.715
15201.4,5792.32,0.38103,196.032,2021862.6,271.663,5168.3,75.0,20.1581,6.566
11944.0,2078.94,0.17405,149.745,1675211.4,170.066,4662.97,149.0,29.6266,1.586
6620.78,2568.45,0.38793,52.4264,930640.75,112.182,2797.64,83.0,39.7018,13.877
4360.26,863.02,0.19792,40.8218,574737.0,52.9404,2636.43,16.0,43.6298,8.235
8998.7,2706.74,0.30079,72.4413,1219997.5,118.09,4793.78,91.0,31.3805,19.24
11581.1,2964.62,0.25598,153.257,1621585.5,149.454,4064.95,133.0,29.5241,3.387
4982.59,1654.13,0.33198,36.5287,705887.9,63.4586,2424.38,14.0,42.6669,7.618
5293.21,2059.46,0.38907,33.9789,749022.2,69.1747,2574.21,60.0,42.7278,2.49
5193.91,2204.91,0.42451,48.8272,706102.1,74.9628,2197.46,39.0,42.5191,9.041
12436.6,5647.01,0.45406,183.939,1684856.8,263.065,4666.98,181.0,30.0734,12.985
14162.4,6165.18,0.43532,127.413,2050731.2,205.258,5639.06,128.0,24.2617,18.444
16263.1,3984.43,0.24499,177.66,2290201.0,244.571,5071.24,98.0,25.9692,4.688
6454.17,1926.74,0.29852,37.0807,884781.8,87.4874,3041.36,19.0,41.9705,16.993
15482.0,4270.12,0.27581,201.574,2107793.0,243.382,5127.81,86.0,26.1202,5.273
5013.5,1866.45,0.37228,72.964,688285.7,82.8624,3097.16,96.0,38.9893,17.131
9168.41,1937.96,0.21137,96.9174,1268425.9,132.879,3647.84,12.0,34.1277,1.922
13282.7,5240.69,0.39455,76.9859,1805441.0,205.308,4683.05,63.0,30.7399,17.004
13171.1,3401.62,0.25826,193.638,1795174.2,212.616,4566.99,186.0,28.9061,1.777
13291.1,4469.48,0.33627,70.7054,1800881.6,216.326,10167.46,70.0,30.3911,13.547
9620.74,2663.14,0.27681,104.252,1369122.2,151.172,3882.92,47.0,33.6488,2.226
8797.13,2626.79,0.29859,83.5738,1260478.6,111.973,3629.63,34.0,36.4098,11.707
6871.48,1210.43,0.17615,63.352,937156.56,81.8728,3386.25,31.0,38.0931,12.475
7134.84,2205.31,0.30909,63.9232,1023385.1,95.1884,3064.91,55.0,38.3045,17.463
7057.58,1639.09,0.23224,62.3198,1023492.9,74.4315,2516.32,31.0,40.7541,4.923
6907.13,1879.38,0.27209,64.9014,963003.6,90.3534,3588.92,30.0,37.9737,2.008
6473.75,2709.0,0.41845,50.7735,903902.4,91.2866,2384.85,6.0,42.4241,6.79
5680.1,1750.92,0.30825,55.7826,782614.6,81.5566,2977.71,10.0,41.6082,8.4
9103.55,3070.52,0.33728,93.5366,1303196.9,128.604,3959.01,73.0,35.3102,4.645
16755.5,5876.55,0.35072,125.329,2255468.2,247.912,4611.44,62.0,34.9524,20.294
5964.08,1950.12,0.32697,54.1675,815584.1,83.6522,3160.93,12.0,39.5247,7.928
11652.4,3783.33,0.32468,145.885,1636719.6,157.701,4993.5,44.0,27.4373,4.17
5857.74,2131.65,0.3639,56.1994,821024.5,80.3243,2633.25,33.0,41.2214,3.316
17993.4,5669.03,0.31506,196.977,2446585.0,262.968,6775.81,119.0,20.4709,19.428
5039.42,972.15,0.1929,42.5727,727452.0,61.126,2173.26,77.0,42.9671,0.746
6246.14,2659.98,0.42585,48.6852,865322.94,95.0433,2472.95,4.0,42.5076,13.706
7181.59,2631.81,0.36646,57.1661,1009847.25,104.305,2848.56,38.0,39.8602,3.821
4777.62,1105.66,0.23142,39.6506,661448.0,56.8341,2491.49,59.0,41.9152,12.496
9366.75,2337.85,0.24959,108.396,1277874.1,142.29,4101.94,31.0,33.5795,2.149
7670.34,1870.43,0.24385,66.072,1059516.1,105.286,4109.6,20.0,35.6573,1.265
4965.38,1456.84,0.29339,33.3913,677937.3,67.4321,1905.65,22.0,39.4071,15.347
13198.6,4642.15,0.35171,153.916,1849840.2,175.901,5190.86,46.0,27.4016,4.018
11637.2,4163.38,0.35776,80.0733,1644329.9,160.432,4327.15,80.0,34.2839,9.433
9388.2,2568.15,0.27355,113.357,1288673.0,151.282,4138.23,71.0,33.1811,0.89
4096.78,1313.7,0.32066,36.56,556693.5,51.3737,1427.81,32.0,44.1536,11.966
9960.62,3396.17,0.34095,93.4574,1366387.5,138.255,3833.85,76.0,35.5157,15.632
8393.68,2623.51,0.31255,98.0713,1190291.1,115.297,3551.36,90.0,36.9139,2.182
9748.06,2729.66,0.28002,112.214,1347161.8,131.036,4217.96,56.0,32.6491,10.183
8836.4,1655.96,0.1874,80.112,1263781.9,104.128,3917.25,19.0,35.016,0.928
6165.45,1975.6,0.32043,58.7516,853748.44,89.9093,2672.22,42.0,40.683,1.807
13518.8,4736.23,0.35034,157.81,1871955.5,211.149,4958.04,141.0,27.8484,7.046
21805.7,6117.56,0.28054,294.757,2974175.0,312.29,6632.79,290.0,18.686,1.445
10330.1,3375.22,0.32673,104.592,1423662.2,140.608,4074.17,34.0,36.3994,18.478
13330.6,4355.59,0.32673,136.308,1877977.5,188.794,4688.15,73.0,29.5259,3.42
9868.17,2390.48,0.24224,124.729,1362050.6,153.503,4651.32,71.0,30.2024,1.851
5490.26,937.01,0.17066,51.2312,753457.4,59.6325,3032.07,24.0,39.691,3.631
4004.17,1159.64,0.2896,35.1885,548243.3,51.2731,1395.82,17.0,44.3159,1.435
15967.4,5170.57,0.32382,236.814,2188638.5,270.076,5483.49,131.0,23.3642,1.872
8235.53,2657.15,0.32264,72.4343,1084184.6,116.659,3799.03,52.0,35.3621,5.645
8090.12,1766.67,0.21837,69.3997,1062727.9,119.468,3097.61,62.0,36.2893,14.005
7024.78,1673.43,0.23821,82.9229,978346.75,105.189,3745.13,21.0,36.1787,1.483
11468.7,3317.22,0.28924,99.8476,1569725.2,174.861,4592.48,127.0,29.407,2.2
5420.76,1237.7,0.22832,50.7799,782928.5,71.3267,2871.9,58.0,40.2484,1.63
16434.1,5491.15,0.33413,188.643,2260286.0,288.129,5439.58,90.0,24.8069,7.053
7005.88,1018.37,0.14535,77.0265,935257.06,94.7318,3115.26,48.0,38.8179,16.553
15075.4,4917.91,0.32622,234.175,2062344.5,248.594,5359.32,136.0,24.3212,2.059
9581.64,2365.46,0.24687,103.17,1368505.0,140.903,3892.78,36.0,31.103,2.317
8877.07,3293.01,0.37095,80.9554,1199099.2,133.785,4301.96,37.0,36.4045,4.015
8216.65,2843.44,0.34605,62.4644,1161068.1,113.161,4600.53,59.0,35.8808,17.886
9890.36,3194.06,0.32294,61.9992,1385879.6,134.049,4800.87,12.0,38.4815,18.728
7135.24,2283.84,0.32007,64.4297,998540.56,101.001,3345.16,42.0,37.7342,14.124
20102.4,6303.8,0.31358,246.256,2787782.2,327.212,5458.56,75.0,23.6858,3.482
11526.9,3492.36,0.30297,94.0812,1612039.4,149.661,4802.8,101.0,30.364,18.554
16132.9,7873.25,0.48802,128.185,2236678.2,255.029,4563.93,69.0,28.0749,12.612
13804.2,4023.42,0.29146,128.566,1944344.0,189.007,4920.41,62.0,28.2547,10.217
8181.46,2989.19,0.36536,83.5078,1119527.6,115.476,3834.39,20.0,38.3005,11.191
6448.8,2067.07,0.32053,49.118,890122.5,97.521,3695.38,70.0,36.7848,1.319
8914.36,2041.5,0.22901,100.892,1246143.6,136.564,3662.95,21.0,33.9885,1.907
10870.7,2335.61,0.21485,91.7268,1503792.4,119.035,3888.26,126.0,36.3681,10.191
8820.9,3424.3,0.3882,71.2976,1213239.1,138.514,3514.41,27.0,36.5319,14.465
6954.93,2068.2,0.29737,60.0563,909911.06,103.711,2800.68,36.0,39.8404,7.743
11806.5,3407.07,0.28857,128.34,1641042.1,180.975,4879.13,67.0,30.6532,4.667
6473.58,2078.57,0.32108,73.1186,882937.4,112.246,3518.96,65.0,34.477,12.862
8303.2,2618.08,0.3153,90.2347,1112571.8,137.655,3921.07,40.0,37.9987,6.692
12096.3,3399.99,0.28107,171.389,1679761.9,196.266,4782.04,67.0,27.3387,3.405
14971.2,4078.52,0.27242,138.698,2054748.2,216.644,4391.26,139.0,29.9245,18.177
4880.0,1584.35,0.32466,50.8121,676404.0,59.0284,2116.63,28.0,43.1693,4.614
6227.78,2098.39,0.33694,58.5209,879221.9,83.6382,2721.87,53.0,40.9168,6.175
5746.29,1536.11,0.26732,57.2694,782857.1,75.5962,2464.08,13.0,40.0164,12.61
8272.76,2007.39,0.24265,90.2424,1152668.2,125.872,3212.47,4.0,37.0261,0.429
6231.27,1547.33,0.24831,55.9244,876687.2,73.2877,2956.65,27.0,39.8614,14.579
11830.2,2554.65,0.21594,154.109,1615422.8,192.328,4709.22,134.0,29.8839,0.617
7537.14,2410.36,0.31979,62.8759,1076995.2,87.8749,3912.06,51.0,38.1756,15.674
5740.49,1545.32,0.26919,62.9145,725399.94,85.9725,3103.31,20.0,39.4333,2.519
15069.2,5115.83,0.33948,184.015,1978475.8,227.959,4337.34,109.0,30.4768,2.909
13361.6,4903.66,0.36699,147.501,1903553.8,212.119,4836.47,159.0,29.8576,18.802
6709.94,2002.95,0.2985,62.7617,913534.7,78.8063,3172.51,36.0,38.9675,7.203
10944.7,3034.98,0.2773,121.682,1536238.8,172.205,4204.91,52.0,32.6133,1.356
5714.97,1670.49,0.2923,66.2023,757508.9,81.6591,2683.86,32.0,41.026,4.331
6781.74,3727.13,0.54958,62.9521,937382.2,111.272,3269.66,52.0,37.7829,15.206
8553.11,2394.23,0.27992,69.777,1184979.9,107.118,3665.1,64.0,36.384,15.059
16432.1,4927.55,0.29987,170.265,2360726.5,231.289,5112.38,236.0,27.4308,7.317
14943.6,3492.58,0.23371,169.568,2153517.8,220.69,4853.96,104.0,28.0401,5.066
7663.26,1680.44,0.21928,88.5794,1070970.8,105.574,3873.36,19.0,35.5294,1.574
12386.1,3714.8,0.29991,107.077,1711783.4,157.517,4936.32,94.0,30.9668,15.23
19576.3,6415.44,0.32771,212.828,2823399.2,308.907,5875.46,236.0,24.4454,18.913
13899.4,3237.5,0.23292,170.51,1941474.5,200.324,4028.17,140.0,32.2738,1.606
9376.69,2770.02,0.29541,98.532,1268663.8,128.38,3353.03,72.0,38.1382,2.375
7202.8,1418.33,0.19691,62.2211,1000054.1,91.0506,3448.98,36.0,46.5464,0.0
7992.39,1606.13,0.20095,82.2008,1079375.2,124.695,3550.8,39.0,36.1328,1.79
11688.8,3784.8,0.32379,91.7504,1646921.5,156.815,5490.86,100.0,30.6137,12.961
14502.5,4097.21,0.28251,129.669,2023978.8,193.931,4740.16,77.0,28.2691,3.464
10306.6,3760.17,0.36483,68.1136,1415107.8,160.284,4055.07,29.0,34.1946,15.414
14117.5,4537.76,0.32142,161.64,1982230.0,220.198,4774.2,79.0,28.7541,4.019
8113.14,1970.07,0.24282,70.5091,1115023.5,90.809,3739.46,82.0,36.9325,14.376
5558.99,1888.58,0.33973,57.8706,758095.5,75.991,3175.36,10.0,39.6136,7.616
8389.33,2745.54,0.32726,62.5837,1164606.1,114.733,3406.45,26.0,36.9802,14.226
9162.12,4079.75,0.44528,95.3965,1275953.4,146.773,3855.45,49.0,35.4842,18.843
10052.8,3290.55,0.32732,97.0929,1392435.4,140.395,3596.38,17.0,35.0536,3.248
16702.6,5376.67,0.3219,201.327,2229346.5,240.276,5440.25,114.0,24.1095,9.785
7017.44,2233.57,0.31828,55.9019,1004167.25,92.734,3369.9,19.0,38.3544,11.161
16824.2,5005.85,0.29753,117.046,2377324.5,190.305,5895.88,150.0,27.0145,14.266
16132.4,3396.15,0.21051,150.465,2185657.2,191.126,4172.56,147.0,31.1869,17.814
13867.0,3328.48,0.24002,171.325,1929784.1,205.286,4026.87,139.0,32.2867,1.576
7948.35,2800.95,0.35239,77.5054,1105483.0,121.073,3255.29,105.0,37.2152,13.273
9724.0,3860.76,0.39703,92.2186,1352810.5,139.044,3716.59,49.0,36.0369,15.748
7908.39,1681.35,0.2126,101.46,1109791.4,115.222,3794.5,36.0,35.4174,2.33
14426.8,2612.41,0.18108,176.382,1998714.6,227.953,4841.44,84.0,21.9697,2.834
20547.3,6127.34,0.2982,252.962,2854537.5,322.776,5563.62,98.0,22.5695,3.828
12824.9,4350.39,0.33921,134.769,1750997.1,193.717,3941.03,55.0,33.9147,19.679
13737.2,4332.41,0.31537,160.703,1950207.0,210.515,4785.83,128.0,28.6723,5.596
8086.94,1965.44,0.24303,84.1461,1161217.0,105.329,4048.69,95.0,34.951,1.563
14721.3,5696.92,0.38698,166.427,2040617.4,234.427,5246.07,198.0,26.6603,20.997
14724.2,5056.41,0.3434,188.243,2084549.6,234.865,5103.12,129.0,26.9108,16.065
11867.8,3763.2,0.31709,158.416,1663516.5,197.512,4532.83,140.0,30.4115,10.394
5487.58,1567.47,0.28563,40.6181,761219.9,73.3187,2786.99,55.0,41.2706,10.307
8369.15,2592.21,0.30973,64.6674,1180820.4,102.395,2794.74,58.0,39.7038,13.367
15462.5,4836.82,0.3128,164.097,2184815.2,249.824,5330.61,208.0,28.113,11.154
15400.6,4916.03,0.31921,191.689,2047948.4,253.318,5176.86,207.0,25.8553,2.446
9649.69,3572.97,0.37026,65.5594,1234123.8,162.203,3998.52,77.0,39.4011,12.91
7647.62,1981.79,0.25913,81.4878,1068307.0,103.23,3906.32,43.0,35.4472,3.377
8814.23,2713.22,0.30782,90.96,1255002.6,115.603,3200.19,46.0,37.7002,13.198
8432.48,3338.78,0.39594,75.2091,1194987.6,117.448,4576.11,115.0,37.5769,17.792
12334.4,4198.3,0.34037,156.514,1674566.1,244.834,4738.73,86.0,28.7484,4.838
11841.7,4033.19,0.34059,177.442,1603514.9,235.121,4648.32,125.0,29.4852,7.072
10743.3,3846.65,0.35805,75.3193,1484878.4,135.051,5315.23,42.0,38.935,19.992
16725.2,5308.78,0.31741,238.337,2304858.5,264.263,5563.86,137.0,25.7702,1.851
14170.5,6658.92,0.46991,93.0361,2011532.0,217.361,4295.56,103.0,32.5041,15.297
6426.2,1841.8,0.2866,61.7782,879143.3,81.6792,3187.57,50.0,38.8896,12.265
13936.4,3778.19,0.2711,97.8754,1915213.8,161.385,4730.63,154.0,31.2696,18.226
9112.28,4138.37,0.45415,91.1564,1197301.1,147.219,3351.93,64.0,37.3128,18.437
13744.5,5794.81,0.4216,175.113,1901723.4,246.867,5537.18,182.0,23.5935,19.966
5845.15,1054.77,0.18045,50.2859,769658.6,64.0057,3085.28,35.0,39.8218,7.283
7405.66,2637.15,0.35609,79.2186,1030640.44,132.949,3199.99,11.0,38.2518,14.804
4802.22,1213.75,0.25274,45.9793,688888.6,65.7378,2485.93,48.0,42.5703,10.596
7624.88,2672.35,0.35047,85.4271,1035422.3,107.497,3450.04,49.0,37.8831,13.428
6504.17,2195.6,0.33756,53.5996,902876.3,100.095,3610.1,72.0,37.1426,1.327
5471.12,1423.98,0.26027,64.2323,696703.3,88.6746,2975.7,23.0,46.5464,4.799
7912.66,1953.59,0.24689,83.1791,1120838.8,100.974,3886.55,37.0,35.5891,2.47
4812.61,797.7,0.16575,33.974,659849.4,49.0128,1814.97,17.0,43.299,9.556
20055.0,6337.61,0.31601,206.592,2855262.5,316.73,5684.7,260.0,19.3732,17.689
7717.21,3364.85,0.43601,71.9731,1051021.6,115.89,3300.82,100.0,37.0706,14.708
5765.38,2425.45,0.42069,60.2842,817915.75,93.6172,2343.23,74.0,42.1083,13.619
16436.3,5384.95,0.32762,213.361,2168156.8,254.783,6070.58,253.0,21.5807,2.805
4751.48,1597.39,0.33618,41.1249,634320.2,73.8213,1512.94,18.0,43.7658,9.436
13110.6,3726.71,0.28425,152.97,1839310.2,234.231,4295.63,76.0,29.6732,1.625
6946.35,2113.55,0.30426,58.9408,947872.8,94.2719,3145.54,9.0,40.1936,6.988
9870.09,3211.25,0.32535,129.761,1319005.9,166.775,3908.72,45.0,34.0853,2.354
9331.11,1980.04,0.21219,99.1277,1275933.4,145.489,4010.35,38.0,34.1439,1.998
15395.4,3709.96,0.24097,211.119,2142568.0,248.501,5000.42,127.0,26.5076,2.815
13660.7,3226.74,0.2362,150.953,1870408.4,213.894,5427.29,140.0,30.2625,0.871
11856.0,2078.67,0.17532,149.572,1663476.8,169.918,4660.53,149.0,29.6447,1.589
3376.48,968.01,0.28669,25.1966,456830.8,38.9135,1334.11,2.0,45.7624,2.13
8876.49,2734.56,0.30806,75.9463,1251977.1,119.762,3815.48,69.0,35.1655,4.705
4757.42,1301.0,0.27346,39.398,651297.25,59.2486,2724.0,63.0,39.6782,3.148
7522.08,2552.06,0.33927,62.126,1044135.0,89.4241,3383.76,27.0,37.7742,5.562
7478.05,2058.79,0.27531,67.7006,1041959.5,113.217,3226.18,57.0,39.1177,15.569
10051.8,3480.69,0.34627,113.586,1403361.6,141.741,4980.04,52.0,31.0796,18.477
8759.88,3159.9,0.36072,73.6144,1236248.6,117.266,3442.1,79.0,37.9578,17.207
7922.1,2050.05,0.25877,81.3266,1123550.0,105.027,3916.98,41.0,46.5464,2.234
7847.5,1497.66,0.19084,96.9049,1101136.0,120.318,3775.96,43.0,35.3918,2.838
4893.63,1312.36,0.26817,48.6571,634063.9,66.0512,1929.01,30.0,43.2754,15.598
9870.93,3678.49,0.37265,89.5955,1418129.4,148.978,4461.41,96.0,31.0573,19.569
7118.36,2985.53,0.41941,71.8529,979406.9,117.539,3313.02,69.0,37.0324,15.034
5984.26,1195.93,0.19984,53.8839,854928.06,67.0438,2934.83,14.0,39.4408,3.716
14007.4,4650.24,0.33198,196.407,1888716.9,262.559,4517.67,43.0,29.4413,2.25
9766.22,3764.36,0.38544,78.5526,1412212.2,156.053,3997.26,45.0,35.539,15.614
6450.65,2867.28,0.44449,60.6501,891916.8,107.265,3400.56,61.0,37.8704,13.427
6146.86,1050.45,0.17089,55.4867,857405.8,64.3761,2993.73,12.0,39.9338,3.973
8121.55,2873.32,0.35378,91.2842,1150059.2,125.021,3829.35,99.0,37.5221,14.49
16203.6,4948.92,0.30542,210.595,2143096.0,247.927,5991.77,255.0,21.8952,2.48
7552.17,2086.15,0.27623,59.746,1029650.44,92.6854,2938.38,31.0,40.1996,4.91
24890.6,8373.6,0.33641,149.003,3404786.2,354.453,5944.82,148.0,27.4887,20.566
7750.32,2043.81,0.2637,89.7765,1062176.0,109.334,3100.08,21.0,37.6902,3.476
16944.9,3846.78,0.22701,210.008,2346671.8,252.717,5789.61,225.0,21.7435,8.208
13174.8,3385.15,0.25694,159.021,1861813.6,215.203,4986.93,193.0,27.7233,2.085
11288.7,2997.57,0.26553,116.823,1581434.6,168.036,4498.12,70.0,32.1201,2.881
11167.1,3884.99,0.34789,132.201,1556671.5,185.105,4161.81,40.0,31.147,2.208
8184.99,3252.82,0.39741,81.5879,1087869.8,128.192,3728.33,51.0,35.5612,9.487
7938.97,3063.49,0.38588,36.4941,1074589.2,129.984,3662.6,43.0,40.0848,20.61
12287.2,3709.75,0.30191,161.038,1731839.1,225.207,4221.82,88.0,31.2035,1.635
7687.8,2178.71,0.28339,60.3861,1082019.8,104.48,3500.31,52.0,36.5144,10.141
9103.55,3070.52,0.33728,93.5366,1303196.9,128.604,3959.01,73.0,35.3102,4.645
4826.88,1428.14,0.29587,41.6498,669660.75,60.7605,2706.36,63.0,41.465,12.553
12731.0,5542.84,0.43538,163.5,1766748.0,243.712,4986.63,169.0,29.0164,15.84
8339.42,3202.94,0.38407,72.859,1153362.8,124.045,3446.27,53.0,35.881,11.116
13139.8,2855.96,0.21735,166.296,1779481.8,198.726,5250.94,93.0,27.7242,0.0
12476.0,5203.2,0.41705,111.872,1674820.2,196.643,5473.44,82.0,30.4094,15.787
8850.68,2452.02,0.27704,102.361,1218397.0,120.338,3859.72,19.0,33.5117,2.176
8068.94,2686.3,0.33291,70.3191,1155561.6,105.838,3125.27,48.0,38.5656,20.185
6070.52,1341.13,0.22092,64.7177,750144.94,88.6414,3056.61,38.0,39.8431,4.668
5290.96,2031.78,0.384,35.3772,748979.44,68.8449,2576.24,38.0,42.7396,2.683
9998.74,2962.42,0.29627,123.434,1392510.6,143.147,4421.44,57.0,32.4464,3.493
11902.0,2645.52,0.22227,111.777,1658109.4,151.661,4876.45,39.0,31.4109,15.833
6899.85,1076.7,0.15604,69.3744,932254.94,81.7574,3304.52,40.0,35.9721,14.838
7874.19,2973.26,0.37759,92.0124,1074313.8,118.051,3196.75,26.0,36.1017,9.439
8478.28,2263.53,0.26697,84.7097,1187815.0,135.461,3981.99,171.0,34.0434,1.444
9314.97,2588.66,0.2779,87.495,1279380.8,118.107,3790.88,34.0,34.9261,1.826
16062.5,5160.97,0.3213,215.001,2225923.5,252.139,5394.7,289.0,24.7545,1.996
8980.13,4073.65,0.45362,91.5481,1312575.2,152.084,3835.86,37.0,34.5711,18.704
7101.12,2098.56,0.29552,61.0322,993562.5,92.7175,2944.38,46.0,38.3351,14.255
12053.8,3852.65,0.31962,86.7717,1701134.2,163.88,5931.53,15.0,32.8431,3.41
9200.88,2233.19,0.24271,92.0855,1292774.5,126.713,4131.8,42.0,34.2794,2.391
10012.5,2890.79,0.28871,77.9313,1422874.5,128.109,4624.24,55.0,32.3044,19.682
6001.15,1451.39,0.24185,50.4526,853078.0,77.8595,3021.02,58.0,40.2984,1.158
10710.1,4359.72,0.40706,91.1311,1503683.5,146.175,4486.98,32.0,46.5464,15.825
8694.09,2398.13,0.27583,96.4381,1225076.0,113.468,3591.56,91.0,36.7931,2.419
11167.6,3328.9,0.29808,97.3903,1556213.5,156.803,3844.27,17.0,35.6292,2.39
5471.12,1423.98,0.26027,64.2323,696703.3,88.6746,2975.7,23.0,39.1827,4.799
10516.6,2648.87,0.25187,125.217,1523251.2,146.035,4273.84,41.0,31.8989,2.88
19357.3,6614.16,0.34168,195.232,2670886.8,259.382,5888.31,136.0,26.1401,19.914
7301.39,2497.4,0.34204,65.8638,1034638.06,95.573,4123.12,51.0,37.5118,16.849
5733.31,1297.14,0.22624,71.9356,809995.0,61.4395,3181.22,19.0,38.9375,1.601
16737.2,4853.89,0.29,174.107,2426568.0,236.599,5084.13,206.0,26.063,17.786
6020.21,1229.68,0.20425,61.3608,850415.0,71.7366,3076.5,17.0,38.9062,1.769
7262.21,2375.39,0.32708,76.1827,1003327.7,97.2383,3760.94,32.0,36.0888,1.823
7729.95,2710.25,0.35061,79.0196,1090594.5,145.178,3858.94,89.0,35.2647,16.846
10264.6,2726.12,0.26558,106.957,1463128.2,144.396,4020.56,39.0,32.6843,1.809
6560.64,2128.58,0.32444,63.9384,921973.94,108.3,3181.89,65.0,38.681,14.889
9591.65,2760.43,0.28779,86.4394,1359154.8,133.221,4049.63,5.0,34.489,2.148
8394.83,2199.44,0.26199,92.2704,1202233.1,116.656,4006.47,116.0,33.0672,3.91
7346.71,2012.47,0.27392,51.8378,1030493.06,87.9855,3600.09,54.0,37.936,3.13
7851.31,2253.12,0.28697,63.8077,1080917.1,112.343,3674.16,20.0,37.3806,1.722
5484.27,2133.39,0.389,47.9887,784924.0,76.9805,2294.76,39.0,41.6925,6.498
12186.2,4479.6,0.36759,77.7643,1652911.1,192.855,9713.1,88.0,33.2301,2.213
6248.25,2064.14,0.33035,62.1745,867355.2,85.5239,3709.02,65.0,37.2529,5.64
8460.77,2542.73,0.30053,91.4812,1146619.9,132.675,4017.49,41.0,35.9059,5.085
4805.77,1546.3,0.32175,47.0795,692497.6,68.5625,2392.3,42.0,42.6451,8.394
10709.4,3521.89,0.32885,102.234,1482689.8,156.803,4404.2,70.0,33.9953,16.914
6738.21,1951.1,0.28955,57.1142,937642.3,99.8387,3053.04,12.0,36.9054,17.695
4911.5,1487.09,0.30277,45.0991,678333.5,60.7722,1884.09,15.0,43.6639,2.236
8323.68,2849.05,0.34228,68.3825,1105992.6,123.432,4568.12,67.0,30.369,15.995
7153.63,2379.4,0.33261,77.894,990355.0,99.3868,3727.93,32.0,36.2506,2.111
7873.61,2343.63,0.29765,72.194,1099179.4,111.621,4038.91,15.0,37.1748,6.931
5986.52,1950.7,0.32584,68.0371,827208.2,88.6902,3028.66,40.0,40.2714,1.641
11015.3,3868.28,0.35117,112.799,1517205.4,151.445,4597.79,32.0,34.2985,19.977
11085.2,3030.03,0.27334,134.545,1456389.1,138.586,4297.28,56.0,32.6985,14.651
8599.05,3926.86,0.45666,109.846,1187769.0,162.285,4110.47,116.0,34.8506,18.546
7132.51,1701.61,0.23857,62.0116,1020358.06,93.3412,2755.89,37.0,39.6024,17.882
18085.1,4204.79,0.2325,167.804,2594570.2,196.553,4859.62,107.0,28.1888,11.93
7335.8,2503.26,0.34123,56.239,1016441.6,115.696,2936.04,42.0,39.3898,4.27
6486.0,2305.29,0.35542,69.9516,894740.56,97.9042,3175.37,35.0,40.1979,2.652
6582.12,1754.54,0.26656,59.0826,925240.2,83.2545,3523.03,49.0,38.193,5.09
8562.03,2900.49,0.33876,99.5968,1130500.1,144.497,3506.1,86.0,37.2953,15.202
8153.5,2743.25,0.33645,77.2779,1092430.4,112.101,3800.49,76.0,36.7543,4.581
9035.1,2757.29,0.30517,94.5288,1286762.5,121.512,3618.8,89.0,36.3924,2.344
14062.9,4632.04,0.32938,156.507,1923459.0,229.345,4698.34,99.0,29.2497,4.411
10754.9,3313.45,0.30808,93.9539,1525593.4,136.245,4614.76,78.0,34.2976,12.648
6182.03,1986.94,0.3214,82.5747,865800.8,117.809,3431.98,83.0,37.3921,15.402
8341.96,3421.11,0.4101,82.0791,1143015.6,116.262,5267.06,34.0,32.043,19.052
7574.85,2673.3,0.35291,73.4144,1037596.44,100.66,3473.42,44.0,37.6453,1.783
11369.8,2856.64,0.25124,153.563,1557995.9,189.804,4037.34,68.0,32.7599,2.038
7591.42,2766.33,0.3644,58.9849,1086152.6,102.186,2845.02,68.0,40.4608,12.979
8250.14,2866.75,0.34747,80.5647,1149762.6,121.006,3834.34,45.0,33.8952,16.05
10653.9,2358.17,0.22134,120.849,1447150.9,176.029,3950.23,62.0,32.843,1.656
9861.8,2969.83,0.30114,116.78,1344275.8,168.458,3826.64,18.0,33.8801,2.773
9747.11,2611.47,0.26792,97.5315,1325249.5,163.504,4205.58,74.0,32.3588,0.846
5677.02,1427.86,0.25151,49.0813,810952.1,79.438,3033.17,58.0,40.2716,1.109
6337.2,1575.13,0.24855,66.2005,879517.2,87.1492,2811.36,76.0,39.4752,8.154
22055.2,8153.07,0.36966,144.486,3109213.5,344.815,11932.72,102.0,28.3071,2.799
9629.02,2399.28,0.24917,102.819,1343191.0,142.638,4094.87,166.0,33.8195,1.666
3927.34,1045.08,0.2661,33.9718,558060.56,47.5688,1761.75,12.0,44.5339,2.19
6409.25,2657.95,0.4147,61.6343,875495.75,101.22,3435.62,60.0,37.6209,13.192
5101.95,1476.12,0.28932,49.1482,636514.3,72.0792,2123.24,25.0,43.9402,2.174
11780.7,2938.22,0.2494,151.902,1623238.5,189.91,4232.83,54.0,31.5518,2.0
15319.2,3622.59,0.23647,181.191,2145646.2,227.534,4742.71,47.0,25.0576,1.636
21604.0,7868.96,0.36423,194.793,3003630.0,362.012,17673.76,146.0,22.7002,3.361
14393.9,4609.21,0.32021,217.548,1988460.1,244.145,5344.24,284.0,24.6101,1.642
14429.1,4443.7,0.30796,158.444,1976962.8,217.004,5574.99,10.0,30.9108,6.095
9670.39,2439.03,0.25221,59.3989,1374073.2,100.195,4112.45,70.0,35.7437,16.041
9491.89,2273.02,0.23946,83.9604,1342401.2,123.365,4828.59,39.0,32.3043,5.087
11202.9,3908.61,0.34889,92.8501,1561550.2,155.103,3973.84,13.0,37.8208,3.341
9180.4,3754.78,0.40899,82.6975,1272957.4,134.166,3716.45,123.0,34.9199,4.071
5987.48,1757.15,0.29347,39.1308,828191.25,88.3106,3125.82,25.0,40.2148,11.641
15579.1,4980.34,0.31968,155.168,2193189.0,231.232,5697.59,158.0,24.585,11.945
6527.2,2622.94,0.40184,62.0071,932945.2,108.749,3232.89,78.0,38.6396,13.729
14902.8,4429.81,0.29724,165.697,2064465.4,237.957,4910.77,110.0,25.5941,4.867
15271.5,4860.27,0.31825,183.336,2121205.2,254.926,5318.29,168.0,24.9875,1.686
6971.98,2443.35,0.35045,81.5274,935475.3,109.126,3403.47,19.0,39.6758,12.092
12898.8,4568.65,0.35419,139.503,1803658.2,180.23,4358.21,51.0,30.7927,6.653
7982.36,2051.3,0.25697,96.0439,1112175.5,120.437,3241.7,4.0,37.0925,0.564
9585.89,3632.67,0.37896,74.7818,1344319.2,139.223,4487.48,29.0,32.6283,18.657
20151.9,5779.8,0.28681,228.328,2800602.2,303.027,5808.58,173.0,21.7758,3.766
11569.5,6069.36,0.5246,82.5285,1640536.6,181.355,4057.59,66.0,33.4262,18.648
12911.6,3646.21,0.28239,157.906,1807854.6,217.262,4360.9,75.0,30.1844,1.444
5332.07,2157.8,0.40468,45.9897,771832.3,83.0267,2356.68,37.0,41.8455,13.096
9005.33,2876.98,0.31947,93.8782,1284809.0,118.112,3719.35,101.0,35.4083,12.518
6113.56,1164.65,0.1905,53.9825,847662.8,66.7872,3102.79,18.0,39.2301,3.974
11791.4,4494.85,0.38119,95.9583,1648213.1,175.974,4236.26,79.0,35.8909,16.866
13877.0,4682.94,0.33746,167.155,1917515.8,218.502,4762.44,79.0,28.8276,8.987
18531.2,5328.58,0.28754,243.392,2502620.0,317.247,5741.87,336.0,21.421,2.852
9954.45,2166.71,0.21766,88.1464,1392858.0,125.39,4033.67,157.0,33.7028,4.699
5061.61,1296.17,0.25607,44.0591,723690.0,64.8077,2242.57,12.0,40.2782,4.976
25556.6,8516.85,0.33325,257.292,3587043.2,384.503,11547.8,206.0,24.2509,8.375
9156.27,3142.71,0.34323,94.3674,1261917.6,126.193,3766.33,36.0,35.2305,4.079
4844.93,955.92,0.1973,44.2871,697928.5,56.0184,2184.78,80.0,42.8204,0.719
7114.32,2776.04,0.3902,67.5216,1036964.1,91.7263,3219.0,33.0,38.8478,1.38
14289.7,4760.36,0.33313,162.08,1981944.2,203.087,4940.46,147.0,28.2347,6.881
6013.08,1832.07,0.30468,51.6867,833600.1,92.4517,2387.83,20.0,41.572,2.827
7657.53,1828.28,0.23875,74.9791,1039691.0,96.2097,3776.26,35.0,36.9215,5.34
4602.64,1457.42,0.31664,38.2892,626837.2,64.2687,1426.39,7.0,44.2645,2.963
6003.46,1835.72,0.30577,59.9882,833208.9,81.8394,2996.92,38.0,39.743,4.36
7971.23,3282.95,0.41184,64.9069,1123841.8,126.428,3932.24,24.0,35.4351,16.903
8453.8,2581.45,0.30535,99.5352,1162046.9,144.197,3246.7,17.0,36.3396,1.603
4955.55,1467.36,0.2961,46.2064,690733.0,62.8364,1893.59,17.0,43.4971,3.704
7126.65,1455.86,0.20428,86.1987,952866.8,117.255,3387.63,38.0,36.1088,2.146
10012.4,2917.45,0.29138,107.423,1375926.8,162.467,4254.86,79.0,32.0541,1.378
16758.9,3450.29,0.20587,184.122,2349451.8,218.291,4768.23,45.0,28.5334,1.727
5778.55,1489.74,0.2578,62.4237,721477.7,89.5373,3098.6,16.0,39.3508,2.295
10373.2,3282.85,0.31647,109.071,1430357.8,156.109,4414.87,16.0,32.4671,3.986
15212.9,4869.26,0.32007,179.424,2085988.9,255.344,4851.68,34.0,28.4742,2.881
8657.57,2453.55,0.28339,96.4238,1181320.1,127.98,3463.65,115.0,36.3452,1.384
6937.65,2161.37,0.31154,53.6836,899773.5,113.779,5055.79,21.0,39.7858,17.603
9869.26,3124.81,0.31662,102.904,1393569.6,137.021,3655.2,15.0,34.554,2.344
7280.99,2138.44,0.2937,66.7276,1007618.0,92.7847,2968.22,56.0,39.7675,2.502
19002.7,6022.75,0.31694,260.347,2571237.2,304.71,5777.4,327.0,21.3343,3.01
10449.3,2444.16,0.2339,111.517,1474520.5,143.323,4307.09,62.0,33.5229,4.181
11642.5,2715.04,0.2332,129.264,1630653.6,154.032,4495.48,61.0,31.1097,2.008
3596.39,780.62,0.21705,35.9459,496651.97,39.1027,1731.38,11.0,44.4363,2.031
5667.3,1508.81,0.26623,75.6484,758659.56,114.5,3200.21,57.0,39.3625,8.653
9387.99,2184.83,0.23272,112.429,1299207.6,130.85,4179.29,51.0,34.2556,1.596
4404.35,754.99,0.17141,39.9445,580710.0,64.3331,2582.28,12.0,43.5304,2.129
9341.68,2279.85,0.24405,94.6088,1283511.0,119.903,4867.59,126.0,32.4354,15.81
7950.07,2569.57,0.32321,94.2111,1068929.5,127.66,3137.72,81.0,39.0227,1.871
15392.9,3214.97,0.20886,202.053,2171634.0,255.918,5614.82,89.0,46.5464,0.0
12840.3,3684.69,0.28696,121.778,1764166.6,159.96,6468.3,71.0,32.9002,19.288
11627.3,4392.66,0.37778,141.863,1519825.9,197.758,4639.78,189.0,31.5716,3.877
6484.21,1821.65,0.28093,66.5765,934044.94,82.7448,3092.32,10.0,38.64,2.063
9601.64,3835.36,0.39944,85.164,1337384.8,145.023,3754.39,117.0,34.7975,2.832
8449.84,1689.29,0.19991,72.9474,1164035.1,97.0872,3744.49,41.0,36.114,11.766
17845.6,4682.31,0.26237,223.27,2475109.5,295.584,5586.3,214.0,23.919,4.034
3927.49,886.85,0.2258,33.9177,546409.0,43.7513,1792.98,11.0,44.594,5.172
10628.3,2982.75,0.28064,83.6531,1508745.0,137.685,4583.23,43.0,34.9199,2.191
7466.03,1401.43,0.1877,63.2044,1093316.5,93.648,2458.54,68.0,41.0,15.276
11786.5,3701.53,0.31404,147.893,1629125.2,156.454,5081.31,51.0,27.515,5.187
7889.7,2529.12,0.32055,72.6918,1079598.6,95.1752,3474.02,85.0,37.1478,11.422
7612.55,1928.51,0.25333,84.1286,1064996.9,108.917,3841.92,19.0,36.1902,1.464
21535.1,5868.68,0.27251,303.089,2931521.2,307.279,6650.04,284.0,18.557,1.503
9493.68,3485.75,0.36716,80.4179,1331004.0,128.873,4926.36,97.0,32.9988,17.809
9055.33,2423.94,0.26768,92.9741,1218375.9,116.035,3767.88,34.0,33.419,2.386
10729.9,2589.96,0.24137,131.739,1492249.8,169.853,4697.47,173.0,28.661,0.59
10858.3,2307.6,0.21251,92.2411,1534379.5,129.762,3967.79,159.0,34.2694,6.085
23893.8,7227.6,0.30248,335.218,3264760.0,445.679,6298.98,189.0,19.5999,1.371
10671.5,4250.71,0.39832,123.04,1419842.6,195.057,4547.79,186.0,30.4744,1.788
15870.0,5339.11,0.33642,199.756,2154254.8,258.15,5492.24,212.0,23.5499,18.317
8566.08,3156.55,0.36849,84.5558,1146072.8,139.007,3645.56,37.0,36.1254,10.479
16593.2,5315.13,0.32031,190.216,2345755.2,247.972,4834.44,64.0,27.262,9.117
9127.69,2787.91,0.30543,53.2054,1230563.0,126.566,4715.47,26.0,34.7297,16.588
5379.92,1183.3,0.21994,51.4061,769123.56,74.4992,2912.58,58.0,40.3703,1.147
6150.97,2098.89,0.34122,40.5423,849999.4,89.7003,3268.61,50.0,40.734,12.486
10268.8,4496.5,0.43787,76.6589,1392844.4,156.913,3777.86,4.0,36.0544,13.175
8404.7,1821.2,0.21668,96.9266,1182683.5,119.678,3825.88,49.0,34.2039,4.236
15264.0,4400.93,0.28832,186.691,2122777.0,233.734,5627.15,137.0,22.5442,0.932
9805.77,1966.87,0.20058,100.269,1388620.8,133.159,4301.52,53.0,33.6051,0.921
10105.9,3318.81,0.3284,117.069,1435310.9,162.62,4234.33,63.0,33.5385,4.06
6128.98,1451.85,0.23688,58.5824,827526.4,78.7861,3202.84,27.0,39.0369,6.423
9006.11,1784.63,0.19815,79.6145,1276241.9,105.716,4380.21,73.0,33.1966,16.338
14599.5,4825.31,0.33051,191.974,1953796.5,244.64,5079.3,199.0,26.4471,2.811
7228.6,2025.16,0.28015,60.6927,978020.44,94.7866,3263.37,65.0,38.1368,13.748
12812.8,3102.98,0.24217,160.783,1803888.9,200.886,4988.59,205.0,27.4973,1.936
13691.2,4020.17,0.29363,150.641,1886546.6,196.645,4680.62,34.0,29.5894,2.878
18502.2,5760.33,0.31133,257.456,2533383.0,318.05,5734.54,328.0,21.1574,2.605
5822.03,1574.08,0.27036,45.7236,813166.2,71.7136,3112.24,14.0,42.2201,2.553
6881.35,2309.1,0.33555,61.0109,953513.3,103.065,3743.31,73.0,35.8727,1.508
18175.8,4931.83,0.27134,243.857,2507920.0,291.82,5399.74,230.0,24.6311,4.837
5736.59,1588.27,0.27686,64.1459,780467.3,85.2629,2787.41,26.0,46.5464,11.394
24027.0,7469.31,0.31087,300.128,3355307.2,397.929,6274.71,136.0,17.8682,3.068
15769.1,5684.81,0.3605,168.426,2245801.5,253.788,4998.67,82.0,28.7067,13.317
15348.3,5112.81,0.33311,214.668,2139491.5,248.223,5321.08,295.0,24.202,1.835
13200.3,4495.52,0.34056,118.288,1812082.1,208.127,4249.76,32.0,30.9843,2.808
7272.95,1826.86,0.25118,90.9273,1007967.6,108.796,3965.96,22.0,35.6629,1.826
12272.3,3074.07,0.25048,103.534,1688924.5,162.082,3716.61,4.0,34.2897,15.496
11633.8,3002.87,0.25811,144.651,1662330.0,159.449,4180.8,123.0,32.1858,2.495
5246.86,2077.8,0.396,42.7829,714594.3,78.5915,2125.13,37.0,42.8469,8.403
9991.71,4093.38,0.40967,98.2339,1353419.8,151.582,4277.09,100.0,32.6507,17.8
13812.8,4524.22,0.32753,175.846,1992068.1,255.477,4912.38,77.0,27.1642,3.362
5767.01,960.89,0.16661,46.712,794198.1,61.5715,3053.82,18.0,39.5367,3.785
7310.06,2567.8,0.35126,75.532,1018482.7,112.879,3002.99,34.0,36.4794,12.354
7938.46,2741.1,0.34529,65.0786,1124919.0,111.611,4008.61,38.0,34.3261,16.272
5037.1,979.99,0.19455,42.351,686789.4,65.9781,2733.57,13.0,42.7521,2.093
4775.87,1648.92,0.34526,43.9411,649592.8,60.5204,1941.64,36.0,42.9612,4.67
6285.28,2081.58,0.33118,54.2197,867569.6,88.521,3365.88,73.0,38.28,1.32
6998.46,1808.11,0.25835,68.1565,934148.5,104.889,3473.15,80.0,37.5401,1.643
7988.93,2872.81,0.35959,63.8392,1088311.5,116.199,3561.49,53.0,37.5908,8.508
9037.05,2591.39,0.28675,98.0595,1256282.2,122.123,4315.33,147.0,31.8532,13.419
11946.0,2737.53,0.22915,146.199,1631820.8,198.922,4893.82,138.0,29.3127,0.842
9129.03,3206.54,0.35124,90.5745,1244404.8,121.273,3685.89,37.0,36.4832,14.633
9904.64,3449.02,0.34822,99.5245,1324698.5,135.063,4146.2,113.0,35.9543,18.75
6926.29,2022.45,0.29199,81.7003,940466.4,110.598,3063.56,84.0,39.2344,1.216
13482.2,3650.77,0.27078,198.725,1857666.2,211.193,4542.85,172.0,29.1845,1.934
14226.5,4037.21,0.28378,197.568,1947614.8,202.768,4639.13,182.0,29.0838,2.449
19248.9,5915.55,0.30731,179.61,2716867.2,241.911,6034.04,58.0,19.8175,15.215
10299.4,2778.84,0.2698,102.041,1479990.8,139.424,3655.13,125.0,36.1052,3.599
5193.35,1024.11,0.19719,44.8692,755738.25,58.9217,2200.43,78.0,42.8356,0.762
12224.7,4328.83,0.3541,106.203,1697538.1,165.601,4866.05,87.0,26.5293,20.478
13029.3,4549.2,0.34915,155.34,1804897.1,171.33,5268.61,36.0,27.4035,3.808
9040.09,3561.91,0.39401,88.3229,1246781.8,135.1,3811.84,74.0,36.4983,15.527
7424.39,1998.94,0.26923,56.0907,1036406.5,85.2357,4887.78,19.0,39.5901,18.53
4174.11,1247.2,0.29879,34.3996,573890.94,52.4698,1391.26,17.0,44.37,1.519
9272.18,2045.71,0.22062,101.963,1262655.8,145.8,3990.14,36.0,33.8976,2.0
16113.6,5107.82,0.31698,186.596,2241702.2,265.802,5543.98,102.0,25.5323,7.791
16524.4,4887.13,0.29575,136.054,2323858.8,233.939,10288.69,57.0,31.3291,2.822
15871.3,4293.95,0.27054,206.146,2201436.0,287.6,5006.16,202.0,26.0933,4.933
7096.02,2399.66,0.33816,60.1236,1027370.9,92.8701,3571.72,41.0,46.5464,9.83
7453.75,2228.78,0.29901,64.4996,1026261.0,98.804,3655.76,32.0,37.8275,15.574
5882.78,1300.31,0.22103,51.0987,831342.6,75.0134,2862.59,51.0,40.3227,3.359
8757.74,3669.29,0.41897,91.573,1238682.4,126.135,3871.71,65.0,37.6601,8.16
15228.7,4663.7,0.30624,181.508,2100823.8,264.142,5142.3,100.0,26.0417,6.751
6597.96,2295.37,0.34789,60.8389,889770.06,92.0131,3213.82,47.0,38.591,4.794
4674.27,1440.07,0.30808,39.4683,636060.75,69.3211,1499.91,22.0,43.9913,9.472
8450.14,2787.77,0.3299,94.7471,1187262.6,123.566,3499.77,93.0,36.9999,1.844
13477.9,5179.03,0.38426,97.4764,1758487.1,226.174,4847.36,76.0,31.3953,20.313
11166.2,2922.45,0.26172,130.563,1573231.2,163.442,4595.36,40.0,30.8195,2.836
7774.53,3098.96,0.3986,78.9133,1102220.4,115.853,3385.26,46.0,34.9827,3.29
8102.5,1380.46,0.17037,74.6369,1136768.9,95.6611,3773.5,30.0,34.3068,1.787
8369.23,2343.79,0.28004,81.3199,1192457.9,105.219,3933.21,38.0,34.5131,2.26
7974.03,3052.63,0.38282,65.2155,1006827.75,131.105,3081.23,50.0,40.3087,14.272
4458.01,760.28,0.17054,45.2729,604347.44,64.6459,2557.66,12.0,43.1807,2.287
5045.19,1185.71,0.23501,45.862,692264.44,73.2638,3038.62,79.0,40.3994,13.263
8548.12,2523.38,0.29519,78.6554,1196534.1,104.853,3998.36,57.0,35.6632,1.707
9201.33,2466.14,0.26801,95.1167,1259130.5,158.065,4150.78,74.0,33.2452,0.592
8748.87,1718.22,0.19639,75.4058,1261132.4,99.6867,3909.01,11.0,35.063,1.252
8985.5,2561.13,0.28502,97.4213,1239005.9,141.119,3270.37,14.0,36.6122,1.63
12047.8,3170.48,0.26315,134.552,1685704.1,160.86,4569.12,59.0,30.5522,2.889
7345.31,2512.37,0.34203,62.3319,1027786.25,95.5018,3297.13,34.0,38.2405,4.809
15977.0,5727.76,0.3585,189.823,2238102.5,255.849,5386.12,154.0,24.8472,3.61
4045.88,1385.75,0.3425,35.1162,558158.3,50.8689,1388.97,17.0,44.2919,1.904
5208.37,1211.11,0.23253,37.3163,719569.0,53.8711,2179.13,44.0,42.9663,11.589
15491.6,4875.71,0.31473,197.301,2104774.2,275.896,5237.49,98.0,25.4196,6.561
7129.25,2252.34,0.31592,79.9327,964841.9,114.393,3703.15,77.0,36.0871,14.496
9035.38,2706.8,0.29957,78.1753,1263500.1,114.77,4352.38,62.0,34.1029,2.304
16296.5,6517.83,0.39995,200.992,2252310.5,243.211,5097.57,116.0,27.916,20.256
7305.96,2166.34,0.29651,82.7262,987157.8,103.637,3909.19,63.0,34.8006,13.188
8154.13,3356.61,0.41164,79.6788,1156052.0,125.641,3344.99,39.0,37.6435,2.439
14525.4,4113.98,0.28322,187.42,2015470.8,225.771,5621.96,137.0,22.629,0.887
15065.6,5531.53,0.36716,150.838,2120977.2,243.334,4932.63,93.0,28.85,16.401
14254.5,4232.71,0.29693,172.253,1982174.5,224.024,4979.86,144.0,27.4977,19.352
8243.24,2532.0,0.30716,96.2443,1168381.2,115.599,3560.8,89.0,36.5549,2.272
6101.05,1131.11,0.18539,54.3316,869336.0,71.2288,2438.23,66.0,42.0526,5.227
4337.65,1484.6,0.34225,34.9934,595609.25,54.3569,1437.52,19.0,44.2087,1.665
6997.86,2430.9,0.34737,66.8167,952989.75,90.4288,3408.26,22.0,37.8181,4.538
9342.36,1740.77,0.18633,103.301,1327151.0,124.755,4173.66,49.0,34.2278,1.056
10440.0,3402.97,0.32595,92.743,1447463.8,130.188,4767.63,70.0,36.9595,3.635
8054.73,1741.94,0.21626,77.9626,1115436.4,82.0219,3901.64,60.0,36.7915,11.802
8020.57,2231.05,0.27816,82.1006,1153517.2,118.578,3773.8,39.0,36.1996,3.073
15200.0,5148.51,0.33871,158.186,2174646.8,231.648,5823.18,77.0,24.9598,1.596
8337.58,1373.65,0.16475,75.0922,1105067.4,100.708,3905.7,30.0,38.1016,9.889
18071.6,6163.93,0.34108,218.468,2471821.2,367.615,5800.02,214.0,24.019,10.082
4826.84,1756.03,0.3638,38.6986,643652.9,77.0881,2771.37,51.0,43.3099,13.17
8799.81,2835.76,0.32225,92.7119,1249415.5,105.871,3675.64,22.0,36.2367,11.881
14014.9,4747.11,0.33871,199.354,1909176.6,246.32,4574.02,54.0,28.9498,2.373
15037.5,4317.54,0.28711,172.794,2160576.0,225.777,5683.73,89.0,26.6188,20.901
15788.0,4468.22,0.28301,177.764,2089752.8,260.775,5358.15,155.0,24.7363,16.486
19579.7,6027.63,0.30785,250.666,2649126.8,294.867,5014.11,261.0,27.2194,6.86
5874.77,1525.28,0.25963,43.2846,804693.8,90.4548,3218.61,27.0,41.8922,12.291
12594.2,4304.39,0.34177,150.95,1760542.1,185.612,5156.27,41.0,27.6016,3.354
10013.9,1989.58,0.19868,100.523,1409738.8,124.286,4316.93,157.0,31.7715,15.018
17527.1,6453.07,0.36817,190.458,2390052.2,302.026,5632.8,188.0,26.182,5.992
8331.66,1918.31,0.23024,60.2821,1173525.5,93.2057,2939.85,30.0,38.6665,5.51
5340.2,1856.75,0.34769,41.6191,751112.75,78.9341,2575.6,37.0,40.3481,7.939
14064.0,5132.17,0.36491,167.226,2000158.4,237.746,4480.47,64.0,29.6907,3.829
7457.95,2625.25,0.352,67.0327,1042156.9,105.676,3386.95,37.0,36.889,12.372
9342.1,2154.79,0.23065,91.1446,1291848.1,117.714,4237.49,73.0,33.4215,13.315
8549.29,2035.68,0.23811,84.737,1202298.4,108.992,4713.53,37.0,33.0301,2.967
6204.84,1364.79,0.21995,57.893,850091.3,79.9803,2863.45,17.0,40.0272,0.987
4891.12,858.42,0.1755,45.5486,696626.0,64.2597,2808.35,22.0,41.6898,11.7
6916.48,2549.73,0.36864,60.9664,920827.75,106.221,3206.77,81.0,38.6861,14.68
8941.36,2472.5,0.27652,103.261,1239693.1,120.276,3916.02,27.0,33.7628,2.203
14736.4,2785.94,0.18905,162.335,2073062.8,230.494,4810.79,74.0,27.8676,3.221
8911.74,2535.63,0.28452,84.266,1199851.8,120.498,3848.51,26.0,34.8828,2.106
8804.74,3912.74,0.44439,93.2368,1235690.8,150.358,3227.25,49.0,35.5454,10.745
7837.27,2318.42,0.29581,63.8199,1048115.1,106.845,3733.87,65.0,37.4151,6.057
10606.5,3525.94,0.33243,104.383,1491562.0,149.686,5219.62,30.0,30.4346,12.354
9521.96,2400.08,0.25205,105.521,1334021.4,141.987,4369.11,66.0,31.6542,1.782
6193.16,1741.65,0.28122,55.9294,874517.2,70.4036,3080.7,62.0,40.1222,6.838
7277.0,2493.85,0.3427,66.3944,1031846.9,95.2588,4121.76,51.0,37.6682,16.843
8139.6,2616.6,0.32146,97.4469,1101590.9,118.381,3229.61,32.0,37.8354,11.139
14934.5,3532.88,0.23655,207.512,2078202.8,249.731,5113.78,156.0,25.1052,4.04
6993.99,1780.52,0.25457,61.3139,954416.25,85.5827,2900.24,28.0,40.3155,16.912
17068.6,5318.27,0.31158,194.841,2335557.0,276.065,5298.36,95.0,26.1606,6.651
8423.38,2749.7,0.32643,99.6812,1151531.2,147.622,3265.91,8.0,36.5831,1.964
5095.48,1640.62,0.32197,32.4394,725898.56,61.967,2429.92,54.0,43.2946,9.846
9890.9,3160.22,0.3195,77.0162,1341034.0,132.062,4110.57,82.0,33.9367,16.827
6129.2,762.56,0.12441,47.794,853198.2,70.3468,2677.37,44.0,39.6467,13.812
9467.61,3272.3,0.34563,139.497,1259659.5,175.972,4385.26,184.0,30.3215,2.486
13933.5,4570.11,0.32799,100.28,1865197.9,254.198,4154.29,102.0,28.0344,8.958
7941.89,2412.41,0.30375,83.4498,1125958.0,112.643,3896.23,40.0,35.0325,2.504
11029.9,3683.65,0.33396,73.1458,1455125.5,203.163,4014.74,80.0,33.6729,10.268
10591.7,2726.55,0.25742,125.878,1501422.2,171.316,4158.97,53.0,32.9753,1.675
10256.8,3501.75,0.3414,96.9827,1442962.1,150.423,3642.26,25.0,35.7403,5.3
9763.57,2749.97,0.28165,111.431,1357572.9,171.103,4202.52,52.0,33.7255,3.092
4950.22,1530.95,0.30926,40.8173,675622.6,62.2393,1599.8,7.0,43.898,11.69
18610.6,5656.83,0.30395,254.551,2523158.2,309.524,5703.92,315.0,22.4506,3.051
15656.7,5493.88,0.35089,218.606,2186728.2,266.956,5390.94,286.0,24.2964,1.854
17273.0,4715.52,0.27299,154.536,2350987.0,233.292,4921.59,88.0,25.8917,20.006
11753.2,3698.16,0.31465,106.387,1600185.6,137.137,4643.69,44.0,32.0905,12.811
6148.0,2691.43,0.43777,45.7706,893656.06,96.7241,3073.74,43.0,42.4893,13.371
10809.7,4414.28,0.40836,92.6834,1510326.4,157.517,4486.98,32.0,35.8152,14.859
4773.13,1408.66,0.29512,46.6864,653581.3,59.1355,2088.19,15.0,43.4976,2.36
7184.16,1587.49,0.22097,55.5047,953377.1,104.454,3147.1,53.0,36.3833,10.661
8981.99,2916.4,0.32469,78.5716,1229027.6,108.262,3517.05,97.0,38.5328,10.162
11343.4,2824.22,0.24897,114.188,1611285.2,146.812,4624.01,51.0,33.2777,1.703
11725.0,2922.27,0.24923,125.438,1589865.8,154.112,3978.08,226.0,32.3916,1.948
5262.46,1503.14,0.28563,43.2892,744678.06,66.1159,2025.62,2.0,42.3754,4.568
10210.3,3182.99,0.31174,129.863,1370823.0,161.317,4044.51,26.0,33.5269,1.711
10408.2,3156.27,0.30324,106.721,1505274.5,171.779,3851.14,11.0,31.346,4.267
5876.73,2409.63,0.41002,60.9425,827205.75,101.677,2466.73,57.0,41.328,10.378
6944.71,2339.76,0.33691,63.3852,917026.25,112.535,3190.38,44.0,38.7088,11.684
15231.8,4909.43,0.32231,202.112,2015836.8,256.55,4981.23,124.0,27.5103,6.296
6716.55,2402.2,0.35765,66.0557,899992.6,91.6276,3254.34,45.0,38.572,11.176
8925.52,2307.77,0.25855,105.608,1253646.6,142.698,4208.59,46.0,32.0946,3.266
9449.0,3543.97,0.37506,97.443,1321226.0,123.682,3650.76,50.0,35.7582,18.644
6961.72,1975.42,0.28375,79.6655,951106.25,108.857,3079.9,80.0,38.9829,0.927
10486.8,2458.1,0.23439,142.432,1440884.8,178.492,4084.15,69.0,32.7385,2.131
6180.01,1071.54,0.17338,54.2086,836883.9,69.7373,2355.69,31.0,41.4619,14.366
7693.78,1793.51,0.23311,75.6526,1064169.1,82.1966,3256.96,39.0,34.6204,15.566
11837.8,3090.16,0.26104,125.446,1619882.0,172.943,4541.11,107.0,30.0387,2.039
6466.04,1663.06,0.25719,68.6614,853723.1,92.937,3437.74,77.0,37.4953,1.488
22335.7,7040.4,0.3152,313.537,3095484.0,366.318,6598.48,113.0,16.8967,3.335
10689.6,3354.87,0.31384,110.874,1547414.8,176.944,3828.42,21.0,34.12,3.303
11785.6,3099.49,0.26298,113.678,1692800.6,155.424,4142.77,142.0,34.7384,15.972
3549.2,756.64,0.21318,33.9399,493317.75,37.4932,1730.96,10.0,44.9253,2.18
8724.03,2436.48,0.27928,95.8569,1201342.6,141.685,3320.4,8.0,36.311,1.296
8828.21,2658.63,0.30115,90.8578,1233384.4,123.686,3194.3,22.0,37.2413,0.884
9864.6,3493.71,0.35416,71.845,1346431.8,129.139,5564.4,69.0,38.5646,18.195
8373.54,1568.45,0.18731,79.2497,1187521.0,91.7656,3682.7,76.0,36.0655,7.544
9188.85,3677.8,0.40024,63.0746,1263716.2,125.282,3324.66,41.0,35.5389,18.618
9385.21,2671.61,0.28466,98.0304,1300128.0,129.865,4193.32,41.0,33.9029,2.2
9784.57,2453.46,0.25074,98.726,1349049.2,130.621,4296.9,42.0,33.45,2.064
7294.32,2598.61,0.35625,51.4151,976302.25,110.572,2831.32,29.0,39.7815,12.582
8701.06,3467.13,0.39847,103.972,1125397.6,140.246,3732.95,63.0,35.5149,16.021
4854.63,1130.63,0.23289,43.4511,697881.6,59.186,2535.93,42.0,42.7976,9.919
8632.33,1570.31,0.18191,76.8753,1153741.8,96.5945,3698.89,41.0,36.3409,8.481
9171.42,2002.83,0.21837,107.948,1239361.0,141.715,3948.38,54.0,31.2831,2.174
7929.56,3038.23,0.38315,74.4558,1101205.1,114.71,3564.54,48.0,36.4208,15.187
10374.3,3906.0,0.3765,85.926,1417941.9,153.376,4691.59,38.0,35.7804,4.465
8018.24,1693.01,0.21114,76.9407,1146852.4,108.38,4044.77,104.0,34.9296,1.055
12198.7,3484.92,0.28567,100.906,1688711.2,181.822,4614.26,123.0,29.9295,2.839
8431.34,1983.77,0.23528,91.9255,1194658.5,103.169,4681.24,29.0,33.1438,2.426
9427.13,3494.1,0.37064,84.9061,1350067.8,134.292,4274.62,29.0,34.8639,3.773
10836.3,3604.14,0.33259,91.8472,1543192.6,143.465,4312.5,89.0,32.7969,6.971
3499.34,1048.23,0.29955,26.5439,478631.88,42.0089,1347.69,5.0,45.4909,6.059
9049.0,3299.47,0.36462,98.3779,1201280.8,125.932,3259.91,71.0,38.4956,2.618
11741.5,3488.18,0.29708,99.7986,1613521.1,161.309,4349.06,24.0,34.7193,1.922
14322.3,4123.09,0.28787,166.015,2051167.4,216.609,4948.22,50.0,29.5064,2.652
17426.0,5901.64,0.33866,188.497,2476241.8,257.601,4854.09,46.0,24.2324,6.151
8073.28,2923.97,0.36217,72.3955,1153240.5,105.474,3379.54,31.0,33.1105,16.778
4781.35,1168.8,0.24444,48.1007,629170.75,61.2637,2007.45,22.0,43.1286,6.731
21930.7,9585.65,0.43708,191.67,2956344.5,333.539,6192.35,192.0,25.2779,18.238
8174.07,2419.64,0.29601,73.3168,1141134.8,111.624,3520.87,44.0,38.086,5.754
14194.0,4272.19,0.30098,144.6,1949598.1,220.017,5436.09,12.0,30.7498,7.654
7739.03,2478.31,0.32023,83.2296,1053536.6,108.566,3562.44,45.0,36.2136,5.147
4066.38,1175.19,0.289,31.3757,555841.75,49.8146,1408.75,17.0,44.2712,1.469
14637.7,4377.14,0.29903,214.417,2027002.1,247.685,5416.81,283.0,23.2867,2.392
7584.73,2447.28,0.32265,52.7257,1016233.1,108.139,2805.23,39.0,39.7815,15.488
7581.54,1772.93,0.23384,66.8731,1043463.75,102.252,4047.5,19.0,36.7136,1.298
10394.8,2892.8,0.27829,87.0789,1447021.8,124.817,4488.7,114.0,31.8549,15.002
9507.67,2684.03,0.2823,77.3101,1338160.0,116.753,4057.41,34.0,34.3235,10.032
8511.79,2398.1,0.28173,77.4256,1188360.2,111.649,4036.08,38.0,36.164,4.944
15243.8,4715.08,0.30931,215.423,2121358.8,255.849,5339.96,289.0,24.7438,1.797
5353.35,2065.98,0.38592,38.231,752265.5,71.7211,3281.22,9.0,42.2784,13.633
8418.5,2248.31,0.26706,83.0427,1173991.1,118.154,3604.34,35.0,36.8773,4.204
8601.87,3296.81,0.38326,72.6072,1159668.5,121.031,3508.53,52.0,37.1209,12.124
3947.49,1252.28,0.31723,34.6255,535271.7,51.5401,1382.54,30.0,44.4187,11.48
12674.6,3769.53,0.2974,156.226,1790463.0,232.094,4309.28,80.0,30.5178,1.673
5914.92,1775.23,0.30012,68.6229,812495.0,86.9694,3013.42,42.0,40.0965,1.63
7891.29,1929.42,0.24449,73.0472,1083129.9,96.0955,3553.77,87.0,35.3299,12.44
11912.0,1982.43,0.16642,149.699,1672621.0,153.95,4658.49,152.0,29.6747,1.623
7032.65,2136.96,0.30386,87.2265,969539.8,103.888,3347.13,24.0,36.3954,11.614
7063.62,1759.73,0.24912,59.6352,983707.7,85.4984,2874.14,36.0,39.9703,16.736
9635.93,1911.09,0.19832,93.0949,1370777.1,135.129,4192.25,42.0,34.2836,0.727
5283.06,1878.12,0.35549,63.6017,743688.44,73.1998,2414.44,58.0,41.9382,12.557
4783.28,1942.9,0.40618,45.0553,679297.1,79.7099,2345.16,54.0,41.8567,10.256
11166.3,2803.99,0.25111,136.967,1560246.5,173.177,4712.95,178.0,28.7576,0.783
19982.1,7972.8,0.39899,133.221,2718638.5,311.574,6817.58,118.0,22.2063,19.188
11113.4,3533.67,0.31796,130.328,1526033.8,156.461,4876.13,70.0,29.1664,3.609
17803.1,6014.35,0.33782,168.149,2541605.5,267.224,6010.11,78.0,27.043,20.315
10590.2,3370.5,0.31826,131.392,1449738.6,154.27,4894.81,72.0,29.2047,4.281
8737.38,2107.51,0.2412,79.9183,1234721.1,110.049,4061.27,39.0,34.5211,2.743
14283.9,3146.07,0.22025,203.714,1936281.4,265.788,5123.78,148.0,25.1774,2.156
6459.13,1342.47,0.20784,56.421,896660.06,79.9825,2812.72,20.0,40.1722,1.361
19839.3,6440.49,0.32463,263.626,2676354.5,321.82,5800.9,310.0,20.9243,2.62
13315.0,3886.23,0.29186,195.753,1848117.5,213.714,5379.73,133.0,24.4386,0.886
8950.76,2489.37,0.27811,87.1854,1269639.0,119.308,3942.6,11.0,34.1609,2.006
6130.72,1647.52,0.26873,41.2787,842320.0,93.6756,3359.67,23.0,40.4814,12.054
7043.91,1624.83,0.23067,97.7642,975136.56,89.7792,3141.95,40.0,37.4409,10.7
13082.8,5453.41,0.41683,134.258,1779419.1,213.677,3853.07,65.0,33.1087,18.071
8382.28,2729.21,0.32559,72.4492,1124723.1,138.829,4010.01,106.0,33.3095,0.929
14979.9,4657.02,0.31088,188.59,2056264.1,181.476,4452.59,142.0,30.3884,20.988
8363.73,2666.71,0.31884,94.4974,1131260.6,128.05,3053.36,74.0,39.2491,11.092
5309.86,2254.29,0.42454,51.4959,733749.7,79.938,2242.94,19.0,42.5742,2.741
10001.3,2751.21,0.27508,98.4195,1429243.9,132.848,3637.26,134.0,35.7457,1.944
9245.04,3691.5,0.39929,87.5603,1284901.9,142.126,3971.83,99.0,34.2364,15.268
9882.04,2787.07,0.28203,117.959,1367085.8,138.834,4167.06,114.0,32.6813,2.231
13147.4,5189.77,0.39473,105.543,1829640.8,212.052,5721.25,97.0,29.5146,19.835
11051.6,3451.24,0.31228,104.893,1526347.2,164.119,4498.81,90.0,30.7722,17.304
18965.2,5853.48,0.30864,273.568,2540724.2,305.191,5717.65,337.0,21.401,3.025
19497.5,6045.71,0.31007,204.502,2699864.0,295.872,6056.76,249.0,20.8272,7.577
8798.71,2786.21,0.31666,92.947,1214003.2,112.525,3988.72,30.0,34.287,17.937
9425.64,3982.2,0.42248,87.2938,1306461.2,138.067,3801.07,117.0,34.5032,4.213
12383.4,2267.83,0.18313,143.852,1749655.1,172.111,4677.16,149.0,29.4601,1.612
11785.1,2721.09,0.23089,156.01,1664099.5,179.606,4662.52,52.0,29.5333,1.145
11552.6,4123.45,0.35692,115.411,1612862.9,153.134,3958.02,67.0,34.2618,3.897
4649.62,1727.85,0.37161,34.7735,625895.56,67.103,1463.64,28.0,44.3843,11.143
7642.49,1928.68,0.25236,63.2954,1084226.0,86.2846,3208.88,35.0,38.3131,16.834
8957.87,1601.44,0.17877,100.212,1261224.0,116.751,3852.6,55.0,35.1055,2.573
11469.1,3166.57,0.27609,131.018,1605324.8,167.977,4934.87,80.0,28.1837,3.062
14422.4,3247.57,0.22517,173.074,2017514.9,229.265,4883.78,87.0,27.5362,3.452
8759.36,1340.32,0.15301,96.9005,1187971.8,133.763,3983.36,65.0,34.7012,14.907
7681.08,2642.15,0.34398,78.8021,1061017.6,96.1376,3788.67,28.0,36.0174,2.934
5951.18,1072.75,0.18025,52.5518,824301.8,67.6442,3039.67,20.0,40.8141,4.61
17422.0,6336.77,0.36372,185.829,2450759.2,255.936,5738.87,146.0,25.0404,19.582
7692.07,3015.87,0.39207,63.9257,1030117.56,116.476,2789.95,66.0,39.5538,16.138
8143.74,2689.17,0.33021,68.3131,1144382.4,112.721,3558.39,72.0,38.6048,12.868
7172.77,3294.93,0.45936,54.9027,960408.7,121.652,3106.34,64.0,38.6457,15.356
6680.49,1900.79,0.28452,65.6262,902396.3,93.0711,3359.56,63.0,38.8933,8.691
9097.24,2415.51,0.26552,94.5832,1297600.0,139.921,3600.87,67.0,35.4481,14.685
12988.0,3814.93,0.29372,139.684,1838303.2,160.564,4658.0,117.0,30.3466,11.78
5005.44,966.22,0.19303,47.1612,716511.25,62.4547,2208.67,81.0,42.6667,0.758
5773.19,1537.93,0.26639,59.0061,732403.75,86.66,3094.62,16.0,39.4162,2.192
6921.28,1772.41,0.25608,86.9709,934398.6,78.7095,3372.18,38.0,38.3046,11.756
8740.13,2072.49,0.23712,94.4706,1170561.0,131.001,3482.53,18.0,36.8898,1.171
8897.19,2685.45,0.30183,114.692,1214758.8,140.651,4120.87,126.0,32.4829,3.503
9073.11,4577.49,0.50451,91.8188,1269524.1,157.776,3489.26,114.0,36.6621,17.061
8728.7,3826.43,0.43837,90.377,1192697.0,141.47,3837.59,56.0,37.0265,14.768
8115.57,1681.06,0.20714,78.423,1143367.1,88.1668,3396.76,62.0,46.5464,3.003
13912.5,2799.61,0.20122,164.8,1888957.5,211.236,4864.84,117.0,27.8461,2.502
8556.3,2056.59,0.24035,97.554,1196470.5,132.613,3484.99,34.0,34.8646,1.183
14528.5,5577.93,0.38393,194.256,2005598.1,276.586,4515.6,133.0,29.2618,14.062
13600.2,4681.31,0.3442,117.422,1955113.2,206.684,3778.72,132.0,35.6483,19.803
21067.6,6763.38,0.32103,211.261,3001284.5,315.921,5703.34,298.0,21.6739,9.83
8601.05,3185.27,0.37033,92.602,1174638.2,131.673,4354.74,119.0,33.6003,15.86
9845.89,2324.0,0.23603,137.2,1359586.2,178.074,3722.5,70.0,32.5709,1.692
8345.73,2736.26,0.32786,92.4222,1101208.8,147.387,3631.92,60.0,36.1368,13.942
22919.1,9001.1,0.39273,169.475,3259925.2,367.145,10876.39,147.0,20.4635,20.421
13204.7,4651.83,0.35228,152.534,1831093.2,172.203,5215.65,35.0,28.025,5.086
13475.4,4950.53,0.36737,141.34,1851485.8,206.781,4555.78,111.0,30.6031,9.985
8313.82,1550.97,0.18655,76.308,1167120.5,101.807,3760.03,12.0,34.3131,1.894
19706.3,8533.34,0.43302,209.354,2661036.8,305.758,7489.81,191.0,21.3766,4.633
7842.19,2588.76,0.3301,69.6271,1057508.0,106.753,4264.41,74.0,34.9148,13.895
11323.0,3893.05,0.34381,134.845,1545623.6,205.149,4382.52,80.0,32.0245,4.313
10204.9,3381.03,0.33131,108.207,1431867.0,159.552,3638.29,76.0,36.0665,9.815
7174.76,1917.03,0.26719,63.0652,967896.3,80.1336,3548.94,26.0,36.5734,6.65
10477.8,4076.02,0.38901,88.5137,1509198.6,166.54,3738.0,30.0,34.3575,18.677
8786.85,2817.92,0.32069,83.6559,1191821.2,119.398,4054.45,70.0,36.3038,13.017
8837.02,4050.08,0.4583,64.5159,1257114.0,128.932,3387.88,63.0,36.0647,17.559
9003.47,2338.95,0.25978,114.784,1209326.6,141.2,4019.92,48.0,34.3205,3.43
9374.84,2155.17,0.22988,114.116,1308224.5,127.427,4202.94,54.0,34.0474,2.347
8677.53,2273.88,0.26204,116.202,1184361.5,137.438,4065.22,103.0,33.6727,3.047
5109.97,1409.18,0.27577,50.4842,653922.56,65.4573,2219.63,37.0,41.4927,3.658
7920.67,1671.28,0.211,63.1999,1114964.1,97.773,3938.25,16.0,34.5391,4.896
15061.0,5462.76,0.3627,191.685,2145876.5,264.23,4536.35,115.0,28.9626,4.355
12829.9,3602.1,0.28075,152.949,1762611.4,207.881,4205.88,101.0,32.2254,18.712
9131.12,2090.95,0.22899,102.545,1275689.8,121.687,3845.88,28.0,46.5464,0.0
8123.46,3173.4,0.39064,80.153,1080977.0,142.882,3307.43,28.0,37.6843,13.899
4810.0,1365.87,0.28396,45.3729,626417.9,73.3,1869.62,30.0,44.038,3.516
6277.66,1848.2,0.2944,79.3311,867295.8,88.2076,3454.07,30.0,38.161,8.508
9323.47,2943.66,0.31572,93.1457,1347007.9,132.108,3405.07,6.0,35.9576,3.532
11798.9,4203.83,0.35628,66.0708,1635851.8,165.518,6923.37,113.0,29.201,12.271
8988.92,3195.61,0.3555,89.9906,1286704.0,138.29,3463.98,95.0,35.7773,16.046
5720.12,2612.9,0.45679,54.725,813758.4,91.581,2681.08,34.0,41.0573,11.431
12740.4,4393.26,0.34482,158.932,1759833.2,234.148,4776.39,86.0,28.8429,6.864
9763.4,1941.34,0.19883,79.7562,1314293.6,110.636,3581.59,43.0,38.5259,12.87
13263.2,3455.99,0.26056,159.869,1858764.6,217.023,4964.95,197.0,28.1017,2.132
19606.3,8759.83,0.44678,198.572,2634791.0,328.71,7033.59,192.0,24.3947,20.024
8036.56,2710.29,0.33724,61.0838,1124133.4,122.517,3823.47,50.0,35.1196,15.67
11852.4,3156.45,0.26631,153.418,1691688.5,162.642,4695.79,29.0,29.177,1.756
5584.18,1904.03,0.34096,50.3543,785148.0,83.4917,2666.06,47.0,40.6447,16.35
6673.44,1942.64,0.2911,88.6589,939553.0,96.5738,3372.44,27.0,37.3347,11.098
7928.81,2352.05,0.29664,90.5453,1069585.2,118.318,3244.21,85.0,38.6041,1.708
8245.29,2587.91,0.31386,66.0976,1203654.1,110.192,3154.72,60.0,38.0314,13.877
11311.7,4489.71,0.3969,130.198,1547372.1,199.129,4532.4,169.0,30.3138,2.533
4932.02,1307.15,0.26503,37.7957,680701.8,56.5726,2590.5,50.0,41.8232,10.771
24543.0,8005.41,0.32617,171.787,3512532.2,370.879,12221.28,227.0,25.945,8.0
11712.7,4276.96,0.36515,91.6791,1647815.6,170.269,6743.99,42.0,30.4015,17.999
9412.15,4214.85,0.4478,80.6141,1246613.1,151.27,3700.72,31.0,38.0366,15.993
8357.69,2782.11,0.33288,73.8543,1177279.2,112.417,3523.0,22.0,38.3647,11.805
5045.18,1812.96,0.35934,50.4621,700726.5,73.0414,2255.07,21.0,42.932,1.922
11125.4,3537.06,0.31792,135.24,1526053.2,153.291,4749.09,75.0,29.5726,5.101
16080.8,4579.75,0.28479,236.558,2191778.0,273.863,4783.53,269.0,27.5266,4.406
4600.17,1042.05,0.22652,44.306,647750.1,60.422,2601.44,18.0,41.1085,3.214
8266.7,2293.77,0.27747,86.3089,1143441.9,113.391,3112.61,19.0,37.6752,0.867
22825.8,5569.2,0.24398,298.19,3149650.8,417.076,6221.53,153.0,19.8567,0.996
12291.9,6241.0,0.50773,87.0023,1506535.8,246.485,6053.46,81.0,39.3675,5.587
8717.62,3146.27,0.3609,67.7299,1236676.1,125.418,4650.58,53.0,32.666,15.654
9006.71,2287.6,0.25398,99.8184,1248556.2,130.649,3532.09,11.0,36.5898,1.32
5908.12,1920.46,0.32505,61.1117,822349.56,78.8774,2316.88,65.0,40.5442,15.87
7939.49,2186.59,0.2754,83.6232,1070069.4,131.542,3567.88,37.0,35.0813,4.646
4017.68,1193.27,0.297,35.7434,549713.0,50.6113,1377.23,32.0,44.4563,11.25
11638.4,2760.98,0.23723,88.632,1629039.4,146.471,4695.31,153.0,32.0538,4.096
17092.4,3830.0,0.22407,196.68,2447410.0,267.975,5394.15,271.0,46.5464,11.515
7831.28,2007.76,0.25637,67.7796,1110881.2,91.8139,3418.21,19.0,39.1854,0.0
5090.95,1950.03,0.38303,25.0453,704273.6,74.5515,2531.34,22.0,44.3512,14.639
15273.6,4826.2,0.31598,160.142,2116707.0,233.589,5339.67,200.0,26.5049,1.6
6921.27,2034.07,0.29388,63.2392,997473.9,93.5309,3253.28,34.0,38.8716,8.096
6484.82,1908.32,0.29427,58.8805,885777.2,87.278,2662.18,30.0,39.8316,15.092
7802.26,2038.37,0.26125,71.7768,1062935.5,100.987,3077.21,11.0,37.975,8.281
10755.7,2331.13,0.21673,142.43,1420243.2,166.481,4617.4,74.0,30.7482,3.478
6959.97,2661.39,0.38238,62.2908,1007797.5,94.919,3238.0,31.0,38.8605,1.313
6093.2,2310.69,0.37922,50.2924,800357.4,100.619,3491.63,61.0,39.3426,14.288
6998.49,2573.47,0.36771,72.2184,984736.9,103.81,3248.96,55.0,38.3959,15.079
9901.47,3123.99,0.3155,101.489,1373284.8,145.192,4110.5,77.0,32.7955,18.561
4259.71,1202.82,0.28237,29.8686,589217.3,51.1254,1951.5,46.0,44.9188,9.068
12375.4,5030.92,0.40652,114.695,1767281.2,181.578,3913.44,73.0,34.4729,12.566
10434.8,4615.03,0.44227,89.935,1480680.1,163.784,3713.95,12.0,34.933,18.004
21924.3,7283.81,0.33222,269.781,3027560.2,340.045,5812.25,94.0,23.6182,5.903
6827.43,2036.55,0.29828,71.9753,962291.8,86.521,3223.56,13.0,38.8733,3.527
4196.0,1257.53,0.29969,34.1353,578272.44,50.9028,1399.62,30.0,44.4197,11.842
4075.17,1355.97,0.33273,37.2804,550031.9,50.7044,1431.79,32.0,44.3539,11.805
9901.3,3045.9,0.30762,101.882,1377338.1,142.716,3849.37,34.0,34.5115,5.065
5141.23,1611.83,0.31351,39.0661,711046.7,86.815,2710.3,30.0,41.1024,11.471
6077.44,2937.95,0.48341,83.6172,737454.44,114.046,2096.69,68.0,41.3674,5.147
7790.66,2250.88,0.28892,77.0288,1050053.1,118.826,3122.91,77.0,38.8968,1.427
8979.03,2671.4,0.29751,78.9333,1246991.0,113.617,4007.59,19.0,35.6204,8.365
9425.2,1734.36,0.18401,110.821,1246307.4,132.742,3996.32,36.0,34.502,2.672
16023.5,4234.43,0.26426,242.654,2205367.0,260.165,4780.94,269.0,27.4862,4.087
4935.29,1943.94,0.39388,53.4492,661211.94,81.0353,2474.44,61.0,41.4533,8.299
14004.5,3836.19,0.27392,134.109,1954355.8,183.779,4609.63,64.0,30.3492,2.502
5997.09,2028.48,0.33824,55.4428,819082.75,82.8936,3220.41,13.0,40.5079,11.12
9437.83,2578.42,0.2732,80.8367,1285492.2,129.287,3861.59,30.0,35.3358,1.961
13290.8,4564.9,0.34346,198.112,1795796.4,250.598,4541.36,44.0,28.9713,2.136
22355.5,7345.57,0.32857,276.3,3006992.8,329.242,5946.87,335.0,21.5101,2.812
8144.99,2347.9,0.28826,94.4201,1106670.1,98.6531,3421.25,30.0,32.9665,10.966
12017.6,3566.71,0.29679,108.658,1655418.8,182.473,4671.22,123.0,29.6468,3.269
6090.46,1953.25,0.3207,54.5619,834053.75,81.8578,2360.37,43.0,41.4924,14.66
11104.1,2351.75,0.21179,121.754,1525750.8,165.851,3989.39,62.0,32.655,1.252
12305.1,4437.56,0.36062,102.425,1720395.1,150.032,4674.69,42.0,36.1382,13.231
10955.6,2588.27,0.23625,103.91,1548913.4,148.078,4626.09,46.0,31.7963,1.354
11831.0,3774.28,0.31901,129.912,1674837.6,182.512,4387.94,56.0,32.4072,3.747
5379.7,1788.47,0.33244,42.1821,732590.9,76.3983,2541.77,49.0,40.4536,13.453
8026.28,1295.75,0.16143,78.9379,1124548.9,92.3935,3791.35,11.0,34.3558,2.676
8606.71,2402.58,0.27915,61.1752,1200078.0,111.158,3687.65,57.0,36.2888,14.01
5913.62,1647.17,0.27853,53.6569,771833.56,96.2514,3827.13,19.0,38.9244,13.702
14466.2,3932.6,0.27184,213.156,1978927.4,260.199,5077.39,167.0,25.4537,2.866
4366.32,1003.41,0.2298,46.1547,575494.3,63.0614,1876.23,26.0,44.1895,9.086
9287.32,1484.91,0.15988,100.898,1314979.0,121.968,3943.53,45.0,34.9427,0.826
4911.5,1487.09,0.30277,45.0991,678333.5,60.7722,1884.09,15.0,43.66,2.236
11968.9,2711.4,0.22653,142.052,1656407.5,149.865,4466.92,64.0,30.7242,2.833
7980.71,3024.91,0.37902,61.7684,1090630.5,108.724,3530.85,34.0,37.3666,5.264
14369.8,3793.44,0.26398,128.64,2009297.9,186.234,4775.72,69.0,25.9723,3.196
8727.25,1643.28,0.18829,78.1972,1247973.4,103.321,3910.82,14.0,35.16,0.803
9222.63,2786.23,0.3021,88.0721,1296186.8,140.936,3791.18,7.0,35.5393,2.142
16131.7,5710.6,0.35399,184.308,2252326.8,261.599,4637.19,31.0,26.3663,2.011
6853.45,2059.39,0.30048,63.449,956172.3,95.6938,3514.94,56.0,36.7796,11.285
8966.69,3796.36,0.42338,76.6453,1210332.6,145.145,4504.51,100.0,37.096,16.741
7962.2,3352.56,0.42105,78.3569,1086346.4,128.141,3857.66,67.0,39.3343,16.406
18115.4,6939.18,0.38305,181.583,2560614.8,259.072,6827.19,138.0,20.0744,17.555
6141.43,1419.93,0.2312,67.705,863200.75,76.4585,2829.23,73.0,39.4188,7.375
8038.18,1884.59,0.23445,94.4419,1121314.1,122.62,3246.7,4.0,37.0438,0.598
8856.93,2372.88,0.26791,89.5229,1204654.2,110.889,3825.54,31.0,35.0613,1.969
12092.7,3066.04,0.25354,154.97,1704810.5,186.983,4731.19,62.0,29.1224,3.597
7222.29,2622.63,0.36312,54.9804,1027606.2,102.969,2750.78,48.0,41.0074,11.935
8829.67,3236.42,0.36653,90.0285,1249043.0,138.509,3524.28,97.0,35.2861,17.481
10865.9,3923.07,0.36104,117.402,1518479.6,153.443,4907.97,74.0,30.2116,17.594
14534.0,4362.33,0.30014,153.107,1999455.9,216.683,5369.2,18.0,31.0942,8.455
16285.9,5652.73,0.34709,219.436,2253567.0,253.91,5411.66,273.0,24.2432,1.569
10546.2,3414.17,0.32373,119.66,1403930.0,174.285,4166.67,32.0,32.9353,1.539
15458.0,4379.67,0.28332,188.608,2188205.2,229.879,5719.12,67.0,23.0006,1.338
8740.76,1959.89,0.22422,80.323,1262450.6,109.69,3928.95,9.0,34.9143,1.329
10590.6,3078.22,0.29065,87.4751,1474256.5,120.914,5186.76,47.0,34.5257,16.59
15141.6,4568.09,0.30169,184.45,2092878.9,248.377,5353.85,157.0,24.6333,2.036
16626.4,5217.86,0.31382,188.238,2320721.8,264.354,4998.95,35.0,26.28,7.286
9848.63,2615.53,0.26557,98.9807,1367829.0,128.631,4394.14,40.0,32.9048,2.43
17357.6,5022.24,0.28933,230.859,2397434.5,301.274,4776.37,158.0,27.3661,6.966
11679.0,4544.42,0.38911,89.3423,1658369.2,156.396,4754.76,107.0,30.3757,15.22
3767.07,1241.48,0.32956,36.4199,515356.5,51.912,1350.13,32.0,44.0142,11.297
5091.27,1206.87,0.23704,40.6678,701083.56,70.3531,2785.11,17.0,42.4331,12.741
4646.33,1694.24,0.36464,35.6992,626527.0,66.1235,1451.88,28.0,44.5011,10.867
12004.9,2649.26,0.22068,129.744,1678675.6,154.887,4508.78,63.0,30.3864,3.193
15428.2,4881.38,0.31639,155.483,2223471.0,216.68,5429.24,165.0,25.2306,11.215
14352.8,4438.09,0.30921,162.167,1973320.8,208.971,4945.28,115.0,27.8663,5.296
6076.24,1691.98,0.27845,58.9094,840733.56,102.043,2920.03,55.0,40.4435,15.823
4358.85,806.31,0.18498,47.2765,557826.94,57.0459,1921.7,34.0,43.8405,3.555
8282.72,3023.31,0.36501,64.9421,1126549.0,126.512,3017.4,48.0,40.0931,13.159
5900.01,1382.69,0.23435,66.7062,825533.0,76.0776,2782.23,73.0,39.647,8.044
11490.4,3325.26,0.28939,133.434,1609068.9,180.561,4370.49,72.0,31.6725,1.521
10283.4,2897.45,0.28175,128.632,1373707.2,156.436,4048.52,32.0,33.7873,1.968
7408.17,2180.46,0.29433,72.6595,1036618.2,108.677,3288.2,60.0,38.4331,15.78
12358.8,4974.08,0.40247,118.113,1771211.9,181.445,5066.73,76.0,27.9036,13.03
8837.05,2283.27,0.25837,103.147,1209403.2,115.235,3916.97,20.0,33.8838,1.971
5099.08,1012.84,0.19863,44.1471,707656.75,55.8013,1856.68,15.0,43.1518,6.677
4495.04,1249.86,0.27805,42.3507,609618.56,56.5982,2563.27,67.0,41.4178,5.984
5588.17,1660.11,0.29707,39.1784,765257.5,85.1506,3288.74,36.0,42.6583,14.529
8686.57,2256.17,0.25973,93.8378,1190149.6,144.167,3253.89,8.0,36.2822,1.618
9702.12,4061.58,0.41862,92.6408,1377262.9,144.318,3342.16,56.0,35.9209,17.754
8014.5,2157.66,0.26921,72.783,1059108.8,107.834,3555.39,54.0,36.3858,14.59
7604.9,2620.08,0.34452,60.1176,1024318.2,113.715,3503.98,59.0,37.7107,9.138
7014.39,2047.46,0.29189,55.767,1006669.94,95.4975,2456.82,92.0,41.6828,10.83
4211.77,1273.29,0.30231,36.0274,578047.8,54.0997,1408.62,15.0,44.5834,1.635
11794.4,3290.06,0.27895,140.697,1647422.5,168.288,4715.97,168.0,28.5439,0.89
8536.77,2342.47,0.27439,87.4345,1191141.6,120.607,4672.79,41.0,32.8579,3.056
13970.3,2749.19,0.19678,169.398,1835670.1,214.362,5375.6,68.0,46.5464,0.0
12804.7,3383.79,0.26426,163.864,1791156.0,189.398,4684.39,55.0,29.5732,2.234
9642.45,3453.68,0.35817,139.996,1348791.1,170.7,4722.81,90.0,30.1555,17.548
8973.03,2679.51,0.29861,82.7156,1214441.1,143.549,3741.83,34.0,36.6604,5.068
6512.73,957.96,0.14709,58.7149,894869.94,78.1664,2664.41,45.0,40.4238,14.886
7618.83,1453.56,0.19078,72.0032,1068832.9,92.0257,3243.66,38.0,36.3269,18.053
10584.5,2781.47,0.26278,126.282,1468234.0,170.327,4707.86,65.0,27.9687,1.522
4070.25,1229.84,0.30215,34.9947,557180.94,51.6209,1398.01,17.0,44.2801,1.741
12511.2,4461.6,0.3566,134.773,1739503.8,198.325,4485.27,95.0,30.7489,3.066
5077.48,1115.36,0.21966,46.5064,724528.44,59.7319,2211.51,71.0,42.775,1.074
11685.4,3968.72,0.33963,115.662,1673772.4,195.648,4501.09,22.0,32.2887,3.725
8207.32,1885.09,0.22968,73.8488,1148418.0,91.6635,3269.67,32.0,37.3668,6.046
5083.78,2053.82,0.40399,33.5027,719382.1,72.319,1787.7,32.0,42.7972,2.808
15148.4,2928.96,0.19335,172.729,2162389.2,230.463,4879.87,96.0,27.3753,4.176
10774.4,3316.74,0.30783,126.187,1434033.4,168.681,4046.4,47.0,33.718,1.912
8753.26,1639.76,0.18733,85.8579,1237883.6,120.505,3711.16,49.0,34.9006,17.564
10855.3,3619.7,0.33345,110.0,1532198.9,163.928,4379.65,108.0,34.4201,12.576
8815.73,2665.51,0.30235,98.0292,1220805.2,145.47,3269.11,17.0,36.6329,1.347
12142.6,4139.24,0.34088,110.547,1759230.6,179.996,3550.01,156.0,36.5183,19.686
8156.92,2721.23,0.3336,68.6066,1076995.1,119.04,3351.31,65.0,37.8335,13.804
17473.2,5447.99,0.31179,235.188,2415288.0,268.43,5751.22,213.0,21.6062,3.942
9218.55,3334.96,0.36176,76.0205,1258537.1,132.03,3903.68,96.0,33.8806,8.238
5363.04,1757.29,0.32766,44.3474,758355.3,75.5525,2608.47,56.0,42.3843,11.708
11965.1,4360.63,0.36444,101.346,1656249.2,168.951,4826.0,70.0,29.8255,11.32
8487.57,2236.06,0.26345,80.1104,1187062.6,102.162,4126.23,24.0,33.8626,1.425
5353.35,2065.98,0.38592,38.231,752265.5,71.7211,3281.22,9.0,42.2784,13.633
12578.6,4123.0,0.32777,113.724,1823556.0,172.41,3810.28,136.0,35.4979,20.138
10754.1,2792.24,0.25964,108.712,1517134.1,155.164,4347.03,64.0,32.8957,4.916
3962.24,971.34,0.24514,32.4236,562575.1,43.6847,1791.39,12.0,44.47,2.074
6301.35,2103.17,0.33376,50.429,860534.8,107.004,3219.79,18.0,36.8446,13.18
7750.12,2086.3,0.26919,72.1976,1087214.4,100.51,3646.6,31.0,36.393,11.285
28703.8,9627.96,0.33542,322.996,3891246.2,419.101,6762.29,321.0,19.0497,20.147
10499.7,2800.98,0.26676,124.692,1447437.8,158.2,4821.25,78.0,29.361,4.695
9521.37,3661.16,0.38452,130.294,1258365.5,180.051,4410.1,178.0,31.2144,1.651
4037.97,1220.48,0.30225,36.1703,548073.1,50.7887,1425.33,34.0,44.3154,12.172
6248.72,2035.27,0.3257,58.8685,884354.6,86.5603,2716.59,41.0,40.4572,1.696
20135.7,7195.11,0.35733,196.657,2741838.8,291.467,5626.96,116.0,27.0963,19.154
9454.51,3101.63,0.32805,70.7823,1313133.2,132.171,4079.45,63.0,33.2796,18.392
7262.69,1714.48,0.23606,56.4973,951066.25,93.3504,3009.97,47.0,38.5301,4.54
6350.94,1600.21,0.25196,57.0393,867583.1,94.914,3057.01,74.0,39.8629,10.748
9658.96,2191.23,0.22685,106.349,1341557.4,135.92,4167.8,56.0,34.2182,2.18
8290.52,2328.59,0.28087,82.3239,1172100.4,107.719,3884.86,44.0,35.1162,2.441
12946.3,3785.29,0.29238,171.126,1790669.8,225.427,4905.09,193.0,27.5306,15.231
5030.0,1980.69,0.39377,43.9751,673110.56,78.9387,1540.52,32.0,44.0806,11.862
12736.7,3815.54,0.29957,153.148,1762886.8,197.009,4748.17,67.0,29.1701,7.957
8157.52,1563.49,0.19166,74.8017,1149218.0,105.827,3786.46,17.0,34.1732,1.729
16207.9,5688.54,0.35097,227.742,2218632.5,272.86,5362.47,126.0,24.9067,2.568
15418.0,5849.05,0.37936,189.979,2087665.6,233.675,5459.92,178.0,27.6516,4.398
7013.21,2344.1,0.33424,64.045,987405.4,101.308,2897.52,24.0,39.3792,9.674
19365.5,6697.83,0.34586,145.115,2661189.8,284.616,8316.36,128.0,28.2675,20.381
8416.65,1988.94,0.23631,81.0957,1186548.2,108.141,3986.92,41.0,34.5874,2.582
16049.0,6292.03,0.39205,188.571,2189968.0,264.182,5902.12,141.0,27.0237,15.618
6167.25,1422.56,0.23066,49.5725,860473.56,69.6213,3278.47,57.0,38.7778,1.783
8801.26,2692.18,0.30588,79.9083,1227456.4,112.187,4344.84,62.0,34.0203,3.139
11273.3,4734.09,0.41993,96.1119,1573615.5,162.083,4395.14,45.0,35.1777,19.413
10159.2,3833.94,0.37738,85.3282,1443368.6,147.919,3903.81,48.0,35.8605,11.381
8072.22,2017.22,0.24989,98.7397,1086323.5,124.817,3470.94,10.0,35.3224,1.379
10106.3,4493.51,0.44462,76.0744,1370399.8,168.302,3521.15,25.0,36.1037,17.353
12628.2,4865.55,0.38529,152.685,1793918.1,260.818,4489.13,60.0,29.5975,12.655
3787.25,1432.88,0.37834,25.5833,518179.38,49.1802,1391.0,3.0,45.289,1.753
8734.57,3145.26,0.36009,90.6619,1204008.6,127.12,3816.3,45.0,37.701,13.871
15610.9,4235.82,0.27133,210.589,2151802.8,259.422,5132.09,166.0,24.6902,3.502
8435.42,2774.88,0.32895,88.0029,1197962.5,121.021,3211.18,21.0,37.7298,1.605
8731.69,3856.4,0.44165,74.5277,1197587.2,146.075,3801.03,55.0,34.5368,15.288
13414.1,4713.81,0.3514,92.2539,1873729.0,206.415,4976.44,149.0,29.3811,4.176
6063.73,2388.49,0.39389,59.2914,857784.1,85.3898,2693.96,35.0,40.3893,10.029
10824.4,4453.94,0.41147,86.3762,1446960.9,187.01,4067.6,62.0,33.4958,17.593
7330.28,2647.73,0.3612,83.3874,979869.0,109.643,3639.94,40.0,36.7554,14.792
14604.3,3707.61,0.25387,207.505,2038063.6,236.927,4961.81,134.0,26.3424,3.296
24147.8,7543.18,0.31237,181.846,3433153.2,299.73,6727.59,213.0,19.4332,14.586
4545.93,1343.26,0.29548,28.0514,566870.56,77.8034,1806.06,43.0,43.6616,11.006
9071.08,2034.47,0.22428,99.6851,1281445.6,125.744,3842.14,41.0,35.1281,2.734
9016.39,2090.95,0.2319,109.799,1242443.2,141.892,4005.95,47.0,34.2784,1.847
13491.7,3428.54,0.25412,152.737,1862325.6,209.75,4757.45,53.0,30.7089,2.011
9902.86,2422.72,0.24464,111.77,1358364.0,138.886,4186.95,141.0,32.7075,2.285
7171.35,2365.76,0.32989,65.6708,972072.4,99.943,3104.44,20.0,40.2823,1.712
9506.37,3238.08,0.34062,87.6382,1354361.0,131.72,3571.01,11.0,35.4304,3.043
7655.37,2595.99,0.3391,70.8613,1080181.5,107.956,3061.67,30.0,39.0727,11.755
9004.3,2964.61,0.32924,119.852,1208740.4,188.457,4493.42,102.0,31.5554,17.164
6326.48,1866.05,0.29495,51.0206,871267.6,90.1294,2445.8,65.0,41.1505,11.906
5900.59,1285.56,0.21786,66.7186,821646.25,77.9453,2813.26,78.0,39.7008,7.647
12591.1,3368.57,0.26753,161.199,1740530.9,206.081,4780.13,72.0,28.5889,3.593
6590.98,2271.38,0.34461,60.2937,925852.7,87.4702,2794.38,49.0,40.0459,2.339
14766.5,4043.83,0.27385,180.139,2075873.5,238.44,4550.58,16.0,29.7838,2.978
6298.73,1799.95,0.28576,52.0235,818518.9,103.777,3734.66,20.0,39.8708,2.197
17400.1,4140.0,0.23792,170.318,2494133.8,203.291,4910.68,92.0,27.9615,11.441
6121.5,1528.5,0.24969,54.0249,856730.44,73.0391,3233.04,53.0,38.8057,2.359
17333.5,4453.82,0.25694,208.585,2407061.5,259.469,5190.57,124.0,25.8872,2.345
6771.87,2641.23,0.39002,77.0112,962859.56,111.226,2930.32,153.0,36.5597,13.297
5742.49,1119.59,0.19496,52.8086,826844.3,69.4173,2854.02,53.0,40.2759,1.552
14447.1,4551.39,0.31503,166.84,2005158.2,222.413,5269.92,183.0,27.0536,1.374
19526.3,6315.09,0.32341,200.133,2784231.0,325.068,6312.31,256.0,20.643,17.879
15072.0,5045.56,0.33476,95.7117,2129070.5,211.295,5503.83,89.0,27.165,19.335
4867.56,928.7,0.19079,43.4292,702197.75,56.4169,2187.6,80.0,42.787,0.69
7386.98,2277.93,0.30837,72.1212,1010169.25,107.163,3344.44,72.0,35.9847,3.979
8804.69,2712.41,0.30806,63.7488,1217036.1,121.889,4183.16,48.0,33.3865,17.83
8212.95,1835.84,0.22352,100.371,1118714.4,118.736,3431.89,10.0,35.7936,1.187
7778.02,3215.39,0.41339,66.6706,1048602.6,129.644,3461.0,37.0,37.5831,11.192
8777.16,2745.36,0.31278,86.6347,1265458.0,122.586,3561.85,35.0,37.1405,13.676
7962.43,2662.69,0.3344,67.3904,1086460.5,105.781,3465.4,44.0,46.5464,1.796
19120.7,5153.21,0.2695,169.447,2750145.8,263.901,5652.43,218.0,23.3161,9.459
3747.39,1170.28,0.31229,32.6855,512832.7,47.9021,1349.47,23.0,44.4935,2.034
11206.3,3880.2,0.34625,96.2721,1575861.1,143.581,3850.06,71.0,37.0311,9.022
5969.11,834.57,0.13981,48.7699,841461.25,71.2521,2652.31,1.0,42.3177,0.676
8434.05,3073.37,0.3644,96.7274,1195664.1,122.549,3756.47,29.0,36.0739,9.935
13376.2,4869.79,0.36406,130.719,1903838.6,192.182,4923.45,57.0,24.9082,16.782
4964.36,1305.06,0.26288,46.1225,689443.25,57.066,1919.47,15.0,43.9515,2.462
14849.5,4377.51,0.29479,160.55,2112785.8,203.478,5211.48,167.0,22.7972,13.16
7529.9,2016.13,0.26774,79.8816,1045224.75,114.359,3014.98,84.0,35.8948,9.634
10512.1,4224.41,0.40186,91.6952,1464778.6,155.431,4012.55,8.0,35.3575,8.754
7943.16,4094.33,0.51545,88.4841,968327.25,161.473,2359.64,114.0,40.2363,16.912
7816.56,2592.97,0.33172,70.6544,1068465.9,106.185,3513.85,47.0,37.4476,1.892
12753.0,3705.03,0.29052,158.801,1775816.2,227.177,4373.09,79.0,30.1467,1.57
9054.19,2399.03,0.26496,93.9796,1274713.1,136.029,4143.74,163.0,33.2847,1.417
13806.8,3936.54,0.28511,141.297,1940596.1,173.717,5327.59,55.0,27.5264,14.777
7004.38,2788.04,0.39804,53.0798,996115.25,101.419,2622.16,80.0,40.1473,14.587
8146.29,2918.35,0.35824,64.0641,1162127.4,107.831,4979.48,35.0,38.5105,12.839
13485.9,4118.53,0.30539,166.634,1866715.0,223.895,4812.88,122.0,26.9048,5.511
12361.9,3998.01,0.32341,76.8662,1694619.0,159.517,8668.94,47.0,35.8428,12.384
8755.79,3022.55,0.3452,67.6114,1240780.2,117.321,4424.95,21.0,38.4293,12.064
12305.2,3728.33,0.30298,115.509,1688344.4,166.662,4260.17,61.0,32.164,17.071
15568.9,5115.71,0.32858,200.149,2064459.6,237.729,5196.34,107.0,25.9058,6.773
11182.9,4813.25,0.43041,89.0652,1381428.9,203.566,2928.28,73.0,37.8897,18.868
12383.7,3494.49,0.28218,99.9131,1709656.8,180.968,4623.96,123.0,29.8742,2.825
9601.55,2877.13,0.29965,101.766,1349977.0,131.861,3688.58,131.0,31.4946,2.014
13321.5,4685.99,0.35176,163.145,1842527.6,242.83,4792.28,202.0,29.1406,19.563
8419.96,2597.5,0.30849,89.8791,1198455.5,104.017,4009.9,21.0,35.2782,1.791
15843.0,3770.44,0.23798,192.129,2090605.2,256.49,5154.08,172.0,26.1828,2.786
14041.6,4222.37,0.3007,144.8,1925955.9,215.387,5412.67,12.0,30.6991,7.522
5834.93,1488.28,0.25506,60.2135,728084.44,82.9043,3102.05,20.0,39.4327,3.189
17913.3,6844.96,0.38211,187.094,2486930.2,289.309,6867.06,212.0,27.0928,6.234
10025.9,3651.81,0.36423,101.076,1410440.5,146.324,3656.08,11.0,35.0886,3.302
4685.58,940.93,0.20081,41.2018,611198.3,67.0896,2599.8,11.0,43.2879,2.179
11360.0,2770.48,0.24388,142.915,1615553.9,147.911,4140.88,125.0,32.299,2.863
9676.98,2751.74,0.28435,75.262,1333107.8,121.289,4247.0,36.0,35.207,15.817
7127.35,2967.13,0.4163,73.208,990605.8,111.339,3736.61,67.0,37.9985,15.109
9109.99,2229.18,0.24469,81.3799,1296715.9,120.983,3956.69,79.0,34.5637,2.835
4895.99,1395.73,0.28507,33.9991,678540.6,56.2231,1990.64,55.0,43.4047,11.619
13882.4,3962.03,0.28539,174.306,1961144.2,201.449,5371.06,196.0,27.8802,3.989
5237.54,1693.0,0.32324,44.9559,723076.94,68.2845,1969.59,25.0,43.5628,2.245
7745.46,2947.56,0.38055,67.2899,1088238.2,113.444,4010.52,66.0,35.4636,14.503
7839.55,1984.78,0.25317,87.58,1070485.0,127.899,3489.75,38.0,36.4099,4.547
13622.1,3859.34,0.28331,188.954,1875561.2,216.209,5554.54,145.0,22.5181,1.066
10571.0,4324.69,0.4091,98.0656,1538119.9,146.25,4121.78,34.0,34.4468,13.659
4453.66,1356.44,0.30456,43.9036,641642.1,64.1667,2391.63,44.0,42.6984,8.461
9964.26,5461.33,0.54809,90.2913,1261192.9,190.519,3026.13,128.0,37.7793,19.518
11582.5,4501.77,0.38866,96.8496,1617226.2,163.109,4295.88,89.0,32.4636,16.55
11061.5,3010.63,0.27217,131.414,1518591.4,157.812,3728.27,22.0,34.3977,2.376
11931.4,3373.73,0.28276,128.929,1640796.1,172.725,4510.34,88.0,31.6544,1.964
13976.5,5332.68,0.38154,187.529,1910459.4,260.82,4925.89,177.0,27.6676,18.69
10628.7,3143.43,0.29574,132.152,1449998.5,157.222,4861.48,68.0,28.7513,2.976
7396.99,1872.02,0.25307,84.3624,1027854.8,101.913,3075.11,21.0,34.8083,1.337
8993.94,2114.89,0.23514,92.4158,1265411.9,116.234,3682.02,25.0,35.571,2.247
9127.8,1911.26,0.20938,76.6808,1238719.0,116.14,4083.13,25.0,35.3485,19.815
9118.23,2136.51,0.23431,98.4704,1286423.5,125.165,3857.89,51.0,34.8298,2.997
13894.3,4060.35,0.29223,186.953,1935909.0,250.487,5055.86,91.0,26.9117,7.362
10184.7,4671.64,0.45869,95.2652,1394504.9,180.275,3776.41,94.0,33.9923,15.691
7085.4,2301.01,0.32475,78.0647,978785.0,95.0359,3757.54,33.0,36.3698,1.453
9331.2,3444.64,0.36915,98.0031,1320998.2,136.682,3686.11,16.0,35.1968,2.413
4815.41,1279.5,0.2657,53.7534,659864.5,83.0341,2599.97,46.0,42.5279,10.489
16984.8,5288.85,0.31138,202.92,2234729.0,255.832,5888.31,252.0,22.439,6.427
6898.44,1578.06,0.22875,58.5416,993955.06,89.9223,3023.4,55.0,35.4042,14.797
10941.4,3547.91,0.32426,61.6007,1495475.1,154.58,4197.02,92.0,32.6,19.249
9163.93,2028.75,0.22138,79.1014,1293683.1,118.645,4567.18,31.0,33.2452,2.473
14470.7,5254.23,0.36309,76.6867,2002032.1,226.01,10796.86,62.0,32.2013,15.356
7028.62,2079.13,0.2958,78.858,964561.94,93.8273,2947.36,4.0,39.7356,7.987
9188.44,3218.87,0.35031,67.3138,1240195.0,128.39,3844.71,54.0,35.3057,15.576
8008.11,2003.23,0.25015,64.7808,1097925.9,110.701,3850.97,21.0,37.3859,2.218
8938.51,2258.41,0.25266,75.2732,1263224.2,104.669,4148.17,25.0,33.875,5.862
8688.27,3084.95,0.35507,87.4869,1155574.6,133.35,3637.84,49.0,35.9601,0.886
7750.22,1982.38,0.25578,85.3196,1104477.6,114.696,3281.08,81.0,38.0254,13.868
9440.97,2944.63,0.31189,84.7434,1343844.9,148.41,3829.81,2.0,35.4176,1.97
13261.7,4689.94,0.35364,135.521,1862832.6,177.817,4371.79,47.0,30.6613,6.539
15007.5,6779.64,0.45175,164.176,2116399.5,263.054,5068.08,166.0,27.7142,19.22
10993.7,3642.21,0.33129,114.878,1572241.8,153.019,3988.91,64.0,34.207,2.484
12474.7,3054.98,0.24489,119.421,1694838.9,165.767,3998.17,213.0,32.2503,3.142
11183.2,3354.02,0.29991,127.422,1504103.1,158.973,4227.71,47.0,32.7871,5.301
9509.21,3134.18,0.32959,111.082,1311863.9,153.773,4006.69,53.0,34.054,6.805
8511.65,2095.92,0.24624,92.8763,1202523.2,127.389,3977.09,160.0,33.3828,1.241
19655.0,6264.95,0.31874,256.765,2679809.5,326.522,5775.48,327.0,21.0798,2.571
6536.52,1533.48,0.2346,68.0912,899086.2,85.584,2695.52,44.0,40.6409,2.475
20105.7,6126.59,0.30471,240.197,2788704.8,327.16,5484.03,77.0,23.2632,3.651
8491.98,2467.19,0.29053,73.5525,1174391.2,110.343,3819.96,41.0,33.769,5.06
11164.2,4121.3,0.36915,96.6224,1576864.2,151.109,4798.0,112.0,31.059,15.364
8441.06,2220.4,0.26304,96.7641,1149232.9,124.736,3516.53,118.0,36.5217,1.413
13848.2,5280.57,0.38131,88.5104,1957383.8,208.597,4186.03,18.0,34.827,15.589
10435.3,2710.98,0.25978,117.728,1459353.0,151.332,4331.79,53.0,30.2943,3.808
11790.3,2103.39,0.1784,154.032,1653111.0,168.027,4616.59,149.0,29.8725,1.494
8047.79,2179.68,0.27084,81.7579,1143962.0,103.331,3908.05,36.0,35.3403,2.711
6894.07,2280.88,0.33084,63.5685,924063.9,97.443,3143.07,23.0,40.0845,1.209
4071.14,1341.33,0.32947,36.5492,564641.56,48.5633,1399.14,21.0,44.3553,1.802
12840.1,4802.1,0.37399,121.099,1794015.6,217.086,4355.86,46.0,29.424,2.288
9339.78,3088.08,0.33063,104.703,1279332.8,154.568,3308.69,8.0,36.2727,2.248
10722.1,2365.77,0.22064,121.896,1444027.5,153.032,3681.91,37.0,34.2711,2.933
16583.2,5610.2,0.3383,176.466,2343337.8,274.129,6057.48,196.0,27.8373,2.494
13590.7,5526.51,0.40663,88.9586,1823834.2,235.48,4694.65,79.0,29.6715,18.345
14776.2,6787.16,0.45933,191.835,2084301.2,322.742,4698.63,214.0,27.7254,19.619
10234.4,2522.8,0.2465,106.698,1437870.0,150.189,4308.86,72.0,32.5975,3.987
4892.75,1194.65,0.24416,46.0666,695917.7,61.6514,2714.62,16.0,41.7029,3.102
8804.59,2705.96,0.30733,79.1927,1173772.2,113.497,3858.86,60.0,35.2404,9.595
5798.58,1261.94,0.21762,41.4733,780530.2,89.4628,2948.72,35.0,40.8086,14.329
8467.68,1863.94,0.22012,82.0691,1149612.0,107.747,3678.18,9.0,35.5628,17.925
6395.96,2024.82,0.31657,52.6594,894426.8,84.6931,3152.16,52.0,38.7079,3.997
7232.43,2173.83,0.30056,61.7659,989179.25,98.4396,3502.97,57.0,37.6538,13.999
6533.12,2149.74,0.32905,62.5054,885501.4,98.9046,2421.63,40.0,39.9791,14.564
7236.3,2439.31,0.33709,63.2004,949559.3,121.446,2857.42,27.0,38.7794,2.769
7328.86,2225.97,0.30372,69.185,1027650.2,92.7256,3044.49,13.0,39.2085,3.141
14984.9,4643.68,0.30989,207.86,2091624.2,256.373,5325.06,297.0,24.2649,1.417
13085.2,3554.72,0.27165,171.671,1845318.5,201.999,4941.57,207.0,28.1815,2.346
14199.7,3877.69,0.27308,178.076,1976108.0,216.409,5628.34,142.0,24.4252,1.921
7002.09,2034.26,0.29052,62.8393,925200.8,112.609,2729.8,50.0,38.7772,4.962
18398.7,5452.07,0.29632,211.936,2545170.2,287.584,5754.56,204.0,21.7682,2.156
7761.1,2340.07,0.30151,78.67,1090117.4,122.352,3684.54,73.0,33.7314,6.015
4923.82,1533.79,0.3115,44.554,676614.0,64.7685,2266.19,17.0,42.4307,4.944
8122.19,3527.72,0.43433,67.4702,1161688.5,118.109,3815.66,80.0,34.9783,17.748
8206.37,2613.01,0.31841,75.8344,1129322.5,118.312,3243.14,37.0,36.8291,16.798
6382.42,1438.42,0.22537,52.3192,926283.4,77.4045,2517.3,54.0,41.8437,9.05
7011.28,2909.4,0.41495,51.0311,1000235.75,126.934,3246.8,17.0,39.7497,14.377
7708.33,2360.84,0.30627,72.756,1057631.8,107.34,3104.74,53.0,38.0417,11.21
5487.48,1910.51,0.34815,56.6266,759260.06,69.4206,2659.93,40.0,41.0447,3.713
6329.43,1548.3,0.24461,63.6736,878390.25,80.8171,2623.53,42.0,41.0719,9.03
6312.4,1944.2,0.30799,53.9254,875457.06,89.4073,3182.51,17.0,39.6823,8.472
7600.68,2034.62,0.26768,85.8949,1059997.9,92.6849,3625.92,30.0,35.3396,12.501
19280.7,4954.66,0.25697,236.084,2712239.5,284.371,5709.89,89.0,22.8924,1.529
21180.2,6308.76,0.29786,297.758,2878943.0,347.28,6494.33,288.0,18.8903,1.541
15685.9,4876.32,0.31087,154.885,2147957.2,235.363,4378.35,95.0,30.5651,20.645
6137.66,1681.24,0.27392,56.642,835840.06,77.0299,3090.73,37.0,39.7056,10.779
6837.42,2108.0,0.3083,59.0763,928199.3,95.4769,3344.99,75.0,38.2401,11.958
6373.95,2275.84,0.35705,64.3785,883935.06,85.7568,3430.13,74.0,37.0221,14.451
5006.04,1613.29,0.32226,36.309,703547.06,60.4457,2420.72,13.0,44.369,4.516
16328.2,5918.65,0.36248,139.639,2304522.8,241.434,6639.52,60.0,24.7768,8.345
10261.8,2794.26,0.27229,112.774,1450652.9,151.978,4222.47,50.0,33.8781,4.061
10468.3,5140.24,0.49102,96.3058,1324158.9,196.657,3759.58,75.0,35.7054,17.087
4246.79,1484.39,0.34953,35.0173,605179.9,53.3471,1989.33,9.0,44.6106,2.396
13957.4,3028.47,0.21697,170.38,1977920.1,221.496,4799.25,85.0,27.8435,3.793
8651.99,2745.94,0.31737,91.5216,1212490.8,125.213,3656.27,86.0,36.6377,3.615
11339.1,2999.55,0.26453,144.335,1607354.2,152.361,4140.28,102.0,32.1858,2.495
13282.0,5089.82,0.38321,184.767,1757676.8,252.688,5079.52,70.0,27.2527,8.527
15254.8,5624.19,0.36868,179.872,2150181.8,261.776,4981.89,23.0,26.9528,2.249
8219.01,2336.08,0.28422,78.7472,1147740.0,100.908,4147.42,62.0,34.7976,4.412
9503.98,2622.46,0.27593,108.529,1279876.1,149.962,4092.86,46.0,33.6152,1.926
12337.4,3407.3,0.27617,170.469,1722352.5,196.33,4779.84,62.0,28.629,3.428
14471.4,5593.51,0.38652,97.1816,1980243.5,210.134,4971.1,146.0,27.8996,6.154
8350.23,2583.66,0.30941,77.7727,1196241.8,101.404,3283.61,33.0,34.4287,13.908
4457.63,1993.87,0.44729,34.2022,620685.3,69.353,2282.44,52.0,43.8358,9.612
10772.4,3791.33,0.35194,121.981,1448323.4,188.116,3905.91,31.0,33.3148,3.386
9587.73,2435.27,0.25399,96.3613,1308888.1,95.2521,4103.4,11.0,33.917,13.756
10451.3,3122.59,0.29877,93.908,1472635.8,136.268,4526.82,96.0,31.7488,4.592
11498.2,3169.46,0.27564,146.601,1627453.9,151.504,4205.43,126.0,32.5015,2.472
7276.08,1510.5,0.20759,57.5637,1028327.8,87.5019,3494.72,24.0,40.6201,0.0
11769.3,2171.96,0.18454,142.043,1657142.6,171.546,4623.23,147.0,29.7762,1.695
13012.6,3865.09,0.29702,164.936,1875706.5,257.187,4688.01,76.0,28.3011,2.68
7847.72,2557.57,0.32589,66.3882,1106157.5,104.606,3361.48,30.0,35.8583,18.38
10807.4,2468.05,0.22836,128.072,1467404.8,164.328,4006.77,56.0,32.4913,2.105
4107.16,1304.61,0.31764,34.9403,566074.7,51.2032,1400.58,17.0,44.2679,1.525
4957.58,1312.72,0.26479,40.6577,686352.75,59.0011,2595.21,57.0,41.6938,4.402
10602.6,2502.1,0.23598,119.503,1451345.4,160.013,4495.68,36.0,31.3563,0.0
6214.99,1988.95,0.32002,60.6722,864752.0,90.6314,2677.54,41.0,40.6397,1.809
7778.82,2956.76,0.3801,91.009,1019643.94,149.208,3480.16,86.0,36.9897,14.483
13897.8,3867.83,0.2783,139.202,1915150.8,174.748,4782.74,51.0,31.0721,10.891
10260.3,2630.23,0.25635,114.877,1444274.9,156.086,4208.29,60.0,33.4486,3.205
15165.0,4883.42,0.32201,181.989,2105154.2,247.87,5344.77,157.0,24.7244,1.764
9824.31,3015.0,0.30689,95.8865,1366244.4,136.763,4877.29,89.0,34.6328,3.139
7652.75,1599.73,0.20903,59.8764,1074668.5,89.8507,2876.44,36.0,39.0141,7.271
9935.1,2828.85,0.28473,128.679,1407741.1,153.857,4301.71,51.0,31.2649,3.414
5650.33,1844.32,0.3264,59.2576,761296.75,87.6873,3146.11,43.0,39.0755,12.829
7419.69,1785.63,0.24066,85.4771,1037299.9,106.33,3857.47,21.0,36.2792,1.523
4829.0,924.75,0.19149,45.6218,692829.8,54.9923,2185.14,81.0,42.7941,0.723
7357.55,2056.81,0.27955,58.3958,1055789.9,88.3426,2571.92,29.0,40.1112,13.227
5957.5,1752.5,0.29416,39.2534,824498.8,88.0641,3127.9,25.0,38.1413,11.617
9788.18,2316.48,0.23666,125.76,1356919.0,156.521,4593.0,74.0,30.2622,1.057
14825.8,4491.24,0.30293,175.748,2076486.0,223.236,5461.96,83.0,23.8538,4.873
8812.84,2303.8,0.26141,87.9201,1251141.5,120.195,3997.36,6.0,33.9089,1.778
14849.5,4377.51,0.29479,160.55,2112785.8,203.478,5211.48,167.0,27.5334,13.16
17118.4,4215.73,0.24626,221.388,2411052.5,265.184,5530.0,72.0,23.8488,2.265
10047.4,2367.66,0.23564,122.972,1395695.5,158.347,4603.33,65.0,23.7454,1.275
15166.7,3420.44,0.22552,184.539,2108545.5,237.032,4709.08,38.0,24.2401,1.349
6104.83,2038.51,0.33391,58.8561,846919.44,89.9778,2680.74,44.0,39.8987,3.155
12302.4,3049.03,0.24784,147.015,1706251.9,194.17,4213.12,70.0,32.0426,2.026
8300.66,3150.23,0.37951,68.5095,1100395.8,141.777,3878.69,71.0,36.5317,18.655
11656.7,3296.89,0.28283,103.914,1626480.5,160.682,6206.71,7.0,34.4959,2.914
8971.76,2343.61,0.26122,93.3564,1255275.9,137.219,4046.03,167.0,33.5387,1.447
9534.34,3177.38,0.33325,82.6665,1302699.5,123.668,3629.08,111.0,35.9078,4.61
8718.07,2627.13,0.30134,52.1661,1189679.5,115.854,4056.1,34.0,35.732,13.195
9121.12,2752.08,0.30172,101.711,1255993.5,126.409,3637.4,121.0,34.7429,0.0
3875.65,1042.35,0.26894,34.8329,549628.44,46.3729,1802.74,11.0,44.5007,2.021
12012.8,2659.39,0.22137,105.639,1670862.4,165.381,4213.0,4.0,33.6384,16.189
8710.44,2536.8,0.29123,88.0124,1202154.4,115.907,3183.56,23.0,37.2445,1.263
9030.4,3017.11,0.3341,86.4337,1278293.8,128.754,3414.63,7.0,35.7583,2.803
5993.3,1807.76,0.30163,59.8267,826574.4,81.4911,2661.69,46.0,40.7499,2.079
12157.6,2434.02,0.2002,151.475,1656158.4,194.243,4912.54,138.0,29.6213,0.569
5857.64,1139.06,0.19445,58.394,769486.6,66.5342,3074.99,46.0,38.0129,4.114
11328.0,3057.56,0.26991,137.515,1558004.1,157.275,4446.62,89.0,31.5332,1.936
6187.65,1862.46,0.30099,58.1748,825610.1,91.9552,2732.52,34.0,40.736,4.487
15239.0,4589.44,0.30116,188.144,2096679.4,260.173,5178.57,90.0,25.8156,7.027
12216.9,2556.62,0.20926,152.543,1707539.1,177.866,4665.63,144.0,30.0772,1.814
7929.51,2276.31,0.28706,75.3376,1075935.5,97.9689,4772.81,100.0,32.4153,20.656
17325.7,5369.62,0.30992,140.945,2404972.5,246.615,5644.12,187.0,23.1758,3.334
4131.2,1887.87,0.45697,45.2258,587618.3,79.068,2290.27,39.0,43.3399,13.305
8920.01,2272.04,0.25471,98.1662,1267459.2,123.793,3806.42,51.0,35.0217,2.97
12376.2,4311.72,0.34838,157.205,1732795.2,211.119,4618.09,108.0,29.5825,5.511
9376.39,3345.89,0.35684,95.1856,1317323.9,137.169,4255.06,104.0,28.1221,18.672
8917.61,2749.48,0.30832,109.147,1215700.4,149.942,4115.55,78.0,33.3473,1.045
7677.31,2081.04,0.27106,58.898,1010415.44,101.755,3319.37,52.0,38.0757,6.124
5531.02,2241.54,0.40526,51.8205,743344.06,90.7648,2724.52,58.0,40.296,7.442
8107.48,2950.53,0.36392,69.407,1163384.2,113.987,3033.72,91.0,38.6944,17.147
15103.3,4341.54,0.28745,183.515,2098477.2,228.761,5643.87,137.0,22.7671,0.767
7535.39,2207.96,0.29301,80.8081,1013966.44,116.356,3090.71,71.0,38.4045,8.148
7173.9,1631.1,0.22736,58.0164,1008474.06,94.4149,2793.31,36.0,39.3506,5.783
16982.2,4743.63,0.27932,183.555,2347319.2,197.328,5738.57,116.0,25.2664,19.19
14998.9,5506.9,0.36715,125.808,2095741.5,197.676,5730.25,143.0,28.1897,17.174
7214.78,1510.3,0.20933,67.1445,995803.6,83.8316,3227.14,66.0,38.8807,8.347
14889.0,4254.89,0.28577,178.578,2064925.2,226.247,5626.09,138.0,22.7502,0.755
6988.51,2948.86,0.42195,51.0705,964948.0,125.128,2860.91,63.0,39.2599,12.308
13473.7,4430.78,0.32884,171.064,1915295.5,243.449,5128.56,66.0,25.9359,15.104
6614.22,1939.37,0.29321,51.8597,862572.3,109.058,3940.54,22.0,38.7697,10.692
11826.0,2552.39,0.21582,148.387,1657642.6,168.643,4711.14,152.0,29.7432,2.719
5089.83,1036.72,0.20368,44.558,717512.1,77.5148,2696.92,5.0,41.122,12.265
8907.24,3384.01,0.37991,82.4089,1219451.4,146.422,3494.7,93.0,36.1088,17.184
7222.27,2039.48,0.28238,61.2095,1005238.9,96.943,3201.64,103.0,37.7459,1.928
8922.67,2483.85,0.27837,84.2721,1269914.1,118.945,3974.56,71.0,35.0805,4.476
9456.48,2690.99,0.28456,103.481,1303684.9,120.885,3896.27,25.0,33.8389,2.546
22551.0,5380.35,0.23858,337.931,3091323.8,399.486,6220.03,162.0,19.8565,0.938
15539.2,5148.44,0.33131,217.71,2160210.5,248.527,5357.11,282.0,24.7704,1.596
9861.86,3059.39,0.31022,92.2778,1374430.6,161.848,4284.47,55.0,33.6714,19.733
7634.18,2248.29,0.2945,77.0342,1023158.25,107.394,3793.27,72.0,37.4903,4.974
11936.1,3255.36,0.27273,110.21,1760406.6,130.668,4143.18,83.0,35.0853,14.137
16623.8,7125.59,0.42863,163.239,2290205.2,248.317,5551.46,148.0,23.4826,19.457
13678.0,5444.4,0.39804,120.867,1809399.4,213.811,4816.97,88.0,28.8662,18.759
9552.31,2769.16,0.28989,96.7724,1309603.5,144.14,3720.47,116.0,33.524,1.805
4942.82,1116.89,0.22596,45.8147,620452.06,62.1144,2212.34,20.0,42.927,2.385
6630.08,1837.26,0.2771,68.1331,938671.8,82.5993,3235.89,19.0,38.5014,3.74
10721.2,2757.61,0.25721,113.554,1544027.9,147.821,4264.12,95.0,31.3629,16.894
7463.38,2124.92,0.28471,65.7253,1030889.5,93.8442,3039.32,51.0,39.8862,1.843
10145.0,3105.58,0.30611,117.354,1436872.9,168.461,4251.41,62.0,33.2302,3.815
13347.8,4692.36,0.35154,151.742,1905355.8,238.395,4916.96,145.0,26.6722,18.151
14624.6,4183.16,0.28603,183.428,2051794.6,233.466,4602.31,18.0,29.3072,3.119
7106.76,2740.54,0.38562,66.3167,978549.6,114.745,3082.78,87.0,37.7792,18.059
9808.41,2611.42,0.26624,109.52,1377871.0,156.764,4157.32,47.0,33.9311,3.448
12115.6,3412.5,0.28166,135.153,1675209.8,174.049,4493.51,96.0,30.8725,6.263
8512.83,2256.32,0.26504,83.9307,1202313.4,111.861,4182.56,45.0,36.1141,1.462
6337.11,1387.2,0.2189,68.239,888500.44,73.364,2811.43,73.0,39.6867,8.331
15821.8,4979.37,0.31471,186.223,2203280.2,258.053,4637.03,28.0,28.9812,3.14
5844.71,1881.84,0.32197,57.9832,779292.75,94.9399,2655.19,34.0,41.2209,4.351
8829.17,2387.13,0.27036,85.2546,1256281.0,111.685,4025.91,104.0,33.1219,3.806
9907.46,3290.54,0.33212,94.0251,1396097.5,137.009,4363.42,101.0,34.6416,17.971
14933.8,4344.87,0.29094,188.294,2072218.6,225.115,5614.16,148.0,22.7023,1.074
10011.0,3446.68,0.34428,130.264,1330498.0,163.979,3945.03,33.0,34.0313,2.458
8119.59,3040.43,0.37445,64.1436,1081819.1,124.221,3175.33,46.0,37.0705,16.365
5883.29,1750.28,0.2975,61.0045,798372.5,79.0459,2668.52,23.0,40.7205,1.792
23027.8,6309.74,0.274,312.489,3145396.2,361.48,6335.69,101.0,16.9568,3.75
5258.0,920.76,0.17511,51.2185,737739.3,64.2982,2590.49,1.0,42.4399,1.324
13790.3,3598.7,0.26095,151.636,1940444.1,216.647,5121.18,192.0,27.2995,1.858
4831.86,1593.35,0.32975,44.7687,686424.3,64.8222,1949.73,9.0,42.5883,5.331
7286.45,1542.87,0.21174,97.9563,1014912.1,93.5406,3115.8,40.0,37.9244,18.391
8962.61,2592.56,0.28926,74.2256,1204205.0,113.647,4554.35,87.0,36.1209,18.451
7437.31,1812.1,0.24364,82.9336,1009165.0,97.6373,3696.41,33.0,36.4802,15.119
5136.93,1149.38,0.22374,45.1237,709882.0,66.0529,3015.9,28.0,41.2483,11.282
10478.6,3929.32,0.37498,93.5213,1451953.9,148.41,4076.13,63.0,33.2928,17.705
9445.81,2146.1,0.2272,98.9566,1324158.8,116.639,4232.65,32.0,33.6368,1.922
6879.39,2109.73,0.30667,78.7984,936581.06,107.544,3053.86,81.0,39.0674,0.813
9472.19,2101.37,0.22184,109.082,1313186.4,132.373,4217.17,54.0,34.1353,1.552
7787.71,1558.35,0.2001,74.7961,1093255.8,82.1524,3225.93,23.0,35.3611,16.754
7031.3,1771.8,0.25198,53.7473,1016879.9,80.5975,3258.56,13.0,39.1143,15.228
12459.2,2878.32,0.23101,160.181,1725247.9,189.16,4159.41,64.0,32.8468,2.169
5444.87,2522.93,0.46335,48.4057,741945.5,95.7716,2192.24,7.0,41.5474,7.573
6866.94,1944.55,0.28317,66.6248,944793.7,90.7777,2813.29,68.0,39.8383,16.796
13859.9,3768.21,0.27187,165.777,1947065.0,212.222,4984.89,204.0,27.9084,2.082
9318.02,2934.99,0.31498,60.9561,1303372.2,119.325,2957.71,15.0,33.9397,10.081
19617.7,6467.48,0.32967,139.433,2686272.8,272.7,5866.39,187.0,22.2207,3.718
7445.8,2913.02,0.39122,92.2167,962476.5,148.742,3630.21,55.0,36.3886,16.3
16866.0,4750.87,0.28168,228.764,2369044.8,274.692,5533.86,176.0,22.3196,9.736
12254.8,2593.55,0.21163,89.7405,1685620.8,129.92,4944.02,155.0,35.268,17.633
5706.83,1183.16,0.20732,53.386,779766.8,80.2667,2737.18,18.0,40.2774,1.431
9390.64,3680.32,0.39191,83.5701,1282263.5,162.702,4049.95,9.0,36.2484,13.867
6778.3,1716.71,0.25326,69.2966,946834.44,88.9753,3593.22,38.0,37.6968,2.893
4196.34,1268.85,0.30237,35.2754,571889.5,51.1064,1405.25,31.0,44.3924,11.606
8622.9,4260.58,0.4941,88.1849,1067867.5,158.451,2365.91,86.0,39.9987,15.619
6809.15,1726.95,0.25362,63.4789,936308.56,86.2593,3230.31,56.0,38.7549,8.046
8843.33,3152.88,0.35652,59.2034,1246044.8,135.951,3737.33,32.0,37.8023,14.324
7855.97,1975.97,0.25152,67.809,1088810.5,108.901,3706.66,22.0,36.017,1.9
6835.16,1947.94,0.28498,62.2458,938891.0,90.2133,3038.85,53.0,40.1188,2.685
7732.51,1991.33,0.25752,55.0081,1019392.75,98.7554,3216.41,48.0,38.7101,4.273
14336.7,5182.26,0.36146,173.723,1989524.6,237.255,4686.67,97.0,29.4574,8.173
6751.63,2115.78,0.31337,65.1054,914516.56,84.8379,3362.71,24.0,38.1152,3.626
8651.75,2288.92,0.26456,84.7806,1228323.2,122.408,3413.79,37.0,36.9027,12.462
6422.88,1635.97,0.2547,64.5454,866184.25,87.477,3305.46,63.0,39.0616,8.923
9600.72,2977.97,0.31018,92.4314,1321489.0,129.841,3587.8,96.0,35.0959,14.047
8733.32,2527.14,0.28936,87.6829,1205858.0,116.182,3183.22,23.0,37.2353,1.265
16721.7,5487.74,0.32818,202.215,2228712.8,238.925,5451.2,123.0,24.0002,9.84
18117.6,5547.93,0.30621,264.176,2461164.0,244.472,4979.31,269.0,27.2999,4.23
11364.3,3012.12,0.26505,135.43,1582519.0,176.699,4690.86,176.0,28.7348,0.927
8877.66,2781.33,0.31329,97.4312,1259157.8,117.399,4074.79,100.0,33.5587,4.23
6903.63,2525.3,0.36579,80.3876,937072.44,98.9406,3291.78,55.0,36.7061,1.154
5353.1,1720.33,0.32137,45.65,750466.7,64.8813,2090.7,4.0,42.4906,9.641
6571.29,1596.56,0.24295,65.8156,906656.44,81.6663,2703.23,48.0,40.4908,2.507
6979.38,2165.44,0.31026,65.0658,971801.94,82.4959,3970.04,72.0,37.4102,4.839
18669.7,5395.75,0.28901,226.992,2597455.0,281.171,5735.49,205.0,21.9518,2.435
16974.9,4171.07,0.24571,189.392,2387900.0,221.887,5221.45,253.0,23.7238,6.056
4753.53,955.33,0.20097,43.2071,683010.75,54.452,2192.05,79.0,42.8081,0.857
8388.41,2140.43,0.25516,68.8834,1196050.2,89.2338,3287.12,51.0,38.7405,14.782
6909.61,2011.69,0.29114,59.2573,918393.1,91.1641,3342.71,31.0,38.7748,6.224
5140.89,1342.83,0.2612,43.9269,713423.3,59.8683,1930.07,16.0,43.3835,2.448
11230.9,2639.43,0.23501,158.689,1581897.4,180.98,4682.03,60.0,29.4761,1.253
14014.4,4709.83,0.33607,164.318,1976587.2,224.402,4764.51,99.0,28.8644,5.011
16273.5,5308.29,0.32619,166.519,2334696.8,246.149,4817.0,61.0,28.4383,3.253
7403.56,2068.19,0.27935,67.7353,985859.25,91.7621,3022.89,23.0,38.8864,2.349
11093.0,4511.0,0.40665,132.136,1492909.0,199.845,4561.0,182.0,31.0719,3.981
18946.4,5826.55,0.30752,253.105,2586238.2,326.598,5745.43,331.0,21.4387,2.641
15296.1,5766.15,0.37696,196.412,2033889.1,246.785,5729.84,91.0,25.6883,5.741
11452.5,3907.57,0.34119,97.4586,1572778.5,155.657,3513.47,59.0,34.2134,17.869
12381.0,3300.6,0.26658,164.239,1731564.8,197.41,4820.44,62.0,28.409,3.27
5323.4,1245.25,0.23392,46.943,751233.4,55.683,2356.66,15.0,42.1678,4.387
4052.13,1229.52,0.30342,34.2061,551749.06,49.5745,1394.17,32.0,44.5285,11.366
14489.8,5690.06,0.39269,188.382,1890957.5,261.601,5168.25,64.0,29.2297,6.14
7698.68,2916.89,0.37888,73.2578,1053736.2,121.008,3541.33,40.0,34.8133,9.334
13038.7,4493.48,0.34462,147.263,1860733.6,202.741,5355.59,84.0,26.51,1.396
9561.38,2049.42,0.21434,102.849,1320534.1,134.56,4220.68,56.0,34.0581,1.796
4052.3,1314.96,0.32449,35.9721,553414.8,48.6198,1409.41,32.0,44.3089,12.264
9221.51,3199.27,0.34693,94.6961,1310253.2,141.252,4353.54,76.0,33.7845,15.409
5969.62,1538.17,0.25766,66.7598,819648.7,82.1217,3078.46,26.0,38.9842,3.162
6110.45,1575.89,0.2579,47.4235,860177.06,67.2109,2563.4,18.0,41.4385,7.664
5812.66,1928.94,0.33185,62.7325,780169.6,81.7077,3407.97,36.0,37.8523,6.011
8112.09,2459.34,0.30316,94.4485,1147093.9,114.301,3544.01,89.0,36.8556,2.094
6759.59,2005.46,0.29668,60.208,893744.2,100.235,3492.61,54.0,38.4414,3.777
16302.0,7039.68,0.43182,96.533,2273410.2,255.258,11962.71,57.0,37.7002,12.222
11916.0,3308.3,0.27763,147.405,1700683.0,172.108,4782.25,24.0,28.5932,1.598
6961.73,2373.6,0.34094,83.5778,944971.44,109.097,3462.51,60.0,36.71,10.638
12162.1,4093.52,0.33658,145.506,1698186.4,172.114,5105.18,36.0,27.3166,4.247
17483.3,4997.96,0.28587,208.745,2420886.2,281.365,5946.65,238.0,20.7899,9.943
5925.83,1959.14,0.33061,56.5576,777653.75,88.6819,2793.57,93.0,40.5,12.864
3820.78,994.04,0.26016,34.8475,543350.8,46.1891,1776.67,12.0,44.476,1.75
17060.5,5441.73,0.31896,188.044,2334373.8,231.755,5592.53,83.0,25.8332,6.258
11036.8,3150.99,0.28549,127.611,1537183.5,172.655,4648.93,74.0,29.8879,1.745
8829.31,2516.49,0.28501,94.9958,1213819.2,110.042,4091.52,14.0,34.8129,7.524
7809.85,2771.63,0.35488,72.7045,1061264.1,118.314,3405.93,68.0,37.0041,4.995
12164.6,2196.92,0.18059,148.633,1650671.2,192.168,4945.84,143.0,29.8138,0.553
9215.07,3293.22,0.35737,90.0412,1283066.9,116.787,3843.54,42.0,36.1621,14.839
10495.5,3305.7,0.31496,94.5582,1447978.0,150.994,3772.79,17.0,37.815,2.198
7446.7,2549.16,0.34232,92.2007,1047657.94,115.186,3134.24,21.0,37.6377,5.377
7934.03,1769.08,0.22297,82.4007,1114003.0,101.174,3879.01,38.0,35.4539,2.21
12206.6,3264.99,0.26747,152.865,1732555.0,166.381,4685.68,24.0,28.6565,1.539
7633.24,2415.16,0.3164,59.9069,1037000.8,101.349,2858.09,49.0,39.4264,14.339
6990.64,828.75,0.11855,78.9791,921182.25,85.1932,3024.51,50.0,39.1183,17.169
9682.59,3519.94,0.36353,72.8751,1312809.1,142.73,4274.86,68.0,32.3646,17.765
12077.4,3349.71,0.27735,147.837,1730168.9,174.068,4679.1,33.0,28.6899,1.802
4233.45,815.61,0.19265,37.1648,566218.1,48.7664,2411.73,10.0,42.7141,9.46
12457.8,4460.62,0.35805,151.946,1734474.9,205.437,4513.43,147.0,30.9962,16.579
15024.1,3890.08,0.25892,184.361,2119913.8,218.145,5697.0,63.0,22.9894,1.285
8450.04,2604.04,0.30816,87.8273,1191465.0,114.035,4001.73,25.0,35.4433,2.864
12460.3,4558.38,0.36583,140.171,1721535.9,191.7,4441.92,119.0,31.4608,12.354
6233.04,1351.38,0.2168,56.5763,808103.75,73.0677,3221.43,38.0,39.8174,15.848
9796.83,3066.23,0.31298,88.3071,1398808.5,142.431,4089.24,18.0,34.7717,1.926
17177.7,6594.5,0.38389,153.076,2399983.5,269.134,5654.05,118.0,25.8495,19.275
5957.81,1608.75,0.27002,56.8275,786686.1,79.8192,3026.08,45.0,38.1107,6.301
8524.44,2336.47,0.27409,92.7966,1188613.0,112.965,3712.16,26.0,46.5464,17.078
8734.76,2765.68,0.31662,32.5564,1220955.8,102.229,3558.46,82.0,32.4014,13.479
4923.07,1139.76,0.23151,56.8465,671353.1,66.2753,2823.6,43.0,41.2096,12.138
10024.7,3084.56,0.30769,90.4847,1430522.8,128.604,4177.4,106.0,32.7141,4.045
5423.43,1921.0,0.3542,60.6396,752216.3,84.6749,3023.41,37.0,39.4648,4.455
8315.51,2479.53,0.29818,95.5303,1178509.1,116.398,3561.11,89.0,36.6845,2.046
9429.86,3748.1,0.39747,50.8853,1327097.5,161.368,3134.06,82.0,38.4836,14.872
15102.3,3933.26,0.26044,187.246,2134417.0,215.498,5695.16,68.0,23.015,1.245
8552.97,1671.27,0.1954,94.041,1212256.4,124.409,3802.83,45.0,35.5805,3.133
6970.54,1885.85,0.27054,67.5629,992065.9,83.7218,3288.23,20.0,38.4496,2.167
5949.0,1653.67,0.27797,67.3497,839346.8,69.3825,3169.04,20.0,38.5669,2.709
9155.24,3530.79,0.38565,76.6433,1288399.6,135.604,4585.94,41.0,37.5206,15.538
8609.08,2903.23,0.33722,74.8339,1157648.8,130.415,3710.59,104.0,35.8956,20.432
12507.1,2385.27,0.19071,148.851,1769697.4,172.318,4686.71,150.0,29.6396,1.88
14107.1,3589.05,0.25441,156.401,2034127.4,206.011,4600.75,34.0,29.2473,2.866
8328.99,1940.23,0.23294,105.424,1158133.5,116.037,4075.41,89.0,36.2611,9.62
15073.2,3507.63,0.2327,203.623,2066933.1,246.188,5194.27,153.0,20.2173,2.557
7953.65,1657.04,0.20833,76.7035,1138823.4,107.181,4037.77,101.0,34.959,1.06
16075.0,5831.73,0.36278,183.91,2243223.2,275.829,5575.54,148.0,23.3997,3.193
5897.64,1615.76,0.27396,63.2884,739078.2,90.4028,3098.48,29.0,39.4408,2.216
9191.66,4626.85,0.50337,107.063,1204349.5,171.135,3240.77,99.0,38.1285,17.408
6902.74,2608.88,0.37794,59.4244,1007499.2,97.2402,3214.46,30.0,38.8147,1.143
6221.69,2036.53,0.32732,63.1807,828047.0,89.057,2816.41,43.0,40.441,4.899
10034.4,3253.79,0.32426,54.2306,1372914.5,145.383,4920.5,37.0,34.7951,19.154
6981.88,1623.2,0.23248,76.9145,931479.5,85.778,3649.4,94.0,36.539,15.322
11709.5,2130.03,0.1819,145.411,1658466.5,170.801,4611.31,144.0,29.9511,1.62
7756.13,1738.9,0.22419,100.94,1067990.2,113.748,4049.53,53.0,34.5208,16.258
5373.47,1168.67,0.21748,41.3102,738790.7,71.228,2878.43,26.0,41.3516,14.275
6609.52,2040.91,0.30878,56.6885,924727.25,83.6173,2988.45,36.0,37.739,14.427
8269.67,2794.71,0.33794,94.6466,1091290.0,154.23,3389.5,83.0,37.6885,9.336
6326.74,1057.08,0.16708,56.9993,867149.2,76.575,3217.62,46.0,39.094,13.682
7549.33,2315.72,0.30674,76.8125,1045713.7,97.9075,3773.24,40.0,36.4281,2.595
9268.61,2182.86,0.23551,81.0438,1312494.6,115.379,4699.74,31.0,33.0828,1.609
15036.2,4214.69,0.2803,207.108,2070103.5,264.315,5068.4,167.0,25.7233,2.94
5816.95,1954.66,0.33602,61.1711,787507.44,83.6598,2831.42,58.0,40.7119,15.16
7606.11,3179.29,0.41799,77.7825,1076513.5,115.638,3306.07,44.0,37.743,2.848
5006.99,1332.33,0.26609,48.9851,661607.8,69.4153,3154.61,20.0,40.2423,4.489
15728.8,5469.69,0.34774,186.969,2173655.5,245.304,6484.13,222.0,27.6777,2.585
10177.6,2412.74,0.23706,142.397,1373296.0,176.37,4015.62,75.0,32.099,2.12
6028.2,1926.4,0.31956,54.1793,822685.8,80.6743,3188.26,13.0,39.5485,7.506
7695.3,2215.98,0.28796,71.3125,1068290.9,99.0405,3236.46,42.0,37.5778,8.559
5868.05,1489.36,0.2538,41.9489,818851.75,83.1995,3373.88,28.0,39.458,2.991
5585.94,1091.67,0.19543,50.8402,804989.56,69.6477,2883.98,58.0,40.2146,0.957
23383.2,7011.3,0.29984,305.211,3235371.2,372.455,6373.67,114.0,17.861,4.011
13120.6,4118.52,0.31389,110.979,1855327.1,157.163,5000.84,144.0,28.2977,19.269
18338.2,5336.39,0.29099,259.137,2488587.5,302.496,5292.18,224.0,24.7369,5.276
15858.2,4935.67,0.31123,202.634,2088856.1,261.272,6219.8,254.0,22.2045,4.032
10041.6,3136.07,0.3123,60.5514,1416411.8,131.811,3309.88,28.0,35.1251,13.287
14601.6,4033.77,0.27625,189.265,2066395.9,210.64,5688.15,67.0,23.0487,1.225
7979.28,2464.88,0.30891,93.9345,1145028.2,103.682,3946.61,36.0,35.1312,9.477
14685.8,5005.77,0.34085,182.37,2010599.5,253.046,4397.92,25.0,30.2396,3.236
9233.47,2086.74,0.22599,95.9435,1290540.0,129.042,4252.55,46.0,33.4119,2.492
9491.11,3369.06,0.35497,98.9963,1339945.4,139.312,3635.99,10.0,35.3309,2.209
11741.0,3437.09,0.29274,137.009,1630259.5,159.303,4512.72,98.0,31.0714,2.092
9940.72,2833.36,0.28502,111.437,1398154.4,142.213,4108.52,45.0,33.6211,1.911
8967.76,2052.97,0.22892,85.6972,1271641.9,108.851,4635.42,31.0,33.1484,2.556
12861.1,3619.86,0.28145,163.438,1798131.8,202.37,4834.74,58.0,28.3606,2.978
11817.5,2668.19,0.22578,104.353,1642749.2,144.919,4668.54,157.0,29.8908,7.043
7418.53,3100.0,0.41787,54.2593,1047085.06,109.327,3599.46,51.0,39.23,17.351
3578.72,983.46,0.2748,34.6904,505300.38,44.0854,1775.08,8.0,44.5869,1.348
29475.1,10871.3,0.36882,315.516,4002975.0,479.697,8663.57,176.0,15.3123,10.415
6704.5,2652.44,0.39562,60.5824,935062.7,102.471,3525.64,74.0,36.8548,16.2
23881.1,8550.95,0.35806,224.689,3284031.2,313.813,6117.74,260.0,19.1655,16.123
11777.1,3466.89,0.29437,132.918,1662776.6,178.511,4748.09,65.0,31.4477,3.274
6754.51,2106.1,0.3118,53.626,883659.4,106.28,4008.78,22.0,41.6131,15.209
16354.6,5354.56,0.3274,197.587,2276778.2,242.948,5416.62,170.0,19.1849,1.917
13396.2,4107.56,0.30662,148.705,1851059.9,218.435,4767.4,106.0,29.5535,18.785
4941.64,1502.34,0.30401,30.4938,693615.06,61.5101,2282.12,50.0,43.5716,8.26
7955.88,2102.76,0.2643,88.2752,1094319.0,109.218,3099.3,21.0,37.709,0.655
5239.88,1149.51,0.21937,53.2897,745826.9,67.8646,2883.51,58.0,40.2746,1.562
7867.28,3015.63,0.38331,89.2421,1054292.1,151.558,3678.56,58.0,35.6209,10.076
6981.35,1761.49,0.25231,65.0093,875243.94,93.8772,3058.96,44.0,40.0331,15.275
3914.63,1038.7,0.26533,35.4858,556355.75,43.7672,1763.08,12.0,44.5648,2.162
7846.34,2284.17,0.29111,65.0681,1082623.5,89.9828,3330.6,118.0,37.0005,17.364
13850.7,3862.22,0.27884,165.694,1925587.4,196.808,5262.11,56.0,28.4326,2.46
15409.6,7054.13,0.45777,193.973,2075224.6,283.829,4493.81,192.0,30.4127,17.379
9075.3,2730.59,0.30088,53.0703,1228092.2,125.52,4169.74,26.0,35.4277,14.842
3921.01,1157.64,0.29524,34.2211,534516.5,48.3512,1386.6,17.0,44.3213,1.53
5598.63,1483.16,0.26491,56.5644,725196.2,91.6329,3472.75,15.0,40.3879,1.781
9328.13,3306.44,0.35445,102.736,1340994.0,137.293,3414.12,40.0,33.1477,12.907
6761.53,2447.78,0.36201,59.0937,978640.9,99.1944,3508.94,21.0,38.3569,12.11
7694.36,3066.14,0.39849,90.0667,1030533.2,121.864,3593.37,41.0,36.9902,0.0
3924.16,950.26,0.24215,37.8567,541390.25,47.9728,2315.02,48.0,43.3394,11.193
14747.9,4313.41,0.29247,218.435,1931215.1,227.581,5764.42,250.0,22.9089,2.481
8563.58,2063.24,0.24093,97.7471,1163163.1,127.438,3499.87,11.0,36.8204,1.545
20313.4,5972.48,0.29401,204.347,2904334.5,285.421,5930.73,240.0,20.7063,20.397
5751.6,1381.28,0.24015,55.41,755829.6,89.0984,3364.0,18.0,40.7602,2.028
4191.19,637.97,0.15221,40.5068,550808.06,62.1211,2554.22,12.0,43.5611,2.256
12502.9,4556.75,0.36445,133.219,1753202.9,178.945,4493.68,54.0,31.6712,4.265
15873.6,5108.84,0.32184,191.078,2250474.8,270.666,5130.65,85.0,25.8921,4.468
5160.6,1925.39,0.37309,34.2172,732201.94,64.6662,2550.56,39.0,42.6742,2.194
3903.59,841.29,0.21551,34.9038,553682.25,46.7104,1703.3,15.0,45.268,9.623
21007.3,6162.84,0.29336,252.522,2911590.0,291.182,5945.14,222.0,24.217,5.761
5811.82,1053.23,0.18122,52.5591,799977.1,65.2332,3034.98,24.0,39.762,4.07
11535.6,2962.21,0.25678,121.134,1615695.5,168.626,4971.75,82.0,27.9535,3.315
5578.33,1116.13,0.20008,57.6882,775580.7,74.8081,2649.52,24.0,40.7863,1.259
11511.0,3833.96,0.33306,131.555,1585861.5,169.079,4950.81,67.0,28.5493,6.286
5323.63,1534.27,0.28819,46.0409,771767.06,67.7246,2618.7,43.0,42.5703,8.054
9865.7,3922.02,0.39754,138.308,1330458.8,179.653,4378.3,173.0,31.2749,2.505
9871.42,2768.37,0.28044,96.7039,1398243.4,116.089,3700.61,49.0,34.8643,15.765
7112.88,2058.31,0.28937,61.8695,1002543.44,87.5696,3364.52,31.0,37.4889,6.216
7403.86,2122.42,0.28666,95.8661,1038965.3,104.359,3541.03,91.0,36.309,3.601
6068.44,2089.86,0.34438,72.7947,839363.25,92.0043,3064.36,41.0,40.1986,1.991
9395.88,1976.74,0.21038,107.664,1262367.9,136.954,4093.5,49.0,33.9687,2.034
10921.0,4709.4,0.43122,93.1773,1594222.4,169.122,3959.59,70.0,34.2448,20.3
13065.4,4646.54,0.35563,123.885,1830967.4,152.099,4414.81,148.0,31.3201,13.899
6713.07,1847.75,0.27524,56.4443,981681.4,75.2895,3333.08,19.0,36.0022,13.259
10587.5,4053.55,0.38286,90.9279,1482945.9,141.278,4231.28,50.0,36.1407,11.702
11621.2,3125.54,0.26895,134.146,1608689.6,163.778,4477.0,100.0,31.352,1.817
16819.9,4711.34,0.2801,178.368,2345140.5,223.595,5638.04,65.0,28.7963,11.776
8817.35,3590.58,0.40721,79.1086,1194360.8,142.581,4270.74,57.0,33.3099,13.967
8713.23,2154.23,0.24723,81.1894,1244193.8,92.9982,3154.7,16.0,38.4504,10.207
12703.3,4766.59,0.37522,108.757,1737766.5,175.506,4628.88,86.0,31.8613,10.076
4646.14,923.07,0.19867,40.7265,625355.0,67.1754,2507.76,26.0,42.0889,0.0
18489.2,5202.07,0.28135,182.543,2613281.0,222.299,5694.46,56.0,23.8024,17.943
11288.2,4553.51,0.40338,91.7118,1595259.1,167.618,4344.45,77.0,30.0752,16.809
13653.5,2907.03,0.21291,172.723,1919705.2,194.435,4032.48,141.0,32.2088,1.49
8047.61,2510.84,0.31199,80.2427,1075350.9,141.385,3567.48,44.0,36.0615,5.014
8153.08,2697.67,0.33087,98.7246,1129775.4,128.889,3415.08,89.0,36.702,2.248
9302.12,2381.92,0.25606,57.3243,1232174.8,128.316,3243.29,25.0,37.5587,14.184
7178.32,2407.47,0.33538,64.5699,1023145.06,92.6561,3686.94,68.0,38.022,14.559
4011.45,1236.51,0.30824,36.4401,547965.4,49.8289,1380.56,32.0,44.505,11.617
13859.1,2816.62,0.20323,198.199,1884966.2,248.408,5108.85,145.0,25.191,2.137
5250.49,1834.46,0.34938,58.8995,713608.5,81.9286,2724.42,36.0,40.5851,4.917
4052.69,1250.54,0.30857,35.9124,551835.6,53.5112,1395.88,32.0,44.5564,11.193
16916.9,4962.76,0.29336,256.531,2295552.5,258.16,4896.0,278.0,26.9332,4.86
5669.69,1704.81,0.30068,62.0042,810649.7,77.4905,3216.18,85.0,39.0862,12.569
13258.3,3777.38,0.2849,120.031,1891765.0,178.231,4308.95,120.0,33.7054,19.208
9798.26,2206.8,0.22522,93.2381,1345182.9,123.306,4878.3,47.0,29.2131,13.375
7467.26,3068.39,0.41091,67.1728,1083226.8,113.557,2807.79,49.0,39.436,14.021
7038.77,1524.9,0.21664,73.0672,955414.56,92.4179,3316.26,38.0,37.0435,7.442
6898.25,1380.92,0.20018,84.206,924883.9,112.499,3352.55,67.0,35.4125,3.665
15258.9,4198.98,0.27518,178.861,2147587.5,218.179,5662.03,67.0,23.1983,1.525
8385.79,2130.02,0.254,84.5367,1201392.5,119.032,3890.1,12.0,34.3939,1.805
11106.0,3652.16,0.32884,113.682,1535967.4,152.491,4407.46,80.0,33.4605,4.03
10095.1,2512.72,0.2489,103.873,1398576.9,129.798,3998.1,14.0,34.0038,11.418
4970.03,1544.98,0.31085,37.9023,674963.2,72.7367,1553.92,7.0,44.0065,9.614
20808.7,6881.57,0.3307,251.766,2876626.0,340.623,5574.15,107.0,46.5464,3.775
13734.1,3175.05,0.23118,177.114,1917360.0,206.443,4026.66,139.0,32.2865,1.566
12486.0,3798.35,0.3042,190.148,1700519.2,233.821,4071.19,132.0,32.0459,2.383
8382.3,2213.21,0.26403,81.8337,1181474.9,130.933,3769.39,64.0,36.9103,7.404
9092.84,2411.81,0.26524,86.8774,1260827.8,99.6345,4165.08,33.0,33.5264,14.167
13556.2,4237.6,0.31259,176.252,1880931.0,249.436,4403.46,29.0,29.5179,2.979
17067.8,4037.71,0.23656,217.883,2406853.0,269.607,5654.98,94.0,23.1705,1.392
10509.1,2735.92,0.26033,156.971,1492708.9,160.761,4691.24,27.0,29.1319,1.658
10844.7,3798.87,0.35029,88.7653,1519020.9,162.825,3347.0,27.0,35.1844,16.408
8082.27,2990.13,0.36996,71.949,1153988.2,105.811,3392.65,31.0,38.7616,16.854
14016.6,4011.45,0.28619,193.458,1897488.1,230.152,4548.97,172.0,29.3666,1.904
18820.1,6799.68,0.36129,209.731,2647577.5,288.261,5178.3,104.0,25.6114,4.192
8340.67,2681.03,0.32144,98.6959,1147293.2,146.929,3303.43,9.0,36.38,2.029
10516.5,2849.43,0.27094,115.308,1464500.9,157.843,4247.32,54.0,33.3889,3.992
6162.38,1661.23,0.26957,65.5897,878253.75,83.0842,3089.77,10.0,39.1372,1.815
9423.94,2510.59,0.2664,92.8798,1318094.2,114.509,4067.36,70.0,36.3833,10.748
12191.0,2738.15,0.2246,147.802,1745301.9,190.221,4544.81,58.0,30.4042,1.38
7066.49,1308.07,0.1851,72.4278,945273.44,89.6378,3525.46,57.0,37.6495,4.356
9440.97,2944.63,0.31189,84.7434,1343844.9,148.41,3829.81,2.0,35.4176,1.97
11307.0,2558.99,0.22631,126.679,1545221.8,152.148,4015.78,31.0,33.9721,3.712
8373.17,3864.88,0.46157,89.7844,1095948.1,148.886,3386.94,64.0,36.8237,15.911
6579.26,2154.3,0.32743,61.0268,858946.94,97.7684,2658.1,29.0,39.2426,3.105
5042.65,1126.42,0.22337,45.8829,706891.06,64.9432,2678.15,21.0,41.9942,2.895
6652.98,1761.18,0.26472,68.7839,878493.75,86.4608,3710.26,70.0,36.8329,2.615
15805.6,4940.2,0.31256,198.679,2076919.2,248.787,6036.58,259.0,23.1455,2.499
17478.1,6453.93,0.36925,186.365,2392490.2,278.452,5845.78,128.0,25.9975,17.485
11909.3,3495.57,0.29351,116.596,1627958.1,161.126,4437.88,65.0,33.3541,13.77
11081.9,3740.25,0.3375,126.373,1540914.1,182.499,4129.09,42.0,31.1785,2.137
12180.4,2755.63,0.22623,146.52,1695981.8,187.497,4121.7,68.0,31.8886,1.932
10371.7,4270.79,0.41177,95.9333,1467823.8,136.842,3936.06,41.0,34.6873,20.204
8747.44,2771.11,0.31679,72.975,1193768.1,116.217,4412.93,84.0,35.1438,19.094
8770.53,2219.56,0.25307,98.0686,1193081.1,129.008,3481.24,10.0,36.7756,1.508
8712.29,2260.09,0.25941,92.4281,1239459.8,130.649,3961.43,165.0,34.9016,1.228
6352.93,1314.01,0.20683,55.3459,859898.4,73.1578,2503.58,22.0,39.5394,14.674
7824.87,2001.75,0.25581,84.5844,1077709.0,110.893,3101.61,21.0,38.1666,13.147
8464.01,2237.17,0.26431,93.0695,1219305.0,114.045,3884.51,100.0,34.5423,3.721
11635.5,2271.76,0.19524,147.24,1580281.1,190.22,4664.48,137.0,29.801,0.65
9736.03,3440.74,0.3534,92.9377,1331958.1,115.083,4261.09,33.0,35.989,14.843
7288.74,2158.89,0.29619,71.2681,987919.56,107.984,3369.25,75.0,37.0585,3.451
16446.1,5115.45,0.31104,204.974,2167355.2,265.881,6425.91,242.0,22.9533,2.51
16617.9,5523.64,0.33239,203.478,2290741.2,276.38,5888.91,143.0,22.3548,18.616
13930.4,3952.92,0.28376,163.273,1991914.2,213.988,4697.59,131.0,28.8539,19.582
8224.87,3743.11,0.45509,65.7652,1202502.1,125.246,3721.42,45.0,38.9021,15.999
6654.61,2021.0,0.30369,61.1664,911435.8,91.3799,2593.01,19.0,40.3329,5.789
6227.34,1560.87,0.25064,63.4605,809029.3,86.9865,2612.25,55.0,39.2343,5.122
6271.98,1368.33,0.21816,67.8232,884820.44,80.7229,2721.38,35.0,46.5464,16.483
12746.5,3030.44,0.23774,125.505,1778633.5,170.074,53031.3,61.0,30.2539,2.3
12710.1,4331.45,0.34078,130.99,1829596.9,173.949,4879.19,74.0,29.0235,9.847
11523.9,4176.8,0.36244,113.803,1556353.0,183.668,4635.22,105.0,29.8563,17.075
13475.4,4814.93,0.35731,168.55,1877843.5,227.605,4644.75,99.0,29.7563,7.19
9825.03,2559.96,0.26055,59.695,1387376.5,117.198,3698.46,46.0,35.7044,16.372
11050.3,2732.45,0.24727,145.928,1572138.1,151.656,4107.57,137.0,32.1935,2.477
3763.65,1225.73,0.32567,34.2665,508730.4,49.367,1373.4,30.0,44.3215,11.229
10897.3,4027.49,0.36958,123.471,1530316.5,181.876,3833.97,37.0,32.7687,3.518
15823.0,4227.87,0.26719,223.998,2244147.2,255.784,5529.08,100.0,22.1867,2.191
8724.47,2868.41,0.32877,66.0198,1250030.8,112.366,3054.11,52.0,38.9784,17.56
7769.46,2107.13,0.2712,87.4851,1056550.0,115.957,3599.25,36.0,36.21,3.881
14726.2,4877.59,0.33121,186.75,2058978.4,251.995,5239.71,147.0,25.3632,2.049
7619.38,2839.39,0.37265,78.1875,1060674.1,112.217,3996.46,55.0,35.3064,16.04
13675.6,3982.66,0.29122,168.384,1897203.6,234.515,5294.55,161.0,24.4765,2.356
6373.51,2324.32,0.36468,60.1671,879677.0,91.8493,2735.19,47.0,40.6496,2.573
23229.3,5393.28,0.23217,314.791,3202254.2,403.48,6215.64,160.0,19.8399,0.942
13389.4,4553.52,0.34008,129.577,1860406.0,169.385,4432.06,28.0,30.1536,18.575
9732.55,4067.7,0.41794,87.0866,1357172.1,141.261,3858.36,106.0,34.0932,3.688
9224.61,3380.26,0.36643,79.5171,1254603.5,128.14,3886.33,108.0,38.4478,4.835
10450.6,3549.27,0.33962,81.9262,1420557.6,168.16,4189.55,127.0,32.9501,3.634
12196.5,3299.91,0.27056,113.582,1642862.8,155.362,4461.1,46.0,31.0564,7.565
10286.6,3154.26,0.30663,47.3044,1408171.2,119.766,4374.14,109.0,33.9002,8.384
15291.5,3924.55,0.25664,181.868,2162931.8,221.117,5693.57,66.0,23.0116,1.404
8826.5,3608.96,0.40887,90.9268,1293892.4,133.792,3855.71,32.0,34.4031,18.078
3992.38,1068.44,0.26761,34.2672,566134.3,47.6794,1912.88,7.0,43.1399,2.259
11506.3,4369.08,0.37971,129.821,1582186.5,173.31,4740.79,82.0,29.8727,12.562
6713.32,1673.03,0.24921,61.5624,880209.06,85.6192,2725.58,34.0,39.0773,5.456
11346.6,4205.45,0.37063,83.75,1519605.9,191.972,3963.36,72.0,35.0035,18.045
9298.52,2778.85,0.29884,90.5841,1314690.4,123.707,4270.33,49.0,34.6575,1.964
5972.17,1872.63,0.31355,62.8266,797336.0,92.9349,2797.47,21.0,39.6072,14.426
9723.12,4283.56,0.44055,90.438,1350115.4,152.869,4074.95,1.0,35.038,13.817
8320.22,2658.72,0.31954,78.3107,1152202.8,114.978,3610.9,41.0,34.4444,5.986
9328.25,2508.39,0.2689,94.5896,1279100.0,155.497,4099.67,79.0,33.1646,0.63
14551.8,5222.99,0.35892,169.135,2007475.5,276.826,4446.97,74.0,29.6515,11.815
8110.48,2823.03,0.34807,70.1966,1121932.5,111.186,3425.99,55.0,37.5776,15.687
9079.46,2158.18,0.23769,103.916,1266167.5,132.255,4219.07,62.0,34.1257,2.551
6098.27,2452.0,0.40208,54.0079,823870.25,94.639,2662.5,65.0,40.6646,4.03
8195.16,1637.9,0.19986,70.994,1160507.8,102.517,3577.08,26.0,36.8415,10.177
7748.08,3411.94,0.44035,82.0753,1056106.2,128.513,3289.26,23.0,36.8414,12.419
7255.58,2566.97,0.35379,65.9193,975293.6,111.481,3461.38,43.0,37.257,10.197
8145.27,3597.42,0.44165,90.2826,1151588.8,147.137,3523.45,43.0,36.3823,15.023
6267.16,1728.39,0.27578,60.397,878454.56,78.813,3581.19,78.0,38.4244,3.541
4081.79,1160.85,0.28439,36.7574,583829.94,46.5517,1813.34,18.0,44.492,2.307
10710.2,4604.11,0.42988,96.3604,1499626.2,149.947,3956.08,51.0,37.3836,15.872
8992.91,2143.73,0.23838,87.5861,1277962.4,106.44,4661.58,28.0,33.1813,2.038
9263.25,2940.09,0.31739,85.4179,1310283.2,125.685,4345.3,42.0,34.3068,2.036
11042.6,3932.22,0.35609,96.8364,1556385.4,155.044,4049.41,51.0,32.8923,14.603
8866.33,2348.78,0.26491,86.0327,1264776.1,116.99,4058.5,12.0,34.0916,1.718
9947.06,4433.67,0.44572,123.087,1402963.5,153.298,3782.61,153.0,34.4735,19.068
11612.3,3242.73,0.27924,138.234,1602448.4,163.113,4488.7,86.0,31.2107,2.004
3956.86,1178.66,0.29787,34.93,543267.1,48.8191,1394.24,17.0,44.3189,1.473
8387.15,3474.5,0.41426,73.498,1140420.8,137.446,3177.26,66.0,37.0444,16.987
13169.2,4275.87,0.32468,117.057,1816860.2,174.051,5406.57,84.0,30.2884,18.588
11291.9,3687.29,0.32654,112.306,1620881.0,133.055,3922.39,72.0,34.4924,2.105
7063.46,2391.32,0.33854,62.0751,993559.44,109.167,2976.74,50.0,38.5096,12.641
5226.24,944.19,0.18066,46.6493,740500.3,68.4219,2849.96,58.0,40.1949,1.179
10872.0,2590.97,0.23831,124.864,1475359.6,159.925,3638.07,24.0,34.5464,2.299
5601.8,1276.01,0.22778,37.3844,692709.2,93.2833,2714.9,5.0,37.4495,11.868
16559.5,5014.89,0.30284,242.575,2249973.8,276.205,4887.36,274.0,26.9007,4.048
11349.9,2955.36,0.26038,144.928,1588595.8,153.266,4116.18,115.0,32.072,3.353
7701.32,1789.32,0.23233,68.3435,1114214.0,99.6132,3037.45,15.0,34.3525,1.772
10505.4,3627.73,0.34532,114.501,1494559.6,173.52,4599.82,163.0,30.5576,15.176
3929.54,1157.09,0.29445,35.0161,535759.06,49.6981,1386.29,32.0,44.4666,11.168
10045.2,3565.58,0.35495,92.293,1399599.6,141.24,4391.12,113.0,32.8853,13.22
13824.3,3478.04,0.25158,171.203,1917509.6,211.033,4807.15,126.0,28.23,6.825
13577.7,3402.88,0.25062,121.242,1854945.0,162.888,4046.91,213.0,31.953,3.81
11860.8,3131.99,0.26406,131.325,1638067.5,165.327,4498.13,86.0,31.1636,1.717
5444.38,1077.24,0.19786,53.027,778212.44,69.6988,2859.99,57.0,40.248,1.222
9195.32,2889.84,0.31427,77.65,1304969.2,131.707,4074.96,76.0,33.5967,4.513
9006.71,2287.6,0.25398,99.8184,1248556.2,130.649,3532.09,11.0,36.5898,1.32
5389.44,1088.09,0.20189,50.7797,765741.44,63.2073,2222.43,79.0,42.6848,0.885
4839.23,1537.02,0.31761,46.2943,674598.56,60.3157,1866.8,18.0,43.8897,2.492
9133.25,3371.52,0.36914,98.6084,1291116.9,125.74,3399.28,66.0,34.8453,16.039
10295.4,3777.89,0.36694,97.9626,1475163.6,140.468,3788.51,77.0,35.2256,18.195
6933.49,1990.99,0.28715,64.2776,968523.1,90.0158,3625.85,32.0,37.8003,1.945
8865.22,2127.81,0.24001,96.5733,1262942.1,123.918,3781.06,53.0,35.3555,2.87
13557.4,3663.86,0.27024,195.758,1851920.2,204.438,4619.22,184.0,29.118,2.019
8622.52,2497.25,0.28961,102.934,1179354.2,153.648,4090.21,70.0,33.1287,0.774
5737.51,1747.54,0.30458,60.2688,784214.9,76.1957,3771.37,76.0,37.1815,14.35
9308.16,2807.66,0.30163,91.0862,1320210.6,138.368,3357.34,10.0,36.0972,2.652
9831.67,2564.98,0.26088,112.388,1386351.9,153.203,4281.54,53.0,34.1136,3.721
4579.01,1521.33,0.33223,34.034,645413.75,59.2989,2141.92,54.0,43.9008,6.292
6037.68,1336.75,0.2214,57.1538,826232.9,84.0035,2661.59,18.0,40.8532,2.0
4235.7,1212.14,0.28617,41.5131,558637.6,63.8828,2647.22,16.0,43.6431,8.898
6769.09,2310.07,0.34126,64.4365,963053.3,90.3005,3972.27,74.0,36.9035,13.134
15013.7,4013.03,0.26729,183.611,2126297.2,216.358,5682.41,65.0,23.0403,1.439
8708.91,2248.83,0.25822,94.4445,1187863.5,117.619,3454.62,112.0,33.8694,1.547
4829.71,1469.96,0.30435,43.7378,665816.3,61.3148,1879.02,15.0,43.6648,2.35
13154.5,3945.38,0.29992,98.4628,1851804.1,192.686,4129.66,120.0,33.2016,2.822
17082.9,4817.39,0.282,208.695,2368890.0,279.373,5741.46,202.0,21.9333,2.187
4172.77,1342.97,0.32184,33.0683,576921.8,48.0218,1396.87,30.0,44.3385,2.473
9371.89,2336.6,0.24932,104.783,1323075.5,157.333,3818.82,15.0,34.19,0.57
12794.0,5363.41,0.41921,99.0023,1803149.1,188.131,4151.08,32.0,30.325,15.054
5620.72,2444.91,0.43498,39.9646,741846.3,96.6698,3831.07,20.0,40.7984,13.917
5333.88,1814.54,0.34019,37.5466,725917.44,70.3136,2251.04,61.0,42.7742,14.761
7885.88,1896.13,0.24044,68.3674,1036099.0,97.2674,3292.45,17.0,38.2066,5.435
12944.5,4426.24,0.34193,157.285,1804447.1,206.138,4861.82,85.0,28.2977,5.659
5206.82,1914.89,0.36776,31.9389,711940.3,75.236,2037.38,10.0,42.652,10.306
9225.58,2813.88,0.305,113.432,1266111.9,155.573,4131.36,83.0,32.1038,1.043
9947.53,3065.35,0.30815,106.782,1392618.2,173.182,4256.8,55.0,32.9639,4.362
8439.07,2481.56,0.29405,98.9949,1179714.9,112.298,3630.6,96.0,36.8964,2.387
3641.74,1233.07,0.33859,25.6238,499595.53,44.4721,1393.65,21.0,43.0411,9.97
20982.6,6181.96,0.29462,294.174,2859802.2,329.973,6522.83,289.0,18.7365,2.117
7475.05,1774.67,0.23741,68.8086,974915.5,90.9322,3301.84,16.0,38.3931,11.111
9704.83,2292.55,0.23622,111.434,1349409.9,136.658,4274.14,57.0,34.1216,1.857
7357.36,2279.47,0.30982,56.5533,1065245.5,88.2547,3452.17,25.0,37.9701,16.061
6217.19,1747.5,0.28107,61.05,887629.2,79.021,3245.37,42.0,40.0575,14.303
7949.25,2722.32,0.34246,88.5859,1105462.4,111.047,3589.84,112.0,35.8383,3.236
18651.0,5153.71,0.27632,255.821,2510065.2,307.051,5756.88,315.0,20.6362,2.904
10775.0,2283.41,0.21191,122.521,1468920.9,173.61,3911.27,74.0,33.156,1.737
10935.7,4663.84,0.42647,140.015,1477535.9,210.359,3918.26,110.0,33.2245,19.136
7709.81,2686.83,0.34849,93.0238,1087623.9,113.767,3055.7,29.0,34.931,3.534
6191.95,891.68,0.144,47.7625,876674.56,73.0415,2688.24,1.0,42.1025,0.591
7201.98,1797.8,0.24962,54.3212,995217.8,78.3246,2633.71,40.0,41.1106,12.362
16207.9,5688.54,0.35097,227.742,2218632.5,272.86,5362.47,126.0,24.308,2.377
5510.89,1983.67,0.35995,48.6314,782790.0,80.0552,2357.24,30.0,43.1467,3.423
9131.26,3345.02,0.36632,63.4395,1246619.1,131.898,4757.34,55.0,33.4751,18.728
13580.7,3704.43,0.27277,164.024,1897645.1,213.588,4981.15,206.0,28.0365,2.135
6132.97,2021.87,0.32967,55.6731,844732.2,93.4546,3708.99,71.0,36.6568,1.364
6881.2,2538.09,0.36884,65.5753,911250.94,105.8,3298.67,67.0,38.4154,16.119
12307.9,3408.5,0.27693,110.283,1730312.6,172.59,5499.59,64.0,27.2124,4.479
5586.64,2223.45,0.39799,34.0915,788920.94,77.5617,2595.56,47.0,42.7253,3.592
8167.66,2476.37,0.30319,89.8514,1160255.2,112.091,3927.96,26.0,35.2576,1.571
23784.7,5446.79,0.229,318.537,3270680.8,396.237,6283.74,159.0,19.6889,1.364
4642.68,1199.06,0.25826,36.3234,647324.3,59.0786,1780.38,41.0,44.284,12.143
4702.17,831.42,0.17681,45.2612,640066.06,58.6098,2616.75,12.0,43.1445,2.254
15651.1,5384.95,0.34406,178.417,2127863.0,259.368,5486.3,255.0,23.1343,20.127
18414.5,6744.4,0.36625,243.217,2524198.5,267.523,5634.7,114.0,22.4298,2.358
7574.93,2224.27,0.29363,67.1167,1094785.5,95.212,2843.51,35.0,39.8828,17.165
9171.82,2292.49,0.24994,100.284,1247680.2,154.027,4111.27,73.0,33.1992,0.641
16201.5,5904.51,0.36444,165.008,2286974.5,287.709,4605.84,98.0,29.4479,4.569
4109.09,1241.46,0.30212,35.3908,587807.2,52.5224,1821.83,5.0,40.2804,9.84
14486.1,5791.26,0.39978,162.299,2027594.5,227.852,5007.84,154.0,27.5946,11.827
13423.9,4802.13,0.35772,159.775,1864850.2,221.406,4868.24,133.0,28.6095,7.094
14913.6,3886.47,0.26059,188.28,2107831.0,211.024,5684.93,66.0,22.9465,1.399
5957.05,1748.24,0.29347,43.1966,870833.7,70.9541,2495.7,25.0,41.5847,2.249
4513.92,1306.36,0.2894,39.3895,620210.75,58.3714,2385.26,53.0,40.2561,12.762
7916.78,2491.08,0.31465,71.0284,1073817.4,110.308,3544.2,79.0,35.3833,2.869
7690.48,1900.27,0.24709,78.1958,1068852.9,106.215,4216.43,55.0,38.1364,2.398
9301.94,2727.26,0.29319,93.88,1252072.5,133.439,4096.28,39.0,31.17,14.377
20240.1,6044.69,0.29864,178.879,2894401.2,256.116,5773.2,195.0,22.6013,7.45
7843.28,2020.11,0.25755,86.6263,1088657.1,109.597,3850.87,51.0,36.0558,3.062
4000.26,1087.13,0.27176,33.732,569494.4,46.039,1773.46,12.0,44.4694,1.73
10952.2,3602.76,0.32895,111.706,1543060.6,167.761,4487.85,80.0,33.5977,3.308
6749.73,1986.69,0.29433,75.4353,905049.6,111.05,3451.09,84.0,37.4028,2.675
9809.8,2623.83,0.26747,104.9,1398772.0,151.5,3937.31,46.0,33.276,1.736
8043.79,2271.46,0.28238,92.3342,1141102.4,108.942,3543.62,92.0,36.9556,2.077
11543.0,3133.01,0.27142,149.64,1642562.9,151.897,4100.25,122.0,30.2474,2.823
10597.4,2518.31,0.23763,116.698,1428493.8,182.601,3888.57,69.0,33.1486,1.264
6956.94,1924.15,0.27657,62.7816,973042.75,95.1835,3580.29,35.0,37.9278,1.866
14488.4,4119.77,0.28434,163.057,1993514.6,194.934,4952.64,86.0,27.8782,4.275
6348.45,1540.91,0.24272,54.1356,908505.0,70.6361,3008.27,30.0,40.1534,6.367
14038.3,4928.9,0.3511,189.935,1905393.0,258.641,4638.15,31.0,29.1153,2.154
20438.0,8054.53,0.39409,182.916,2908616.2,311.945,5456.76,90.0,28.0448,18.54
7248.16,2074.22,0.28617,81.5009,978444.75,111.356,3099.83,81.0,38.8531,1.431
11097.7,2435.68,0.21947,128.483,1520375.2,175.957,3932.69,50.0,32.9968,1.314
14713.9,4375.23,0.29735,188.457,2077584.1,198.302,5032.54,192.0,46.5464,2.954
5858.69,1351.7,0.23071,54.8654,772463.6,76.6697,2948.74,53.0,39.3978,4.887
23334.7,6775.05,0.29034,307.922,3236436.8,370.047,6355.53,92.0,17.5413,3.316
5970.31,2000.5,0.33507,42.6827,825415.56,73.6511,2581.74,35.0,41.9669,15.181
12102.5,3289.36,0.27179,150.709,1725714.2,174.967,4709.48,30.0,29.378,1.564
8380.22,2623.03,0.313,101.177,1147901.9,144.749,3270.55,9.0,35.719,1.943
14756.8,4152.56,0.28139,187.28,2052008.9,219.019,5616.61,139.0,22.9352,1.25
5247.3,2079.9,0.39637,34.7481,745029.7,68.8069,2516.76,39.0,42.7611,4.235
3924.66,1467.9,0.37401,26.1881,547677.9,50.2305,1597.21,19.0,44.7247,7.327
14788.7,4124.31,0.27888,156.377,2075925.8,184.745,5111.51,31.0,46.5464,1.706
7960.78,3392.81,0.42619,72.5393,1106101.4,120.715,3538.02,89.0,37.0162,15.507
8188.19,2973.51,0.36314,72.3689,1156207.6,103.584,3664.95,38.0,37.109,18.924
14349.4,5210.74,0.36313,151.931,2043631.1,240.16,5740.88,66.0,24.7548,2.473
7310.91,2268.35,0.31026,57.6104,994997.4,90.8523,3392.5,30.0,37.9597,3.72
11640.0,4041.45,0.3472,84.4139,1581670.9,169.044,4187.88,127.0,32.7255,4.405
8357.05,1550.51,0.18553,77.435,1193718.4,96.195,3949.9,14.0,36.1294,1.045
8769.2,2147.14,0.24485,81.9055,1256747.9,117.546,4016.77,31.0,34.757,2.434
8841.79,2775.42,0.31389,91.152,1209695.9,112.744,3735.24,32.0,31.965,19.776
14109.5,4518.52,0.32024,151.957,1999969.0,201.628,5753.68,79.0,24.8467,2.154
13005.6,3717.15,0.28581,140.247,1830148.2,170.931,4870.85,49.0,28.9148,4.912
7728.0,3031.39,0.39226,91.5148,1099844.9,131.207,2984.56,101.0,37.2177,14.395
10916.6,3905.48,0.35775,99.4556,1524921.5,168.665,5447.33,51.0,32.5011,1.961
18088.3,6405.15,0.3541,195.784,2627868.8,316.74,5353.5,243.0,24.0932,13.054
14933.8,4344.87,0.29094,188.294,2072218.6,225.115,5614.16,148.0,22.799,1.074
5672.74,1266.75,0.2233,50.2882,812326.7,75.2037,2272.41,74.0,42.6625,11.599
11463.8,5285.65,0.46107,109.72,1650815.4,187.793,4590.11,127.0,30.1567,18.48
4093.99,1300.91,0.31776,35.1845,562545.7,49.0,1411.89,17.0,44.2805,1.56
6628.37,2253.63,0.33999,67.178,881100.2,101.263,3314.71,70.0,39.0272,11.521
15706.8,5129.92,0.3266,157.232,2205275.8,197.376,5057.24,34.0,28.8953,9.068
7455.28,2201.05,0.29523,75.7381,1006898.4,100.175,3090.0,121.0,35.1777,14.917
4502.41,1245.6,0.27665,36.0553,624706.6,55.6671,1845.25,15.0,43.5644,12.697
10332.2,2773.16,0.26839,126.333,1441749.4,159.231,4694.31,68.0,29.6356,2.149
6975.76,2518.74,0.36107,77.8093,956220.06,97.0954,3262.79,71.0,38.5945,1.469
11710.7,4391.83,0.37502,121.287,1682376.5,193.013,4922.5,75.0,26.5112,19.834
10372.3,3464.9,0.33405,106.171,1472704.6,149.584,3886.27,68.0,34.7168,3.298
15524.2,5812.84,0.37443,172.074,2153320.2,252.058,5667.63,118.0,26.3651,19.315
9480.73,1766.88,0.18636,106.999,1360318.2,127.48,4172.22,44.0,33.8813,1.031
7759.03,2140.6,0.27588,90.7006,1055388.4,92.9222,3712.46,25.0,35.9947,12.095
7124.53,2358.13,0.33098,66.0714,988722.7,84.8149,3309.59,29.0,37.8456,7.514
7495.32,2445.23,0.32623,72.6487,1024262.6,104.07,3384.46,70.0,36.0639,13.878
6371.32,1593.02,0.25002,55.5545,931849.94,63.6751,3024.79,14.0,40.1962,5.846
11439.0,4917.17,0.42986,95.1605,1584360.9,182.234,3882.9,38.0,34.8064,19.231
5511.56,1814.08,0.32914,36.4576,745244.44,79.0707,1944.9,7.0,42.6385,13.999
6284.75,2046.94,0.32569,63.6871,817774.7,92.667,3611.66,60.0,38.4429,6.134
15341.2,5399.46,0.35195,179.72,2151499.0,263.766,5454.99,163.0,23.6125,1.947
10233.8,2372.91,0.23186,92.5693,1407728.5,122.814,3998.73,158.0,35.2258,5.309
10016.9,4067.28,0.40604,99.4639,1402106.2,148.642,4563.65,91.0,31.0481,13.294
9413.08,4075.91,0.433,95.0306,1331663.9,150.287,3604.44,16.0,34.0833,4.265
8223.66,2107.76,0.2563,64.8089,1146342.1,94.9477,3569.18,49.0,36.7571,13.824
20763.0,5657.66,0.27248,298.523,2822631.2,326.286,6474.82,284.0,19.3489,1.918
9907.73,2914.57,0.29417,116.118,1367213.5,170.25,3716.8,27.0,33.8437,3.209
6950.54,1624.81,0.23376,75.5353,938682.3,83.0627,3272.72,35.0,37.5918,17.119
10958.1,3788.41,0.34571,103.557,1533021.8,141.031,3981.35,43.0,33.5522,15.173
9722.2,2314.63,0.23807,112.104,1362273.5,151.422,4196.85,57.0,33.6433,2.972
11521.1,3868.91,0.33581,130.819,1587028.0,167.556,4951.38,69.0,29.0158,6.298
8436.32,1681.79,0.19935,71.9176,1211314.8,109.273,4042.09,102.0,35.0651,1.042
6101.33,1329.27,0.21786,55.1729,831695.56,81.9459,2854.31,17.0,39.9814,0.942
9466.2,3478.28,0.36744,92.4839,1352155.1,136.128,3509.73,80.0,36.3496,16.484
24653.5,9627.22,0.3905,169.905,3422641.8,419.831,16064.11,126.0,25.5024,18.757
5793.87,1560.92,0.2694,62.909,727023.0,93.3032,3109.94,20.0,39.2032,2.32
17201.2,5923.34,0.34435,160.41,2426210.0,235.889,5740.9,91.0,24.1517,6.514
9034.34,2556.23,0.28294,63.0622,1242998.0,123.027,4025.17,58.0,35.3211,15.46
11088.4,3094.08,0.27903,133.491,1551331.9,164.687,4271.25,44.0,32.345,2.419
7730.12,2498.62,0.32323,77.7931,1080348.4,106.524,3691.78,55.0,36.9776,14.458
8413.77,2905.58,0.34533,63.6938,1171548.5,115.755,3757.54,34.0,38.9688,13.975
8287.55,3126.43,0.37724,66.0163,1148331.2,123.746,3695.58,37.0,32.7644,14.119
10117.2,3766.29,0.37226,133.069,1331863.6,190.569,4478.76,188.0,30.8148,3.454
14245.4,2998.8,0.21051,176.143,2014997.5,195.03,4059.78,138.0,32.0924,1.536
6895.31,1963.48,0.28475,78.0023,938739.06,109.618,3040.38,81.0,39.1336,0.763
10116.1,2672.71,0.2642,108.782,1420703.5,148.674,3963.72,36.0,33.7883,1.768
8203.08,3096.21,0.37744,87.2263,1146140.6,123.099,3112.44,68.0,37.158,14.499
7970.54,2201.73,0.27623,65.0198,1106678.2,109.616,3334.42,94.0,37.0329,1.85
10709.5,3638.87,0.33977,96.936,1498227.8,143.332,4759.57,138.0,31.5935,13.869
20814.3,7775.92,0.37358,242.789,2813072.8,321.794,6003.3,264.0,27.5594,4.443
7229.26,2516.07,0.34803,61.4273,977426.0,111.89,3510.88,56.0,37.1771,16.538
7986.63,2217.16,0.2776,92.0419,1070568.8,106.769,3319.16,34.0,31.4844,20.813
12496.1,3505.31,0.28051,169.75,1740266.0,200.005,4771.1,62.0,28.2337,3.541
10631.7,3684.78,0.34658,129.558,1431924.6,165.751,4114.52,49.0,33.7223,1.679
6902.41,2138.07,0.30975,65.3005,938860.7,104.013,3116.25,34.0,36.7901,4.45
9141.62,3085.78,0.33755,106.39,1266923.0,127.556,3618.49,11.0,35.5022,2.645
7671.31,2236.08,0.29148,71.3974,1096044.0,93.3053,3420.5,26.0,34.0609,17.144
3375.34,1315.03,0.38959,25.9502,454954.84,44.0744,1358.21,1.0,45.3838,3.901
10385.1,4018.65,0.38696,90.7923,1440384.8,152.238,3890.02,0.0,35.6723,17.61
5412.04,1296.37,0.23953,55.7354,703783.94,88.3175,3507.36,20.0,41.6373,13.338
3991.56,1229.2,0.30794,34.689,544634.44,52.4924,1387.23,32.0,44.4836,11.231
7686.87,2519.94,0.32782,61.5514,1071062.8,100.284,3664.67,15.0,36.9033,15.986
16004.5,4832.47,0.30194,187.77,2173728.5,268.457,5289.15,209.0,25.0904,2.665
8743.49,2664.57,0.30474,101.136,1168350.8,141.472,3841.94,45.0,35.7409,12.395
7346.8,1932.08,0.26298,65.6686,1019650.06,95.5952,2988.33,88.0,38.418,2.13
7656.55,1624.03,0.2121,69.2126,1037540.6,98.4864,3458.36,21.0,37.6253,3.463
14601.0,5014.15,0.34341,111.411,2068122.2,218.51,8414.97,100.0,33.4871,2.829
4953.2,1291.85,0.26081,43.8166,692823.7,60.5558,1874.05,14.0,43.9287,5.697
6436.3,2246.23,0.34899,79.3287,873061.6,93.4823,3244.38,56.0,38.5127,1.551
8181.47,2921.6,0.35709,71.6777,1133476.9,117.353,3729.43,121.0,35.8198,16.295
13675.1,2929.73,0.21423,174.09,1926146.2,214.581,4828.74,86.0,27.7895,3.262
8631.4,2076.86,0.24061,94.1754,1169891.2,125.556,3519.33,10.0,36.7359,1.237
11613.0,2950.52,0.25407,147.279,1606889.0,183.686,4155.48,62.0,31.9145,2.873
7709.07,2559.81,0.33205,64.3966,1022914.7,104.518,3910.1,62.0,38.9622,4.029
8417.3,1719.07,0.20423,82.9132,1211096.2,117.122,4008.3,92.0,35.1129,1.372
7969.72,2768.96,0.34743,74.775,1083604.2,111.187,3110.45,19.0,38.5213,7.333
15002.5,5033.91,0.33553,96.6897,2082058.0,222.602,15244.7,61.0,31.7999,9.048
11923.2,3001.77,0.25175,151.26,1647839.5,196.564,4265.03,69.0,32.9266,1.897
6985.19,1940.29,0.27777,62.9883,963652.4,96.7436,2873.44,36.0,41.0157,6.41
20794.8,7256.15,0.34894,258.576,2826944.2,324.22,5422.03,259.0,24.1718,6.37
7015.6,2233.66,0.31838,68.2559,1001333.3,81.3844,3606.24,78.0,38.9163,14.561
13783.1,4867.5,0.35314,124.855,1974900.5,212.703,4945.29,136.0,27.8231,18.882
14910.1,4745.84,0.31829,174.824,2070644.6,232.173,5141.15,175.0,27.111,2.723
7138.95,2267.54,0.31762,72.9293,958379.8,103.551,3376.21,79.0,36.5698,4.834
5800.56,1182.88,0.20392,52.354,801875.9,75.4205,2715.53,17.0,40.5958,1.123
9607.88,2931.69,0.30513,52.3938,1307493.1,134.287,4567.62,26.0,34.7962,15.519
18076.9,4813.93,0.2663,181.397,2520549.0,267.14,4966.85,45.0,27.1774,7.398
7024.74,1858.02,0.26449,66.5549,964995.5,88.5714,3063.52,49.0,39.7411,2.082
13000.7,4040.8,0.31081,167.063,1829356.1,218.923,5041.92,193.0,27.3804,2.806
6606.65,2093.36,0.31685,65.6332,868494.75,114.913,2826.53,5.0,39.0581,16.036
9996.41,3383.44,0.33846,90.0073,1402154.1,131.486,3846.67,29.0,36.1621,12.595
9052.43,1878.86,0.20755,100.24,1286690.1,119.722,3807.29,41.0,35.2675,2.756
10839.7,3463.35,0.3195,121.903,1484577.9,154.842,4894.52,70.0,29.1718,3.416
8992.09,2340.11,0.26024,72.8667,1225376.2,99.3815,4255.59,43.0,39.7624,12.818
12732.6,3348.49,0.26298,156.858,1785730.2,214.193,4345.64,75.0,29.361,1.422
9116.78,2621.05,0.28749,98.1966,1257951.0,151.672,3291.7,12.0,36.4994,1.277
10655.5,3194.58,0.2998,129.346,1433912.4,161.433,4050.38,38.0,46.5464,1.679
16463.8,4632.48,0.28137,214.846,2301118.8,267.159,5685.41,175.0,22.1773,2.308
13498.7,4327.03,0.32055,125.684,1939242.1,176.089,5055.97,48.0,31.6211,18.296
10371.2,3580.34,0.34521,98.551,1422654.5,144.435,3962.85,12.0,34.1778,2.937
10048.1,4075.13,0.40556,91.958,1393950.1,129.566,4744.11,32.0,32.1941,17.819
8876.49,3080.5,0.34704,88.2696,1194564.6,145.044,3899.31,23.0,34.2383,5.196
7348.92,2567.5,0.34937,72.4445,1013905.7,105.591,3558.06,50.0,36.6761,11.722
11381.8,2858.61,0.25115,150.816,1574307.6,188.381,4035.5,72.0,32.0077,1.998
7167.21,1668.31,0.23276,88.104,996289.06,95.2916,3943.53,126.0,35.1496,13.617
9886.73,2853.66,0.28863,92.6666,1403930.1,125.977,3678.48,84.0,35.7397,16.974
6063.03,1796.48,0.2963,53.636,862172.2,74.284,3106.63,55.0,39.4333,12.973
29383.3,11301.3,0.38461,272.093,4100187.8,377.577,5981.68,177.0,23.4226,17.938
10107.7,1727.95,0.17095,93.5594,1397185.0,114.683,3824.72,106.0,32.8478,11.492
5012.21,988.27,0.19717,45.6101,718763.0,58.9437,2202.73,76.0,42.7872,0.806
5445.53,1067.68,0.19606,50.8647,784925.0,69.4956,2840.52,58.0,40.2841,1.433
8840.23,2539.81,0.2873,74.9564,1226489.4,113.693,3852.45,104.0,34.2675,16.274
14607.3,4047.62,0.27709,187.708,2030371.9,223.58,5613.65,140.0,23.5468,2.387
19105.7,5966.14,0.31227,246.722,2683423.8,293.65,5696.48,130.0,21.3338,4.455
16359.9,4965.47,0.30351,200.735,2152670.5,260.267,5847.86,241.0,22.5137,2.318
12476.6,4115.64,0.32986,165.413,1757110.9,222.823,4842.87,47.0,26.1595,3.328
4134.03,1221.4,0.29545,32.9201,567959.1,50.4351,1404.15,17.0,44.3677,1.43
6211.55,1012.72,0.16303,61.6682,818809.06,83.2813,3082.02,57.0,39.6253,12.118
5456.76,1336.39,0.2449,50.8028,767491.6,73.0503,3090.22,15.0,39.1942,10.238
10899.7,2755.01,0.25276,135.84,1511807.5,171.994,4676.65,164.0,27.3389,0.849
21631.6,6806.41,0.31465,244.975,3021215.5,340.021,5534.63,70.0,23.3366,3.543
10962.9,3360.1,0.30649,123.824,1449933.1,166.015,4265.53,39.0,33.7277,1.861
7259.52,2552.3,0.35157,77.0133,1053437.9,118.917,3244.09,77.0,35.0799,14.119
14300.5,5178.15,0.36209,194.231,1934149.6,233.565,5317.24,114.0,25.0736,6.681
9302.33,2814.86,0.30259,101.986,1274823.8,128.274,3437.54,16.0,46.5464,2.395
9662.64,2605.67,0.26966,107.51,1371451.8,150.804,3929.06,38.0,32.3553,2.083
8226.21,1758.43,0.21375,80.151,1163415.2,86.5151,3472.2,25.0,35.783,11.744
8208.65,2293.62,0.27941,96.5249,1162797.0,108.197,3549.82,91.0,36.8754,2.035
6723.92,1509.74,0.22453,68.1816,939934.94,85.652,3596.56,41.0,37.8584,2.365
7100.26,2144.7,0.30205,57.2757,961820.4,100.955,2913.93,15.0,38.6264,5.652
15117.1,3760.87,0.24878,183.838,2144698.2,208.076,5667.95,67.0,22.9925,1.186
12629.1,2572.39,0.20368,155.348,1721765.8,199.966,5065.84,138.0,29.843,0.688
6294.24,1490.53,0.2368,50.324,856291.75,76.4792,2584.52,30.0,41.165,3.169
13002.9,3233.0,0.24863,132.178,1831328.9,176.849,4446.19,67.0,31.0724,6.063
7635.83,1926.13,0.25224,74.6733,1031202.8,121.852,3539.3,40.0,36.3331,1.936
10969.5,4105.89,0.3743,87.0915,1550797.9,171.583,4609.77,94.0,31.9223,17.249
9410.59,3178.69,0.33777,133.123,1240981.0,176.286,4423.48,181.0,31.1939,2.471
8281.61,1872.4,0.22609,60.9547,1169610.0,88.3731,3146.73,30.0,38.0545,13.814
7932.57,1936.34,0.24409,58.2707,1111696.5,84.8581,3500.4,20.0,39.4473,8.737
12131.3,4823.71,0.39762,99.396,1686541.0,180.92,4094.79,47.0,33.3562,18.242
7584.72,3042.68,0.40115,56.0875,1025921.44,117.032,3110.85,36.0,39.7239,13.815
16904.6,6583.82,0.38946,201.514,2245641.8,250.111,5701.67,105.0,23.0763,19.478
6144.03,1302.32,0.21196,54.8006,832904.1,76.3814,2477.2,24.0,39.0858,5.241
10710.5,2913.45,0.27201,119.234,1513001.9,149.358,3783.98,76.0,35.1789,2.79
9065.45,3362.87,0.37095,118.888,1262972.5,158.706,3870.22,69.0,34.608,2.895
3837.54,782.28,0.20384,43.1234,523577.7,52.3235,2503.06,17.0,42.6773,13.289
8002.05,2039.37,0.25485,84.1461,1111437.0,99.6064,3685.55,23.0,35.9248,12.421
7541.08,2246.91,0.29795,81.5282,1014590.2,116.322,3095.26,85.0,39.0206,3.851
13129.1,4018.93,0.3061,135.566,1859047.1,164.219,4842.84,59.0,29.1408,13.911
17444.3,4995.87,0.28638,261.319,2388207.8,245.609,4839.53,292.0,27.2435,4.341
10493.8,2660.97,0.25357,113.281,1481898.1,146.335,4363.89,67.0,32.8573,8.811
9353.92,2180.78,0.23314,82.2724,1320918.6,118.422,4284.29,34.0,34.9494,2.185
7367.75,2746.3,0.37274,63.8374,1075218.0,96.5375,3219.07,30.0,38.8201,1.326
5675.8,1973.91,0.34777,49.1158,797873.06,76.953,2546.3,24.0,41.5475,2.643
6652.36,1909.36,0.28701,55.5581,916895.75,106.399,3067.08,51.0,39.8247,10.816
4529.99,897.92,0.19821,40.5246,598227.25,71.1787,2584.3,11.0,43.8069,2.059
6238.9,1443.92,0.23143,48.3645,882554.1,70.593,3246.01,62.0,39.0858,2.401
12346.9,3974.88,0.32193,84.8556,1653217.6,182.912,4364.42,113.0,30.9324,6.662
6352.93,1314.01,0.20683,55.3459,859898.4,73.1578,2503.58,22.0,41.1583,14.674
5653.71,1536.03,0.27168,65.7535,707961.8,87.6816,3098.57,16.0,39.4933,2.32
6039.41,1597.83,0.26456,52.3828,786809.7,100.055,3858.21,21.0,39.6919,1.802
9044.79,2810.8,0.31076,62.2669,1277341.9,116.356,3281.91,12.0,35.9643,15.142
16238.8,5181.54,0.31908,181.571,2237288.8,280.543,5267.3,111.0,23.5971,6.811
7484.75,1586.72,0.21199,73.2904,1036559.1,90.1022,3755.75,33.0,37.0527,6.414
12344.2,2328.59,0.18863,152.21,1682362.2,191.458,4949.96,138.0,29.6378,0.711
7782.6,2312.21,0.29709,66.3943,1089151.9,99.0816,3174.82,94.0,37.4788,3.364
9204.6,2782.38,0.30228,103.035,1253199.2,156.15,4050.6,57.0,33.8252,2.779
8926.6,2439.42,0.27327,82.5728,1255332.9,115.463,4432.7,46.0,33.7552,1.408
6557.86,2354.67,0.35906,80.2877,896189.75,91.2081,3266.93,60.0,38.4477,1.361
7716.31,2162.65,0.28026,64.8714,1079864.6,93.2323,3236.68,12.0,39.2761,14.482
19440.5,7283.4,0.37465,235.166,2646361.2,356.501,5195.46,117.0,25.4772,5.62
14682.8,6816.14,0.46422,194.262,1908113.2,270.391,3962.65,242.0,32.0497,20.99
7883.06,2718.86,0.34489,71.273,1084866.9,106.431,3239.09,17.0,34.143,2.576
5534.61,1950.54,0.35242,39.919,761794.56,69.8124,2343.95,50.0,42.3281,14.304
7999.27,2055.55,0.25696,73.1746,1099966.1,96.9736,3319.79,53.0,37.2239,13.106
6099.5,2534.46,0.41551,45.7407,848790.56,82.8123,2212.03,37.0,39.4936,9.355
7837.64,1988.49,0.25371,84.715,1094896.9,129.578,3141.9,4.0,37.4335,0.625
5201.77,2112.7,0.40615,34.9168,737209.2,69.4253,2593.12,39.0,42.7732,2.772
10954.3,2561.35,0.23382,90.5425,1518452.5,139.92,4080.2,155.0,33.3177,6.305
9277.23,3179.47,0.34271,88.6872,1293668.6,132.269,3746.48,20.0,37.6598,3.58
5812.58,2141.1,0.36835,60.5112,817698.4,81.3577,2628.88,25.0,41.0805,4.907
5800.94,1898.93,0.32734,53.5386,794389.1,86.558,2396.8,94.0,41.4551,14.797
5456.23,1454.68,0.2666,49.5352,695808.6,77.8621,2320.63,24.0,42.7109,3.431
11970.9,3345.7,0.27948,164.222,1674562.4,187.518,4719.41,111.0,29.2042,2.629
9411.86,2189.14,0.23259,113.377,1314684.5,129.339,4230.66,57.0,34.0215,1.525
8146.79,1475.06,0.18106,76.3597,1142961.2,91.497,3278.29,31.0,37.2321,16.74
7033.67,1669.94,0.23742,55.6956,992762.5,78.7748,3083.16,35.0,39.4687,15.674
6807.01,2238.06,0.32878,70.1349,928561.3,95.9334,3188.48,38.0,38.8419,2.366
7571.29,2421.31,0.3198,85.2271,1018640.06,95.5943,3486.3,27.0,36.549,16.763
7332.7,2300.01,0.31366,57.5666,1058206.9,92.4008,4563.22,33.0,36.6851,11.926
9914.16,3520.31,0.35507,96.7645,1392156.1,137.12,3290.52,72.0,37.2912,18.386
10942.3,3920.46,0.35828,95.1903,1499833.9,134.447,4522.59,20.0,31.6662,16.797
8398.63,1963.85,0.23382,105.027,1180936.5,149.754,4125.24,58.0,31.6804,3.321
8496.73,2471.53,0.29088,93.4023,1199190.2,114.375,3630.67,89.0,36.4057,2.277
8111.48,1888.72,0.23284,72.936,1180769.1,90.4016,3141.21,28.0,37.9605,1.679
12213.3,3660.75,0.29973,158.353,1717123.5,225.922,4204.36,85.0,30.223,1.607
10738.5,4314.69,0.40179,133.413,1467156.0,201.463,4599.32,174.0,29.8461,3.125
15581.1,4930.45,0.31643,148.985,2183619.0,191.713,4786.97,126.0,46.5464,2.858
11437.8,3211.71,0.28079,143.015,1539361.5,177.848,4600.17,60.0,31.0192,3.803
4444.9,791.57,0.17808,42.7564,600722.75,66.5333,2591.59,11.0,43.1436,2.304
15357.8,5239.26,0.34114,135.535,2146352.0,221.479,5115.9,90.0,28.2172,18.055
12995.7,3656.39,0.28135,164.209,1816623.8,218.883,4307.65,83.0,30.5843,1.7
8500.67,2696.89,0.31725,89.5309,1127739.5,110.169,3497.44,32.0,36.2847,12.942
7414.88,2508.74,0.33833,65.7423,1043468.94,87.3229,4114.1,50.0,37.5394,5.64
7368.97,2298.65,0.31193,83.3489,988125.44,127.309,3348.38,26.0,35.635,14.904
5385.52,800.35,0.14861,53.3871,741216.94,58.8134,2942.19,20.0,40.0376,3.551
23280.5,7013.73,0.30127,250.788,3223217.8,358.636,6981.09,202.0,21.4438,7.735
12947.4,4153.13,0.32076,167.201,1866786.0,256.591,4707.39,114.0,26.4104,3.581
33038.8,13154.6,0.39815,256.362,4445868.0,461.69,6845.53,247.0,46.5464,4.022
5674.45,2542.75,0.4481,58.9339,783066.0,102.018,2196.8,64.0,41.1597,12.329
5653.56,1374.47,0.24311,52.55,767241.5,90.6976,2884.7,54.0,40.7042,11.918
8170.44,2411.83,0.29518,94.965,1100402.9,134.788,3985.89,33.0,35.2747,5.092
10985.4,2880.77,0.26223,127.365,1520273.8,162.977,3622.35,49.0,34.9189,2.417
8249.33,2012.13,0.24391,92.8277,1106974.0,131.849,3494.71,9.0,36.7518,1.201
12561.5,3399.04,0.27059,135.464,1691993.1,201.547,4484.21,82.0,30.4446,4.712
9152.3,1475.46,0.16121,97.4157,1298864.2,122.472,3924.86,43.0,35.2567,0.839
6093.92,1792.77,0.29418,64.9603,754198.06,95.966,3111.27,29.0,39.3214,2.695
20817.2,6782.01,0.32578,253.044,2895078.8,335.895,5501.21,70.0,23.1645,3.719
6523.39,1706.34,0.26157,70.7457,908836.1,88.2901,2830.86,76.0,39.5639,7.006
8356.16,2207.07,0.26412,82.0882,1181910.0,117.227,3932.73,40.0,34.5893,2.576
6834.05,2252.78,0.32964,59.9516,935370.2,87.6016,3254.06,30.0,38.5642,4.58
10562.4,2961.54,0.28038,125.81,1469617.2,160.008,4601.2,77.0,29.8981,1.751
13856.7,5106.64,0.36853,179.655,1880342.2,253.444,4641.41,111.0,28.0698,12.102
7185.65,1919.15,0.26708,61.0562,968514.4,99.2301,3124.56,47.0,36.5908,11.143
9915.29,4147.43,0.41828,91.4559,1411995.0,149.042,3868.42,16.0,36.1264,8.834
12267.8,4274.82,0.34845,159.057,1705183.2,206.758,4806.17,85.0,28.6766,4.266
10161.5,2927.02,0.28804,131.366,1388921.9,143.901,4865.39,63.0,29.4538,3.612
8311.2,2216.39,0.26667,86.9096,1170767.0,124.56,3590.71,16.0,36.214,2.15
11989.7,4016.86,0.33502,111.678,1721875.8,177.024,3764.47,161.0,35.9574,17.419
6188.67,2264.24,0.36586,42.2408,871786.56,87.3875,3106.33,56.0,39.0154,14.617
8421.58,2657.66,0.31557,71.731,1136736.6,124.708,4476.8,61.0,34.1005,6.037
10749.9,4276.76,0.39784,76.7981,1446950.2,160.517,4645.56,34.0,33.4166,18.443
17941.4,4110.29,0.22909,209.464,2548170.0,269.745,5668.45,99.0,23.0205,1.557
5666.19,1687.83,0.29787,60.9064,752670.56,87.4717,2679.02,33.0,41.0414,4.131
16840.9,5562.83,0.33031,182.85,2344140.5,277.206,5604.33,105.0,23.624,7.297
15965.6,3467.48,0.21718,163.519,2247466.5,228.205,4968.13,74.0,27.4177,1.982
7087.79,1955.71,0.27592,75.3268,959090.44,109.762,3085.66,81.0,39.1242,1.195
8045.98,2264.34,0.28142,65.2162,1113393.1,98.5784,3471.15,50.0,36.9116,15.442
15822.6,3843.11,0.24288,233.065,2161287.0,265.493,4838.01,295.0,22.6275,4.691
7051.02,3055.91,0.43339,84.1172,977851.8,128.78,3405.83,99.0,37.3211,17.109
7796.22,3177.66,0.40758,60.8639,1038713.5,129.373,2935.57,64.0,39.3671,16.74
6959.97,2661.39,0.38238,62.2908,1007797.5,94.919,3238.0,31.0,38.8618,1.313
4004.01,1259.28,0.3145,36.2593,550770.75,52.0367,1388.93,16.0,44.0763,1.544
3743.94,1239.44,0.33105,32.5141,525173.2,46.1215,1246.66,40.0,42.7544,2.548
12684.9,4586.94,0.3616,150.241,1737532.8,196.429,4870.25,124.0,28.6345,4.976
10119.6,2640.41,0.26092,99.8019,1396949.2,134.237,3845.9,30.0,33.434,11.945
10789.0,2892.84,0.26812,137.63,1494757.4,171.969,4693.28,173.0,28.8194,0.889
11445.6,2840.01,0.24813,126.823,1603128.6,169.078,4672.98,166.0,28.8541,0.68
5793.03,1726.53,0.29803,58.48,767862.8,89.602,2668.52,32.0,41.1523,4.359
13105.5,4549.32,0.34713,104.71,1819930.9,206.402,7642.15,81.0,31.2072,18.194
6637.92,2364.76,0.35625,82.1417,902556.25,95.0973,3247.85,57.0,38.0623,7.031
8057.81,2643.85,0.32811,89.3821,1143278.5,115.245,3181.29,26.0,37.806,1.692
7082.31,2359.93,0.33321,91.1395,955804.7,113.334,4065.09,88.0,34.532,3.713
14878.6,3112.73,0.2092,182.465,2080087.9,221.718,4880.09,93.0,27.4787,3.133
11979.1,3897.62,0.32536,153.081,1666327.8,190.943,4060.48,88.0,31.9182,18.317
6414.65,2100.38,0.32743,59.2792,909191.9,84.0606,2702.12,46.0,40.597,1.825
8783.68,2065.38,0.23513,96.3106,1181745.1,128.815,3481.57,18.0,36.86,1.173
18716.8,7115.06,0.38014,228.294,2583215.2,325.279,4964.99,182.0,26.4215,10.817
8745.51,2813.29,0.32168,30.5829,1222240.5,102.659,3519.38,82.0,34.3621,12.662
7173.95,2776.41,0.38701,76.4527,952990.7,123.31,3433.53,58.0,36.4902,14.25
6283.75,1797.36,0.28603,62.3613,829006.8,88.6448,2766.96,64.0,39.8425,11.275
5524.69,1162.5,0.21041,56.6686,762273.5,74.9988,2630.79,20.0,40.4169,1.273
6955.36,2329.0,0.33484,65.7979,955338.4,89.0141,3447.55,21.0,37.7222,4.54
8029.09,2432.94,0.30301,88.9825,1135567.2,111.863,3948.75,25.0,35.9859,2.055
15587.0,5503.49,0.35308,168.062,2159780.0,253.951,5158.21,122.0,28.6286,11.524
5965.85,1663.54,0.27884,59.9049,744410.3,97.1705,3120.11,19.0,39.3824,2.415
11181.0,3285.42,0.29383,148.651,1589882.0,156.227,4124.98,123.0,32.1387,4.577
12620.4,3230.67,0.25598,139.085,1786660.5,186.828,4732.04,59.0,30.1281,1.092
7765.64,2915.4,0.37542,65.5836,1042451.7,116.48,2787.93,84.0,38.5801,17.442
7745.78,3602.44,0.46508,87.9191,1039326.75,135.469,4462.7,69.0,32.7357,19.654
5903.49,1972.18,0.33407,69.9432,818354.94,86.6578,2991.36,33.0,40.5203,2.106
8858.77,2762.3,0.31181,72.0079,1250978.4,123.51,3479.83,24.0,36.4552,13.735
15771.9,5027.25,0.31874,217.382,2193874.0,252.025,5323.84,297.0,24.7218,2.046
13327.1,4209.51,0.31586,151.401,1929424.4,232.98,4821.87,67.0,29.5346,1.377
12442.6,3413.4,0.27433,160.756,1747793.6,197.255,4791.97,70.0,28.4736,3.324
9474.09,3689.8,0.38946,98.768,1234679.4,152.023,3720.06,70.0,35.659,14.854
7079.02,3807.73,0.53788,63.9865,952142.56,117.32,4142.59,49.0,34.8536,16.926
15138.2,4913.17,0.32455,163.06,2096682.0,226.956,5330.28,158.0,26.5728,2.787
4773.56,1248.07,0.26145,44.1084,651011.9,58.5296,1881.21,14.0,43.7764,2.638
14483.2,5177.92,0.35751,188.343,1980644.5,265.438,4731.21,56.0,29.136,2.366
10326.4,3143.38,0.3044,116.439,1477929.8,140.124,3820.84,61.0,34.9152,2.282
18958.3,5126.27,0.27039,232.791,2593932.5,290.852,4986.31,103.0,26.2865,4.149
15928.5,5477.2,0.34386,109.002,2285728.5,211.283,6008.03,74.0,25.9031,17.087
9379.53,2106.92,0.22462,104.108,1303098.1,117.782,4023.34,56.0,34.8721,2.838
10016.1,3402.12,0.33966,87.0842,1387421.0,140.217,4004.7,13.0,35.7598,14.473
8551.41,1872.8,0.219,97.9128,1195094.9,128.474,3535.32,33.0,34.7297,2.007
11636.1,4710.11,0.40478,102.632,1624651.5,184.759,5056.61,75.0,32.0531,20.554
4797.49,1695.2,0.35335,45.4318,670951.1,68.2219,2236.69,16.0,39.8006,9.498
10424.2,3277.03,0.31436,110.563,1402676.6,164.175,3861.77,38.0,37.2686,18.192
11402.9,3653.55,0.3204,128.458,1561924.2,161.844,4910.67,77.0,30.9468,3.57
7596.88,1828.59,0.2407,88.4838,1068882.2,103.452,3479.78,96.0,37.5051,1.64
9658.96,2191.23,0.22685,106.349,1341557.4,135.92,4167.8,56.0,34.2182,2.54
5958.99,1932.04,0.32422,57.3023,815787.2,85.0826,3200.29,13.0,39.4474,7.852
5045.39,1134.63,0.22488,43.8354,721273.75,53.2724,2406.79,21.0,42.2826,2.22
10798.9,3309.91,0.3065,110.5,1477598.4,170.756,4486.21,72.0,33.1863,1.25
5368.42,1004.93,0.18719,51.3332,736947.8,61.6683,2985.17,18.0,39.8195,3.964
6039.41,1597.83,0.26456,52.3828,786809.7,100.055,3858.21,21.0,39.7314,1.802
12314.1,3268.11,0.26539,159.124,1724368.4,193.16,4801.94,65.0,28.4878,3.222
13289.2,4331.34,0.32592,139.053,1830578.0,224.977,4403.86,159.0,31.3028,19.032
7865.22,2598.73,0.3304,51.8468,1110171.4,93.3154,3661.82,58.0,39.9164,13.935
7573.13,2773.0,0.36616,60.4885,1021154.1,119.312,3616.01,40.0,36.8053,12.635
14639.3,4476.16,0.30576,166.328,2008840.5,243.635,4826.26,30.0,28.3973,3.109
9983.33,2710.08,0.27146,85.3948,1415848.8,144.961,4042.44,136.0,34.1056,7.91
6245.26,1761.14,0.28199,56.5642,850304.5,101.126,3017.26,45.0,40.4688,12.5
4395.0,981.07,0.22322,42.7806,598752.5,68.6074,2638.53,13.0,42.9279,2.357
8098.75,2756.61,0.34037,72.7552,1127400.4,106.264,3581.45,35.0,36.7691,10.271
6799.33,1766.18,0.25975,71.2738,924855.06,92.5641,3348.32,58.0,36.0934,6.865
8302.88,1622.9,0.19546,64.1801,1169525.1,88.7541,2843.55,30.0,46.5464,7.308
3970.48,1221.05,0.30753,35.4275,540131.06,50.3576,1393.96,34.0,44.466,11.244
8978.5,2280.15,0.25395,81.3358,1283165.9,115.409,3945.87,37.0,34.6748,3.899
9132.5,2794.03,0.30594,81.0636,1293877.8,131.312,4317.93,88.0,33.0563,7.12
8978.04,3690.73,0.41108,92.5281,1262125.0,132.098,3507.39,49.0,35.434,15.507
11636.0,2926.68,0.25151,131.029,1635859.5,151.771,4495.69,56.0,30.58,9.493
8748.53,1863.82,0.21304,76.6861,1182296.2,107.841,3996.0,34.0,37.6428,15.844
11190.0,3447.9,0.30812,118.469,1607419.9,147.385,3924.14,63.0,34.2988,2.446
8966.49,2788.41,0.31098,99.0662,1169294.8,132.236,3723.62,65.0,36.206,13.152
9861.52,3606.39,0.3657,101.819,1326266.0,141.792,4584.42,92.0,32.5149,18.804
6971.94,2023.31,0.2902,73.4434,951350.06,111.953,3050.56,78.0,39.3049,0.888
10276.6,3157.9,0.30729,85.2145,1453607.9,131.658,4847.34,88.0,34.0987,6.265
12009.5,4093.89,0.34088,122.72,1645280.2,180.857,4887.28,118.0,29.5641,16.746
9249.37,2434.32,0.26318,98.3568,1294823.6,127.86,4081.22,31.0,34.1185,5.094
8771.64,1837.27,0.20945,100.789,1220045.6,129.592,3658.66,23.0,34.0499,1.557
6232.53,1306.21,0.20957,54.1402,822042.8,82.6296,3013.66,38.0,39.7785,17.39
9535.46,2496.11,0.26177,85.0719,1357479.1,119.919,4147.18,11.0,33.5786,1.872
3924.46,1125.8,0.28686,35.4526,534484.9,48.1802,1397.53,17.0,44.3049,1.495
7016.63,1719.06,0.24499,71.2581,971246.44,96.4976,3299.61,65.0,38.9108,13.012
4477.4,1995.39,0.44565,32.7904,622633.75,70.5884,2260.95,43.0,43.9821,9.431
8642.68,1987.38,0.22994,82.0235,1221715.1,107.247,3790.24,27.0,35.5767,1.397
8016.57,2203.32,0.27484,72.9452,1086526.4,97.4864,3633.08,82.0,36.3152,14.551
12896.4,4540.5,0.35207,135.26,1857753.5,181.471,4877.47,65.0,26.7197,16.242
3945.83,572.7,0.14514,32.8764,540502.56,42.9782,1772.31,6.0,42.7735,12.525
7263.63,2186.76,0.30105,73.8533,992933.5,116.464,3064.9,79.0,39.2226,0.71
11827.2,4032.05,0.34091,119.258,1702007.1,165.192,4391.6,159.0,31.7223,4.21
6547.41,2196.21,0.33543,60.9246,880880.9,98.5957,2765.52,48.0,40.0623,4.795
7473.23,2588.44,0.34636,83.8908,1017222.0,120.438,3272.96,85.0,36.6929,15.814
12118.9,4497.94,0.37115,129.927,1738661.2,179.169,4582.01,154.0,29.7091,19.802
4458.01,760.28,0.17054,45.2729,604347.44,64.6459,2557.66,12.0,43.1807,2.287
12306.6,3755.49,0.30516,148.539,1724898.2,157.874,5218.77,43.0,28.0589,3.41
15241.4,3993.98,0.26204,186.56,2143013.2,210.114,5711.33,71.0,26.3896,1.384
4534.52,1177.71,0.25972,42.8817,647212.44,62.4263,2290.65,35.0,43.3968,8.868
6442.49,2075.88,0.32221,76.2119,859840.5,101.833,2888.81,99.0,32.5329,1.731
22096.4,6324.84,0.28623,257.329,3086905.5,314.961,5816.14,205.0,22.1975,5.843
8269.47,2929.97,0.35431,80.0309,1140380.6,112.25,3670.83,23.0,35.3181,12.28
6415.36,1460.81,0.2277,59.3774,874011.56,86.6707,3307.73,38.0,39.0386,10.021
8602.72,1931.01,0.22446,80.2078,1214299.0,102.165,4595.93,27.0,33.4028,2.286
7327.01,2217.07,0.30258,74.1768,1002720.0,116.098,3076.08,80.0,38.9675,0.855
8952.36,2004.67,0.22392,64.1745,1288094.8,90.7176,2743.16,59.0,39.5866,12.926
7003.47,1636.87,0.23372,66.8442,967091.9,99.4085,3429.54,23.0,37.9692,2.159
8702.5,2452.99,0.28187,99.4687,1196367.5,113.11,3869.44,27.0,33.9124,2.394
5640.11,1913.82,0.33932,48.8625,803809.25,79.2269,2797.08,19.0,40.8639,1.829
10065.6,2868.52,0.28498,97.056,1401736.0,126.201,3496.66,18.0,36.2973,4.556
11739.8,3620.5,0.30839,147.362,1666698.8,210.183,4491.41,152.0,34.7884,17.583
17669.5,5761.23,0.32605,253.087,2404197.0,321.653,5724.98,333.0,21.3447,2.574
9897.29,3507.52,0.35439,87.8424,1408693.5,150.67,3625.86,20.0,32.1596,2.714
6096.89,1896.59,0.31107,64.9358,803938.75,88.3558,3096.86,53.0,39.6328,8.803
7063.88,3108.02,0.43998,46.046,1012228.9,115.428,2979.41,39.0,42.8773,13.226
14103.9,4052.17,0.2873,174.974,1938836.0,216.078,4884.69,121.0,28.6397,4.13
7981.35,2972.98,0.37249,65.0336,1137804.2,115.136,3492.74,21.0,39.0693,14.481
7648.01,3537.03,0.46247,84.1326,943594.44,144.324,2455.53,118.0,39.6866,8.689
5714.95,1212.05,0.21208,59.1769,766529.5,68.7002,2908.39,25.0,40.459,8.185
14195.8,4488.36,0.31617,100.357,1951456.9,210.803,8241.7,36.0,34.0384,4.949
6999.97,2185.46,0.3122,64.1166,976689.5,96.0462,3067.17,56.0,38.9054,1.545
21079.5,6223.71,0.29524,209.433,3018973.5,314.332,6596.12,265.0,24.4139,17.008
7416.35,2980.46,0.40187,62.2343,1102005.4,101.017,3224.61,35.0,38.9727,0.988
7526.4,1655.82,0.22,85.1052,1006641.5,114.926,3542.58,35.0,36.5983,2.919
6879.07,2061.65,0.29969,60.017,964316.44,104.225,3470.35,26.0,40.5513,14.7
12703.3,4550.55,0.35821,149.31,1744752.5,211.122,4516.55,58.0,31.5585,12.149
13585.9,4073.96,0.29986,174.709,1775345.5,237.665,5400.98,71.0,26.5693,6.987
9615.42,2888.19,0.30037,114.25,1328352.5,166.313,4179.5,51.0,33.0759,3.196
14367.2,4359.15,0.3034,158.285,2061049.4,208.022,5231.92,173.0,27.4871,12.028
9951.78,2200.49,0.22111,101.577,1391000.8,123.961,3735.66,35.0,34.3878,11.485
11425.2,3544.03,0.31019,154.118,1586358.8,151.196,4999.7,31.0,28.1509,4.461
12406.8,3594.44,0.28971,151.083,1778717.4,177.514,4717.93,23.0,28.9682,1.738
17862.9,5376.29,0.30097,248.113,2470942.5,321.227,5301.06,192.0,25.7651,4.845
11669.3,3226.36,0.27648,132.641,1590255.1,173.738,3618.99,24.0,34.7654,2.642
23413.6,7417.76,0.31681,310.891,3231915.2,382.665,6364.46,119.0,17.4526,4.205
8558.33,2550.04,0.29795,76.4077,1149525.4,108.222,3647.38,56.0,35.7656,8.004
8076.69,2514.54,0.31133,50.6423,1123959.0,116.698,3288.82,14.0,40.9082,15.686
7304.98,2462.51,0.3371,69.1934,1035024.0,99.0696,3733.2,35.0,36.8751,1.921
12314.2,4671.88,0.37938,94.4251,1594404.1,190.039,4297.94,82.0,34.147,17.122
10377.5,3296.68,0.31767,94.5139,1452259.4,125.437,4610.84,58.0,30.4728,16.193
5805.25,1418.13,0.24428,57.0623,764878.4,84.0364,3586.31,19.0,40.4752,2.409
7435.16,3573.92,0.48067,88.7181,895569.7,138.064,2145.36,78.0,41.0629,3.691
11516.7,4625.5,0.40163,93.5873,1622929.2,159.262,3704.14,70.0,36.1173,13.32
8115.94,3068.48,0.37808,92.2586,1117932.5,137.404,3050.34,70.0,39.5652,13.106
5551.28,1526.76,0.27502,45.6104,782614.94,84.9437,2327.13,76.0,41.8024,12.844
7801.52,2213.15,0.28368,64.4697,1070654.1,114.771,3999.93,28.0,37.1055,2.508
23027.3,7072.27,0.30712,313.363,3177080.8,372.082,6292.28,102.0,15.228,14.05
14263.0,5448.99,0.38203,125.411,1894593.5,249.72,4533.67,142.0,30.5398,6.894
12803.6,5346.01,0.41753,159.501,1778221.9,224.52,4424.45,208.0,30.7138,19.468
9479.18,3684.35,0.38867,135.611,1254113.0,200.37,4394.01,189.0,31.3289,2.206
5468.17,1285.13,0.23502,52.0494,738031.8,70.2654,2484.42,24.0,41.3697,13.857
16239.7,5221.09,0.3215,183.283,2283612.8,222.79,5302.13,149.0,26.2024,16.716
8066.19,1728.37,0.21427,76.0001,1153764.4,111.527,4047.93,104.0,34.869,1.123
6063.2,1576.08,0.25994,63.3942,836803.94,84.7081,3280.23,85.0,38.4705,14.322
15648.6,4606.18,0.29435,209.228,2056450.9,241.698,6262.4,256.0,21.6775,2.463
13971.4,4738.49,0.33915,155.852,1929346.2,199.549,5180.77,65.0,26.4467,2.978
10049.8,2133.47,0.21228,90.7896,1427325.9,147.681,4310.7,47.0,33.6504,0.697
9082.71,2441.06,0.26875,88.352,1298343.2,117.814,4111.44,5.0,33.6165,2.045
7482.59,2350.84,0.31417,54.3692,979074.06,128.839,5880.37,19.0,37.0017,15.087
11229.3,4843.3,0.4313,105.186,1534982.8,175.01,6083.23,46.0,34.1563,1.55
12310.9,2640.93,0.21451,151.495,1726438.8,174.293,4712.17,143.0,30.1165,2.048
6298.75,1563.13,0.24816,69.0466,891688.5,74.0548,3062.93,18.0,38.3858,2.682
9586.37,2547.48,0.26573,90.2992,1357672.8,131.454,4288.1,44.0,33.3037,2.507
9113.68,3496.43,0.38364,98.7799,1212978.6,133.958,3415.51,81.0,37.8281,2.684
7641.85,3115.66,0.40771,64.0597,1088199.8,106.439,4104.29,68.0,37.5156,6.752
7917.35,1980.66,0.25016,93.9691,1104284.6,120.534,3220.13,4.0,36.9631,0.456
6051.91,1346.48,0.22248,57.6093,829804.0,80.9298,2826.49,18.0,40.0158,1.55
10639.0,3593.99,0.33781,110.631,1557799.4,169.589,3435.07,146.0,37.2529,17.241
6009.31,1376.35,0.22903,46.7307,820019.6,77.0951,3164.74,25.0,46.5464,0.0
18640.0,5911.11,0.31711,259.751,2532199.0,314.916,5763.38,320.0,20.9476,2.646
4468.0,817.45,0.18295,38.8495,591726.25,65.6627,2559.2,11.0,43.5186,2.078
4832.32,1677.6,0.34716,51.2989,681307.94,65.1234,2207.3,26.0,42.871,0.0
9637.53,1804.18,0.1872,73.6821,1293727.2,113.934,4497.85,30.0,37.4139,8.312
9891.44,3258.9,0.32946,118.54,1426681.4,136.438,3716.58,64.0,35.1621,2.634
4434.73,831.39,0.18747,42.6273,598549.1,63.5933,2589.05,12.0,43.1304,2.349
12388.8,3361.19,0.2713,153.109,1728667.8,202.663,4825.94,56.0,28.5022,2.468
5484.29,1608.16,0.29323,54.4015,787222.3,72.738,2459.98,61.0,41.8502,4.506
16785.7,5190.81,0.30924,207.414,2214624.0,264.193,6252.81,263.0,21.5704,2.407
5513.08,2152.03,0.39034,43.5649,787328.25,94.2037,2377.06,68.0,41.6715,15.404
17122.9,5486.66,0.32042,235.003,2322114.5,270.372,5361.01,122.0,24.1076,2.158
12785.3,3510.48,0.27457,166.285,1784045.6,196.085,4682.58,56.0,29.6193,2.206
15617.9,5181.14,0.33174,199.338,2134333.8,229.57,5817.6,142.0,24.8798,19.571
16399.5,7125.42,0.43449,196.673,2161327.2,299.544,5622.28,149.0,22.1707,20.305
12180.4,2558.18,0.21002,165.53,1663964.1,194.036,4861.77,142.0,29.7976,0.806
6614.17,1918.51,0.29006,59.5474,940902.9,87.0806,2529.58,38.0,39.9337,10.377
22947.3,8359.22,0.36427,199.078,3110357.2,353.203,7334.7,183.0,27.5637,20.416
12456.4,3514.65,0.28215,99.0328,1725846.2,167.718,5582.8,49.0,27.6098,16.933
9793.18,2234.98,0.22821,103.266,1386561.5,121.048,3580.94,129.0,34.4294,3.746
12546.4,3018.61,0.24059,153.992,1743506.5,186.725,4215.14,62.0,31.596,2.219
8986.43,2692.65,0.29963,96.363,1199110.8,146.562,4029.49,37.0,35.2003,5.532
9288.48,2877.92,0.30983,101.882,1295621.2,117.832,4001.38,33.0,35.2824,3.163
8034.02,2827.56,0.35194,82.4411,1098125.0,106.034,3473.46,37.0,36.2277,16.055
17276.6,6137.32,0.35523,157.071,2425156.8,299.721,7637.97,144.0,29.5592,20.565
14805.9,4610.66,0.3114,200.371,2048362.4,244.019,5320.56,285.0,21.2654,2.16
9179.57,2199.93,0.23965,108.1,1274480.9,127.291,4235.89,52.0,34.0908,2.039
8698.64,3146.75,0.36175,98.7974,1148107.6,148.198,3654.7,68.0,36.4995,16.814
9179.57,2199.93,0.23965,108.1,1274480.9,127.291,4235.89,52.0,34.0908,2.039
9926.86,3007.43,0.30295,128.563,1404792.4,158.109,4289.91,92.0,31.7143,12.374
9468.64,3697.68,0.39051,98.4501,1346166.5,149.835,3888.29,89.0,35.1856,12.075
14282.2,5277.4,0.3695,196.255,1855787.6,257.664,5150.22,91.0,30.5724,7.348
9408.65,2963.11,0.31493,71.9356,1311226.8,120.686,3478.94,40.0,36.4187,11.3
6727.88,1854.01,0.27557,66.6862,908284.56,89.5701,2977.61,20.0,39.1003,1.923
16543.2,5087.2,0.30751,203.553,2178726.8,270.277,6559.64,244.0,21.8752,2.558
4702.18,1333.18,0.28352,40.7007,628116.6,69.9732,2630.29,20.0,43.3777,11.535
7941.35,2517.67,0.31703,64.7844,1098143.6,94.0013,3161.09,98.0,37.4056,16.972
14834.4,3656.63,0.24649,200.272,2071670.2,245.468,5002.77,126.0,26.7428,2.412
13883.0,3498.48,0.25199,192.295,1911332.6,208.06,4568.87,174.0,28.967,1.825
9232.37,2383.08,0.25812,84.4401,1243966.6,122.463,3795.89,39.0,34.7429,1.946
11097.7,3192.92,0.28771,137.156,1526561.9,167.918,4490.52,86.0,31.3593,1.894
9543.01,4096.56,0.42927,90.5123,1305889.0,159.132,3763.79,41.0,35.248,15.199
4889.62,1115.33,0.2281,41.4171,689563.7,55.022,2352.71,12.0,41.9699,3.326
15694.0,6124.98,0.39027,200.544,2088918.8,273.314,5135.85,97.0,26.2488,8.161
9448.28,2985.75,0.316,75.8511,1328823.1,125.628,3952.27,76.0,35.3925,6.726
9361.16,2194.14,0.23438,79.8926,1259378.2,113.376,3408.74,29.0,38.4384,13.177
9344.4,2398.28,0.25665,116.659,1306532.0,134.061,4219.73,64.0,34.23,1.854
11613.0,2950.52,0.25407,147.279,1606889.0,183.686,4155.48,62.0,31.9145,2.873
7338.46,2878.88,0.3923,63.8447,1071102.8,97.6804,3210.96,29.0,34.3601,1.103
14557.3,4518.57,0.31039,177.937,2030759.2,216.827,5383.06,92.0,24.6652,5.075
16267.7,4578.74,0.28146,176.627,2273918.8,232.106,5227.59,93.0,25.4956,11.577
8994.42,2829.63,0.31459,94.2688,1244371.8,102.703,4189.2,25.0,35.0532,11.1
15391.8,4844.51,0.31474,179.845,2144309.5,246.408,5575.19,159.0,23.6799,2.358
20351.1,6459.23,0.31738,258.135,2813618.8,329.681,5554.16,80.0,23.2219,3.533
6555.82,2228.58,0.33993,55.9176,928031.56,90.8231,2824.52,50.0,40.2879,2.067
6346.35,1839.57,0.28986,83.3126,884298.2,115.292,3419.52,83.0,37.6375,15.878
7237.34,2321.15,0.32071,79.6179,1002734.06,93.76,3641.57,35.0,36.6805,2.316
12776.1,4850.81,0.37967,119.536,1803228.4,200.011,5016.42,97.0,32.4517,17.047
7006.99,1837.91,0.26229,65.0988,959133.75,92.0427,3070.27,53.0,39.6863,2.782
8435.26,2669.27,0.31644,79.6542,1104560.0,126.359,3126.94,76.0,38.2501,4.572
6286.52,849.48,0.13512,54.2405,896729.94,68.6096,2547.73,48.0,41.4538,15.264
21992.6,9344.45,0.42489,194.337,2993508.5,325.3,6240.7,99.0,21.3764,18.261
13995.7,3636.76,0.25984,130.33,1947184.4,173.289,4975.7,152.0,28.552,14.924
6373.3,1845.74,0.2896,64.4091,845807.8,92.615,3570.02,74.0,38.4699,5.126
9073.65,2201.34,0.2426,90.1579,1271161.0,112.782,3170.73,58.0,37.3443,11.395
8133.15,2072.22,0.25478,73.1136,1083767.6,106.432,3901.59,82.0,37.0563,10.807
17785.9,5314.08,0.29878,177.297,2494676.2,230.416,5931.32,65.0,23.8356,20.975
10854.0,3899.67,0.35928,105.749,1574561.5,162.081,4504.57,89.0,31.3746,3.266
21822.4,8428.65,0.38623,178.859,3099382.5,362.298,11359.84,239.0,21.6135,17.767
3922.38,1220.38,0.31113,36.9126,534119.1,48.3096,1401.47,18.0,44.4935,1.934
15810.6,4893.92,0.30953,193.179,2139675.0,242.534,5152.56,216.0,25.9397,2.988
5879.37,2033.25,0.34582,61.0379,772810.3,95.5322,2564.4,29.0,40.9769,2.447
6961.36,1958.17,0.28129,59.4235,942780.44,89.3243,3320.61,57.0,38.7027,8.183
4939.86,2053.61,0.41572,42.055,671396.2,75.7493,1664.65,7.0,42.4628,12.479
9250.46,2240.43,0.24219,104.47,1306903.0,155.588,3831.36,14.0,34.1175,0.529
11047.0,2957.79,0.26774,142.068,1529946.4,173.603,4644.6,164.0,28.6605,1.158
5665.03,1735.84,0.30641,40.8672,782637.5,72.3883,2746.59,55.0,41.0595,10.382
7253.23,2335.66,0.32201,63.6293,1022382.56,115.155,3318.73,23.0,38.7974,17.115
11965.1,3064.08,0.25608,164.046,1664716.1,187.967,4683.44,47.0,29.5246,2.221
10345.3,2884.1,0.27878,102.403,1479307.5,142.698,3610.31,122.0,35.5015,3.659
9676.59,2388.56,0.24683,104.957,1319441.2,144.321,4096.65,38.0,33.4058,1.994
8430.62,2794.73,0.33149,98.7263,1162167.5,146.004,3274.24,16.0,36.5076,1.857
5825.32,1911.04,0.32805,68.2214,807067.56,91.0821,2987.98,34.0,40.5117,1.954
7796.19,2115.41,0.27133,64.9316,1067345.5,89.3014,3123.44,44.0,38.3058,16.44
14509.7,4486.96,0.30923,161.32,2014707.2,226.596,5258.55,178.0,27.0455,1.307
6578.4,885.82,0.13465,57.7972,882679.5,77.8606,3187.88,45.0,39.3918,6.968
9312.55,2336.55,0.2509,91.7472,1284638.6,127.067,4082.45,18.0,33.5442,2.245
10806.3,3684.36,0.34094,101.26,1511148.1,160.838,5250.42,53.0,32.2778,1.969
6568.23,2176.0,0.33129,67.1365,911929.7,97.6356,2294.36,65.0,40.4463,16.235
6846.34,1643.67,0.24008,80.6534,899250.06,114.462,3421.45,43.0,46.5464,0.0
9485.7,2991.82,0.3154,108.232,1340059.1,140.671,4120.28,107.0,29.8591,17.789
9042.27,1906.48,0.21084,104.469,1232154.4,137.745,4009.45,46.0,23.5648,1.906
7180.56,2122.82,0.29563,70.773,959311.4,98.7891,3616.95,86.0,46.5464,1.755
5589.89,1706.76,0.30532,53.9468,741152.7,80.1591,3489.74,15.0,39.9909,12.541
10007.2,3396.55,0.33941,63.4981,1406374.5,141.234,4645.34,27.0,37.1965,16.063
6596.66,1383.8,0.20977,73.1459,880417.94,88.8197,3454.52,80.0,37.4563,1.445
11569.9,3103.98,0.26828,132.006,1592199.5,158.975,4517.61,96.0,31.3262,1.924
17045.3,4829.17,0.28331,227.496,2392543.5,280.987,5701.44,125.0,20.8861,3.248
8491.42,2436.28,0.28691,72.9746,1159959.8,108.512,3706.95,45.0,35.3187,6.122
8499.22,2259.97,0.2659,74.0838,1186541.0,106.852,3992.57,59.0,35.3586,16.167
12658.2,4605.76,0.36385,153.795,1776006.5,179.02,5231.51,38.0,28.0079,4.144
7911.44,2922.23,0.36936,68.8934,1106681.0,103.0,3311.77,24.0,39.4722,13.339
9249.77,2513.15,0.27169,104.106,1310859.1,153.15,3812.11,11.0,34.2469,0.835
7415.19,2126.91,0.28683,50.7382,1026538.4,91.278,3940.45,41.0,36.8368,11.434
8398.47,2249.84,0.26788,90.9179,1184997.2,123.07,3324.29,5.0,36.0082,2.415
12662.6,3286.08,0.25951,155.428,1780338.9,215.538,4947.36,193.0,25.8252,2.003
9416.51,2779.45,0.29516,93.7351,1308944.1,140.681,3561.77,123.0,34.8092,1.262
4905.81,1752.44,0.35721,40.133,670789.1,66.8604,2024.02,41.0,43.4138,8.965
9710.75,2363.26,0.24336,82.8202,1370819.5,121.063,4786.25,42.0,32.5416,4.568
5539.99,1213.12,0.21897,54.9931,770029.06,72.7009,2738.65,69.0,40.6977,16.613
5937.38,1362.54,0.22948,54.5144,777561.9,76.071,3125.93,28.0,38.8871,4.742
8202.33,2205.45,0.26888,85.198,1171210.4,110.756,3931.12,14.0,33.5279,1.609
6420.66,1521.78,0.23701,64.7667,886242.06,81.0199,3275.16,24.0,38.0074,4.402
11074.3,4201.77,0.37941,127.314,1566994.0,186.407,4197.36,49.0,31.128,3.195
4347.91,1242.99,0.28588,38.351,597936.8,60.0219,1458.86,9.0,44.3003,6.536
8922.75,2981.59,0.33415,94.7603,1167729.6,136.681,4373.85,61.0,36.3673,16.434
23536.7,7039.55,0.29908,313.388,3260018.8,372.358,6366.64,99.0,17.4183,3.726
16811.7,5444.26,0.32383,179.995,2345744.8,274.588,5431.58,161.0,24.2655,2.014
15837.0,5705.08,0.36023,184.037,2187970.2,240.481,5401.97,110.0,23.2776,10.732
6689.89,2170.62,0.32446,57.2447,941783.44,86.6944,2882.37,43.0,39.8063,1.734
11925.1,5163.52,0.43299,100.343,1656777.0,179.392,3927.06,127.0,33.4055,20.971
16356.7,5580.23,0.34115,166.779,2313587.0,275.757,4810.3,122.0,29.5582,4.878
9012.28,3512.31,0.38972,78.8114,1222712.2,133.842,3700.49,96.0,34.6241,9.087
5311.69,983.3,0.18511,41.3214,721515.6,78.1566,2735.87,21.0,41.1366,13.89
8908.34,3444.61,0.38667,93.1619,1254169.8,128.51,3771.05,43.0,36.3939,14.282
7512.78,1832.5,0.24391,66.2224,1002357.44,91.7319,3290.02,30.0,38.2237,8.473
4664.41,1445.28,0.30985,47.6296,649601.94,62.0374,2139.74,31.0,42.1632,1.867
3803.6,1227.83,0.3228,32.5252,517845.8,51.1538,2072.89,34.0,44.2051,5.428
8179.06,3294.87,0.40284,65.406,1069539.5,138.073,3611.84,36.0,38.1633,13.523
8145.69,2261.87,0.27767,96.0791,1147003.9,110.14,3544.59,100.0,36.9767,3.677
10396.9,2129.44,0.20481,91.2454,1445497.9,121.86,4048.74,159.0,33.547,5.288
6093.17,1106.63,0.18161,56.0258,857770.5,78.9246,2949.79,9.0,40.8255,11.817
7912.89,3018.4,0.38145,70.5479,1130567.6,107.152,3490.62,49.0,37.4996,12.81
8529.44,2020.56,0.23689,71.7408,1184609.6,104.369,3615.17,28.0,38.0907,16.452
7226.21,2421.53,0.3351,68.3723,995880.5,114.825,3173.77,39.0,37.8794,7.911
6449.66,1382.74,0.21438,54.261,877943.6,74.5663,2841.41,45.0,40.6509,10.32
10869.6,4633.94,0.42632,89.3227,1526659.6,172.774,4264.28,7.0,34.7871,9.354
9139.19,3548.96,0.38832,85.4669,1311995.5,134.312,3635.87,90.0,36.8072,12.503
4521.08,1737.57,0.38432,41.9385,612021.6,70.2213,1480.03,28.0,44.1129,11.796
17600.9,5853.4,0.33256,201.602,2453719.8,240.985,5631.0,161.0,22.9625,2.558
4782.52,949.0,0.19843,37.0115,674466.44,48.8908,1796.78,39.0,44.0068,10.59
6758.25,1659.11,0.24549,63.0511,904505.2,89.1475,4090.16,63.0,36.4268,3.976
8487.66,1708.76,0.20132,72.2049,1220357.9,107.151,3918.82,9.0,34.8537,1.356
13605.5,4766.37,0.35032,139.793,1925984.8,182.195,4672.34,112.0,26.454,18.404
11813.8,2290.52,0.19388,151.505,1601056.9,190.784,4930.71,142.0,29.8554,0.555
5186.78,987.08,0.1903,44.6553,745915.44,62.3331,2202.01,81.0,42.6734,0.845
8646.41,2574.14,0.29771,52.0932,1173611.8,114.639,3889.6,26.0,36.0445,14.744
5034.23,1312.54,0.26072,36.3452,673984.44,71.7353,2308.23,40.0,40.3877,12.171
7904.72,2224.08,0.28136,85.4354,1096236.1,113.31,3081.66,21.0,37.758,0.661
6771.39,1982.91,0.29283,75.789,919284.4,104.847,3220.42,29.0,36.4498,9.917
4012.9,997.01,0.24845,34.4056,569288.25,47.2692,1799.58,12.0,44.3754,2.288
7451.1,2261.93,0.30356,70.4601,1008191.1,105.841,3381.03,75.0,36.7559,3.782
9368.77,2070.24,0.22097,113.297,1333524.8,152.081,3919.49,128.0,34.8982,5.263
5906.73,1904.09,0.32235,48.0695,763355.5,87.4187,2301.4,39.0,43.0283,11.968
10830.5,2429.14,0.22428,133.937,1503490.2,164.423,4709.54,177.0,28.6087,0.733
5353.09,1089.02,0.20343,52.3694,758777.9,68.4854,2905.15,57.0,40.2901,1.528
12675.3,4541.88,0.35832,107.995,1834594.6,174.999,4840.15,93.0,25.0377,20.83
12815.6,4372.92,0.34121,127.333,1776951.6,182.57,4630.93,74.0,30.4877,14.611
16971.7,4571.37,0.26935,180.12,2314368.8,215.217,5266.02,191.0,26.9998,17.889
7903.15,2614.57,0.33082,74.986,1136182.4,95.6968,3416.81,27.0,38.6684,9.504
13175.3,4004.73,0.30395,132.11,1840244.4,173.462,5197.11,154.0,27.7202,15.662
16218.9,4695.0,0.28947,229.858,2266634.0,283.613,5643.02,124.0,21.4733,3.056
8185.55,2390.05,0.29198,94.2583,1155649.2,109.996,3571.29,89.0,36.8977,2.182
8061.63,2749.23,0.34102,85.8548,1085747.8,139.909,3463.49,20.0,36.8176,13.881
6954.35,2008.45,0.2888,68.6011,954421.56,95.7891,3134.78,53.0,39.4259,2.664
7848.07,2530.7,0.32246,59.3623,1121828.0,108.206,4062.14,42.0,38.8396,9.075
8740.77,2246.21,0.25698,85.2507,1235538.8,99.0522,3947.64,75.0,34.5624,17.744
6001.6,1731.09,0.28843,55.7944,820445.06,84.6195,2455.92,27.0,40.3259,12.67
4162.19,1288.3,0.30952,35.195,564247.8,52.8671,1400.69,29.0,44.4406,11.663
6619.31,2357.45,0.35614,61.1654,917345.0,90.7805,2750.21,47.0,40.605,2.789
7610.81,1965.92,0.2583,88.0776,1046042.9,105.096,3096.66,21.0,37.3354,0.623
6082.84,1905.96,0.31333,57.6466,831631.75,88.0646,2689.32,44.0,41.0427,3.216
7412.58,2591.35,0.34958,75.9412,1035668.1,94.1101,3732.34,29.0,36.3296,1.916
10627.6,4045.59,0.38066,104.003,1533610.2,139.871,3620.81,56.0,36.2922,12.267
8295.75,2904.2,0.35008,63.8841,1149770.2,123.705,3377.15,33.0,34.9146,18.079
18586.8,8735.72,0.46999,198.452,2547353.5,293.34,6010.51,135.0,24.6334,20.181
8185.59,2254.99,0.27548,95.7386,1118260.1,120.065,3216.89,82.0,38.7092,1.608
9342.26,2051.19,0.21956,107.742,1321233.5,143.413,3834.81,12.0,30.4497,0.679
4631.4,1449.42,0.31295,53.603,635859.1,84.6635,2505.46,31.0,43.5077,13.139
8648.83,2301.76,0.26613,88.1917,1230147.8,119.585,3760.52,5.0,34.6373,1.497
4958.51,1792.85,0.36157,42.7349,596942.0,113.004,1666.68,68.0,43.9489,13.587
5129.01,1654.35,0.32254,34.4522,690993.56,78.2385,2531.85,49.0,41.5738,11.781
12397.5,3582.39,0.28896,163.826,1729870.8,209.248,4800.67,78.0,28.0897,3.852
16663.7,4065.25,0.24395,215.729,2339557.2,261.811,5674.64,94.0,23.0221,1.496
7669.19,2186.3,0.28507,56.1393,996711.75,127.307,5572.34,25.0,40.9762,10.984
16745.5,4754.71,0.28393,207.954,2321230.2,275.105,5707.28,195.0,21.9537,2.066
8407.56,2844.53,0.33833,92.6076,1151585.4,105.572,3542.47,23.0,36.2784,8.224
9575.61,2742.19,0.28637,109.554,1354940.6,152.678,4113.06,44.0,33.5294,3.595
21073.4,6568.91,0.31171,179.791,2848495.0,295.87,6106.43,124.0,21.0209,17.884
6804.01,2560.19,0.37627,78.836,926395.4,102.136,3227.45,57.0,38.6067,2.216
9252.13,2295.69,0.24812,101.548,1290641.8,127.69,4017.36,39.0,34.7162,3.623
17923.4,5445.3,0.3038,221.335,2494416.8,286.958,5865.48,181.0,21.254,2.368
13692.5,3366.79,0.24588,168.577,1844153.4,226.196,4837.23,115.0,28.0273,2.488
11212.1,3850.18,0.34339,92.7523,1571153.9,150.692,3807.01,79.0,34.3971,12.081
14819.2,4786.2,0.32297,168.36,2046586.9,222.247,5244.13,186.0,29.381,2.128
6547.71,1599.45,0.24427,65.2847,912525.06,78.0741,3364.94,85.0,39.359,9.518
6083.78,2293.63,0.377,45.6713,833867.8,82.0775,2456.1,22.0,43.66,2.34
8101.28,2270.43,0.28025,67.1454,1114955.8,117.92,4089.83,22.0,37.1252,2.045
16622.3,5003.99,0.30104,203.721,2191514.5,254.399,5872.82,230.0,22.7556,2.576
3930.13,1167.19,0.29698,34.5429,532952.1,48.6136,1391.83,32.0,44.4546,11.232
7760.51,2566.51,0.33071,78.7872,1052105.6,125.946,3404.69,112.0,37.2069,12.193
6660.85,3207.19,0.48149,86.0683,813696.7,150.591,2090.14,86.0,41.2158,5.613
14755.6,4588.87,0.31099,167.503,2045138.0,221.94,5242.36,177.0,27.1906,2.063
6689.4,2390.5,0.35735,63.9525,898497.0,95.815,2924.75,58.0,39.7692,12.585
11131.3,2313.92,0.20787,89.7189,1561837.9,135.154,4088.57,148.0,33.1616,4.876
4246.02,1318.58,0.31054,35.6454,588383.9,50.6559,1406.68,17.0,44.1605,1.396
8124.41,2473.54,0.30445,81.6414,1139575.4,117.811,3809.04,72.0,34.8119,4.632
17425.3,6589.48,0.37815,203.569,2309018.0,249.929,5870.02,109.0,21.1197,18.797
14039.8,3641.19,0.25934,131.891,1982148.9,170.654,5376.9,34.0,27.9144,4.422
13432.0,3705.9,0.2759,189.249,1855049.2,215.428,5559.46,144.0,23.2627,1.046
13712.8,5668.37,0.41336,126.429,1946156.2,207.582,5241.23,154.0,31.9955,17.97
9973.5,2420.06,0.24264,99.9201,1410358.4,143.397,3955.44,39.0,33.8623,2.003
6358.09,1831.84,0.28811,58.6433,869064.25,86.2499,3164.16,44.0,39.1248,10.47
18691.0,7571.05,0.40506,160.23,2544475.0,323.842,8052.22,60.0,31.4457,1.954
21337.5,6109.42,0.28632,190.573,3001022.0,274.599,5325.4,54.0,28.3574,10.349
15402.5,4272.5,0.27739,184.419,2183650.5,230.197,4628.26,24.0,29.1381,3.349
11070.0,4323.54,0.39056,101.027,1540154.1,148.404,3857.51,56.0,35.8852,15.263
11711.6,3154.24,0.26932,135.474,1615308.0,157.458,4496.1,89.0,31.3426,2.022
6408.72,1823.19,0.28448,54.1451,839917.7,99.4743,3978.52,20.0,38.5469,2.945
6086.84,1778.81,0.29223,56.3034,783359.4,86.9554,2859.46,17.0,39.953,14.953
5730.94,2451.29,0.42772,47.7927,778664.6,108.106,2878.27,49.0,40.9381,12.603
9205.53,3380.91,0.36726,79.9107,1252163.6,132.72,4380.26,66.0,34.0236,17.716
18483.6,6490.24,0.35113,230.536,2537062.8,343.465,5071.3,167.0,25.5856,10.319
14357.3,5540.86,0.38592,82.4885,1945701.1,227.265,5168.01,131.0,28.9533,18.548
7659.88,2684.01,0.35039,68.9102,1077729.2,111.963,3633.02,90.0,36.1058,6.931
15659.4,4900.1,0.31291,156.818,2158314.0,238.044,5597.67,194.0,25.7569,1.292
14006.4,4886.42,0.34887,156.081,1952926.2,204.135,5032.81,82.0,27.2604,5.228
4909.31,1219.76,0.24845,37.2772,684119.2,63.2155,2417.39,54.0,40.8016,11.652
8761.41,3255.79,0.3716,80.9209,1184137.4,134.283,4312.39,36.0,34.8133,4.166
4727.78,1081.8,0.22881,40.4176,653967.94,68.2904,2313.97,36.0,42.451,12.432
8552.2,2287.13,0.26743,97.3312,1214349.6,124.557,4007.2,163.0,33.6722,1.232
5753.92,1734.55,0.30145,52.5183,800382.7,74.438,2718.59,19.0,40.7737,3.208
8658.25,1998.76,0.23085,75.0661,1226620.9,96.223,3269.21,32.0,37.6012,6.001
12407.6,4154.96,0.33487,119.906,1630466.0,179.199,4565.37,88.0,34.3359,11.796
10137.7,2546.95,0.25123,149.069,1432694.1,146.86,4102.12,136.0,32.3388,4.717
6178.02,1848.52,0.2992,50.6596,841188.1,91.2962,2914.84,39.0,40.4074,7.41
8096.84,2286.85,0.28243,89.6636,1103292.1,118.349,3234.83,81.0,38.6729,1.723
7178.16,2109.14,0.29382,76.4772,979786.0,114.057,3054.97,81.0,39.0965,0.74
7612.0,2575.07,0.33829,59.7448,1054793.0,96.0941,2877.54,43.0,39.1995,4.784
10953.2,2819.53,0.25741,146.798,1548251.8,170.935,4681.68,23.0,29.2113,2.082
10152.8,3685.76,0.36302,132.779,1370371.9,180.625,4602.96,183.0,30.0023,2.866
12137.1,4651.53,0.38324,127.69,1758165.5,190.602,5327.06,154.0,24.2331,18.055
8524.04,3008.61,0.35295,72.6798,1216562.5,101.765,3552.88,28.0,36.5413,15.244
15050.6,3956.64,0.26288,187.679,2126955.5,209.624,5703.27,65.0,23.3455,1.286
6060.84,2642.75,0.43603,54.5403,840829.8,105.297,2626.35,71.0,40.4257,13.934
22825.4,7683.95,0.33664,248.516,3153354.5,343.461,6149.39,217.0,20.6135,10.993
4002.61,894.89,0.22357,32.8803,575550.4,39.2554,1205.18,32.0,44.9269,19.801
14904.3,3949.43,0.26498,186.673,2110468.5,210.811,5702.16,68.0,23.0197,1.238
13860.9,4378.08,0.31585,172.057,2019597.1,265.826,4834.97,74.0,26.1086,2.42
6398.8,1365.86,0.21345,63.0213,889499.3,81.5198,2979.84,39.0,38.7504,8.5
18988.5,4227.33,0.22262,220.099,2670973.5,280.926,5570.51,94.0,23.5732,1.884
8805.9,1652.48,0.18765,100.053,1243815.8,117.465,3862.46,52.0,35.0079,2.972
13381.1,4082.29,0.30507,165.359,1851918.2,215.923,4739.39,113.0,29.0204,4.907
6284.15,2175.75,0.34622,61.5078,821730.8,98.5468,2817.47,5.0,39.6928,14.967
13009.8,3561.52,0.27375,161.65,1837214.1,198.387,4813.1,68.0,28.3797,2.989
7461.42,1916.59,0.25686,65.2018,1101322.2,96.5895,2552.62,47.0,40.4674,11.396
9087.28,3886.22,0.42765,93.4759,1326772.2,128.111,3896.35,33.0,35.9281,17.823
7561.88,2392.25,0.31635,76.3347,1030092.75,105.427,3314.55,57.0,46.5464,2.222
10504.3,3812.67,0.36296,132.421,1459887.0,164.275,4376.13,78.0,31.9988,14.83
6137.93,1725.69,0.28115,59.9758,858945.7,69.4977,3047.96,26.0,39.4771,6.037
6734.04,2934.05,0.4357,91.4875,821012.56,138.047,2091.29,102.0,41.1681,5.384
4055.92,1181.98,0.29142,34.4125,558202.4,50.5063,1402.85,17.0,44.3142,1.535
27768.5,10440.3,0.37597,309.476,3765709.8,443.368,8902.77,171.0,17.8493,4.131
5401.69,1781.94,0.32988,53.8094,741707.94,91.9756,2450.3,84.0,41.088,13.882
17874.3,5081.24,0.28427,230.01,2464349.2,279.614,5766.37,200.0,21.6944,2.453
11280.9,3498.64,0.31013,117.303,1616198.8,158.503,3669.71,155.0,36.0225,17.682
4241.36,1327.19,0.31291,35.9883,579849.5,53.3278,1400.06,31.0,44.3542,11.788
8835.93,1773.47,0.20071,79.9829,1270371.8,104.79,3926.17,17.0,35.1194,1.172
5506.89,1813.06,0.32923,52.5811,774948.44,73.4606,2342.38,65.0,42.3141,9.111
5546.57,1729.67,0.31184,45.616,776482.06,79.9114,2436.68,37.0,41.7087,9.948
6629.0,1802.75,0.27194,65.7158,889756.7,91.3837,3002.15,25.0,38.9669,1.982
16662.8,4236.82,0.25426,206.71,2321148.8,255.839,5169.53,125.0,26.1662,3.176
7112.36,3017.93,0.42432,64.8689,943386.1,125.519,3402.96,96.0,37.5654,18.953
5959.02,2439.19,0.40932,41.0724,817528.6,87.7173,2334.3,45.0,42.3965,15.146
10404.9,4357.91,0.41883,87.3016,1443759.9,173.206,3793.41,7.0,35.7703,18.787
4125.71,1324.22,0.32096,33.235,578925.7,52.3542,1238.13,41.0,42.7192,16.964
6999.15,1648.37,0.23551,70.6835,949550.4,93.3331,3183.4,51.0,37.6965,4.24
15609.0,5786.99,0.37074,185.8,2178277.2,256.926,4380.27,34.0,27.9222,2.025
6850.75,2212.25,0.32292,57.6816,947735.1,96.5626,3843.65,73.0,36.1663,1.513
9972.31,3545.09,0.35549,89.2126,1423976.1,130.85,3784.92,9.0,36.2066,5.168
7840.57,2938.36,0.37476,58.6029,1129110.0,111.46,4890.43,23.0,36.7483,13.027
9406.24,3242.52,0.34472,70.8209,1322595.5,118.56,3876.35,42.0,36.142,16.619
9046.45,2049.49,0.22655,99.9678,1236841.4,140.902,4020.2,42.0,34.0341,1.951
10581.5,2857.11,0.27,127.954,1504165.8,158.006,4349.62,61.0,31.7888,3.134
7911.34,2385.91,0.30158,57.4647,1135449.1,89.9497,3910.25,104.0,41.0625,16.556
8196.71,2959.49,0.36105,86.8459,1114616.4,110.767,3523.4,57.0,37.3302,16.564
12650.8,3345.02,0.26441,108.149,1778215.4,157.195,4664.57,139.0,29.9817,19.125
6546.2,2202.5,0.33645,54.7816,888409.3,94.268,2748.79,75.0,40.1561,14.129
9875.53,2493.19,0.25246,95.9164,1395733.5,117.508,4112.59,102.0,33.2199,4.37
7887.83,2304.49,0.29215,69.7834,1097989.0,111.007,3363.09,32.0,37.1215,3.996
7447.04,2478.0,0.33274,79.1531,1029397.44,104.731,3777.63,23.0,36.1695,2.056
13581.3,4564.14,0.33606,132.888,1897957.4,195.831,4343.18,37.0,31.6057,3.137
7658.25,2159.83,0.28202,90.3305,1058485.6,108.351,3706.58,21.0,36.5897,15.58
15616.8,6617.22,0.42372,115.0,2193441.8,242.491,5002.48,97.0,29.0613,19.817
9579.2,2912.53,0.30404,88.8171,1360343.2,128.061,4246.7,72.0,35.52,5.702
12941.0,3910.93,0.30221,145.909,1767873.6,204.312,4491.89,35.0,31.2623,2.722
11599.8,3065.04,0.26423,145.904,1646559.8,157.924,4125.74,126.0,32.3655,2.623
7616.39,2282.01,0.29961,67.1893,1064577.2,99.1404,3433.12,48.0,37.288,11.555
7699.98,2275.54,0.29552,73.8944,1099868.0,110.814,3452.65,41.0,37.607,3.134
15507.8,5212.41,0.33611,156.617,2119937.0,238.412,6445.9,171.0,19.6909,20.528
6270.74,1838.04,0.29311,67.0767,900701.1,77.109,3074.34,9.0,38.9125,2.259
6434.49,1801.87,0.28003,53.3088,922626.5,70.7282,3158.45,16.0,39.3701,13.22
5811.82,1053.23,0.18122,52.5591,799977.1,65.2332,3034.98,24.0,39.7659,4.07
6776.4,2059.58,0.30393,67.6608,925693.7,88.4735,3251.6,49.0,38.6375,8.475
7234.91,1468.89,0.20302,92.9117,1003418.9,99.1515,3885.49,116.0,35.3654,2.906
10369.1,3038.86,0.29306,94.6854,1407916.4,110.572,5239.93,20.0,35.1392,20.116
11597.0,4124.5,0.35565,151.308,1577240.1,229.508,4861.2,88.0,28.3259,5.489
5337.47,1327.82,0.24877,49.949,771673.25,66.177,2200.75,68.0,42.8062,2.29
5074.4,1642.1,0.3236,41.1098,685138.7,76.0537,1611.87,19.0,41.8294,12.691
7960.51,3102.87,0.38978,90.3082,1071434.2,153.75,3674.94,63.0,35.6234,10.129
9141.55,2687.28,0.29396,89.4391,1283192.9,121.742,4408.27,41.0,33.7552,1.408
4452.86,1651.63,0.37091,42.4326,591688.1,75.6553,1493.36,29.0,44.0094,12.804
16027.4,4134.97,0.25799,245.224,2180551.0,264.376,4776.57,290.0,27.125,3.9
7399.17,1507.02,0.20367,91.0413,1008544.9,111.829,3717.06,70.0,35.2621,9.844
9093.3,2709.27,0.29794,82.999,1297406.8,123.31,4225.03,44.0,34.7323,3.229
5973.09,808.62,0.13537,48.6493,847396.44,70.7778,2717.92,1.0,42.1529,0.741
11090.9,2846.1,0.25661,109.192,1552729.1,156.692,4383.31,68.0,32.9072,3.183
8517.93,1810.12,0.2125,73.8819,1224931.9,109.023,4064.29,103.0,34.7205,1.036
7967.55,2105.88,0.2643,68.1399,1094211.0,113.386,3950.52,19.0,36.5538,1.518
9791.79,3380.94,0.34528,90.8634,1361112.8,153.791,4953.54,126.0,31.9196,16.09
13776.2,4356.56,0.31623,185.116,1841710.4,235.99,5125.98,214.0,26.1505,2.495
15399.7,4100.78,0.26628,186.869,2176120.5,224.332,5678.87,70.0,23.112,1.68
6230.44,1581.79,0.25388,66.4815,888564.4,65.5007,3532.83,45.0,39.2721,10.544
7909.74,3068.87,0.38798,75.1968,1095152.2,133.987,3754.52,74.0,36.2939,16.196
13073.9,3736.01,0.28576,148.053,1749706.4,198.116,4738.3,55.0,29.98,3.443
17738.0,4588.01,0.25865,214.222,2477318.5,264.095,5727.57,208.0,21.9476,2.129
9550.02,3479.66,0.36436,87.9037,1287694.5,136.623,3853.66,31.0,35.6398,12.918
10271.3,3894.09,0.37912,92.5508,1471741.2,151.62,4320.32,85.0,33.7525,16.149
17776.7,7997.32,0.44987,173.564,2461083.2,289.925,10690.43,48.0,24.9031,15.475
7978.43,3201.74,0.40129,92.8349,1161077.5,121.739,3406.55,55.0,32.7868,12.714
5948.13,2082.65,0.35013,55.8689,809650.94,85.2968,3172.66,22.0,39.4736,7.783
15434.6,4890.98,0.31688,233.309,2115358.5,262.352,5373.24,130.0,23.7359,2.095
7233.5,2277.86,0.3149,69.1575,1015782.44,99.93,3292.25,47.0,35.798,5.639
5604.37,1648.55,0.29415,46.0348,777499.9,72.4404,3082.36,16.0,40.3641,2.004
9570.35,2985.51,0.31195,84.127,1361374.5,123.537,4233.62,66.0,32.7612,15.184
9272.69,3612.79,0.38961,93.5242,1272379.2,123.011,4540.15,35.0,35.4554,15.97
13090.3,3992.21,0.30497,156.437,1857145.6,198.645,5054.04,144.0,25.8203,12.514
6258.1,1438.87,0.22992,61.0663,880681.94,71.6956,2815.71,30.0,39.9269,5.884
12162.4,2791.08,0.22948,110.569,1695284.6,169.562,4298.94,6.0,32.8922,7.04
6320.81,1989.39,0.31473,61.5102,839713.7,90.567,3406.92,62.0,38.8969,14.954
6415.34,2134.96,0.33278,54.4313,887237.1,96.4598,3615.85,69.0,38.4654,1.264
15797.1,5056.72,0.3201,160.293,2206409.2,269.727,4473.74,104.0,28.2575,4.327
6100.75,1643.25,0.26935,63.0371,850541.0,78.8154,3711.86,78.0,38.7273,5.071
8551.98,2476.35,0.28956,94.7292,1146598.4,124.06,4339.64,102.0,33.0988,2.98
4855.56,1186.51,0.24436,52.0524,678773.44,90.378,2529.47,41.0,43.0993,12.094
4332.02,1366.91,0.31553,35.6192,597509.9,61.4766,1841.13,32.0,41.5669,14.852
9518.99,2716.64,0.28539,63.6044,1362437.6,127.396,3849.25,50.0,37.4365,13.408
7493.85,1900.05,0.25354,74.9521,1042107.56,93.2871,3263.19,45.0,38.4139,7.899
7418.72,1955.32,0.26356,90.2236,1038293.75,103.374,3905.78,25.0,35.6903,1.283
6132.19,2734.9,0.44599,56.8861,868806.94,98.4782,2380.44,86.0,40.6069,14.606
11200.2,3517.83,0.31408,129.394,1539164.8,162.638,4925.41,67.0,29.5287,3.377
7960.0,3214.54,0.40383,72.9095,1078266.0,113.689,3560.74,47.0,40.2239,3.998
10103.3,3177.95,0.31454,118.061,1424123.9,154.52,4257.74,46.0,34.1803,2.842
7853.84,2003.32,0.25507,73.512,1092185.5,92.2608,3898.77,61.0,35.5769,3.689
6366.99,3046.45,0.47847,58.2004,888483.25,115.035,2495.87,68.0,41.4793,13.037
10400.7,3308.57,0.31811,101.018,1443626.6,136.919,3549.05,27.0,35.8839,3.861
7011.17,1985.58,0.2832,64.3498,955436.44,96.6629,3092.35,26.0,40.2272,1.605
6514.2,2130.11,0.32699,67.9574,910484.7,90.1851,3221.82,63.0,38.5537,12.158
5347.92,2371.64,0.44346,44.1413,774080.75,84.1646,2871.29,44.0,43.1297,14.127
12082.7,3163.48,0.26181,156.962,1721650.0,162.491,4735.39,29.0,29.1932,1.556
6154.64,1542.81,0.25067,57.0332,859320.4,73.5371,3074.59,48.0,39.8404,7.689
7644.2,3846.29,0.50316,68.8207,1006360.7,135.283,3600.17,71.0,34.7112,14.602
10700.1,3648.83,0.341,102.902,1488205.4,168.69,4347.26,70.0,32.7843,13.419
14737.3,4159.32,0.28223,178.08,2074218.4,236.781,4585.41,29.0,29.7998,2.476
8306.83,2281.64,0.27467,76.8608,1118455.1,113.803,3310.09,106.0,38.1662,2.125
10081.4,3537.68,0.35091,97.2272,1418676.8,132.943,3524.62,43.0,34.6822,10.532
11262.1,3142.78,0.27905,142.078,1609453.1,166.948,4621.6,25.0,29.2571,1.676
8693.56,3265.99,0.37567,55.4973,1258363.4,126.928,4890.54,15.0,36.3849,19.379
14246.6,4170.93,0.29276,126.143,2029418.1,176.907,5615.2,66.0,25.4509,20.544
9003.99,2917.0,0.32396,107.625,1235832.8,145.09,4253.84,106.0,32.6544,18.815
20734.4,7997.71,0.38572,189.396,2876946.0,356.061,14427.01,145.0,26.8775,3.76
5076.51,1491.55,0.29381,49.7675,722614.94,66.6813,2060.42,2.0,41.9873,4.357
6206.25,2037.99,0.32837,55.5743,850506.56,93.7885,3186.83,9.0,40.908,8.477
13773.6,3597.2,0.26116,160.306,1926331.5,217.139,5109.77,199.0,28.027,1.783
4774.15,1491.72,0.31245,30.921,665350.1,60.3365,2020.28,46.0,44.3453,10.32
5828.38,1701.67,0.29196,43.476,787318.7,84.6193,3723.04,21.0,41.0586,14.804
7921.36,2641.06,0.3334,67.4358,1144460.1,96.143,3237.09,48.0,39.6079,17.071
14425.1,4729.08,0.32783,158.327,1970682.4,265.618,4807.14,22.0,28.2035,2.893
6140.42,2144.96,0.34931,59.9799,781220.44,98.3217,2910.15,5.0,37.9367,12.148
12090.3,3076.95,0.25449,155.053,1721142.0,158.252,4732.77,25.0,28.9032,1.572
7264.92,2420.59,0.33318,70.7372,1000191.6,102.453,4203.68,131.0,34.6426,17.214
10009.1,2325.19,0.2323,124.667,1395169.9,157.344,4596.66,69.0,30.1889,1.234
5022.89,1362.48,0.27125,32.7555,705957.56,60.4559,2604.36,51.0,42.5613,9.444
14374.8,5464.32,0.38013,183.678,1897125.4,262.284,5126.25,58.0,25.5378,6.037
11188.2,3571.08,0.31918,112.272,1604603.2,136.335,4648.42,45.0,31.7183,17.324
14479.2,4888.83,0.33764,176.96,1984231.5,255.585,4896.31,23.0,28.3131,3.001
5633.79,1508.91,0.26783,46.7369,788505.5,68.8266,3054.83,14.0,41.5246,2.488
4785.48,1537.05,0.32119,38.1416,660216.44,57.7526,1932.25,40.0,43.8672,10.092
9576.97,2328.36,0.24312,97.6461,1361049.0,123.078,3556.77,125.0,36.2785,3.497
10576.7,5626.25,0.53194,89.6561,1323721.2,207.514,2861.11,82.0,38.2267,19.051
8909.5,3252.77,0.36509,62.4533,1265154.8,123.727,4748.22,61.0,39.5598,10.267
6443.96,1356.91,0.21057,72.6566,847600.5,86.2108,3414.51,86.0,38.2613,1.443
9332.82,2425.73,0.25991,88.9091,1313776.9,128.323,3836.44,11.0,36.5269,2.407
5407.42,1823.98,0.33731,45.918,746532.9,68.1332,1968.28,27.0,43.712,2.804
14968.6,5792.82,0.38699,182.319,2042277.8,265.483,5378.99,233.0,26.9152,6.454
11699.5,3022.16,0.25831,149.341,1586376.0,184.659,4465.32,29.0,32.2332,2.485
10819.8,2419.57,0.22362,131.708,1502124.9,163.476,4709.0,179.0,28.5934,0.754
6707.61,2208.92,0.32931,58.2374,917184.56,97.9591,2553.86,34.0,37.297,13.661
10010.8,2195.45,0.2193,101.467,1413769.1,139.21,4401.16,46.0,33.6441,1.189
8854.98,2617.44,0.29558,95.2643,1214159.2,153.926,3261.07,8.0,36.5771,1.79
8526.84,3350.61,0.39294,90.9958,1134127.2,137.532,3510.4,62.0,33.9502,16.622
23442.8,10688.2,0.45592,198.416,3157388.2,382.955,5450.5,102.0,23.8974,19.848
10169.9,2954.04,0.29046,115.743,1454413.8,136.27,3832.97,47.0,35.0156,1.796
6062.71,1908.17,0.31473,54.518,836987.1,94.7796,2948.51,68.0,40.3535,14.094
18356.5,4517.56,0.2461,207.932,2513307.5,264.18,5988.59,229.0,20.3085,7.64
13193.2,3918.96,0.29704,176.313,1834315.8,197.273,5134.18,63.0,24.744,2.067
3907.43,1203.73,0.30806,31.7001,536212.25,49.1293,1392.82,17.0,44.3362,1.401
9496.95,3688.22,0.38835,95.2944,1335972.4,125.094,3786.81,31.0,34.3154,17.628
6015.12,1751.2,0.29113,59.5672,867461.1,77.6348,2560.38,70.0,41.5729,2.942
6974.49,1857.21,0.26628,75.0111,955080.94,107.469,3086.6,77.0,38.3161,1.422
5677.78,1648.11,0.29027,57.0371,715395.3,96.0029,3117.84,25.0,40.0563,2.797
16674.4,4159.65,0.24946,211.52,2352533.0,265.248,5618.41,86.0,23.3564,1.902
10982.1,3130.48,0.28505,98.8226,1494986.1,139.778,6344.45,37.0,30.4838,14.664
8807.81,2303.67,0.26154,87.4166,1231502.4,138.564,4005.94,163.0,33.7375,1.451
6302.62,1242.56,0.19714,63.0516,888767.5,73.7857,3139.1,20.0,39.0043,1.76
12457.8,3007.39,0.2414,151.934,1744707.5,202.085,4989.95,188.0,28.2223,1.716
5014.72,1360.76,0.27135,38.169,718525.2,59.553,2573.85,49.0,42.6725,13.259
7217.27,1930.88,0.26753,67.156,1003092.0,97.0186,2917.63,93.0,38.6408,3.931
9199.34,3020.59,0.32834,89.403,1288535.5,151.322,3827.19,17.0,35.536,2.41
8029.09,2432.94,0.30301,88.9825,1135567.2,111.863,3948.75,25.0,35.9552,2.055
7015.34,2140.39,0.3051,60.7041,994428.0,86.0525,3257.63,24.0,39.4016,14.93
7836.34,2558.01,0.32642,85.8228,1101506.8,117.322,3255.79,39.0,34.1015,13.958
7688.58,1956.83,0.25451,65.3892,1051150.1,106.054,3952.33,24.0,36.03,1.981
16124.5,3981.11,0.24689,228.397,2267632.5,257.988,5566.98,101.0,22.1022,2.717
9590.13,1972.29,0.20565,100.847,1344208.2,117.84,3779.21,135.0,35.136,4.169
22689.7,6718.93,0.29612,303.985,3133070.5,372.76,6273.5,105.0,16.6089,3.587
10458.5,2578.8,0.24657,119.777,1473539.8,145.224,4389.57,61.0,34.1724,5.223
6916.03,2049.1,0.29628,79.8322,934100.2,109.591,3084.97,85.0,39.0029,1.247
9116.15,2495.31,0.27372,101.762,1245365.9,156.152,4133.88,72.0,33.2153,0.618
10660.4,3424.51,0.32123,123.67,1483947.1,160.108,4918.52,69.0,29.9491,5.56
10699.7,3919.3,0.36629,91.4674,1512839.5,149.395,4522.38,122.0,31.2634,13.139
19987.6,6748.1,0.33761,210.868,2782081.2,327.962,5807.76,231.0,21.7142,10.224
7410.1,2526.39,0.34093,63.2953,996343.5,107.882,2806.91,59.0,40.4108,14.626
4598.95,1482.05,0.32225,35.8995,622778.0,56.66,1519.24,19.0,44.2716,5.822
8169.12,2822.39,0.34549,65.7201,1125340.2,108.965,3326.32,41.0,37.8818,4.94
10883.7,3356.35,0.30838,72.4193,1524035.8,148.256,3892.77,31.0,34.2382,14.148
6267.99,2285.38,0.36461,60.9615,876576.56,97.0422,3166.62,44.0,39.0212,7.657
5296.83,1771.68,0.33447,43.041,730742.0,71.5113,1976.69,28.0,43.5532,1.893
6437.26,1679.59,0.26091,67.5657,880638.7,91.081,3235.22,64.0,38.7926,12.753
18732.2,5651.96,0.30172,268.821,2541469.5,308.224,5773.15,337.0,21.3252,2.705
18110.4,5375.28,0.2968,204.93,2500578.5,291.653,6191.41,237.0,20.6519,7.957
11717.4,3395.54,0.28978,125.701,1661134.0,179.474,4315.42,45.0,32.2483,1.564
12678.7,3567.35,0.28136,166.63,1754792.5,209.144,4816.79,57.0,28.5257,2.662
6050.45,1437.38,0.23756,68.9769,846116.44,82.4664,2772.34,83.0,39.9035,9.339
21105.9,7370.41,0.34921,187.943,3020809.8,340.856,8317.29,135.0,26.4211,6.734
9594.94,1915.05,0.19958,97.2421,1337869.4,107.172,3883.87,158.0,34.0481,4.162
9551.36,2195.91,0.2299,91.9518,1348235.5,130.015,4110.26,43.0,34.4292,3.656
5345.09,759.13,0.14202,47.2048,734629.9,59.477,2958.26,23.0,39.5469,3.912
7217.49,1976.4,0.27383,51.1449,1005789.94,87.3044,3886.4,39.0,37.3697,8.74
14631.0,4218.69,0.28833,215.525,2037416.6,239.818,5327.54,287.0,25.036,2.736
8814.02,2484.21,0.28184,81.776,1232171.2,109.656,4292.86,60.0,34.5595,2.517
7165.05,2046.49,0.28562,39.9737,999528.44,81.6626,2822.1,28.0,38.9461,11.746
5194.69,1130.18,0.21756,45.9094,661983.8,68.9354,1982.23,32.0,43.243,7.041
15242.7,4731.37,0.3104,194.334,2051070.0,253.28,5123.91,197.0,26.211,2.847
8525.12,2612.2,0.30641,87.2631,1208331.1,129.368,3910.8,7.0,35.8768,1.965
5673.63,1467.6,0.25867,61.8615,752202.6,79.5181,3388.63,64.0,38.5421,4.55
12415.5,4261.57,0.34324,145.556,1746526.4,174.513,5069.62,29.0,28.0078,4.002
4699.26,1604.57,0.34145,34.2803,667509.56,54.2138,1431.12,40.0,44.0483,14.347
9690.94,3831.46,0.39536,59.9896,1352113.4,147.408,3899.9,43.0,36.6593,16.091
19583.7,7207.69,0.36804,210.249,2718280.2,312.9,5630.24,178.0,22.4948,19.718
8834.05,2794.36,0.31631,76.6182,1215334.1,112.712,3973.6,60.0,36.8106,14.447
8977.17,2901.25,0.32318,67.8172,1196728.1,134.27,4866.64,67.0,32.4702,4.139
9180.7,4143.4,0.45131,92.4973,1306970.8,152.9,3302.34,65.0,33.9886,16.29
5125.64,1626.35,0.31729,49.9892,729589.3,85.0705,2914.79,34.0,40.8329,14.764
8425.74,1700.15,0.20178,85.6084,1179690.0,103.144,3721.55,14.0,34.5307,1.929
6807.88,1832.3,0.26914,63.7762,946769.25,88.8284,2800.18,51.0,39.4526,7.315
9771.07,3071.61,0.31435,91.5671,1384271.6,128.579,4116.36,106.0,33.3686,4.279
8073.55,2533.49,0.3138,72.4763,1132137.9,110.511,3366.83,33.0,37.5705,5.801
9533.37,2569.61,0.26953,106.851,1322800.0,136.333,3773.31,22.0,33.1471,3.795
12635.4,3504.02,0.27731,166.161,1764289.9,199.341,4818.35,56.0,29.3843,2.691
6083.59,1310.5,0.21541,56.257,835284.94,83.4063,2725.64,20.0,46.5464,1.282
7713.88,1699.24,0.22028,64.2659,1110612.9,80.7132,2675.15,30.0,39.7539,5.271
9882.54,3904.49,0.39508,103.975,1400717.1,123.497,3533.16,25.0,35.1622,12.158
7114.35,1830.42,0.25728,56.8078,978910.06,83.2648,2658.24,33.0,40.4665,13.752
7018.18,1770.81,0.25231,70.6926,967327.4,105.01,3185.43,99.0,38.467,11.993
7507.1,2554.05,0.34021,72.7117,1041523.0,93.2909,3041.78,18.0,38.2124,2.986
8029.35,3121.01,0.3887,78.416,1141620.2,122.441,3299.35,43.0,37.7919,3.383
7674.89,2054.38,0.26767,93.4918,1041221.56,123.877,3375.17,120.0,36.123,1.516
8659.39,2149.58,0.24823,86.7103,1190766.8,137.758,3278.77,7.0,36.5156,1.519
6107.31,1330.1,0.21778,55.5875,806626.9,78.0084,2897.62,36.0,39.0059,17.578
9368.03,3482.83,0.37177,90.3408,1297902.0,153.037,3719.04,13.0,35.214,16.458
8269.76,1965.36,0.23765,90.1109,1153598.0,124.139,3211.27,4.0,37.0371,0.43
21308.0,5864.66,0.27523,296.615,2885635.8,310.544,6597.38,294.0,18.6944,1.289
7952.21,2006.03,0.25226,64.7926,1101704.1,108.601,3621.52,24.0,37.1603,1.469
6402.89,2658.45,0.41519,73.8198,938805.3,117.148,2998.22,61.0,38.1974,13.751
8768.83,3315.14,0.37805,37.2007,1178342.4,116.399,3919.41,85.0,34.8468,13.197
25718.3,8502.3,0.33059,309.643,3615402.8,411.489,7045.56,115.0,17.7086,4.037
8231.05,2404.21,0.29209,89.6764,1154203.5,128.174,3605.77,24.0,34.9943,15.443
5768.52,1486.07,0.25761,46.4629,821356.7,65.804,2560.59,18.0,41.344,2.888
8300.36,2426.42,0.29232,92.4052,1175115.8,111.143,3562.5,98.0,36.8544,1.901
8509.33,2083.82,0.24488,84.9569,1210813.6,113.422,3801.54,24.0,35.7048,3.467
14263.2,3613.9,0.25337,204.033,1989802.6,239.281,4916.2,122.0,27.1215,3.092
14375.5,5115.76,0.35586,165.187,2060048.5,233.776,4670.92,56.0,29.1788,4.217
14655.3,3699.24,0.25241,166.66,1989239.0,213.566,4901.89,93.0,27.9877,5.844
6525.94,2271.98,0.34814,71.6601,908493.0,104.693,3340.14,53.0,38.0986,15.998
14402.9,4377.31,0.30391,148.478,1938994.9,213.511,5056.68,72.0,31.6063,3.882
11307.4,3168.67,0.28022,134.104,1548867.6,155.617,4706.2,87.0,29.4399,13.465
19551.3,5417.73,0.2771,258.558,2754914.5,289.522,5541.34,226.0,24.1632,4.806
6451.37,2033.31,0.31517,62.992,924200.56,85.9918,3419.6,42.0,36.0492,14.668
14015.1,5936.64,0.42358,91.3757,1874977.8,216.984,10137.13,44.0,35.8243,13.449
19711.7,6756.15,0.34274,263.596,2682962.5,338.017,5837.04,308.0,20.6362,4.403
17898.5,5587.64,0.31218,246.261,2432429.8,329.663,5649.31,315.0,21.4632,2.566
9991.31,2596.38,0.25986,100.672,1421854.8,124.968,3690.82,127.0,35.5241,2.012
6981.78,1857.46,0.26604,57.9528,946530.94,95.9847,2767.84,28.0,41.1583,5.649
10980.4,3091.97,0.28158,94.5639,1537698.2,120.941,4355.76,136.0,29.5517,14.842
14244.3,5078.58,0.35653,124.374,2036020.9,214.458,4996.07,137.0,27.5914,18.904
11719.8,4758.73,0.40604,72.8142,1660837.0,168.558,5228.63,52.0,36.3379,4.059
7292.31,1737.86,0.23831,76.2888,980856.2,85.5002,2877.6,95.0,38.1842,2.535
8848.99,2324.46,0.26268,95.1253,1196315.1,98.9865,3664.79,17.0,35.8053,19.656
4402.95,1887.47,0.42868,37.835,593165.9,71.8535,1974.24,40.0,43.5606,10.142
6899.1,2546.97,0.36917,63.6659,1002897.1,92.2795,3212.43,29.0,38.8,1.193
9600.28,2081.26,0.21679,82.0641,1342909.8,121.796,4718.6,33.0,33.0357,2.243
7491.7,2581.22,0.34454,50.1645,1044817.75,104.986,2880.11,8.0,41.09,13.088
7818.48,2064.66,0.26407,55.4285,1074579.2,94.402,2710.99,32.0,40.5176,11.004
9387.41,2813.38,0.29969,84.634,1320017.6,128.936,3982.68,63.0,34.4196,3.701
8039.65,1746.52,0.21723,84.2473,1160425.2,96.0957,3915.02,9.0,34.3684,1.329
9872.52,3119.47,0.31597,99.531,1375542.9,132.992,3779.99,14.0,34.8256,3.128
6428.08,1398.05,0.21749,51.1472,880599.7,82.2832,2784.98,34.0,40.4697,6.256
5953.08,2018.87,0.33913,42.6576,838949.4,76.8862,2682.96,39.0,41.6802,13.492
9429.94,3894.33,0.41297,94.6305,1313107.6,131.974,4342.69,31.0,33.9232,16.089
8665.06,2894.45,0.33403,87.0229,1188492.2,124.567,3672.23,50.0,37.3865,15.549
5009.85,993.82,0.19837,30.6568,705423.56,60.0691,1999.73,53.0,44.6988,7.237
10595.3,3670.76,0.34645,130.665,1469841.6,180.042,4571.79,145.0,29.23,17.661
15663.9,4877.26,0.31136,188.709,2161138.5,260.424,5278.76,85.0,25.2724,6.606
9477.18,3402.21,0.35898,77.7603,1289622.5,128.903,4365.78,27.0,34.5703,12.783
16460.2,5142.57,0.31242,155.894,2360987.2,219.06,6240.65,172.0,22.7742,12.46
9794.74,2327.25,0.2376,106.163,1390249.8,150.453,3893.68,33.0,33.7303,2.383
9789.28,3777.39,0.38587,136.231,1291532.6,186.276,4381.78,146.0,28.8464,3.228
12339.0,3986.99,0.32312,123.035,1700544.5,183.307,5350.54,41.0,46.5464,0.0
6746.75,2514.55,0.3727,80.0423,911970.3,100.397,3276.33,69.0,38.9515,1.484
5751.38,1452.05,0.25246,43.3907,795139.9,86.7591,2760.18,46.0,40.0985,12.513
4701.09,1708.37,0.36339,31.4939,664100.44,60.9597,2196.06,41.0,43.6741,6.545
7853.21,1928.53,0.24557,70.4346,1147799.0,94.9051,3061.76,16.0,37.923,1.779
5721.72,2090.37,0.36533,65.376,752896.6,93.0864,2727.55,39.0,40.6876,5.713
7110.13,2368.46,0.33311,60.0148,930462.1,108.892,3673.04,47.0,37.4051,12.915
17999.6,3989.97,0.22166,211.471,2452917.8,253.496,5884.59,208.0,19.5741,8.128
10328.8,2756.99,0.26692,128.442,1476200.6,150.564,4329.95,48.0,32.4913,2.748
8141.89,1966.64,0.24154,77.3843,1113256.4,103.241,3863.62,38.0,34.3889,6.797
14158.6,5028.01,0.35512,164.781,1954999.8,204.41,4997.51,150.0,27.5892,8.545
14262.9,4557.68,0.31954,155.672,1929977.8,221.463,5011.43,12.0,32.0662,18.537
8618.09,1658.37,0.19242,104.37,1147006.4,139.391,3948.19,40.0,34.4112,1.958
9768.55,2734.13,0.27989,102.271,1337528.2,166.601,4161.91,72.0,33.0415,0.677
7651.86,2152.83,0.28134,71.6373,1014657.06,100.354,3742.84,14.0,34.8701,11.113
18153.5,5283.07,0.29102,236.483,2494463.0,275.834,5702.92,204.0,21.814,3.584
9615.18,2342.28,0.2436,92.9448,1318362.2,138.962,4143.27,48.0,34.2729,6.166
5727.31,1912.0,0.33383,56.6036,785578.44,75.8275,3156.23,12.0,41.0873,7.891
5411.95,1633.39,0.30181,42.0373,752004.2,67.6637,2739.2,49.0,40.9076,10.993
11185.7,3707.85,0.33148,155.074,1555398.4,146.677,5104.89,38.0,28.0135,3.996
14742.9,4299.58,0.29163,186.478,2050208.4,226.267,5634.62,137.0,22.8545,0.853
14944.5,4812.55,0.32202,96.3226,2074735.5,207.939,10845.93,123.0,30.6431,18.408
14003.4,3561.37,0.25432,196.526,1914392.2,213.84,4570.62,185.0,28.7971,1.761
7152.2,2157.07,0.30159,50.2429,971823.6,104.825,2516.38,31.0,41.745,13.15
13316.6,4533.4,0.34043,159.036,1843577.2,209.418,4813.14,127.0,28.9989,6.465
9051.91,2110.26,0.23312,93.3863,1270536.2,124.667,4141.27,32.0,34.1925,2.55
11298.5,2782.74,0.24629,143.315,1600963.9,152.302,4099.93,135.0,32.4926,2.614
5643.88,1418.38,0.25131,63.4434,710283.7,86.926,3087.81,16.0,39.4742,2.198
7646.07,2726.29,0.35656,62.1648,1043908.0,102.282,3407.3,35.0,37.7722,4.18
14600.9,4774.23,0.32698,190.681,1976029.6,253.566,4558.29,44.0,28.9355,2.015
16273.0,4202.99,0.25827,234.253,2280691.8,266.848,5551.59,97.0,21.9834,2.922
10312.7,3640.06,0.35296,96.5111,1444199.8,130.105,3646.7,45.0,35.0678,14.595
4243.03,904.2,0.2131,39.188,562118.75,51.5211,2468.03,9.0,44.1785,11.4
9086.77,3286.76,0.3617,90.5828,1204901.0,146.939,4037.27,26.0,34.0115,17.357
5175.62,1703.59,0.32915,36.8199,697297.2,63.6369,1514.93,30.0,44.4305,9.213
5130.22,2011.59,0.3921,33.7902,724219.5,66.3904,2570.79,39.0,42.7829,2.46
7189.15,1848.16,0.25707,61.3415,998976.2,97.5731,2792.51,94.0,39.1853,11.202
3994.58,945.3,0.23664,33.7871,569847.75,43.9546,1780.63,12.0,44.4823,2.058
6030.8,2767.05,0.45881,49.1402,866757.6,92.9908,2477.8,85.0,40.9317,14.917
15217.2,4742.71,0.31166,232.445,2068253.9,258.944,5184.94,124.0,24.224,1.718
14486.9,3431.87,0.23689,200.061,2022047.6,252.037,4939.11,137.0,26.9361,2.651
13389.6,3796.92,0.28357,163.285,1915546.6,217.56,4718.57,134.0,20.2053,19.098
8661.82,2941.15,0.33955,86.051,1181015.6,116.282,3942.73,76.0,35.0308,4.143
5857.94,2103.16,0.35902,23.6943,798658.4,78.8743,2533.4,41.0,42.0625,12.877
4934.99,1943.44,0.3938,23.0861,673246.8,71.7356,2722.08,32.0,45.3151,18.293
9264.44,2443.62,0.26376,95.2623,1301537.8,138.816,4061.39,167.0,33.4234,1.378
18326.1,7176.07,0.39157,93.4561,2542017.0,327.217,22963.56,83.0,31.0155,16.251
10441.8,3022.71,0.28948,125.849,1470628.6,179.975,4253.88,65.0,32.428,1.75
7097.49,2203.88,0.31051,63.3656,963502.9,98.772,3289.54,35.0,40.3399,2.05
8579.27,2108.28,0.24574,76.9909,1154974.9,99.3322,3671.56,39.0,36.4394,11.282
4770.72,1358.25,0.2847,43.2011,652996.7,60.3744,2601.54,60.0,40.8314,9.592
6540.46,1769.29,0.27051,69.6108,941849.75,80.2723,3133.89,18.0,38.8572,2.981
14112.2,5029.76,0.35641,156.629,2017345.6,231.463,4477.91,55.0,29.0404,3.173
4928.96,1651.08,0.33497,47.0148,692086.0,73.1977,2002.93,7.0,42.1969,3.845
9297.41,2532.73,0.27241,84.8276,1329033.8,119.436,3982.52,5.0,33.7869,1.908
8356.67,2812.86,0.3366,86.6774,1189897.4,131.128,3676.87,5.0,36.0101,2.867
12492.4,3734.06,0.2989,154.698,1734014.2,221.046,4591.89,84.0,29.7887,4.169
8945.7,3239.17,0.36209,83.33,1231737.0,111.017,4310.43,31.0,35.4127,16.16
6727.98,3079.07,0.45765,40.3637,952058.3,96.0332,2394.0,65.0,40.4182,8.756
19911.7,7781.75,0.39081,181.791,2753076.8,334.738,10631.05,107.0,27.0414,4.761
4811.69,1439.13,0.29909,36.7681,677384.75,68.6356,2533.62,36.0,40.7887,9.628
11922.2,3574.2,0.29979,151.486,1667984.1,156.284,5208.61,32.0,27.4662,3.664
7665.94,2776.81,0.36222,61.3524,1031423.94,111.034,3527.96,50.0,37.8286,8.814
5957.5,1752.5,0.29416,39.2534,824498.8,88.0641,3127.9,25.0,39.7332,11.617
13968.8,4552.38,0.32589,163.929,1929852.6,218.433,5009.54,188.0,27.3603,2.069
9442.18,2696.96,0.28562,81.7235,1305429.5,124.613,3693.92,3.0,37.1841,12.253
8442.15,1944.86,0.23037,96.5589,1150253.9,114.499,3833.09,27.0,34.2253,2.006
16758.6,4164.9,0.24852,221.224,2348940.0,270.597,5623.5,92.0,23.3296,1.928
7106.47,1494.98,0.21036,44.9542,987078.9,115.398,3397.71,84.0,39.2424,15.192
9012.34,1608.8,0.17851,72.6415,1300635.6,101.341,3968.83,9.0,35.1657,1.251
8532.66,2119.35,0.24838,85.4346,1204590.1,126.412,4065.14,169.0,33.7152,1.197
16951.7,5562.04,0.32811,191.921,2272044.2,268.556,5270.5,201.0,25.5081,2.647
7951.42,1869.59,0.23512,64.6513,1079501.9,110.753,3863.04,28.0,36.1359,2.214
11675.2,1811.24,0.15513,142.242,1643413.5,152.507,4650.47,155.0,29.6784,1.587
13942.3,3554.72,0.25495,179.891,1933788.1,208.589,5254.04,76.0,46.5464,7.966
10122.1,2805.54,0.27716,119.329,1389880.8,140.061,4166.26,132.0,32.863,2.642
9285.14,3285.65,0.35386,94.7882,1308259.4,127.546,3913.52,79.0,34.9663,10.784
10141.4,2933.58,0.28926,118.451,1398673.8,143.586,4166.6,132.0,32.9007,2.634
10477.1,2239.03,0.2137,104.778,1496120.8,143.569,4349.64,49.0,33.9192,0.97
5109.22,1699.72,0.33267,46.4589,722477.0,68.7011,2015.75,10.0,42.2962,7.752
11708.4,4524.79,0.38645,67.3257,1647613.9,176.739,4425.62,35.0,35.162,16.01
7993.88,1587.34,0.19856,63.3935,1160490.9,96.4801,2480.71,39.0,40.8325,13.609
8013.59,2149.94,0.26828,73.6682,1096204.4,105.002,3465.44,29.0,37.2252,5.496
6062.78,942.82,0.1555,49.2854,851422.3,72.2967,2714.3,2.0,42.066,0.508
15874.4,4683.95,0.29506,196.416,2196111.5,227.38,5678.69,140.0,22.5307,0.987
15173.8,4863.05,0.32048,163.223,2155376.8,231.177,4889.15,37.0,27.1394,2.753
4186.91,1379.56,0.32949,33.3333,590790.56,52.8144,1219.58,38.0,45.2476,20.117
5715.52,1277.77,0.22356,55.0519,739568.06,74.3495,2863.47,43.0,38.9939,18.869
6930.11,2119.87,0.30589,65.8001,917801.8,102.832,3151.18,75.0,38.6345,12.342
14609.3,3370.0,0.23067,202.809,2019728.4,256.889,4959.61,139.0,26.7308,3.353
9061.05,1872.81,0.20668,93.6593,1248099.5,123.739,4152.96,38.0,34.0051,2.47
9444.24,3208.17,0.33969,69.6481,1308643.5,118.859,3759.96,44.0,38.289,14.559
8748.36,3261.64,0.37282,85.9859,1151344.6,149.747,3642.02,61.0,36.0342,2.583
4978.46,1736.61,0.34882,49.6151,696637.25,71.65,2177.75,29.0,42.932,1.477
8649.42,3136.71,0.36264,79.2496,1168730.5,125.889,3924.31,53.0,34.9407,7.815
7842.12,1895.32,0.24168,82.0514,1042412.94,107.241,3624.16,13.0,37.3123,16.238
6508.82,1421.97,0.21846,42.0613,891018.8,97.4767,2983.71,33.0,41.2665,10.072
9130.08,4405.0,0.48247,104.608,1195322.5,174.183,3702.35,107.0,36.3891,15.456
8036.57,2243.31,0.27913,63.1689,1110112.1,103.453,3361.53,35.0,38.4421,5.216
9004.71,2114.46,0.23481,68.814,1237261.5,110.033,3670.06,19.0,36.9017,7.515
11732.0,2798.15,0.2385,123.522,1642014.8,133.475,4510.67,66.0,32.9782,18.751
8484.37,2379.9,0.2805,73.3358,1183629.1,105.316,3934.98,38.0,33.7411,5.205
7549.29,2145.53,0.2842,76.5157,1045032.9,92.3782,3505.03,48.0,36.354,11.444
8610.39,1679.19,0.19501,81.6902,1234630.9,117.174,4020.26,87.0,35.0751,1.362
16767.9,5992.96,0.3574,239.541,2253318.5,265.741,5417.87,132.0,19.5693,2.815
6432.3,1525.59,0.23717,67.2128,920186.3,78.0028,3079.76,13.0,38.5231,1.987
9717.32,3662.73,0.37692,89.8656,1340222.9,151.571,3803.75,102.0,34.8494,19.028
5852.72,2149.37,0.36724,55.4078,802428.4,93.4597,2556.89,59.0,41.2864,3.576
6310.25,1999.13,0.3168,55.2412,898933.8,77.1359,3471.24,60.0,39.1235,12.943
11991.5,3354.02,0.27969,149.142,1620220.9,175.035,4557.72,57.0,31.479,5.03
4506.56,1196.49,0.26549,45.1626,592924.8,75.9564,2823.33,15.0,40.3584,3.544
15270.3,4382.19,0.28697,178.239,2118440.0,230.695,5656.98,141.0,22.7627,0.937
5549.44,1264.62,0.22788,51.6849,727563.3,85.2076,3369.64,11.0,40.1226,1.722
16466.5,3707.04,0.22512,213.31,2316765.8,254.601,5558.99,90.0,23.6249,2.042
4459.61,857.91,0.19237,44.699,599583.25,69.3644,2630.51,14.0,43.9256,2.354
5465.3,1497.6,0.27401,55.4209,748486.6,75.4969,2580.46,48.0,39.6805,12.727
15446.3,3923.23,0.25399,174.56,2155040.8,244.785,4940.81,100.0,27.2016,5.901
8865.32,3317.32,0.37419,95.8075,1223687.8,122.748,3509.39,38.0,36.7233,16.102
8995.04,3888.12,0.43225,87.3961,1250155.5,137.348,3723.89,119.0,34.9661,3.823
8120.7,2136.86,0.26313,88.7036,1107579.5,128.347,3530.89,44.0,33.8348,4.285
17674.6,4973.83,0.28141,251.414,2406098.8,321.119,5716.51,325.0,21.2083,3.904
5481.11,1870.43,0.34125,53.1316,759013.5,76.5079,2596.84,33.0,41.4592,3.908
11000.7,3998.85,0.3635,95.4976,1574560.6,150.677,4201.49,87.0,31.4006,18.791
9637.85,1986.06,0.20606,109.686,1347854.1,124.523,4226.02,61.0,34.1828,1.98
7222.5,2102.31,0.29107,70.6333,1010894.44,103.11,3617.8,84.0,36.7719,15.819
12539.4,3580.1,0.2855,168.87,1739296.1,201.895,4812.51,56.0,28.5264,2.684
3586.64,1101.6,0.30713,26.199,492362.4,41.4035,1369.39,11.0,45.4347,5.927
15916.7,5492.53,0.34507,179.53,2225124.2,268.226,5452.77,183.0,23.4468,2.629
4712.2,1681.43,0.35682,44.3865,672045.44,74.6649,2439.62,43.0,42.4701,8.357
15056.2,3770.6,0.25043,181.119,2119377.0,217.442,5707.29,64.0,23.0197,1.288
9166.94,4007.95,0.43721,86.7278,1272697.6,145.813,3720.53,118.0,34.9226,3.058
13036.2,2616.11,0.20068,177.305,1765642.6,203.368,4715.42,96.0,28.8687,1.837
16278.7,5466.45,0.3358,215.806,2249463.5,262.284,5331.74,288.0,24.5642,1.939
8737.21,1803.66,0.20643,98.6818,1233825.2,119.057,3845.3,46.0,35.0497,2.885
12339.7,3321.59,0.26917,125.867,1777977.6,169.221,4671.47,137.0,29.4977,17.867
14377.7,4270.99,0.29705,173.435,1980982.0,242.252,4862.61,26.0,27.815,3.192
8873.25,2220.19,0.25021,100.875,1249763.9,124.069,3212.55,4.0,36.9064,0.602
13318.4,4863.78,0.36519,205.977,1732932.5,167.576,4831.96,91.0,28.3002,4.576
11349.5,2916.2,0.25694,143.853,1571995.9,170.983,4702.78,153.0,25.8345,1.139
13539.4,4487.44,0.33143,173.277,1925222.0,237.826,5129.11,66.0,25.9015,15.134
11296.0,3421.97,0.30293,131.268,1554539.8,165.747,4977.41,76.0,28.7457,3.468
6920.13,2251.5,0.32535,60.4249,932515.0,101.122,3160.32,13.0,40.0831,1.312
3897.69,1193.84,0.30629,34.7962,530857.6,47.5309,1388.04,34.0,46.5464,11.2
4894.36,2087.69,0.42655,37.684,690140.0,64.9837,2619.76,39.0,42.7294,4.221
7984.46,2016.06,0.25249,73.9904,1063494.1,99.8277,3464.29,92.0,36.2048,11.651
6362.38,2297.95,0.36117,61.465,845194.56,106.831,2421.91,37.0,39.8186,14.93
5382.83,1317.87,0.24482,44.8999,748212.06,63.8641,2872.55,16.0,40.4156,2.069
20317.2,6101.22,0.30029,185.908,2926114.8,282.523,6544.7,234.0,23.5264,20.907
16622.1,3850.79,0.23166,193.176,2391134.8,266.703,5340.42,268.0,22.2524,11.002
4496.85,1262.53,0.28075,51.5994,628302.4,60.3764,2134.22,17.0,43.023,3.272
5800.95,1546.69,0.26662,47.2794,816807.06,71.9864,2913.9,13.0,40.8921,2.299
9255.63,2712.16,0.29302,89.4501,1326599.0,116.05,4055.83,10.0,34.4886,2.495
6032.69,2422.21,0.40151,52.3982,814234.06,91.747,2682.81,50.0,40.7324,16.197
7416.87,1650.52,0.22253,64.1535,997984.2,105.136,3130.98,49.0,39.1342,10.397
5470.18,1157.61,0.21162,50.6286,786194.94,71.6508,2849.27,58.0,40.2642,1.305
8153.01,2759.05,0.3384,88.2885,1154749.0,123.615,3217.48,25.0,37.6921,1.628
7031.59,2403.2,0.34177,64.1508,962627.7,98.6352,3286.68,26.0,38.3653,4.831
7714.76,1892.75,0.24534,77.8609,1086793.6,99.0936,3828.91,41.0,35.1406,2.297
22869.8,5440.58,0.23789,323.683,3147677.5,405.101,6215.8,164.0,19.8448,0.979
7034.56,1907.3,0.27113,63.7859,976465.06,99.6663,3402.57,64.0,37.8245,15.044
13964.3,4411.19,0.31589,168.1,1930084.9,214.447,5228.0,195.0,27.4568,1.491
6979.79,1392.54,0.19951,63.1614,980378.56,71.5298,2856.05,29.0,39.8269,16.14
13878.1,4110.57,0.29619,189.243,1925704.9,217.995,5534.85,137.0,22.9309,1.101
17304.5,5988.57,0.34607,166.093,2408909.2,246.113,6201.44,158.0,21.2995,19.738
9218.55,3334.96,0.36176,76.0205,1258537.1,132.03,3903.68,96.0,34.7368,8.958
8183.09,2499.09,0.30539,84.2409,1158307.9,116.287,3482.49,25.0,37.2636,4.67
7461.0,2615.72,0.35058,70.3027,1035484.0,99.25,3182.44,21.0,38.2576,2.881
5793.37,1885.18,0.3254,59.9501,772284.44,91.7901,2656.85,29.0,41.1827,4.479
8886.95,2633.4,0.29632,92.3703,1195681.1,140.67,4060.89,42.0,34.8611,3.754
5801.52,2677.31,0.46148,52.4775,830342.8,88.2008,2506.58,85.0,40.7123,15.95
16284.8,4067.65,0.24978,235.178,2291125.0,258.495,5531.21,91.0,22.2881,2.37
15703.0,5453.97,0.34732,168.611,2165783.2,282.283,4555.97,95.0,29.0507,12.471
14181.4,4047.69,0.28542,155.665,1976053.1,239.163,4436.71,83.0,29.6812,1.526
8484.55,2214.54,0.261,90.8792,1190221.9,108.707,4026.73,23.0,35.6515,2.716
12873.1,6668.48,0.51801,84.9523,1581138.8,265.497,3338.15,68.0,37.153,20.737
9833.83,2786.05,0.28331,94.2234,1382675.9,114.965,3497.49,26.0,32.8693,11.604
13967.6,4465.83,0.31972,148.859,1916426.4,211.825,5341.57,16.0,33.3306,6.892
5546.04,1881.53,0.33925,55.1713,723524.0,88.8274,2759.81,58.0,40.5572,8.093
4957.26,1826.33,0.36841,38.2988,690735.1,72.7671,1922.37,50.0,43.8567,9.348
9179.39,2778.13,0.30264,91.5632,1299815.2,136.265,3903.4,2.0,35.2011,2.347
13109.3,4629.25,0.35312,127.375,1864371.9,172.726,4887.31,147.0,29.3633,15.266
6778.36,1512.09,0.22307,74.1987,927969.44,82.9571,2925.23,121.0,37.6687,2.028
8277.16,2452.25,0.29626,90.1924,1114156.0,119.617,4277.58,107.0,33.2524,3.768
11429.8,4088.6,0.35771,128.606,1562928.9,188.2,4873.73,80.0,26.6527,6.822
15670.7,4301.91,0.27451,200.647,2133626.0,247.767,5132.49,85.0,25.2711,5.393
4936.32,970.56,0.19661,43.1827,713096.0,60.4473,2185.83,79.0,42.6918,0.679
8593.81,2261.12,0.26311,85.9737,1176502.6,137.778,3284.01,7.0,36.5158,1.473
5029.37,1411.82,0.28071,45.2956,714353.25,71.4247,2659.0,19.0,41.4694,3.916
7936.87,2508.43,0.31604,63.8963,1095587.4,120.152,3769.59,32.0,36.2459,14.079
7276.86,1687.48,0.23189,87.5995,1016235.7,104.512,3843.97,24.0,36.2756,1.575
4761.21,944.56,0.19838,46.8635,683365.94,56.6603,2184.62,80.0,42.7971,0.697
4815.29,1190.8,0.24729,39.2321,641896.1,66.9865,1607.33,18.0,43.8308,12.192
9997.28,2763.07,0.27638,106.131,1408963.9,149.564,3984.41,38.0,32.9656,1.713
7725.18,1875.51,0.24277,80.2448,1079308.8,106.561,3888.96,21.0,35.3948,1.49
7631.06,2232.46,0.29254,67.8927,1051235.4,102.843,3715.11,17.0,37.1155,2.087
7877.85,3302.6,0.41922,59.0852,1119540.5,119.717,2990.37,51.0,40.0219,13.241
9524.23,2368.63,0.24869,108.204,1354542.2,139.138,4080.85,57.0,34.0401,4.513
16634.1,4884.57,0.29364,155.017,2250454.0,235.295,4555.13,93.0,46.5464,2.219
7152.03,2424.75,0.33902,75.7893,988692.9,97.0747,3645.27,33.0,36.0894,1.913
5359.24,1617.65,0.30184,49.5301,684225.2,73.7909,2412.79,22.0,42.0568,3.666
5384.52,1167.52,0.21682,51.3538,772938.56,65.6751,2927.67,57.0,40.312,1.635
17358.8,5624.3,0.324,228.29,2395456.8,299.179,4848.28,140.0,26.8966,6.442
4476.57,1558.36,0.34811,37.9184,602930.94,57.7216,1841.99,32.0,44.1126,10.238
7369.71,2141.67,0.2906,69.1134,1008084.9,98.1614,4170.57,47.0,35.9074,14.617
7150.14,2478.33,0.34661,71.7881,1002791.4,98.0424,3272.15,45.0,38.2708,15.755
8132.17,2048.49,0.25189,65.1569,1118426.1,108.701,3874.05,27.0,36.1304,1.534
8297.35,2610.51,0.31461,67.3073,1185241.9,95.1095,3707.06,22.0,36.5345,7.858
8295.29,2965.81,0.35752,84.5487,1159798.6,123.772,3591.99,116.0,35.7284,3.015
6706.03,1628.49,0.24283,70.8382,867017.9,102.99,3253.19,57.0,37.9144,8.264
8196.17,1844.89,0.22509,83.9548,1154099.6,97.5997,3800.77,15.0,35.9699,2.32
11100.7,3564.2,0.32107,95.9826,1521701.9,144.232,3673.82,66.0,33.4233,18.45
13091.5,5053.6,0.38602,127.327,1814649.0,207.693,6056.75,94.0,29.4949,4.661
10824.1,2444.48,0.22583,117.782,1509835.2,166.425,4655.74,179.0,29.2801,0.704
5897.24,1881.18,0.31899,70.1236,815776.5,87.3713,3049.3,35.0,40.1717,1.646
14294.0,5035.57,0.35228,130.669,1930355.0,241.038,4980.87,97.0,27.0122,20.514
5810.56,1460.54,0.25135,50.4719,806143.2,68.6675,2756.43,32.0,39.8895,14.693
7078.48,1879.83,0.26556,67.1173,993156.44,85.3217,2913.59,47.0,39.3135,3.584
7085.79,2048.82,0.28914,69.2659,953679.3,95.0929,3994.61,58.0,36.7897,4.953
4364.05,1282.57,0.29389,39.4299,598529.25,61.3627,1459.06,13.0,44.3042,6.541
12720.5,2536.76,0.19942,136.204,1746305.0,179.332,3928.2,99.0,32.9776,20.983
4899.49,1649.86,0.33674,50.6129,689191.75,65.1637,2200.75,32.0,43.1452,2.405
14461.8,5534.56,0.3827,139.173,2036301.4,212.308,5315.9,103.0,32.1486,19.834
6305.01,1537.22,0.2438,59.4437,855912.75,79.2231,3253.35,28.0,38.9614,9.503
6796.23,2274.3,0.33464,42.141,944709.6,100.588,3562.52,59.0,37.7465,13.609
7889.03,2468.49,0.3129,95.0896,1127942.9,114.511,3141.71,67.0,35.8389,17.195
8065.71,1544.39,0.19147,75.0503,1130012.8,92.5569,3158.67,33.0,36.276,12.007
22096.4,6324.84,0.28623,257.329,3086905.5,314.961,5816.14,205.0,22.1975,5.843
6457.98,1440.02,0.22298,72.7697,866587.56,90.46,3394.61,75.0,38.0026,2.011
12118.5,4406.89,0.36364,113.789,1660022.0,174.012,5773.13,102.0,24.8423,20.845
8830.32,2958.9,0.33508,92.3371,1237220.0,117.553,3429.08,83.0,36.7844,16.3
4323.23,1670.73,0.38645,35.8344,605181.1,55.9843,1458.59,36.0,44.5184,10.19
6040.77,1230.24,0.20365,52.778,791047.06,68.7555,2771.48,55.0,36.3834,17.975
15692.9,4817.6,0.30699,214.391,2078247.4,242.529,5706.75,245.0,22.8281,3.283
9740.84,2439.01,0.25039,110.391,1337392.2,151.698,4253.86,67.0,33.5059,0.751
15958.3,5876.85,0.36826,184.484,2236435.0,256.052,5156.38,19.0,25.9243,2.027
7360.37,2545.35,0.34581,77.6668,1012413.94,100.502,3769.38,33.0,36.4257,1.976
12544.2,3722.85,0.29677,150.507,1776742.8,160.353,4485.48,109.0,32.1425,5.588
21013.8,6058.44,0.2883,291.959,2873248.2,322.37,6616.15,287.0,18.5892,1.533
3643.04,1343.26,0.36871,25.8587,499267.25,48.1247,1445.21,22.0,43.9137,9.954
7158.81,1807.29,0.25245,82.8037,988328.94,103.959,3955.15,19.0,36.4435,1.519
6827.84,2337.67,0.34237,42.3642,888733.3,101.712,2883.41,55.0,39.3505,16.256
8445.05,2991.14,0.35418,67.4574,1193626.6,110.861,4644.29,20.0,34.4658,13.301
14759.8,5006.88,0.33922,177.253,2067400.8,261.696,5311.69,161.0,24.4198,1.484
14080.1,4220.68,0.29976,134.487,2027995.4,165.894,5170.45,65.0,26.5673,12.652
14686.0,4278.08,0.2913,197.291,2044748.9,215.819,5612.36,144.0,22.8869,1.206
6309.47,1697.98,0.26911,55.4858,851190.4,83.7949,3015.46,34.0,40.0868,9.808
9345.63,3096.7,0.33135,92.6267,1305861.4,140.765,5067.35,122.0,34.3773,8.284
15779.8,4132.93,0.26191,220.508,2160761.8,286.473,5242.88,234.0,25.8639,4.229
8266.35,2272.14,0.27486,93.8268,1171064.0,109.596,3528.07,101.0,35.6895,1.936
5287.14,1846.58,0.34925,28.9474,710105.2,85.1609,2067.71,7.0,43.9152,15.003
10459.0,3412.32,0.32625,65.903,1386230.2,148.394,3822.71,66.0,36.65,4.125
8784.22,3056.6,0.34796,89.6254,1182789.4,133.683,3486.95,50.0,36.3427,1.029
6778.95,2024.13,0.29859,73.1306,938078.3,96.9138,2920.06,10.0,39.0176,10.244
8298.1,2749.32,0.33131,61.2724,1170043.1,113.783,4140.17,44.0,40.2139,13.802
16629.6,5644.16,0.3394,165.423,2358211.5,226.136,5739.87,146.0,27.7185,11.047
4360.33,810.76,0.18594,39.9657,574891.94,63.062,2563.92,11.0,43.717,2.093
10121.2,2556.39,0.25257,103.812,1404684.6,143.729,3840.71,8.0,34.6668,3.088
15806.0,5035.94,0.3186,159.591,2196628.0,228.52,5352.37,155.0,26.9742,2.397
12516.4,2509.89,0.20052,151.649,1701075.4,198.914,4968.19,138.0,29.7928,0.691
6709.61,1607.12,0.23952,70.2739,889814.9,94.7046,3468.43,82.0,37.7936,1.354
26011.3,9371.07,0.36026,271.958,3467875.0,384.475,6292.04,177.0,20.0251,19.515
6477.77,2229.81,0.34422,51.6419,905044.94,88.919,2827.46,89.0,39.8414,11.357
11327.4,2354.27,0.20783,123.147,1556228.2,178.023,3938.98,45.0,32.8762,1.256
8840.28,3040.1,0.34389,99.1144,1174428.4,154.085,4100.37,74.0,34.742,17.564
7529.2,2832.12,0.37615,40.5965,1033769.8,105.251,3729.43,71.0,35.8198,16.58
6449.14,1496.96,0.23211,71.439,856980.06,90.9229,3416.76,80.0,38.147,1.619
8573.63,2441.18,0.28473,61.3221,1204334.9,100.48,3057.59,41.0,36.8556,16.704
21343.3,5703.35,0.26721,290.146,2897479.0,319.741,6559.79,286.0,18.6382,1.53
6660.82,1495.42,0.2245,64.9359,925026.94,84.0054,3475.5,70.0,39.9015,13.792
3995.64,1197.02,0.29958,34.43,543656.3,50.8776,1394.07,32.0,44.513,11.357
8601.46,2736.89,0.31818,72.3848,1180203.1,125.397,4839.62,69.0,33.0808,4.29
7244.19,2280.12,0.31475,64.5051,1037373.3,92.9192,3865.89,76.0,38.6429,13.894
8773.43,3101.15,0.35347,70.1508,1241327.4,125.943,3247.48,80.0,38.3547,16.879
7775.81,1861.29,0.23936,86.458,1128597.8,108.714,3218.37,74.0,38.7481,9.756
17478.9,5703.54,0.32631,193.131,2373361.2,227.809,5426.73,95.0,24.2879,6.118
12201.8,3054.28,0.25031,120.716,1666076.1,160.521,3944.45,225.0,32.5965,2.252
9281.08,2891.6,0.31155,76.2499,1288659.9,127.83,4192.95,18.0,33.3638,10.172
5849.08,1785.54,0.30526,62.2441,807256.7,92.0079,2788.42,69.0,40.3044,15.457
7854.28,1976.45,0.25163,95.6279,1096999.5,121.974,3217.49,4.0,33.3261,0.566
9043.62,2455.14,0.27147,93.2326,1236910.1,98.5522,3944.08,28.0,35.1846,14.287
14845.5,5239.82,0.35295,196.331,2034540.9,262.08,4708.16,41.0,28.4522,2.761
14709.1,4657.8,0.31666,168.913,2043638.5,218.421,5206.2,181.0,27.2203,1.938
11584.9,3680.21,0.31767,119.33,1616850.6,152.529,4691.86,121.0,32.2376,16.68
13663.2,4772.62,0.3493,190.951,1867150.1,247.856,4554.2,42.0,28.6221,2.114
13290.7,5024.14,0.37801,175.671,1783141.5,281.78,4753.99,104.0,28.8592,9.773
9564.08,2355.14,0.24624,105.019,1361222.9,150.215,3991.64,50.0,33.0071,1.534
8553.97,3185.69,0.37242,67.6083,1160101.0,128.582,3194.17,88.0,39.3034,15.103
10056.1,3902.44,0.38806,70.9866,1384788.6,158.463,3810.19,27.0,33.3361,15.488
11240.9,4310.25,0.38344,126.836,1546376.0,197.686,4014.72,41.0,32.0131,3.864
6628.7,1174.41,0.17717,51.518,909267.56,82.5773,2852.38,34.0,40.2904,2.681
8479.49,2681.51,0.31623,74.0349,1234361.9,109.182,3085.61,22.0,36.325,1.606
16880.5,5478.08,0.32452,192.255,2283495.0,247.269,5538.38,84.0,29.6351,4.94
13133.3,5324.93,0.40545,130.694,1832464.8,210.216,4826.31,116.0,25.8724,18.095
12360.3,2907.11,0.23519,97.1051,1725563.2,140.801,4585.12,51.0,31.3132,14.321
10247.2,3520.67,0.34357,95.6326,1475625.5,165.815,4277.56,84.0,29.9826,19.146
6576.85,2344.81,0.35652,50.7263,932175.9,90.6715,3288.42,78.0,39.218,13.966
9417.52,2724.81,0.28933,101.144,1314439.6,105.162,3460.29,39.0,36.631,8.623
5977.67,1464.52,0.24499,53.0119,767774.3,93.6196,2665.41,5.0,39.1292,12.196
13207.5,4046.04,0.30634,162.5,1835435.6,234.704,4266.72,85.0,30.3051,3.122
14812.3,4306.86,0.29076,191.734,2061667.6,227.728,5636.07,136.0,22.7366,0.799
5333.63,1995.23,0.37408,57.3628,725791.25,83.5334,2660.56,36.0,41.1591,4.878
8492.36,2693.03,0.31711,77.0698,1189532.9,130.26,3667.74,23.0,36.7286,20.355
6483.9,2918.36,0.45009,55.9787,871328.4,109.037,3022.1,36.0,39.3977,15.419
6784.63,2330.71,0.34352,72.1118,963786.1,113.225,2968.78,53.0,38.6417,16.69
14549.6,4106.41,0.28223,163.275,2092911.1,214.064,4781.59,48.0,46.5464,2.313
8129.65,2388.2,0.29376,85.8618,1094653.8,102.791,3665.55,33.0,36.9984,14.846
8742.2,1923.56,0.22003,98.7233,1214429.5,131.318,3649.3,16.0,33.1612,1.755
19176.2,6638.15,0.34616,220.219,2620723.2,332.048,5198.53,143.0,25.2378,14.22
9979.04,3107.74,0.31142,122.08,1354984.4,181.867,3798.25,27.0,31.5449,3.246
14767.0,4447.04,0.30114,154.86,2024354.8,218.835,4982.3,89.0,27.6665,5.012
8432.2,2747.21,0.32579,73.8915,1151605.8,105.337,3704.52,103.0,34.3943,6.683
5703.9,1667.1,0.29227,64.0188,794347.3,79.5159,2834.05,30.0,39.9033,2.523
6379.76,1610.62,0.25245,68.0767,881708.75,80.0794,2882.41,75.0,39.1147,6.865
7719.97,2666.88,0.34545,70.1122,1054219.1,102.776,3294.9,27.0,36.668,14.949
7147.83,1628.18,0.22778,68.5136,1040663.9,81.0027,3376.89,19.0,37.9102,9.689
12310.2,3406.05,0.27668,157.279,1755183.6,175.657,4707.84,28.0,28.9805,1.592
10982.4,3558.57,0.32402,96.2356,1473873.6,153.229,4390.58,47.0,34.0887,17.066
14477.3,5818.89,0.40193,143.809,2048248.8,228.749,5210.45,145.0,26.0086,18.917
8558.48,1887.43,0.22053,84.2179,1215255.9,98.316,3722.15,76.0,35.7967,2.957
5167.06,1088.15,0.21059,38.8013,708373.8,72.3338,2449.84,24.0,42.3279,9.163
9398.78,2750.9,0.29268,96.3069,1300854.4,96.9834,3641.07,43.0,31.5262,16.315
8118.29,3116.56,0.38389,69.5238,1132605.0,113.302,3204.24,35.0,37.2199,10.545
7773.67,1440.3,0.18527,78.6019,1114341.1,100.708,4050.5,104.0,34.9482,1.203
6677.96,1780.97,0.26669,66.2804,915435.0,89.7809,3028.17,93.0,38.4647,2.559
8339.92,2761.01,0.33105,89.7088,1168007.9,122.958,3112.98,18.0,37.5608,2.758
20673.7,6698.87,0.32402,253.235,2883737.8,326.648,5537.94,78.0,23.4177,3.437
6806.73,1881.23,0.27637,59.6708,968723.6,82.3539,3362.3,57.0,38.6567,12.387
9883.22,3521.99,0.35636,70.1097,1413536.8,131.447,4044.26,37.0,36.803,17.505
7020.83,2549.84,0.36318,56.6804,931970.9,128.461,4074.38,27.0,34.4123,16.547
8042.26,3015.19,0.37491,54.7923,1152509.1,109.229,3733.92,29.0,34.8394,14.122
12795.7,3371.49,0.26348,107.637,1852142.5,152.374,4747.05,86.0,30.3346,15.767
4855.92,1561.76,0.32161,30.9386,682843.94,60.7312,2215.49,42.0,43.6816,7.836
11854.9,3994.28,0.33693,144.64,1637673.5,260.377,4662.04,93.0,28.4471,17.687
8136.01,2069.62,0.25437,72.3654,1098061.2,101.305,3908.98,89.0,36.792,11.909
7572.18,2897.56,0.38265,77.5993,1066761.0,116.667,3295.77,47.0,37.5081,4.01
12342.6,4150.88,0.3363,111.219,1794202.1,163.484,4324.53,78.0,32.4736,16.684
12055.5,3927.29,0.32576,112.92,1707594.5,169.512,3650.8,119.0,35.9898,20.681
9323.82,3557.69,0.38157,69.7649,1304168.9,138.861,4616.55,77.0,33.2829,9.276
10805.6,2699.3,0.2498,112.296,1475103.5,179.438,3919.53,49.0,33.1633,1.467
6656.08,2184.31,0.32816,54.7729,858381.1,101.795,3022.42,57.0,38.8789,18.172
9160.81,2594.02,0.28316,86.3945,1299435.0,135.957,4189.18,161.0,32.4364,1.32
15024.1,5027.55,0.33463,176.376,2103559.2,264.032,5316.84,161.0,24.3302,1.502
4669.26,1707.0,0.36558,47.9437,650829.4,78.0945,2795.87,27.0,41.1838,9.144
4953.85,1720.04,0.34721,44.3065,720011.1,70.2177,2535.7,42.0,42.0084,9.244
7458.1,2608.14,0.3497,53.3958,1049914.6,111.669,3706.23,24.0,34.9884,10.412
9706.06,2539.38,0.26162,97.9151,1363682.2,133.115,4004.32,22.0,34.3418,6.305
7181.25,1975.96,0.27515,56.7895,1038193.8,82.3178,3196.71,22.0,39.8056,10.069
9619.14,3185.12,0.33112,98.024,1322056.5,136.49,4475.7,112.0,32.2665,9.735
13539.0,4895.58,0.36159,99.0862,1860624.0,201.094,4285.91,16.0,28.199,13.74
11852.7,4318.68,0.36436,131.232,1701606.0,175.962,4606.48,154.0,30.769,19.571
7754.6,2771.9,0.35745,64.7546,1078110.6,113.651,3361.83,50.0,38.6531,16.159
16140.1,5854.61,0.36273,160.217,2249140.8,241.538,5267.84,75.0,26.0676,4.524
7726.65,2489.58,0.3222,70.9903,1076560.5,103.678,3290.46,46.0,37.4718,10.356
5044.68,1393.64,0.27625,47.4011,697196.3,64.3567,2035.1,5.0,42.2276,6.899
9389.28,2118.39,0.22561,114.577,1308928.2,122.699,4198.76,54.0,34.3016,2.043
17937.3,4319.68,0.24082,213.89,2499027.0,263.455,5327.1,148.0,25.3947,2.81
18574.1,5683.05,0.30596,255.345,2536523.5,320.945,5689.49,331.0,20.9037,2.567
9379.86,2310.8,0.24635,82.9716,1336495.9,124.604,4117.47,66.0,33.0084,8.988
5506.2,1497.51,0.27196,46.4266,770692.3,67.0133,2076.39,5.0,42.0338,3.569
6945.5,2551.22,0.36731,80.8772,959811.44,95.0179,3256.58,64.0,38.6983,1.619
8026.34,1480.54,0.18446,70.8528,1076565.4,99.8043,3346.04,54.0,36.1513,20.44
6178.41,1838.04,0.29749,53.7449,860463.0,77.5149,3246.63,52.0,39.3021,2.63
17860.9,5017.25,0.2809,230.896,2516270.5,285.893,5567.92,102.0,23.4685,4.031
3983.96,1113.75,0.27955,33.7599,563262.6,44.2799,1254.14,42.0,43.8916,18.341
6502.55,2931.12,0.45076,64.5025,921950.7,96.7774,2340.96,75.0,40.7516,7.505
5384.27,1399.46,0.25991,44.1574,692894.3,73.3818,2026.25,40.0,42.0811,10.775
8269.76,1965.36,0.23765,90.1109,1153598.0,124.139,3211.27,4.0,37.0371,0.43
15362.0,4515.87,0.29396,215.043,2033413.9,227.534,5762.6,240.0,23.1685,2.932
8270.43,3420.42,0.41357,64.23,1152045.6,131.545,4846.77,57.0,37.32,7.979
15784.5,4559.95,0.28888,169.893,2168598.5,258.284,5312.16,86.0,25.0219,5.204
19854.7,6199.77,0.31225,192.603,2760091.5,268.486,7672.63,172.0,19.3344,19.315
13050.6,3528.64,0.27038,167.518,1860641.8,172.735,5547.7,159.0,29.3294,16.289
6669.1,2016.37,0.30234,69.3278,931174.8,106.835,2987.19,74.0,40.5276,12.602
7238.27,1943.6,0.26851,75.3544,962000.1,99.2975,3387.71,78.0,37.0178,3.359
14882.5,4714.82,0.3168,184.223,2065126.0,252.555,5383.54,157.0,24.5014,1.646
14227.2,4380.38,0.30788,156.668,1946165.4,210.742,5651.89,17.0,33.2525,5.731
6703.25,3098.02,0.46216,67.8768,953452.06,117.929,3319.1,59.0,37.8133,7.489
8839.2,3151.42,0.35652,88.8741,1180068.2,135.315,3480.56,50.0,36.3474,0.935
6086.34,1803.82,0.29637,42.562,825737.0,85.7355,3257.17,21.0,42.6769,13.286
13208.1,4411.06,0.33396,137.013,1883426.0,166.694,4935.67,49.0,28.5504,19.689
16246.1,7030.88,0.43277,138.775,2238700.0,249.935,5580.48,99.0,23.6419,20.491
11860.5,2973.76,0.25072,112.67,1696678.8,143.288,4588.86,84.0,31.2475,17.134
6044.97,1817.41,0.30064,58.856,837985.1,85.1015,2700.73,42.0,40.6968,1.623
9594.01,3109.09,0.32406,79.397,1375434.8,133.351,4094.22,42.0,36.0823,3.5
10004.1,2274.4,0.22734,90.9442,1400147.5,129.619,4077.26,161.0,33.6341,6.695
23099.5,6771.2,0.29313,301.978,3170379.8,370.642,6367.98,108.0,17.816,3.493
17378.4,5438.8,0.31296,167.615,2483683.0,245.347,5201.48,47.0,26.2254,3.452
7251.11,2096.8,0.28916,70.5429,1002089.6,78.8682,3551.31,106.0,35.8093,17.647
6846.47,2284.8,0.33371,63.7235,969435.4,90.3708,3509.81,51.0,38.022,13.306
10240.8,2402.4,0.23459,102.11,1446714.2,138.065,4297.5,44.0,34.0634,1.371
14299.2,4586.0,0.32071,134.96,2027639.5,195.136,4868.44,89.0,28.7261,8.986
5118.92,1288.74,0.25176,51.6516,660635.2,91.5132,3147.3,20.0,40.8499,3.19
5852.78,2423.81,0.41412,49.099,796014.1,100.174,2491.75,64.0,40.8937,13.969
9761.05,4087.83,0.41878,78.6998,1392158.9,145.368,4493.91,111.0,36.406,17.208
5088.44,1130.13,0.22209,45.0066,683054.4,78.4923,2717.52,24.0,42.8042,11.887
11949.4,3259.55,0.27277,167.989,1684209.9,188.388,4644.25,103.0,29.7222,2.33
11479.6,2574.8,0.22429,147.086,1643015.8,189.293,4514.55,51.0,30.5177,1.108
14266.2,3170.36,0.22222,178.533,1996317.1,190.272,4071.51,138.0,32.0918,1.883
8627.86,2585.93,0.29971,92.68,1219504.1,115.26,3629.49,96.0,36.5563,2.169
7563.69,2508.58,0.33166,84.1647,1049487.1,109.408,3715.35,36.0,38.2143,13.389
9207.45,1859.16,0.20191,101.443,1316572.9,130.864,4206.1,43.0,33.7001,0.92
11964.6,2830.11,0.23654,146.882,1681943.1,173.907,4680.81,143.0,29.5309,1.799
17018.2,4319.19,0.25379,209.062,2361148.8,274.255,5364.77,154.0,24.0805,2.238
6843.18,2253.77,0.32934,63.5254,921685.4,99.7025,3141.04,19.0,40.2672,1.514
9307.98,2218.12,0.2383,96.9191,1320303.1,121.422,3820.28,54.0,35.0275,2.871
13254.2,4465.52,0.33691,137.063,1784146.8,186.041,4877.56,172.0,28.4827,16.698
22485.7,8078.05,0.35925,158.889,3035229.5,370.056,11852.87,81.0,29.7583,6.563
16143.7,5723.83,0.35455,159.636,2273681.5,272.992,4645.12,91.0,31.3361,4.146
7100.85,2089.19,0.29421,66.3907,1003353.4,89.1262,3596.59,32.0,38.0046,1.798
4380.89,1164.74,0.26586,45.0019,552992.2,63.9749,2026.36,22.0,42.8624,2.375
10404.2,5023.19,0.4828,86.2093,1470649.0,147.487,4659.37,92.0,37.4658,15.872
10095.2,4223.24,0.41834,77.6046,1376961.5,145.362,3635.5,10.0,37.8448,15.534
6344.6,2277.55,0.35897,78.0883,863743.0,93.1583,3180.04,58.0,38.5158,1.484
8105.34,1666.22,0.20557,75.9134,1158092.0,108.757,4057.08,101.0,34.8833,1.04
7634.57,3127.91,0.4097,92.015,1028152.25,154.299,3323.83,70.0,37.8913,13.631
13774.8,4561.61,0.33115,162.242,1875313.0,244.732,4632.59,152.0,29.9848,18.28
11449.4,3994.76,0.3489,119.44,1660883.4,168.306,3881.01,154.0,35.2507,17.64
4584.56,1506.58,0.32862,39.1957,615277.6,63.9145,1520.71,7.0,43.8701,7.433
7708.33,2360.84,0.30627,72.756,1057631.8,107.34,3104.74,53.0,38.0417,11.21
14883.8,3416.56,0.22954,177.049,2052635.8,248.76,5340.94,104.0,46.5464,0.0
15319.9,4969.95,0.32441,183.362,2099898.8,251.413,4890.14,24.0,27.8647,3.215
10170.3,2743.21,0.26972,117.145,1454205.8,168.814,4037.82,11.0,32.0375,1.2
14313.8,4864.14,0.33982,91.8533,1972511.8,192.799,5070.02,149.0,28.5373,4.428
9705.68,2786.31,0.28708,101.353,1328075.5,149.891,3973.66,122.0,32.7918,1.82
12505.6,3210.35,0.25671,108.529,1787958.1,169.267,3704.7,125.0,35.9557,20.756
14352.4,4012.21,0.27954,178.289,1955782.1,224.068,5418.03,98.0,23.8068,6.62
15151.7,3681.39,0.24296,183.583,2116865.0,224.447,4721.87,40.0,28.3392,1.476
21767.5,7557.54,0.34719,177.393,3111067.5,358.447,16699.06,99.0,26.5154,2.665
23136.0,6450.25,0.27879,292.579,3202386.5,373.028,6270.1,96.0,18.0083,3.33
14066.3,3181.36,0.22616,162.277,2019960.6,238.085,4756.89,93.0,27.838,3.992
6523.38,2315.76,0.35499,66.2632,907676.06,101.645,3519.61,38.0,37.1045,15.778
20900.8,6118.0,0.29271,212.652,2871528.5,307.128,6118.05,230.0,19.38,10.514
6972.53,1610.65,0.23099,73.1284,924198.25,91.3778,3495.16,80.0,36.7516,2.034
7455.44,1933.19,0.25929,96.5058,995292.2,117.016,3757.3,28.0,36.5802,3.833
6674.25,2328.06,0.34881,78.2422,914167.25,95.1314,3234.28,60.0,37.3351,1.586
12719.9,4315.52,0.33927,109.267,1824490.8,184.746,3699.89,129.0,35.9779,11.636
5679.51,2138.46,0.37652,14.6087,776423.94,75.851,3334.88,41.0,40.9088,20.806
8556.5,3094.18,0.36161,84.0674,1151138.5,141.962,3804.69,31.0,35.0316,13.778
7823.6,2109.19,0.26959,62.7449,1089948.6,104.138,2737.48,88.0,39.3848,11.301
5325.12,1762.65,0.331,41.7351,750188.56,71.6321,2625.8,44.0,41.2743,11.882
4366.25,746.98,0.17108,46.1248,550255.8,55.9318,1945.93,25.0,43.5877,6.743
5878.02,2466.68,0.41964,59.308,814252.25,102.726,2593.57,62.0,41.2731,8.758
15996.6,6266.35,0.39173,181.131,2194434.5,256.724,5069.35,72.0,26.622,6.068
6382.27,2076.9,0.32541,58.6063,888434.94,92.2997,2700.87,42.0,40.6891,1.801
7032.12,2329.09,0.3312,63.153,968509.8,92.9343,3459.36,26.0,37.8325,2.701
7465.65,2001.11,0.26804,72.9008,998709.2,140.491,3509.72,37.0,37.4513,16.338
8890.12,2607.86,0.29334,76.6423,1243654.0,112.291,4034.13,61.0,34.0285,5.441
16151.8,5398.36,0.33422,191.389,2202574.0,228.733,4595.49,85.0,30.2234,4.45
5148.97,1604.59,0.31163,37.8677,706374.6,70.8243,1493.97,12.0,43.9016,10.506
13447.9,4191.68,0.31169,163.324,1889081.4,199.286,4697.66,92.0,29.3766,6.946
8526.21,2598.44,0.30475,62.8437,1193369.8,103.732,3054.1,57.0,37.4578,13.458
11789.2,4158.87,0.35276,116.098,1646636.4,201.627,4009.29,67.0,30.3809,16.346
12663.2,4192.91,0.3311,106.731,1790323.9,165.815,4216.68,143.0,32.1429,19.892
6205.76,1985.22,0.31989,54.0296,819663.25,114.014,3778.29,21.0,40.5263,15.454
16866.6,6345.16,0.37619,183.706,2365513.8,261.404,5572.1,166.0,26.0779,4.546
12109.0,2430.46,0.20071,151.924,1635139.0,192.339,4949.03,142.0,29.6462,0.8
7157.73,2602.27,0.36356,67.4959,1029959.75,105.594,2788.01,67.0,39.3419,16.022
14452.4,4418.84,0.30575,166.71,2012370.0,222.571,5207.86,186.0,27.2629,1.685
15294.4,4428.99,0.28958,189.46,2124686.2,226.255,5634.52,136.0,22.7627,0.884
8386.68,1860.81,0.22187,83.1233,1182947.1,103.61,3806.27,19.0,34.0551,2.187
10644.1,4697.51,0.44132,102.33,1511334.5,150.61,3721.56,34.0,35.408,16.777
4734.81,850.11,0.17954,45.421,640811.06,65.8734,2710.2,13.0,42.9014,2.647
21228.1,7185.3,0.33848,242.005,2963533.0,336.932,5558.18,82.0,23.0839,3.748
14259.8,4664.63,0.32711,166.561,1979832.9,211.161,4750.83,77.0,28.8512,6.707
6838.18,2015.25,0.2947,64.2676,934704.2,95.6356,3376.54,81.0,38.6705,9.347
6373.51,2324.32,0.36468,60.1671,879677.0,91.8493,2735.19,47.0,40.2712,2.573
13146.4,2840.73,0.21608,170.624,1786229.5,211.702,4718.49,84.0,28.804,1.623
11145.8,2526.77,0.2267,120.222,1533605.5,174.595,3905.92,50.0,33.0921,1.122
7932.84,3099.34,0.39069,88.5418,1134636.1,107.636,4027.01,37.0,34.7806,13.942
22989.9,7522.52,0.3272,313.949,3187335.5,389.406,6622.96,87.0,17.5404,4.058
7586.8,1981.4,0.26116,70.8891,1030174.75,83.2994,3471.97,86.0,34.6836,13.561
5306.63,1209.77,0.22797,51.6575,697914.1,83.5856,3331.18,29.0,40.9433,4.223
18800.0,5709.98,0.30372,200.718,2642324.2,245.339,5852.73,157.0,21.8978,20.846
8669.21,2437.63,0.28118,64.9807,1203093.0,116.831,3444.11,38.0,37.6224,7.556
13920.4,4574.17,0.32859,149.426,1904403.9,222.81,5245.87,14.0,30.5547,9.468
5228.82,1569.44,0.30015,43.1017,719829.75,64.8931,2017.28,11.0,43.3144,2.366
11612.1,3219.51,0.27725,144.46,1541122.0,181.901,4510.21,62.0,30.6685,4.628
5867.66,1412.28,0.24068,61.8749,730809.3,82.4527,3056.18,24.0,39.3987,2.693
8395.98,2558.68,0.30475,96.9101,1190822.6,116.591,3586.05,89.0,36.5565,2.342
12078.7,3247.27,0.26884,147.764,1733373.9,164.839,4692.43,18.0,29.1221,2.102
5885.75,2728.8,0.46362,66.1269,786963.56,108.212,2826.71,80.0,40.3502,13.649
14534.0,3512.21,0.24165,206.452,2028243.4,249.263,4931.65,133.0,26.8735,2.184
9529.45,3480.46,0.36523,100.152,1285311.6,132.803,4317.23,48.0,36.358,19.684
7108.52,1408.0,0.19807,90.9725,939963.4,112.68,3772.87,33.0,36.4794,3.655
4045.66,1254.92,0.31018,36.0001,556341.25,53.1316,1405.94,21.0,44.401,1.71
7632.8,2298.05,0.30107,75.0235,1036578.8,95.5966,3088.62,102.0,37.862,1.644
5328.76,1663.64,0.3122,55.9929,727337.44,70.4624,3123.83,10.0,40.0647,6.357
8839.95,2891.06,0.32704,101.898,1227323.2,131.112,3663.62,28.0,33.9738,2.744
20306.4,6519.91,0.32107,254.275,2837920.5,326.622,5534.54,78.0,23.3607,3.44
8500.7,3005.84,0.35359,71.8008,1249347.2,114.375,2955.7,47.0,38.6469,13.355
9444.02,3899.93,0.41295,70.8106,1353077.6,137.671,4183.73,79.0,38.91,15.925
7279.55,2689.75,0.36949,63.8441,1058069.5,96.9609,3203.46,28.0,38.8769,1.693
16677.9,6913.5,0.41453,111.432,2348111.2,258.041,6248.29,94.0,32.1394,18.298
9896.93,2386.54,0.24113,89.221,1391812.6,126.276,4755.17,29.0,32.838,4.83
9546.4,2980.74,0.31223,114.255,1329619.5,167.602,4174.71,48.0,33.1285,3.26
7267.46,2320.93,0.31935,56.0539,1004639.0,101.18,3396.52,27.0,37.9501,12.308
7725.98,1726.28,0.22343,67.2887,1075647.6,81.7913,2981.04,29.0,38.8119,9.275
9154.05,2016.83,0.22032,108.509,1266784.8,127.944,4028.23,80.0,35.0234,16.319
7339.87,1677.96,0.2286,85.958,1020299.56,106.067,3860.65,19.0,36.1933,1.291
7396.85,1775.44,0.24002,62.7934,1016819.8,102.266,3336.87,37.0,37.9577,14.278
8909.5,3252.77,0.36509,62.4533,1265154.8,123.727,4748.22,61.0,37.6388,10.267
8661.65,3159.75,0.36479,71.076,1224281.1,118.669,3025.63,88.0,38.8741,16.866
12154.1,4456.33,0.36665,113.382,1661482.4,177.704,4840.06,89.0,34.055,16.533
6670.62,2437.53,0.36541,77.5187,905919.7,94.6686,3318.76,54.0,38.5485,1.324
13667.9,4942.14,0.36158,160.169,1892169.6,213.745,5118.81,140.0,27.1079,5.99
10271.7,3783.0,0.36829,97.9797,1434807.0,127.387,3478.74,51.0,32.9036,9.128
5659.99,1262.79,0.2231,60.169,780248.4,81.9854,2686.57,17.0,40.1768,1.245
12513.0,4470.75,0.35728,134.52,1701326.4,217.276,3667.4,190.0,34.0335,20.021
10406.8,3796.66,0.36482,98.1281,1449715.0,137.04,3448.93,41.0,35.6799,17.443
6804.91,2569.16,0.37754,80.1163,929908.44,102.796,3403.82,58.0,37.6418,1.958
5625.89,1967.49,0.34972,55.6743,771231.56,80.7266,3038.61,10.0,39.9044,6.225
7322.52,2393.53,0.32687,53.4634,1051454.0,96.0392,3612.7,22.0,39.1379,11.798
7265.59,1869.53,0.25731,62.0655,1033338.3,84.8346,3042.04,68.0,39.7294,16.327
5634.68,1689.96,0.29992,57.4078,785948.6,87.6661,2369.77,30.0,39.9369,7.178
6410.77,1407.97,0.21962,53.4378,885103.25,75.9655,2540.5,17.0,41.3677,4.371
6102.41,1659.93,0.27201,63.8473,767367.94,91.3336,3067.56,22.0,39.3683,5.846
4862.39,1764.72,0.36293,52.35,672472.1,72.4027,2472.66,30.0,41.672,7.979
9273.46,2275.47,0.24537,105.016,1306271.8,156.06,3835.34,15.0,34.2317,0.534
5648.57,1613.73,0.28568,67.1621,710954.56,91.5414,3064.79,18.0,39.4062,2.218
11014.3,3574.04,0.32449,124.426,1468093.5,172.054,4080.62,49.0,33.5906,1.77
11667.3,3147.8,0.26979,150.612,1667577.1,171.287,4664.19,21.0,28.6899,1.622
10054.9,3346.94,0.33286,67.2713,1355338.1,147.126,4540.38,81.0,39.2557,16.959
13844.6,4566.87,0.32986,102.192,1859513.6,245.517,4249.1,102.0,31.8948,8.66
8009.92,1987.46,0.24812,72.0532,1157138.1,95.1193,3047.04,33.0,38.3282,2.959
3802.76,1198.34,0.31512,33.8998,520911.25,47.6488,1385.32,17.0,44.2371,1.33
8090.6,2525.35,0.31213,68.9472,1177922.1,109.01,2736.44,49.0,39.3211,16.877
5842.87,1547.0,0.26476,41.0877,792751.56,98.2257,2641.86,25.0,41.1094,14.559
15200.0,4431.51,0.29154,189.357,2096399.9,255.103,5229.1,115.0,25.5674,7.564
4690.52,1970.94,0.42019,25.624,647536.06,68.6098,2863.53,11.0,44.8246,17.431
21994.8,6299.94,0.28642,291.53,3020291.2,324.549,6636.34,293.0,18.5428,1.476
7055.85,2260.03,0.3203,72.673,972161.94,97.5961,3722.14,30.0,36.4553,1.611
15380.8,5017.85,0.32624,222.556,2111834.5,254.669,5328.11,270.0,24.8694,2.557
8182.06,2209.34,0.27002,93.776,1083459.6,115.196,3913.9,36.0,35.5078,5.778
19284.2,5448.3,0.28252,253.073,2596484.0,305.822,5811.57,336.0,20.7086,2.407
4773.18,1093.61,0.22911,43.4832,680115.1,68.2395,2634.01,13.0,42.0283,3.335
10225.9,2433.68,0.23799,124.013,1410923.2,163.227,4632.74,71.0,30.0057,1.607
8182.99,1679.21,0.2052,73.599,1170860.9,112.478,4058.14,100.0,34.8785,1.006
9863.81,2708.08,0.27454,118.704,1352419.8,137.478,4164.17,132.0,32.8557,2.661
9486.06,2662.65,0.28069,97.6645,1301490.6,163.081,4147.26,74.0,33.1873,0.639
8056.08,2979.33,0.36982,64.8775,1160844.9,116.173,2898.26,45.0,39.0545,17.389
10927.8,4359.14,0.3989,69.9628,1534259.4,172.869,4666.57,22.0,31.247,18.739
21689.7,7203.61,0.33212,234.47,2929233.2,371.001,5706.89,288.0,21.2328,6.838
6552.92,1569.13,0.23945,70.9296,894167.75,95.5732,3193.59,74.0,37.9082,0.0
11768.4,3003.1,0.25518,151.544,1678110.2,164.047,4684.76,33.0,29.4092,1.888
13234.0,3531.11,0.26682,173.673,1838204.6,181.965,5095.9,59.0,26.6197,2.158
11999.0,3053.57,0.25448,169.435,1657953.4,209.702,4272.56,74.0,46.5464,2.029
7873.77,2819.39,0.35807,78.6411,1081232.0,105.993,3461.75,54.0,37.9022,16.071
14911.9,3825.36,0.25653,178.849,2106824.0,210.847,5694.64,67.0,22.9333,1.249
10089.8,3192.96,0.31645,96.3061,1436454.2,134.981,4126.96,103.0,33.5326,5.017
16285.7,4482.97,0.27527,196.329,2300109.5,221.104,5742.83,70.0,22.7576,1.538
8216.7,2693.41,0.32779,94.4424,1130776.9,137.232,3587.77,89.0,37.0855,7.768
8289.56,2596.22,0.31319,66.8282,1149941.8,99.3791,3498.92,38.0,35.6416,17.734
4365.6,1143.04,0.26182,31.0216,611600.6,49.6553,2060.57,42.0,44.611,5.666
5415.79,1983.25,0.36619,48.7206,762009.4,75.2647,2234.49,29.0,42.6073,3.128
11760.8,3997.57,0.3399,130.922,1664436.9,166.926,4474.86,58.0,32.304,3.395
4840.47,1010.81,0.20882,39.6748,670285.8,54.074,2424.38,40.0,41.6325,10.808
10882.5,3684.22,0.33854,104.973,1484495.2,153.837,5521.27,46.0,29.3349,20.381
6322.06,1834.35,0.29015,69.5473,905818.8,83.2798,3089.95,16.0,38.9331,13.853
10741.8,2863.66,0.26659,123.443,1521616.6,166.018,4245.91,49.0,32.3168,1.683
8185.99,2919.94,0.35669,84.8533,1079806.6,124.047,3187.35,81.0,38.9358,8.005
9777.55,3929.08,0.40184,74.9339,1302180.4,142.883,4226.99,17.0,35.7416,9.688
10822.7,3673.35,0.33941,106.835,1516663.5,163.541,4284.25,85.0,28.7442,18.029
21695.9,8121.09,0.37431,163.686,3002619.2,309.469,5792.48,116.0,25.417,5.419
10454.3,3804.93,0.36395,66.4355,1466794.5,149.892,3754.06,57.0,39.1808,14.971
8120.04,2129.8,0.26228,70.4716,1136631.6,107.312,4087.36,17.0,34.4105,4.977
8742.07,2023.26,0.23143,77.7474,1180363.4,103.528,3335.17,32.0,35.9696,10.604
7317.84,2972.43,0.40618,70.4369,1049599.9,110.318,2869.76,87.0,39.325,14.207
11407.7,2382.7,0.20886,150.38,1588765.0,174.794,4038.93,67.0,32.5871,2.09
7362.8,1694.63,0.23016,69.1988,1001499.44,104.519,3595.97,25.0,36.7787,1.57
17245.0,6217.29,0.36052,192.67,2360261.5,278.762,5967.51,120.0,25.934,15.681
6358.09,1605.93,0.25258,52.8809,902621.94,72.0221,3356.25,56.0,38.7201,1.595
6281.06,1478.73,0.23542,69.5403,884728.4,80.5394,2826.14,77.0,40.2497,9.033
8709.26,2167.54,0.24887,85.6323,1176662.4,116.832,3796.07,37.0,35.1046,1.998
6254.53,2411.89,0.38562,40.418,850128.3,96.1261,2164.6,7.0,44.3606,15.994
14586.1,4713.98,0.32318,163.021,2018253.6,220.729,5273.34,203.0,26.8705,1.743
7847.07,2080.8,0.26516,90.746,1103941.1,125.56,3146.81,5.0,37.4525,0.572
10211.7,4244.29,0.41563,131.663,1407729.8,265.31,4030.95,133.0,33.2394,17.324
12954.8,3935.21,0.30376,95.9504,1775144.6,164.103,5210.82,139.0,29.1519,18.775
7860.77,1900.24,0.24173,84.4797,1100157.6,107.307,3896.68,22.0,35.4622,1.378
5323.63,1534.27,0.28819,46.0409,771767.06,67.7246,2618.7,43.0,42.1255,8.054
7383.92,2458.0,0.33288,67.32,1042517.4,91.9926,4081.6,57.0,37.3029,4.272
7170.11,2808.43,0.39168,67.0041,1014563.2,104.968,3960.8,68.0,37.0791,4.598
10857.4,2468.69,0.22737,121.843,1470857.0,161.957,3643.46,21.0,33.3337,2.207
10999.4,4158.93,0.3781,89.0756,1555342.2,162.396,4484.43,6.0,33.8754,18.819
16011.7,5290.23,0.33039,163.292,2303616.5,241.507,5044.89,159.0,24.0036,8.588
18002.0,6573.95,0.36517,172.228,2466277.8,288.837,5814.97,134.0,26.9013,11.484
11765.5,2859.01,0.24299,147.236,1671451.6,162.461,4136.54,129.0,32.3206,2.746
6680.69,1744.47,0.26112,52.2965,941162.75,76.513,3314.38,58.0,39.0646,1.932
13147.0,4100.1,0.31186,153.852,1858378.5,214.358,5004.43,76.0,28.7302,1.426
11591.1,2102.74,0.1814,149.155,1640501.0,168.345,4628.02,146.0,29.8561,1.761
8659.42,2852.26,0.32938,62.6113,1241586.9,110.471,4530.0,44.0,35.7363,19.768
6140.35,1561.15,0.25424,54.9621,859237.56,73.6467,3362.23,58.0,38.8321,2.33
7816.94,1494.92,0.19124,81.025,1097552.8,97.3333,3810.0,12.0,34.0537,2.554
6288.21,2024.4,0.32193,53.0394,901084.94,87.2472,2967.93,25.0,40.3268,7.507
8146.74,2066.03,0.2536,100.438,1106690.8,124.596,3420.79,9.0,34.3716,1.195
7160.12,2169.39,0.30298,64.568,988429.75,86.3692,3569.6,45.0,36.8735,13.815
15015.2,5532.75,0.36847,190.666,2113180.5,244.774,4752.41,169.0,28.5243,20.75
15459.7,3792.25,0.24529,202.936,2151526.8,246.637,5019.22,135.0,26.5094,2.794
8767.26,2050.27,0.23385,84.559,1255632.8,110.579,3847.1,2.0,34.2422,1.732
5008.64,928.07,0.18529,42.7957,716746.4,59.6795,2225.16,79.0,46.5464,0.936
7768.93,2402.13,0.30919,74.4923,1077614.8,122.014,3313.33,2.0,38.3617,15.499
6305.25,1044.67,0.16568,54.8766,842594.5,79.5651,3081.34,36.0,39.8451,5.48
7841.64,1609.39,0.20523,70.8336,1084300.4,93.7937,3084.73,35.0,38.1885,12.884
6128.14,2654.04,0.43309,57.6053,828410.0,94.6343,2838.46,62.0,40.3682,17.691
15614.6,6000.16,0.38426,153.267,2199551.8,270.721,5999.66,78.0,24.2002,2.659
4419.44,1337.13,0.30255,38.7495,612037.44,51.1663,1833.38,38.0,44.2234,10.854
5981.81,1411.26,0.23592,63.4834,833465.6,80.618,2807.22,71.0,39.5967,7.982
8292.14,2354.85,0.28398,94.604,1130075.6,95.3997,3913.28,35.0,37.3931,20.157
12767.3,3285.14,0.2573,134.193,1731676.5,161.45,4752.96,63.0,27.8078,13.654
5072.77,1139.71,0.22467,41.2378,697832.0,60.0523,2551.76,59.0,42.5092,10.303
23126.1,7010.92,0.30316,313.369,3197596.5,361.13,6391.15,93.0,16.7563,3.649
13665.3,3360.48,0.24591,207.235,1864498.8,243.77,5060.86,113.0,26.3298,4.1
6262.8,1741.0,0.27799,68.4727,887394.0,80.071,3118.65,11.0,38.911,2.098
5871.29,1839.76,0.31334,52.5742,817797.7,91.7723,2414.03,50.0,41.5641,14.171
5230.13,1510.49,0.2888,48.3273,731035.4,62.6589,1964.67,15.0,43.4,2.157
5859.33,1860.44,0.31751,54.1576,830092.94,87.4889,2851.48,12.0,40.4257,12.809
15423.1,4273.65,0.27709,248.249,2100731.0,266.881,4721.31,288.0,24.9206,4.79
8542.97,3615.35,0.42319,83.3802,1163352.5,138.132,4268.91,30.0,35.5259,16.497
5239.65,2106.75,0.40207,34.2563,744317.75,68.6743,2609.96,37.0,42.6139,2.558
8815.73,2665.51,0.30235,98.0292,1220805.2,145.47,3269.11,17.0,36.5277,1.347
5106.12,1547.1,0.30298,50.3992,710990.1,63.9818,2231.59,18.0,42.2045,1.962
8593.41,2647.08,0.30803,67.4944,1181931.0,116.584,3727.98,91.0,35.3646,14.143
7687.09,2650.87,0.34484,63.9871,1118291.4,97.4399,3609.84,48.0,36.8226,16.56
10784.8,2600.52,0.24112,119.039,1523820.4,144.256,4399.37,61.0,33.2603,3.139
9922.14,2773.66,0.27954,113.276,1404869.4,151.886,4234.85,54.0,33.5392,2.832
11095.2,4024.16,0.36269,97.217,1552324.2,173.125,5329.31,89.0,30.9064,15.555
11027.2,3939.47,0.35725,68.3656,1454475.2,182.283,12103.31,64.0,33.078,7.941
14702.6,3692.67,0.25115,202.056,2049305.6,253.293,4963.59,134.0,26.7313,2.947
12585.7,3311.89,0.26314,148.37,1742159.6,206.137,4785.21,57.0,28.6406,2.909
6971.07,1929.05,0.27672,52.3718,975858.1,84.2903,3452.85,58.0,39.0279,2.281
8246.61,2784.05,0.33759,67.9317,1095820.0,121.509,4542.32,61.0,33.6206,4.762
14418.4,4940.15,0.34262,137.377,2019115.4,205.334,4893.27,130.0,29.8149,14.152
6587.86,2446.97,0.37143,67.7907,894199.25,108.657,2659.88,86.0,39.4546,16.462
7933.18,2471.99,0.3116,64.5143,1160740.8,108.716,2676.35,57.0,40.2708,13.611
20240.5,7544.67,0.37275,130.312,2871657.2,323.42,16833.0,81.0,30.556,9.494
14306.2,6202.41,0.43354,119.732,1972695.8,232.368,4955.5,92.0,26.2523,18.55
11247.8,2526.57,0.22462,104.585,1573631.5,115.303,4167.03,52.0,33.8125,11.635
16828.2,6022.62,0.35788,129.032,2253111.2,272.982,5602.58,157.0,24.0,10.203
18037.7,5487.15,0.3042,221.64,2566578.0,286.106,5646.27,122.0,21.4944,2.477
13820.7,4348.23,0.31461,129.852,1970295.9,180.66,5628.32,60.0,24.7981,20.637
15892.2,6401.3,0.40279,108.308,2173108.2,244.346,4425.16,133.0,26.396,4.3
11578.8,3008.71,0.25984,135.035,1605452.2,174.266,4551.39,84.0,30.9022,1.939
13798.2,3563.51,0.25825,169.785,1894173.2,187.933,4859.89,192.0,29.399,2.22
4076.53,1295.39,0.31776,37.1542,552077.2,51.0266,1379.1,30.0,44.6292,11.509
7325.1,1925.48,0.26286,73.546,1027140.06,90.0962,3138.06,29.0,36.7144,11.595
9113.65,3171.19,0.34796,96.9846,1245460.1,126.521,3874.65,42.0,35.2748,3.907
15747.8,6480.76,0.41153,108.431,2140065.0,247.173,4504.64,133.0,26.6102,4.386
5304.84,1535.94,0.28953,45.3004,736124.25,64.4728,2024.2,19.0,43.1673,1.892
12716.6,3632.35,0.28563,157.757,1800940.4,219.695,4297.6,86.0,30.465,1.588
12157.4,3362.64,0.27659,157.92,1730675.2,179.943,4795.8,27.0,29.1285,2.453
11028.3,2689.46,0.24386,136.034,1536415.2,172.249,4681.46,172.0,28.5112,0.729
8521.49,3075.37,0.36089,77.5023,1227010.6,111.802,3548.28,48.0,36.9736,15.437
7072.47,1984.18,0.28054,75.3469,978292.06,95.9436,3297.72,30.0,37.6987,5.594
15490.6,5141.23,0.33189,199.364,2054399.1,253.451,5276.04,225.0,24.9907,3.167
13968.8,4405.72,0.31539,194.903,1882430.6,247.131,4589.62,36.0,28.4917,2.02
11837.4,3718.5,0.31413,117.824,1685521.4,169.069,4383.58,151.0,31.938,5.031
7754.49,2128.94,0.27454,66.7011,1075787.9,102.766,3142.89,88.0,37.9603,2.499
7998.76,2359.61,0.29499,95.6025,1121373.6,115.469,3127.96,43.0,36.807,13.126
10097.7,1986.87,0.19676,117.618,1380688.2,159.484,3875.82,49.0,33.3144,1.641
9018.28,2180.39,0.24177,96.9014,1209716.5,134.398,3585.52,8.0,36.4264,1.016
6008.72,2174.99,0.36197,58.1612,852165.3,81.6046,3037.07,80.0,38.7379,13.914
12499.9,3065.94,0.24527,148.894,1724153.5,205.545,4236.95,63.0,24.2918,1.951
9955.67,3973.43,0.39911,93.476,1405010.4,141.158,3887.68,6.0,37.3438,7.536
10058.8,2300.52,0.2287,88.2436,1413277.4,127.553,4121.94,81.0,33.164,16.014
6457.58,2438.75,0.37765,64.7354,876204.25,87.9109,3218.92,48.0,38.3044,6.148
14913.3,4879.49,0.32719,157.542,2058383.2,219.38,4930.86,30.0,28.4888,3.23
12004.0,3268.36,0.27227,154.242,1717380.8,169.522,4687.83,27.0,28.6756,1.59
6537.05,1886.15,0.28853,69.366,935147.9,81.6642,3159.38,13.0,39.4065,2.235
8804.68,1983.87,0.22531,63.3431,1248392.6,91.9889,3185.09,37.0,38.8669,12.489
13379.0,4619.55,0.34528,166.217,1846164.4,193.422,4989.08,150.0,27.8895,6.462
8600.27,3030.02,0.35231,84.8274,1232361.0,128.111,3857.87,81.0,34.9403,14.025
10949.7,3214.87,0.2936,129.277,1503870.5,167.317,4958.6,76.0,29.6128,4.932
7479.63,1774.61,0.23725,71.1684,1007345.8,101.892,3408.69,84.0,36.827,2.404
5078.49,1482.33,0.29188,48.2055,705548.6,63.3015,2002.76,15.0,43.3518,3.381
17488.4,5574.49,0.31875,164.883,2517761.5,256.379,4724.82,105.0,28.3784,19.022
6533.2,1895.96,0.2902,70.6568,928911.94,80.7092,3185.74,13.0,38.2612,3.264
17132.5,4671.65,0.27267,175.607,2354735.8,217.364,5774.84,194.0,27.839,19.717
16318.0,6238.71,0.38232,188.163,2273570.5,267.7,5159.09,36.0,26.2155,2.587
8393.62,2607.6,0.31066,70.6496,1205232.2,104.163,3254.84,58.0,37.6824,16.052
8938.43,2633.99,0.29468,74.4576,1244986.4,111.645,4321.17,61.0,34.202,2.595
4722.51,918.72,0.19454,43.9939,676572.06,61.9877,2642.25,12.0,42.1287,2.564
6128.55,2243.5,0.36607,76.7677,845396.44,96.5448,3115.97,33.0,34.79,14.725
7459.41,2020.55,0.27087,88.9265,1006681.6,119.528,3568.98,37.0,36.0203,3.869
8462.9,2483.65,0.29347,63.6643,1166959.4,115.112,3250.83,39.0,40.2637,8.358
7906.3,2091.04,0.26447,93.3888,1114455.6,96.3075,4011.45,22.0,35.6729,2.176
6318.75,2385.09,0.37746,61.4753,834794.75,117.571,3047.18,12.0,39.5682,15.863
13051.2,4187.72,0.32086,169.184,1812415.2,216.506,4668.46,71.0,29.4271,5.176
8576.81,2724.09,0.31761,100.894,1165443.0,104.343,4111.34,14.0,35.1241,6.278
7390.97,1724.71,0.23335,77.9001,995879.5,118.172,3371.59,36.0,36.9707,1.512
8136.04,2506.78,0.3081,85.9053,1163553.9,118.305,3454.2,25.0,37.4156,4.952
7344.1,1942.9,0.26455,67.3161,968641.94,92.9,3341.0,14.0,37.7655,6.33
7205.31,2425.0,0.33655,69.135,984082.75,121.701,3088.52,79.0,38.8662,0.805
11738.6,3772.3,0.32135,151.12,1615408.1,235.717,5046.88,132.0,26.9297,5.926
10568.0,3403.18,0.32202,102.02,1469069.9,155.653,4268.49,54.0,34.2264,1.998
8602.7,2605.05,0.30281,58.2651,1175274.6,110.254,4484.03,77.0,33.592,18.043
7819.23,2085.73,0.26674,79.8767,1123876.8,107.81,3799.63,51.0,36.0298,3.047
5615.22,1381.4,0.246,56.7531,809289.4,65.9244,2501.63,54.0,41.8559,3.442
8204.75,2462.34,0.30011,88.4331,1125361.8,118.715,3224.55,85.0,38.7067,1.665
4516.98,978.69,0.21666,44.6773,612563.6,67.8881,2654.6,13.0,43.0277,2.373
17400.6,4912.25,0.2823,216.363,2416640.0,283.103,5612.68,210.0,22.6229,2.569
11995.4,5052.08,0.42116,111.673,1675605.2,193.405,5250.15,96.0,34.3701,19.749
9794.02,2288.35,0.23364,110.744,1358980.6,131.828,3782.3,76.0,35.2262,4.494
5812.06,2228.02,0.38334,47.6408,814107.7,82.3036,2099.3,5.0,41.9469,5.128
15952.1,5602.3,0.35119,207.58,2295064.0,267.156,5085.33,158.0,25.0003,4.712
11029.9,3164.79,0.28692,116.459,1581942.4,166.901,4564.0,58.0,31.6783,17.181
7959.03,2137.23,0.26852,59.6947,1130105.2,91.4285,2803.95,22.0,38.3688,9.539
8877.68,2460.45,0.27715,78.5064,1265012.8,121.493,3924.27,37.0,35.0843,3.513
16513.9,6114.79,0.37028,200.31,2273559.8,275.583,5542.8,193.0,19.8743,19.07
9967.63,1905.12,0.19113,83.5188,1383619.8,124.076,3918.09,162.0,32.4487,4.023
11673.0,3936.19,0.3372,132.66,1633755.4,198.692,4350.63,69.0,31.9816,1.682
12322.2,3883.97,0.3152,156.184,1693127.0,193.481,4843.35,65.0,28.5338,2.991
9819.97,2578.1,0.26253,117.031,1390031.9,155.903,4138.51,51.0,33.7938,2.754
9512.4,3500.93,0.36803,91.6193,1337771.5,151.846,3729.8,85.0,35.4609,3.542
7575.08,2454.22,0.32398,63.7146,1001149.4,106.775,3630.92,51.0,37.2375,8.832
12132.6,5146.19,0.42416,141.046,1717361.0,193.523,4669.77,132.0,30.4317,18.714
7222.82,2493.49,0.34522,84.2025,1000594.2,128.743,3714.28,108.0,28.4685,16.997
7881.12,2879.29,0.36534,67.5991,1055886.4,126.561,3456.69,50.0,37.9746,13.775
18349.5,5737.4,0.31267,272.301,2501759.0,340.776,6119.12,273.0,20.9159,5.943
3713.82,1211.77,0.32628,35.7612,505965.88,49.7173,1365.69,17.0,44.1734,2.463
9344.85,2729.86,0.29212,86.1413,1318369.0,136.721,3895.98,2.0,35.4931,2.155
7587.66,1916.25,0.25254,55.1422,1071871.0,84.8291,3344.69,32.0,39.8533,9.157
9588.3,3779.4,0.39416,89.7906,1345169.1,148.285,3983.08,131.0,34.0411,3.993
8440.51,2209.83,0.26181,83.421,1213553.0,119.699,3981.75,89.0,35.1039,1.886
10847.3,4838.75,0.44607,83.4135,1343565.5,197.795,3208.79,96.0,37.207,19.347
5059.43,1291.16,0.25519,52.0564,698385.5,82.0456,2194.57,40.0,40.6242,16.486
16970.3,4759.88,0.28048,210.908,2346247.8,289.384,5192.4,178.0,24.983,12.988
23570.1,5708.46,0.24219,315.952,3250498.5,400.505,6231.52,145.0,19.8103,0.93
14611.2,3804.99,0.26041,199.038,1935721.2,232.099,5726.58,258.0,24.1753,3.778
8580.46,1967.55,0.2293,72.1923,1195447.2,102.564,3499.1,60.0,38.8593,0.0
10155.5,2925.25,0.28804,91.0869,1404421.4,128.901,4794.81,108.0,27.0991,18.811
22163.4,5269.94,0.23777,327.843,3034985.0,395.502,6222.42,152.0,19.3046,1.017
7511.48,1975.72,0.26302,85.9864,1055770.8,114.437,3417.92,38.0,37.2338,2.862
7305.58,1826.78,0.25005,69.5203,1004752.25,99.7185,4196.4,27.0,35.3809,2.156
5022.23,1196.31,0.2382,42.5705,684195.06,70.5128,2641.37,14.0,42.2879,9.222
11973.0,4798.11,0.40074,132.194,1628732.2,220.96,4432.83,157.0,31.5538,19.403
12079.0,5173.24,0.42828,76.8466,1650875.8,198.189,5004.04,63.0,30.9835,13.888
21080.8,6417.49,0.30442,267.385,2924574.8,306.229,5532.15,85.0,23.3728,3.459
5547.66,1652.92,0.29794,72.3963,744081.9,86.7232,3302.46,46.0,38.8729,11.489
9236.26,3779.17,0.40916,96.9793,1223337.2,143.151,3335.43,98.0,37.72,14.444
9015.46,3816.51,0.42332,86.7097,1280875.5,153.181,3796.46,40.0,37.1309,16.228
5770.3,893.97,0.15492,53.1513,796485.1,62.2671,3027.93,21.0,39.6075,3.703
7019.76,2195.41,0.31274,85.2932,974387.1,137.895,3541.33,70.0,35.6716,17.019
10270.1,3526.19,0.34334,110.174,1500035.5,189.613,5836.8,100.0,25.7907,20.076
11454.6,2961.84,0.25857,132.04,1601718.6,172.061,4689.28,175.0,28.8112,0.697
5552.86,1680.38,0.30261,49.5916,777182.8,89.8534,2355.23,70.0,41.4471,14.46
4185.89,998.13,0.23845,40.9939,607186.06,54.5811,2341.52,39.0,41.9094,8.253
5744.23,1304.66,0.22712,60.192,775800.94,103.973,2613.1,64.0,40.586,13.767
14448.8,3558.94,0.24631,206.031,1982855.5,245.694,5097.51,153.0,25.149,3.064
4637.31,1488.15,0.3209,38.1782,643161.9,63.7746,2492.85,57.0,41.7511,11.17
5197.92,2137.67,0.41125,33.2291,734409.6,70.5348,1653.3,39.0,44.9336,15.928
16379.5,4419.91,0.26984,232.711,2316686.2,280.683,5562.84,109.0,22.0775,2.934
16306.5,4708.79,0.28876,168.946,2331045.5,254.715,5273.96,230.0,21.7216,7.012
9065.29,2227.12,0.24567,71.1027,1243139.2,110.208,3857.03,25.0,38.2839,7.306
7896.47,1921.5,0.24333,88.697,1101214.9,121.256,3238.15,4.0,36.9374,0.0
14113.2,4506.93,0.31934,141.937,1930661.0,221.48,5397.35,23.0,30.5757,8.348
7699.78,2086.19,0.27094,76.8742,1049979.9,100.984,2977.14,69.0,36.2078,15.241
4689.49,1508.7,0.32171,38.0415,635529.56,77.6077,2687.45,23.0,37.2182,10.403
13625.4,4340.79,0.31858,185.613,1884870.8,242.97,4452.7,21.0,29.8137,2.786
5697.65,1763.52,0.30951,63.6236,771541.44,77.9637,3050.61,36.0,39.6763,14.641
19885.3,6352.81,0.31947,247.529,2700680.5,300.107,5047.6,259.0,26.0707,6.791
10161.5,2927.02,0.28804,131.366,1388921.9,143.901,4865.39,63.0,29.4376,3.612
10030.6,4010.2,0.39979,107.408,1422164.0,154.018,4267.6,98.0,32.5484,7.578
9452.72,2370.81,0.2508,100.952,1332036.8,142.94,3935.91,46.0,33.4059,1.84
10965.8,4414.58,0.40257,76.4278,1492392.8,162.439,12295.58,18.0,38.9193,11.15
9259.9,2850.64,0.30784,76.4235,1281132.8,109.435,3842.02,39.0,35.5798,15.613
9267.42,2263.44,0.24423,74.9348,1301841.6,111.701,3819.61,17.0,32.1268,5.983
8977.1,3046.56,0.33937,83.1959,1256499.0,120.173,3639.87,31.0,37.5903,12.359
9806.82,2944.92,0.30029,109.412,1393364.4,128.518,3833.91,65.0,35.1041,3.1
6606.7,1810.92,0.2741,64.3378,904305.1,82.1196,3344.38,25.0,37.6092,5.032
5277.47,976.85,0.18509,59.7399,723576.8,59.2463,2376.64,34.0,40.6595,5.551
11572.1,3121.31,0.26972,132.72,1584943.4,163.185,4470.4,93.0,32.2369,2.076
7630.96,3034.08,0.3976,61.6271,973416.7,132.469,3344.21,5.0,38.4272,11.434
4472.12,991.17,0.22163,44.9565,610605.44,62.4365,2444.27,18.0,43.059,13.358
20638.7,5511.74,0.26705,297.296,2791795.2,311.723,6545.32,289.0,18.702,1.763
12748.3,3711.05,0.2911,149.131,1790107.8,156.75,5372.6,31.0,29.6556,18.712
9642.52,3343.36,0.34673,86.9147,1336231.4,138.407,3913.94,16.0,35.6898,13.637
10477.8,3245.36,0.30973,128.708,1404444.4,171.78,4024.39,36.0,33.5675,1.566
6416.9,1018.4,0.1587,49.906,894508.5,71.066,2843.88,42.0,40.7958,6.499
12137.0,2321.13,0.19124,151.5,1699357.8,166.071,4639.97,140.0,29.6022,2.034
13850.4,4123.73,0.29773,169.415,1905553.1,232.161,4806.69,125.0,28.8005,4.693
10534.0,2650.38,0.2516,144.986,1481798.2,151.979,4101.58,138.0,32.2931,2.783
8077.33,1955.89,0.24214,69.5043,1134998.6,102.856,3542.57,16.0,36.7329,13.561
6872.06,2429.5,0.35353,37.7663,952704.44,102.788,2972.79,22.0,39.7381,14.353
14539.9,4622.91,0.31794,189.487,1930882.6,238.359,5005.56,188.0,27.1258,3.074
6676.53,1636.31,0.24508,61.671,916883.75,83.5837,3232.37,27.0,39.0527,17.379
9469.67,3121.33,0.32961,89.1267,1344915.2,134.997,3570.88,15.0,35.4991,3.579
6945.27,2428.3,0.34963,58.5886,968809.4,107.298,4018.37,73.0,37.9843,1.46
7797.66,2541.94,0.32598,69.4284,1054086.5,116.342,4357.11,75.0,34.0576,3.343
5650.33,1844.32,0.3264,59.2576,761296.75,87.6873,3146.11,43.0,39.0755,12.829
9382.02,3479.51,0.37087,93.6234,1329305.8,137.12,3717.64,20.0,35.1569,2.499
13682.8,5443.22,0.39781,120.816,1949259.5,193.219,5792.95,108.0,26.1797,19.293
14825.0,4165.81,0.28099,159.036,2035513.6,245.518,4507.49,76.0,27.7909,2.14
5636.42,1309.22,0.23227,50.8852,782979.25,76.6997,2644.31,33.0,40.9407,6.251
9411.53,4029.48,0.42814,83.5883,1310961.1,137.448,3979.6,116.0,33.6566,2.781
8594.9,2836.95,0.33007,73.194,1208047.9,109.135,3929.83,51.0,34.7957,17.134
9055.33,2423.94,0.26768,92.9741,1218375.9,116.035,3767.88,34.0,35.2975,2.386
17725.5,6869.74,0.38756,178.227,2469838.0,285.753,5666.74,132.0,25.6438,20.144
8787.8,3256.77,0.3706,63.7691,1139319.2,143.028,3125.22,67.0,38.145,17.819
12148.6,3193.03,0.26283,151.125,1692384.1,178.739,4479.43,31.0,30.7414,2.526
11865.3,3868.72,0.32605,109.324,1721034.6,153.746,4523.59,87.0,31.5713,15.229
9493.59,2545.41,0.26811,119.27,1318058.5,144.466,4352.23,59.0,32.9358,4.445
7672.75,3324.26,0.43325,63.9721,1138748.1,101.502,3341.98,33.0,38.8793,1.592
9403.2,4535.38,0.48232,83.1203,1330254.8,150.43,3781.25,108.0,35.607,16.87
8739.58,2931.76,0.33545,102.794,1200631.1,147.689,3289.48,9.0,36.3805,1.873
10384.5,2916.47,0.28084,110.519,1400078.9,129.79,4587.36,34.0,32.4685,10.798
4397.51,812.31,0.18472,40.821,579416.5,67.3081,2564.65,13.0,44.6214,2.161
9779.87,4057.92,0.41492,134.436,1310661.9,186.694,4360.87,176.0,31.2518,2.642
12244.8,3212.1,0.26232,147.986,1741480.9,169.437,4747.32,24.0,28.9524,1.565
6971.6,2300.86,0.33003,76.563,935405.5,115.599,3199.6,73.0,38.8183,1.284
9929.11,3722.96,0.37495,130.216,1309770.2,185.897,4449.2,186.0,30.7552,3.27
7516.04,2869.75,0.38181,84.0002,1026799.2,129.342,3460.35,117.0,36.6232,5.501
13860.3,3820.54,0.27564,191.083,1896471.2,221.135,4622.65,169.0,29.035,2.041
4568.35,1345.75,0.29458,46.0096,631730.25,55.5785,2167.73,14.0,43.3176,6.245
16774.2,3652.25,0.21773,196.021,2355663.8,259.185,5551.2,90.0,23.6952,2.235
7977.01,2525.14,0.31655,63.7808,1067529.6,124.531,4218.61,69.0,33.1566,4.856
8043.75,1809.92,0.225,80.6675,1126496.2,105.56,3899.75,111.0,33.7543,4.282
8780.17,2179.69,0.24825,83.1178,1185414.9,115.506,3793.44,37.0,35.228,1.997
9079.92,2003.08,0.2206,98.8639,1290928.9,129.321,3847.65,44.0,34.9665,2.884
7150.24,1780.27,0.24898,67.0134,980831.5,97.7797,3213.21,41.0,36.3379,4.059
5797.02,2199.57,0.37943,40.4509,797269.0,79.3778,2549.42,39.0,42.1658,13.33
8910.59,3559.45,0.39946,77.8689,1218243.2,117.237,3750.63,53.0,34.226,14.194
11187.2,3691.19,0.32994,126.597,1531144.2,160.108,4743.53,70.0,46.5464,4.912
6544.21,1990.74,0.30419,56.2555,909084.44,96.9899,3470.44,71.0,36.9132,2.19
10141.4,2933.58,0.28926,118.451,1398673.8,143.586,4166.6,132.0,32.9265,2.634
7696.26,1536.3,0.19961,78.6432,1107772.1,102.501,3335.27,29.0,38.0224,2.227
10470.5,4255.35,0.40641,86.8856,1470637.6,157.415,3648.52,70.0,34.614,13.706
8722.32,1964.95,0.22527,103.903,1189145.4,141.207,4003.69,34.0,34.0714,2.112
12136.7,3704.75,0.30525,103.08,1654759.6,161.133,5692.6,91.0,32.0425,11.608
9065.95,3089.34,0.34076,79.5925,1244356.9,123.019,3687.21,108.0,34.7425,7.161
22917.7,9141.31,0.39887,142.866,3217852.2,363.417,14256.42,130.0,32.3418,3.367
9762.2,2651.06,0.27156,69.5459,1307473.6,148.674,3637.47,47.0,36.1953,17.052
6159.17,1486.87,0.2414,70.2024,865471.8,75.4134,2785.01,72.0,39.3554,7.724
13086.9,3749.81,0.28653,135.397,1826768.4,167.491,4265.74,30.0,32.7261,12.717
6044.03,1450.11,0.23992,68.3954,853036.44,76.9187,3046.28,9.0,39.0679,1.842
11228.1,2585.18,0.23024,146.078,1562665.8,181.616,4028.27,68.0,32.6536,1.767
9380.94,2468.02,0.26308,100.745,1325572.4,147.514,3884.85,43.0,33.4035,2.116
8813.34,2265.93,0.2571,96.3771,1246546.2,129.062,3836.67,52.0,34.9543,3.156
11108.1,3963.61,0.35682,103.822,1519514.5,184.017,3508.93,42.0,36.134,15.208
9160.55,2175.85,0.23752,101.341,1291774.0,152.887,3813.7,13.0,34.2019,0.596
8524.29,3160.42,0.37075,63.0884,1193635.9,125.565,3779.89,27.0,37.544,14.975
8727.18,2556.65,0.29295,94.5118,1202919.1,148.898,3247.15,17.0,35.9838,1.239
5383.86,1954.15,0.36296,34.1923,748575.8,75.6227,1996.18,41.0,43.8456,11.188
9368.04,1893.21,0.20209,103.113,1323340.0,132.266,4173.42,49.0,34.0532,1.1
23291.9,5975.38,0.25654,321.102,3194357.5,410.31,6236.87,134.0,19.7462,1.032
11582.5,4366.34,0.37697,92.6439,1602771.8,162.831,4335.92,105.0,32.1908,18.57
14159.5,3877.21,0.27382,128.63,1965567.5,188.157,4752.32,68.0,29.0785,2.999
6227.94,2552.01,0.40976,61.6102,896536.1,94.4764,3304.87,67.0,39.0644,12.405
13212.1,3124.69,0.2365,133.238,1785162.1,201.634,3828.01,111.0,33.6113,19.183
10030.8,3054.47,0.3045,124.718,1343847.0,164.608,3960.05,38.0,33.7337,2.207
8589.53,1928.45,0.22451,58.7719,1203016.8,95.4863,3379.23,23.0,41.3394,0.0
7337.83,2044.11,0.27857,76.8116,991620.6,112.722,3185.66,81.0,39.0892,1.255
4717.98,1631.58,0.34582,42.3346,621134.94,74.0347,2747.86,27.0,43.57,8.647
13029.2,2631.31,0.20195,158.46,1786557.5,187.248,4732.96,136.0,29.9961,0.998
12694.9,4499.34,0.35442,164.648,1797808.0,231.88,4675.03,109.0,29.2103,6.226
5382.99,1876.03,0.34851,49.7174,761067.8,75.3592,2335.88,19.0,42.1351,1.749
5119.77,1723.59,0.33665,41.363,724843.75,64.1,2686.2,46.0,40.6752,11.102
14682.0,3665.28,0.24964,181.933,2078598.4,231.444,4993.62,92.0,27.3775,4.69
3813.46,1196.66,0.31379,35.3525,517722.22,49.1239,1376.5,32.0,44.4728,11.195
6515.06,2816.22,0.43226,54.7587,908506.25,97.3316,2717.9,42.0,40.7375,13.667
11471.6,2758.64,0.24047,143.218,1525974.4,168.381,4466.76,43.0,31.212,2.291
9803.61,2757.29,0.28125,97.9196,1362890.8,136.547,3850.18,53.0,34.4183,19.301
6345.15,1475.8,0.23258,57.2627,827011.3,93.8128,2901.03,1.0,40.4987,10.161
11060.2,2890.29,0.26132,137.79,1540934.9,171.36,4651.98,164.0,28.6651,0.86
14295.8,4738.93,0.33149,109.249,1979956.4,195.511,5117.42,78.0,28.7194,17.918
8555.49,3909.05,0.4569,54.7334,1190608.5,152.883,4348.93,68.0,37.2947,16.985
6569.68,1716.41,0.26126,72.8111,912169.9,90.0063,3086.18,42.0,39.0959,12.51
9793.73,2454.14,0.25058,105.676,1383731.9,155.846,4088.54,40.0,29.3245,2.715
20082.7,9325.85,0.46437,188.15,2784455.2,309.792,5791.51,136.0,24.8835,20.69
9388.2,2568.15,0.27355,113.357,1288673.0,151.282,4138.23,71.0,33.2248,0.867
6625.88,2826.29,0.42655,66.6224,890474.06,119.385,3175.3,60.0,38.9102,14.449
7368.21,1631.65,0.22144,51.8372,1049236.8,72.5948,3282.16,35.0,38.1959,12.929
7925.18,3308.01,0.4174,63.8289,1076206.6,127.1,2899.93,67.0,39.1486,15.635
9919.1,2893.53,0.29171,117.599,1403357.5,150.623,4231.78,47.0,34.1011,2.641
13550.3,3194.58,0.23575,178.504,1921671.4,196.462,5583.73,67.0,23.7252,1.105
10635.4,3757.68,0.35331,98.0033,1520411.9,140.89,4377.59,107.0,32.5355,6.485
11103.6,3695.61,0.33282,122.01,1524354.5,182.004,3915.95,18.0,32.9718,2.74
5427.7,1465.63,0.27002,62.2391,674705.4,87.8011,3081.19,16.0,39.6066,2.115
4615.38,1801.09,0.39023,45.5732,672957.25,68.1626,2363.97,56.0,41.2282,10.986
4886.82,780.94,0.1598,44.0644,654731.7,60.8439,2629.26,12.0,43.1047,4.804
9735.94,2766.82,0.28418,119.305,1333840.8,137.779,4171.37,119.0,32.9508,2.725
8907.36,2795.31,0.31382,72.5524,1197482.8,115.696,3901.15,104.0,34.5305,8.849
11376.7,4097.33,0.36015,105.742,1593403.4,177.788,4422.76,95.0,32.0292,18.607
15223.5,4977.17,0.32693,189.445,1999759.0,220.056,4357.67,112.0,30.3511,2.509
5764.58,1388.89,0.24093,55.4912,757229.06,89.405,3364.06,16.0,40.6312,2.03
10503.2,3016.26,0.28717,102.024,1424874.2,135.56,4675.41,44.0,31.9297,12.152
7316.3,1591.08,0.21747,63.4707,1002888.1,98.37,3516.18,29.0,38.231,3.311
8144.98,1374.11,0.1687,102.052,1070323.2,108.561,3670.26,71.0,37.1488,13.933
9091.95,3031.77,0.33345,74.2598,1245226.5,134.848,5636.65,71.0,31.6858,18.206
4616.8,1130.88,0.24494,34.4391,637380.44,56.2334,1343.87,13.0,44.738,8.575
6794.17,2078.98,0.30599,67.2589,953602.2,96.7746,3128.78,33.0,37.6423,9.33
10570.5,2715.64,0.2569,126.713,1443496.8,159.379,3602.15,18.0,34.942,2.131
11084.9,2838.74,0.25609,137.466,1529838.2,175.361,4640.11,161.0,28.5941,1.068
6118.13,1365.26,0.22314,54.8858,840824.7,70.8236,2654.26,24.0,39.9007,13.647
13491.0,4529.9,0.33577,154.808,1864826.8,203.64,4953.41,163.0,27.9376,4.568
12575.4,3420.23,0.27197,154.792,1793877.4,182.744,4780.71,44.0,28.4254,1.949
6180.3,2098.02,0.33946,62.5158,813754.4,91.0821,3142.82,55.0,39.2804,8.07
14607.0,4622.81,0.31647,169.686,2032504.5,215.631,5376.1,117.0,25.8777,8.418
6452.85,2668.32,0.41351,50.8668,897409.44,90.3187,2383.64,6.0,41.5518,6.881
6281.23,1853.51,0.29508,62.5257,837993.06,83.1172,2861.63,15.0,46.5464,0.0
11285.8,3975.7,0.35227,96.842,1567463.2,152.215,3822.23,54.0,35.3143,11.904
7455.52,1750.79,0.23483,53.7067,1056569.8,82.069,3367.17,16.0,40.0052,11.526
14861.5,4263.23,0.28686,217.255,2038796.2,260.708,5108.22,163.0,25.5373,3.689
11052.1,2933.15,0.26539,149.665,1494495.6,176.287,4448.64,54.0,31.1364,3.663
8960.62,2036.69,0.22729,102.548,1248153.1,133.695,3571.51,18.0,34.545,1.211
12441.8,3407.14,0.27384,161.177,1723095.4,210.494,4761.8,64.0,28.7963,3.525
7612.09,1291.69,0.16968,65.1597,1059016.9,72.1159,2756.56,16.0,38.028,8.654
10726.1,3870.15,0.36081,103.509,1475313.4,169.47,4409.51,66.0,32.2334,16.001
5474.83,1627.44,0.29725,56.9764,713744.44,106.777,2722.62,64.0,40.0618,17.054
11315.2,4038.94,0.35694,110.04,1636633.0,166.079,4429.03,66.0,32.0387,3.096
13071.4,2568.93,0.19653,171.209,1780743.6,203.279,4710.01,99.0,28.9209,1.931
5642.49,1426.39,0.25279,43.2,778770.0,73.9745,2695.55,65.0,39.3208,7.082
18065.7,6279.77,0.3476,239.405,2485661.5,321.195,5065.41,173.0,25.6604,10.766
6028.1,1274.48,0.21142,53.4319,827611.75,68.4964,2520.74,35.0,40.6676,15.026
4682.39,933.89,0.19944,37.0398,630768.1,49.7473,2110.73,16.0,44.441,11.674
14787.0,3821.85,0.25846,171.79,1986220.6,196.856,5047.04,149.0,29.8573,1.82
6926.3,2033.94,0.29365,69.2471,956051.2,99.5273,3180.47,37.0,36.474,3.736
6299.21,1756.05,0.27877,36.8814,865442.8,81.7461,2196.4,22.0,42.1591,10.375
6333.27,1512.81,0.23886,62.068,849565.56,74.0723,3214.69,60.0,39.3574,11.093
13300.3,3472.92,0.26111,179.66,1824063.5,205.41,5036.63,82.0,27.3951,7.607
15202.7,4303.12,0.28304,171.966,2110590.0,244.238,4566.58,29.0,29.938,4.776
9510.23,3203.08,0.3368,90.6181,1346228.0,130.695,4022.23,94.0,33.6355,10.324
8730.4,3651.94,0.4183,60.389,1194998.5,136.81,3981.57,51.0,35.8674,16.825
9649.03,2291.76,0.23751,86.3962,1365355.5,110.118,4779.12,30.0,32.7941,3.747
7161.97,2736.84,0.38213,64.1941,991996.7,98.6642,3468.28,27.0,37.5951,15.132
6837.19,1951.27,0.28539,57.6342,988434.06,81.1614,2839.99,14.0,40.8295,14.099
7961.79,2148.35,0.26983,66.5126,1060293.5,96.0983,3508.32,22.0,37.0579,2.641
12239.2,2587.61,0.21141,138.379,1674019.4,187.373,3654.23,140.0,34.0882,16.343
13918.7,4905.53,0.35244,118.907,1870454.5,206.655,4954.61,73.0,28.9423,14.779
15106.3,3712.09,0.24573,180.629,2139431.0,214.075,5703.25,70.0,23.0152,19.979
9358.76,2071.25,0.22131,83.0937,1320811.0,109.905,3999.51,72.0,34.4162,3.771
6944.89,1615.99,0.23268,65.4297,963765.06,90.2157,3204.51,38.0,36.7145,9.536
11840.9,2911.65,0.24589,144.072,1686464.4,155.951,4178.63,128.0,32.5195,2.905
3886.44,899.37,0.23141,30.5525,556803.9,42.3775,1159.5,32.0,44.899,17.634
5557.27,955.78,0.17198,50.6321,764139.0,60.4958,3035.87,24.0,40.3056,9.994
9505.93,3456.41,0.3636,101.129,1334177.2,138.68,3422.44,39.0,36.039,13.068
10069.1,2453.58,0.24367,104.762,1429993.2,149.017,3974.45,53.0,32.7595,2.259
14548.7,5194.69,0.35705,165.008,2052563.1,270.847,5154.67,169.0,24.4187,2.642
12546.7,3468.46,0.27644,134.643,1728455.2,181.142,4585.85,118.0,30.7709,3.394
7641.11,2279.81,0.29836,57.4687,1093611.4,95.874,2846.4,10.0,38.9007,13.862
6345.17,1853.73,0.29214,52.2572,901332.94,79.9107,2564.7,81.0,41.4026,12.142
6643.39,2384.98,0.359,56.0831,944723.75,84.2356,2618.98,63.0,41.1842,9.25
14311.2,4793.24,0.33492,154.263,2011317.6,238.891,4663.83,73.0,26.0608,3.854
8940.52,2774.69,0.31034,80.1049,1218780.8,114.207,3429.43,103.0,35.4343,4.965
8672.72,2125.83,0.24511,99.2246,1205378.2,133.899,3562.24,12.0,34.4632,0.881
8914.86,3104.19,0.3482,85.1212,1189819.8,135.229,3654.2,54.0,35.8805,1.035
6191.49,1347.85,0.21769,51.4828,849532.06,80.0473,2861.06,26.0,40.0545,6.489
7482.22,2009.49,0.26856,69.422,1067796.9,104.692,3766.23,11.0,36.2425,9.216
11136.8,3260.23,0.29274,124.161,1540533.0,177.213,4136.7,42.0,31.1457,2.683
11843.6,3998.59,0.33761,119.642,1637255.9,185.09,4257.59,54.0,30.3616,1.917
4971.61,1428.56,0.28734,53.7158,694585.06,51.1389,2313.96,69.0,42.1519,9.287
17188.6,4921.58,0.28632,238.209,2370903.5,306.563,5239.6,205.0,23.7256,5.167
6413.72,1490.13,0.23233,56.2158,914602.94,86.3363,2732.01,47.0,38.7776,17.611
22318.1,7040.23,0.31544,254.401,2993900.8,262.102,5321.93,260.0,27.3272,4.787
8964.89,2754.64,0.30726,75.1205,1199016.6,111.733,3697.06,27.0,36.4952,9.64
7054.78,1701.91,0.24124,60.1931,1001748.1,81.95,3592.2,45.0,36.6704,12.497
11105.0,3334.07,0.30023,87.2403,1490549.1,163.551,4205.8,7.0,33.1881,13.807
13959.2,4610.03,0.33025,150.088,2008357.4,227.814,4944.78,85.0,28.9098,1.613
6791.12,2282.06,0.33603,63.5157,975753.8,87.4271,3677.29,76.0,39.8216,13.674
8995.58,2551.25,0.28361,79.4498,1246357.6,110.972,4163.69,61.0,35.1277,2.435
6783.88,2986.17,0.44018,84.6539,955318.06,140.321,2805.68,48.0,35.1369,13.729
10589.0,5454.09,0.51507,87.1581,1516896.1,169.137,5117.39,84.0,30.2916,18.249
15332.2,4797.78,0.31292,151.141,2053464.4,262.974,5079.74,103.0,24.6984,19.131
7175.76,2100.97,0.29278,65.7947,992268.8,90.1021,3019.1,37.0,37.3225,3.887
19205.3,5930.72,0.3088,247.174,2606564.0,330.413,5723.1,327.0,21.4049,2.566
14324.4,5582.22,0.3897,197.651,1897487.6,268.195,4615.24,131.0,30.3665,17.197
6793.6,2612.78,0.38459,30.6997,950493.0,106.728,4041.89,43.0,39.3044,19.521
16012.8,4836.28,0.30202,172.548,2220601.2,237.003,4645.14,71.0,28.4539,2.633
5460.79,1487.08,0.27231,48.413,695116.56,79.2517,2452.43,22.0,42.407,3.14
15562.7,4792.72,0.30796,213.776,2054804.2,241.294,5794.64,240.0,22.6125,3.044
13993.4,3955.85,0.28269,169.521,1982190.6,219.498,5040.33,94.0,19.9345,14.489
5168.54,1355.49,0.26225,49.9181,699990.25,72.793,2622.16,45.0,40.4528,14.486
5671.53,1781.52,0.31411,40.9829,793927.75,76.8125,2901.71,59.0,40.5945,3.438
12046.4,4594.87,0.38143,116.469,1713434.0,176.799,4530.06,64.0,31.6048,5.902
4781.32,918.91,0.19218,44.9716,650577.94,62.1056,2670.45,18.0,43.7698,10.348
12021.8,4222.18,0.35121,111.87,1663726.8,168.102,5392.27,58.0,28.3061,18.306
15890.6,4963.33,0.31234,161.529,2287062.0,246.586,5209.18,41.0,26.3302,2.487
4481.55,949.37,0.21183,45.252,607662.3,69.3909,2628.28,13.0,42.6769,2.432
6760.89,1415.84,0.20941,72.3971,911274.8,92.2125,3311.16,88.0,33.3479,13.083
7485.37,1829.08,0.24435,66.9145,1031854.75,105.353,3598.41,26.0,37.333,1.79
6594.64,1546.87,0.23456,57.1282,878684.7,80.31,3134.24,30.0,39.4595,4.955
8405.62,2566.9,0.30537,67.4433,1200393.8,101.727,3128.01,16.0,38.5399,6.418
10568.3,3976.8,0.37629,124.164,1466122.6,177.44,3746.0,118.0,35.7139,19.328
6211.71,1395.51,0.22465,54.7528,846515.44,68.8273,2652.6,26.0,40.0164,15.663
12389.0,2971.45,0.23984,142.374,1697148.1,178.603,4409.56,18.0,30.9109,1.792
8275.56,2862.35,0.34587,79.9932,1157855.2,117.152,3449.72,47.0,46.5464,3.381
9663.59,3017.72,0.31227,88.2608,1372788.8,126.23,4124.7,106.0,33.3426,4.202
13842.9,4638.3,0.33506,156.124,1907600.6,238.867,4727.32,57.0,29.1633,18.92
7664.52,3330.27,0.4345,83.0735,1086596.8,122.206,3291.87,44.0,37.4667,2.815
10778.9,3499.97,0.3247,130.535,1444472.5,160.62,4094.18,56.0,31.301,2.077
10703.2,3757.64,0.35107,113.457,1537683.9,179.883,4589.49,134.0,31.0254,16.214
10621.5,3125.51,0.29426,118.609,1471511.9,169.035,3811.02,22.0,32.8233,3.231
7390.91,2289.72,0.3098,62.9334,1036005.8,112.986,3533.11,58.0,36.7938,15.002
16027.4,4134.97,0.25799,245.224,2180551.0,264.376,4776.57,290.0,27.5671,3.9
12830.9,6089.21,0.47457,176.253,1736996.9,280.143,4480.76,158.0,31.0492,17.458
18288.8,4772.01,0.26092,247.045,2584187.2,264.86,5566.63,113.0,22.0714,2.549
7212.93,1521.56,0.21094,82.0675,969472.9,97.0608,3073.22,53.0,39.6861,6.216
10036.3,2289.3,0.2281,83.9568,1300454.5,330.969,3746.07,173.0,35.2652,20.031
11872.3,3149.31,0.26526,166.964,1654693.4,191.125,4670.21,109.0,29.3361,1.917
8745.64,1629.69,0.18634,77.0148,1178442.9,100.853,3695.97,42.0,37.9457,9.413
9068.27,1995.18,0.22001,96.7449,1281607.0,130.622,3854.62,48.0,34.9438,3.05
13626.4,5473.41,0.40167,137.303,1797936.9,207.201,4866.83,171.0,29.5778,15.372
4904.53,1017.98,0.20755,41.421,673284.4,65.0791,2512.0,40.0,42.9582,12.936
5359.02,1050.11,0.19595,46.7405,765529.2,68.7467,2819.23,57.0,40.6481,1.639
14767.7,4268.0,0.289,176.33,2044319.4,257.828,5163.05,95.0,26.0371,6.186
9615.16,3816.72,0.39694,92.5227,1292445.1,171.885,4345.53,107.0,32.9604,8.525
3854.93,1030.95,0.26743,35.5798,546696.3,44.7806,1804.23,12.0,44.46,1.728
11513.0,2505.49,0.21762,124.533,1616131.1,155.325,4559.58,51.0,30.5639,6.628
11279.7,4100.33,0.36351,87.6859,1525076.1,176.944,4687.25,93.0,31.1364,17.426
11387.5,3775.18,0.33151,113.903,1591430.1,156.482,3987.5,143.0,33.5217,16.591
12540.0,3898.37,0.31087,179.077,1673197.0,232.079,4895.48,186.0,28.0782,2.64
8426.32,1898.83,0.22534,94.3127,1173859.1,116.515,4162.74,43.0,34.3654,2.144
8818.14,3014.52,0.34185,94.1871,1184952.2,126.2,3373.58,73.0,37.9996,2.418
5335.47,775.22,0.14529,56.838,734971.8,54.7702,3005.12,15.0,39.6935,3.942
7381.74,2393.79,0.32428,77.509,1017299.4,101.167,3750.82,39.0,36.1937,1.838
5547.75,1385.66,0.24976,45.9027,788988.75,60.674,2560.45,18.0,41.3672,2.809
9714.07,2647.73,0.27256,120.158,1327798.0,143.789,4160.62,135.0,32.8625,2.085
7561.32,2510.48,0.33201,54.7686,1049142.4,99.9979,5123.1,45.0,35.9078,18.332
8035.16,2034.04,0.25314,71.5608,1090976.4,104.011,3617.83,80.0,29.7484,13.407
6954.57,1380.98,0.19857,55.3758,991893.75,63.8879,3226.3,26.0,38.9477,10.759
9258.41,3317.95,0.35837,81.6328,1292331.2,133.94,4075.54,102.0,34.228,16.114
8965.06,3492.76,0.38959,66.0055,1188150.2,144.576,4709.69,50.0,35.3094,5.653
9677.89,3461.87,0.3577,90.8914,1346510.4,142.473,3509.55,25.0,35.7362,0.637
10293.0,3015.09,0.29292,92.8658,1466637.4,123.653,3769.79,81.0,34.6836,15.019
16101.1,5579.58,0.34653,165.313,2270542.0,269.572,4625.74,94.0,24.2466,4.686
11632.9,3255.04,0.27981,136.891,1609696.9,172.507,5098.87,69.0,46.5464,3.427
9923.83,3226.34,0.32511,91.9346,1350625.1,152.248,4449.99,113.0,32.2473,4.209
13848.2,4027.41,0.29082,200.716,1927340.0,250.244,5301.93,284.0,24.8678,1.707
8164.51,2757.23,0.3377,56.9258,1159226.2,116.364,3801.8,17.0,37.655,14.411
4401.99,1282.09,0.29125,24.0421,609757.94,55.9268,1952.08,22.0,43.3289,10.261
11266.4,3079.21,0.2733,107.788,1629309.2,151.019,4389.66,95.0,33.1872,17.027
8975.76,2496.43,0.27813,86.1355,1246402.2,117.273,4098.5,38.0,35.9071,1.743
9821.47,3727.66,0.37954,69.4675,1406639.2,133.334,4872.33,64.0,31.2924,14.424
14752.6,4825.55,0.32709,164.278,2031112.8,219.595,4769.65,109.0,28.6027,4.918
11430.9,2527.72,0.22113,147.143,1604434.8,170.031,4685.25,142.0,29.5156,1.699
9879.47,3414.02,0.34556,94.964,1371289.0,126.099,3525.36,51.0,31.9228,17.496
12175.3,3398.12,0.27909,155.071,1690433.0,182.513,4438.7,23.0,30.9168,2.636
8704.54,2764.53,0.31759,80.3256,1222816.1,113.863,3724.13,70.0,34.0789,8.434
5881.34,1459.98,0.24823,58.3649,808773.25,74.4038,3331.74,67.0,38.6867,13.23
8957.63,2372.27,0.26483,94.5438,1266027.8,133.087,4018.12,168.0,33.6453,1.242
4801.02,858.66,0.17884,44.2304,689838.3,55.5924,2185.43,80.0,42.8217,0.756
8354.33,1997.39,0.23908,100.598,1134911.1,128.488,3439.4,8.0,37.064,1.168
8398.47,2249.84,0.26788,90.9179,1184997.2,123.07,3324.29,5.0,36.047,2.415
12209.1,3126.88,0.25611,148.189,1669112.8,179.629,4548.35,23.0,30.7391,2.312
14942.4,4229.55,0.28305,185.187,2081701.0,222.126,5617.7,139.0,22.6775,0.915
17832.5,7258.04,0.40701,150.794,2522913.2,271.504,5693.98,97.0,24.3812,13.457
17560.5,5829.76,0.33198,186.026,2463292.2,285.44,5271.02,68.0,26.2425,12.903
10915.8,2945.94,0.26987,95.7673,1502371.5,140.132,4186.02,165.0,33.144,17.243
14638.1,4428.72,0.30254,171.48,2026558.6,245.471,4866.72,22.0,28.116,3.075
4831.9,1298.12,0.26865,44.4098,676228.1,60.3367,1938.64,18.0,43.6724,3.453
9910.34,2148.28,0.21677,92.421,1392083.5,125.465,3598.58,131.0,35.9545,3.049
20732.9,5246.04,0.25302,286.732,2819745.8,306.155,6556.94,284.0,18.7163,1.591
11846.3,2127.44,0.17958,150.441,1670812.5,155.299,4642.93,152.0,29.5747,2.049
9058.41,1892.15,0.20888,96.503,1252400.2,127.894,3676.58,16.0,33.9248,1.851
7591.76,1877.5,0.2473,78.0016,1021845.94,128.701,3420.81,42.0,36.8445,1.881
15805.4,5814.45,0.36787,186.965,2191405.0,255.489,4685.78,31.0,26.5396,1.896
6637.57,1737.4,0.26175,64.7637,917350.4,84.0809,3197.79,28.0,38.1378,4.942
13750.1,4112.24,0.29906,118.789,1872059.2,232.553,4271.01,93.0,29.908,6.321
9348.9,2520.42,0.26959,66.7383,1292731.2,120.972,4196.13,89.0,34.0117,3.926
7907.06,2337.67,0.29564,69.9817,1064921.4,104.981,3213.27,100.0,36.2144,13.633
14407.3,4657.18,0.32325,156.071,2080263.4,204.645,5763.01,75.0,24.8936,1.795
9947.16,3544.07,0.35628,95.2014,1395645.1,155.519,4967.57,122.0,34.2548,8.648
17594.7,5189.36,0.29493,219.076,2466119.2,278.919,5721.42,204.0,21.9671,1.972
7910.32,1696.36,0.21444,72.5952,1104615.8,87.7286,3164.59,26.0,38.7531,13.04
11860.9,3343.87,0.28192,134.523,1646413.4,170.26,4196.94,42.0,30.4401,3.39
22525.8,5479.89,0.24327,337.505,3095027.2,398.472,6223.52,159.0,19.8525,0.999
9068.27,1995.18,0.22001,96.7449,1281607.0,130.622,3854.62,48.0,34.9438,3.05
14271.8,3582.59,0.25102,130.676,1994310.2,166.506,5102.64,74.0,27.5285,4.425
8559.52,2676.83,0.31273,82.669,1153164.0,113.336,3599.49,40.0,37.1757,16.577
7836.51,2705.54,0.34524,81.7918,1116597.8,127.782,3297.77,47.0,34.4443,4.496
10029.5,3326.06,0.33162,96.2723,1352699.0,139.325,4397.44,48.0,29.6421,17.844
15102.1,5087.98,0.3369,137.224,2044952.0,198.39,5189.69,91.0,22.9242,18.167
4454.29,1172.38,0.2632,40.9408,625547.7,57.0488,1815.08,23.0,43.712,1.767
20978.0,5738.58,0.27355,295.847,2871945.0,313.06,6547.3,289.0,18.6529,1.376
17976.6,6757.47,0.3759,186.335,2485259.5,291.56,6459.89,215.0,25.864,11.678
7873.61,2343.63,0.29765,72.194,1099179.4,111.621,4038.91,15.0,37.1748,6.931
4813.65,858.15,0.17827,46.1846,693773.5,57.4307,2183.45,75.0,42.8191,0.723
9422.46,2671.15,0.28348,85.1449,1327951.2,137.322,3838.67,6.0,35.3353,2.103
15040.3,3972.62,0.26413,185.357,2118359.0,214.9,5701.45,66.0,23.0886,1.645
8223.45,2873.32,0.3494,89.8226,1145223.5,128.841,3239.71,67.0,36.5312,14.216
11869.0,3193.17,0.26903,144.83,1663070.5,179.288,4238.77,45.0,32.5652,1.952
4214.84,1045.57,0.24806,37.6206,587838.7,55.5114,2269.7,72.0,41.965,13.945
14539.2,4405.26,0.30299,175.633,1989389.8,252.712,4852.64,29.0,28.2507,2.878
4949.77,1303.55,0.26335,54.1955,651674.2,78.0256,3188.55,23.0,41.099,2.913
5769.88,1225.49,0.21239,55.7025,799473.94,80.9888,2657.19,24.0,40.1838,1.111
8090.14,2725.77,0.33692,68.3399,1205224.2,95.2544,3024.22,67.0,37.8493,14.916
6119.87,1430.09,0.23367,52.7128,869301.4,92.1408,2291.5,9.0,37.9306,9.689
13563.7,4834.24,0.35641,203.611,1757994.9,176.773,4848.21,91.0,28.1804,4.567
6979.12,1871.28,0.26812,57.3276,1014844.1,77.8506,3087.4,22.0,40.3263,8.762
9567.62,3029.7,0.31666,77.4438,1298999.0,113.169,3897.1,98.0,38.3062,16.835
9765.89,2731.37,0.27968,98.9015,1338962.4,166.935,4216.0,74.0,33.2128,0.748
5738.36,2654.32,0.46255,50.521,787612.6,97.1754,2156.13,7.0,41.6256,7.919
10637.7,2901.43,0.27274,94.1217,1489227.8,127.448,4483.1,66.0,32.2326,14.085
9732.28,3746.61,0.38496,66.5204,1303164.5,148.97,4733.49,83.0,33.8453,20.716
3481.81,1154.35,0.33153,23.9587,473346.97,40.066,1381.74,3.0,45.4289,3.034
14226.8,6721.38,0.47244,209.104,1876960.1,273.366,4492.47,217.0,29.0128,20.673
7294.05,2360.44,0.32361,65.5361,1008842.6,103.54,3055.78,51.0,39.5703,2.954
11049.4,3156.58,0.28567,130.64,1557256.8,171.773,4237.84,57.0,32.5151,1.37
6875.12,2403.28,0.34956,79.7901,935489.2,97.0726,3746.68,36.0,36.1615,2.072
11107.5,2884.35,0.25967,147.072,1580453.6,155.29,4121.25,120.0,32.3746,2.858
6519.75,2852.81,0.43756,63.0237,913401.25,98.4253,3177.01,47.0,39.4676,14.18
12953.3,5606.72,0.43284,119.122,1872551.5,198.138,4653.28,138.0,31.0586,17.936
3999.84,1435.08,0.35878,36.2347,568497.4,57.1827,1886.5,12.0,44.1414,5.522
8295.02,2498.38,0.30119,94.1815,1122919.8,112.417,3265.1,81.0,38.5393,1.78
9377.46,2104.36,0.2244,96.8279,1317344.9,127.16,3855.91,52.0,34.8935,3.42
7072.78,2634.02,0.37241,56.8074,956627.44,102.376,2564.58,59.0,40.284,12.172
13891.9,4604.67,0.33146,156.711,1944953.6,199.173,5748.83,86.0,25.0403,6.352
5162.24,1435.91,0.27815,30.121,712340.94,84.5524,2743.72,24.0,40.806,11.384
8345.53,3159.82,0.37862,67.3645,1197455.6,115.035,3674.37,66.0,39.4637,17.239
16055.9,4006.08,0.2495,245.457,2190553.2,245.576,4800.32,296.0,27.952,4.463
8331.15,2989.37,0.35881,84.3507,1137803.0,124.975,3767.42,27.0,36.2879,4.029
22386.0,5818.88,0.25993,328.144,3058147.0,418.429,6242.72,157.0,19.803,0.97
18035.2,6392.9,0.35446,193.644,2453188.5,312.785,5912.13,164.0,26.4829,5.78
7045.03,2040.37,0.28961,66.0983,966626.7,90.9126,2967.98,103.0,38.6818,4.914
14450.7,4361.32,0.3018,116.479,2062438.9,189.538,4967.5,139.0,32.4935,18.693
9576.2,3778.34,0.39455,85.8059,1290060.6,151.815,3890.17,61.0,35.1266,15.091
7646.5,2025.89,0.26494,91.0568,1088954.4,106.068,3459.35,86.0,36.7405,2.232
4670.89,1866.32,0.39956,46.7282,686984.94,66.6405,2334.29,57.0,42.9753,10.843
12192.2,3728.0,0.30576,136.038,1691598.5,170.136,4530.82,93.0,31.3233,2.36
12683.6,3352.61,0.26432,160.862,1769115.5,215.628,4986.91,202.0,27.8924,2.607
5251.44,2021.75,0.38498,48.5834,735219.1,74.6832,2329.96,25.0,42.9264,2.006
16242.8,6062.0,0.37321,166.627,2219069.0,272.666,4230.18,168.0,30.7465,19.577
15076.6,5273.26,0.34976,165.369,2129414.8,276.675,4989.07,48.0,27.4912,20.875
11491.3,4187.33,0.36439,114.45,1669037.4,169.832,4276.26,76.0,32.3802,4.138
4320.23,1557.53,0.36052,31.7737,595413.4,61.0135,2147.74,29.0,43.7164,7.617
5766.24,1174.29,0.20364,52.4342,800766.56,69.6083,2317.48,35.0,46.5464,3.913
5405.44,2326.79,0.43045,53.0242,732864.0,86.7353,2507.27,64.0,41.1769,5.637
9585.54,2601.93,0.27144,62.9965,1364259.0,114.11,3587.01,41.0,39.3554,14.666
9245.98,2238.24,0.24207,94.1726,1297439.9,129.4,4177.29,39.0,33.9839,2.445
6207.64,2011.92,0.3241,60.3985,823397.44,92.8212,2875.42,33.0,38.8062,9.902
9021.26,2380.64,0.26389,86.7309,1219509.6,107.16,3644.91,32.0,37.5449,13.095
4458.01,760.28,0.17054,45.2729,604347.44,64.6459,2557.66,12.0,43.1807,2.287
6198.27,1971.51,0.31807,51.632,875681.6,94.8159,3259.18,6.0,39.2243,8.12
10769.1,3206.97,0.29779,110.712,1529111.8,136.25,3904.65,53.0,34.5508,1.697
9163.23,2425.23,0.26466,70.4269,1238767.5,114.748,3844.22,85.0,35.2386,13.668
7326.09,2841.39,0.38784,65.2759,1068116.6,102.448,3226.41,34.0,38.9338,1.283
14472.5,4668.29,0.32256,198.156,1926814.1,308.366,4435.49,264.0,25.0482,20.333
5578.06,1281.96,0.22982,58.2863,724282.9,81.8689,3315.98,18.0,39.6991,12.226
12697.7,3687.6,0.29041,161.695,1765541.9,203.207,4725.41,96.0,29.0862,2.382
7034.32,2238.05,0.31816,76.4392,963135.0,111.301,3069.56,82.0,39.1113,1.539
7671.37,2588.31,0.33739,82.8096,1089914.4,115.317,3449.17,49.0,37.4671,3.952
7471.03,2279.86,0.30516,68.4004,1044055.94,102.418,3198.07,31.0,36.4331,4.723
6516.07,2107.42,0.32341,64.8853,854179.6,87.435,3371.45,75.0,39.3752,15.07
6523.39,1274.4,0.19535,56.0498,861457.8,71.5236,3079.56,56.0,38.0991,5.074
11631.6,2118.91,0.18216,147.383,1646688.1,170.847,4611.32,144.0,29.8554,1.777
14941.8,6605.64,0.44209,132.932,2065896.2,223.323,4240.93,78.0,33.5501,17.145
8899.29,2215.3,0.24892,83.4919,1262618.9,94.2358,4129.86,75.0,33.6749,16.813
10216.0,2814.56,0.2755,110.218,1431137.1,155.258,4293.75,58.0,33.9535,3.653
9414.94,2186.34,0.23222,96.9026,1313292.2,105.248,3608.01,42.0,33.319,17.517
11336.2,4580.03,0.40401,44.6642,1578905.8,154.539,3957.87,101.0,34.034,15.554
22032.0,6239.01,0.28317,294.466,3013957.2,320.686,6631.07,294.0,18.5539,1.543
4958.76,2112.13,0.42593,48.7469,690488.3,91.6629,2176.8,99.0,42.7276,13.562
5749.39,1895.18,0.32963,55.194,785325.7,81.1707,3186.31,12.0,39.5163,7.539
13000.9,3776.65,0.29049,154.707,1854625.0,182.272,4801.25,29.0,28.4696,1.681
8816.59,2475.65,0.28079,95.161,1227325.5,131.807,3955.1,33.0,35.3564,1.744
5210.51,2101.76,0.40336,34.8813,738457.4,68.7854,2646.69,39.0,42.7065,1.308
10312.9,2579.29,0.2501,102.196,1442885.2,131.888,4091.08,34.0,35.4601,8.95
9657.79,2723.67,0.28201,92.6526,1333103.5,121.002,3826.05,41.0,34.6349,2.666
5858.17,1897.3,0.32387,71.5538,817382.56,83.3408,3046.57,39.0,40.2116,1.663
7447.78,2360.25,0.3169,72.1312,1037280.3,102.891,3227.65,30.0,37.9422,10.391
12994.4,4789.26,0.36856,134.378,1865448.5,192.94,4645.76,39.0,30.4698,4.087
9623.14,2204.52,0.22908,109.758,1342643.5,125.495,4203.68,56.0,34.2021,2.005
5449.77,1858.59,0.34104,46.6686,778034.94,74.7299,2563.9,44.0,42.2875,6.359
7195.47,2314.74,0.32169,80.5276,1004843.06,87.2104,3719.99,34.0,36.2193,1.95
15951.7,5864.98,0.36767,133.331,2268554.5,213.933,5773.39,88.0,23.2961,18.765
10555.6,3240.59,0.307,109.609,1436296.8,169.048,4506.07,81.0,32.4022,1.231
5189.47,1360.54,0.26217,39.6547,720757.1,63.1778,2906.8,43.0,39.457,10.6
17173.7,3522.13,0.20508,210.186,2432356.8,256.51,5576.64,93.0,23.4824,2.148
9917.02,3190.39,0.3217,66.3956,1363836.8,128.917,3773.66,91.0,34.8776,19.446
7770.97,2452.57,0.3156,85.4563,1035118.8,117.329,3230.35,80.0,38.947,9.344
7773.45,3151.15,0.40537,94.0094,1051787.6,126.169,3704.07,75.0,31.6609,18.747
11739.8,2739.5,0.23335,154.704,1658523.6,178.901,4657.14,36.0,29.5879,1.187
15827.9,6567.89,0.41495,137.988,2092107.4,254.914,5105.46,128.0,28.0802,18.7
9024.59,2019.78,0.2238,102.749,1244022.0,115.866,3419.39,119.0,36.8556,1.403
16560.5,5860.12,0.35386,242.825,2242941.2,321.479,4747.88,243.0,27.5709,18.339
11409.2,3111.82,0.27274,127.601,1577515.6,164.808,4482.29,95.0,31.3196,1.827
14302.6,4511.76,0.31545,119.353,2093223.5,179.526,4177.8,154.0,33.8155,19.569
13396.5,3349.07,0.24999,174.164,1819657.0,224.415,4835.85,101.0,28.063,3.427
6465.12,1623.55,0.25112,57.4892,896072.6,90.2213,2445.23,19.0,39.1166,6.264
8680.31,2182.33,0.25141,100.48,1171050.5,132.238,3527.56,11.0,37.2611,1.237
15002.1,5036.56,0.33572,172.527,2053308.6,251.433,4781.79,34.0,28.2533,3.366
13780.8,3946.89,0.2864,166.84,1959107.1,217.637,6252.91,71.0,28.6781,12.819
7021.05,1788.6,0.25474,71.7363,939554.5,103.124,3517.33,83.0,37.5595,2.579
7164.73,3039.51,0.42423,62.4851,983907.2,120.808,4075.76,68.0,37.0018,4.204
6515.73,1657.25,0.25434,58.0275,900198.7,82.7169,3277.02,33.0,38.8201,6.614
9099.08,2778.31,0.30533,95.096,1296391.0,123.288,3620.5,89.0,36.5293,2.339
5097.97,1510.43,0.29628,38.4682,698626.8,60.1645,2854.07,46.0,40.0752,10.388
7883.16,2454.03,0.3113,71.288,1073948.0,107.335,3729.02,73.0,33.7171,14.163
17319.1,6098.03,0.35209,115.34,2423219.8,272.737,4623.72,104.0,26.3529,20.107
6519.29,3164.13,0.48534,45.6833,891767.2,106.996,2186.85,10.0,42.1825,13.967
9901.88,4155.55,0.41967,132.232,1337685.8,202.145,4341.87,174.0,30.0985,2.432
14209.3,5792.01,0.40762,199.192,1891109.9,258.559,4912.98,85.0,27.5876,7.856
10865.5,3826.03,0.35212,124.267,1507249.2,191.982,3824.81,38.0,32.8407,3.505
11812.7,4094.93,0.34665,122.226,1643477.0,192.904,4263.44,37.0,27.9023,2.097
7625.17,2075.14,0.27214,48.4733,1046395.5,89.3303,3753.18,26.0,36.7982,13.779
7376.39,2722.74,0.36911,58.8121,1002246.44,113.453,2603.98,42.0,40.0131,12.12
20028.3,6316.85,0.31539,243.17,2791088.8,321.94,5758.68,210.0,20.5381,10.95
6228.71,1399.72,0.22472,72.2768,872802.44,79.491,2966.08,28.0,36.1097,15.01
7890.49,1724.73,0.21858,81.3894,1106407.2,107.686,3795.22,12.0,29.0702,1.843
9304.81,3404.56,0.36589,91.5569,1272930.0,142.006,4472.78,55.0,35.9636,17.335
4322.24,776.59,0.17967,39.4032,570407.5,61.3064,2556.8,11.0,43.5005,2.021
7947.79,2086.29,0.26249,93.7337,1108955.6,112.52,3875.67,118.0,35.6522,10.246
15184.7,7312.43,0.48156,86.6032,2157921.5,255.048,16644.52,72.0,34.2308,17.163
28981.6,11087.0,0.38255,231.279,3976443.8,426.873,6513.71,158.0,19.7367,17.464
6818.44,1977.61,0.29003,69.9608,909187.75,87.9633,2955.42,37.0,39.2011,2.43
13466.8,4579.02,0.34002,192.685,1841357.5,245.982,4546.0,41.0,29.2577,2.238
6480.93,1228.32,0.18952,70.9292,913103.2,80.628,2827.71,29.0,38.8166,9.263
6752.17,2165.97,0.32078,63.6713,906207.7,96.5334,3123.43,16.0,40.3335,1.752
11137.9,3400.42,0.3053,128.524,1510501.6,166.952,4053.39,43.0,33.4708,1.877
6646.46,2041.97,0.30722,66.8702,891228.1,92.8842,3618.54,72.0,38.2282,7.613
14695.8,4237.26,0.28833,191.449,2045876.6,225.455,5618.93,137.0,22.7213,0.844
7826.45,2328.62,0.29753,63.9736,1045872.94,107.132,3733.57,65.0,37.3833,6.045
11783.5,3983.29,0.33803,137.491,1678927.4,171.996,4352.15,49.0,30.0193,4.9
6842.1,1836.36,0.26839,52.1967,952023.3,87.7617,3449.21,58.0,38.1369,14.237
7722.39,2627.56,0.34025,70.9636,1058762.4,108.076,3866.72,84.0,35.1931,6.221
5171.24,1658.86,0.32078,51.5194,723113.2,79.117,2675.97,16.0,38.603,10.224
9200.7,2886.57,0.31373,83.502,1291194.8,133.587,3903.02,11.0,35.2307,2.286
11758.0,3583.88,0.3048,151.782,1649825.8,152.466,5094.86,35.0,27.6518,3.245
8884.63,2908.24,0.32733,90.3665,1268869.2,138.91,3826.96,7.0,35.5994,2.792
9240.97,2610.83,0.28252,71.2017,1314488.5,108.824,3332.04,35.0,37.4811,12.967
8508.35,2752.67,0.32352,63.6116,1159763.1,123.927,4408.36,56.0,35.6111,16.004
6518.72,1528.74,0.23451,65.4739,908314.0,86.2448,3348.97,28.0,37.8532,5.199
8542.96,2049.1,0.23985,82.3599,1199943.1,128.116,3811.42,64.0,36.7845,14.033
16973.3,7220.95,0.42542,188.998,2340150.5,290.288,4952.06,114.0,25.2594,6.382
6707.58,1687.99,0.25165,42.9363,913545.7,110.066,3846.45,34.0,41.2601,18.055
8443.08,3143.12,0.37227,83.0266,1158361.8,125.904,3914.88,25.0,36.0791,2.589
19240.5,6927.89,0.36006,190.457,2709372.8,270.4,5443.21,62.0,27.5188,10.363
6649.7,1921.12,0.2889,67.1014,941220.94,77.2499,2272.03,67.0,41.0504,15.262
10082.9,2461.46,0.24412,114.88,1399145.0,146.109,4279.6,59.0,32.9804,3.283
4929.51,2019.32,0.40963,49.7834,671428.7,73.4223,2292.89,28.0,42.6369,10.31
5121.97,1849.5,0.36109,48.8185,711838.94,66.9646,2124.63,27.0,43.1317,5.695
21241.8,6517.53,0.30682,246.41,2959853.8,318.466,5586.87,73.0,23.1034,3.299
9421.1,3596.13,0.38171,63.786,1325458.9,133.042,4657.84,25.0,37.6103,19.037
5891.88,1424.52,0.24177,54.3678,828942.75,88.6899,2844.64,8.0,39.229,12.351
6910.32,1913.37,0.27688,64.3384,928299.4,94.5633,3218.84,69.0,38.8324,13.495
6681.88,1822.23,0.27271,72.2348,911058.75,98.0807,3209.52,89.0,37.7366,12.789
10948.2,3721.5,0.33991,122.753,1552305.9,173.746,5039.63,129.0,28.0293,14.24
3918.19,1299.73,0.33171,37.0727,531164.25,50.1962,1435.79,29.0,44.3084,11.486
9267.67,1872.98,0.20209,83.1198,1317743.0,105.403,3876.64,30.0,36.2308,5.443
8269.07,2529.32,0.30587,88.2335,1160232.0,97.2839,3763.25,23.0,36.5787,9.851
6083.88,814.3,0.13384,50.4785,863436.8,67.5278,2700.13,2.0,42.1839,0.903
4371.66,1454.91,0.3328,35.0508,601299.6,54.6094,1441.35,19.0,44.1849,1.659
10911.7,2553.38,0.234,129.427,1501947.6,152.678,3700.8,21.0,34.4251,2.687
9197.33,3859.65,0.41964,92.9783,1233275.5,171.798,3559.56,77.0,36.8713,17.31
16232.6,6560.68,0.40416,164.465,2286092.5,233.799,5466.83,38.0,26.4679,12.995
5081.69,2021.69,0.39783,51.4274,725725.94,88.8901,2285.85,66.0,41.9999,14.826
8498.99,2532.98,0.29803,97.9968,1200041.5,118.847,3563.08,95.0,36.6825,2.16
11519.7,3678.09,0.31928,68.379,1544162.0,179.792,9268.27,56.0,35.418,19.179
13159.7,2784.54,0.21159,146.868,1805549.6,212.608,3760.4,154.0,33.6902,20.64
12171.3,4394.4,0.36104,112.037,1666448.5,227.479,5085.71,166.0,22.8107,0.904
4815.29,1563.4,0.32467,36.0478,676878.0,58.3685,2054.89,42.0,44.0092,9.925
7529.8,2360.25,0.31345,62.721,1057395.2,88.8139,3980.31,118.0,40.8897,18.836
8788.46,3667.48,0.4173,64.3994,1257207.9,131.438,4452.21,76.0,34.9792,16.255
16675.0,6993.37,0.41939,188.1,2354198.0,256.749,5518.31,140.0,25.3236,19.054
16445.4,4718.52,0.28692,241.076,2241534.2,272.161,4855.67,282.0,27.5169,3.966
9293.16,2144.2,0.23072,98.9753,1322900.1,128.113,3828.16,42.0,35.1681,2.843
7162.8,1458.41,0.2036,93.3216,946104.3,114.352,3744.45,29.0,36.4092,3.528
11275.1,2927.62,0.25965,147.718,1603977.9,158.702,4099.77,125.0,32.3268,2.76
8076.2,1856.49,0.22987,64.0977,1171289.2,80.8032,2863.54,50.0,39.3534,14.225
6559.79,2993.49,0.45633,86.5292,796865.6,131.22,2107.08,78.0,41.5423,3.951
4958.75,1746.76,0.35225,44.5896,700445.5,69.2179,1967.59,9.0,42.5458,5.952
8585.29,3509.54,0.40878,70.5888,1200398.1,131.541,3141.25,49.0,37.3196,13.812
15174.4,3792.67,0.24993,144.178,2082961.5,191.926,4312.25,103.0,30.4169,20.44
5128.73,1742.67,0.33978,41.9444,686367.8,77.4787,2955.64,13.0,42.2489,8.059
7938.59,1344.09,0.16931,62.8624,1113233.2,78.7747,3152.51,28.0,38.142,15.198
17372.0,6539.75,0.37645,189.692,2391275.8,279.446,5722.65,221.0,25.0984,6.213
12577.9,3385.95,0.26919,151.329,1785747.5,166.128,4772.23,33.0,28.717,2.335
4550.02,1048.0,0.23032,43.5092,620030.9,65.087,2607.39,13.0,43.2741,2.44
4074.87,708.8,0.17394,39.8429,537119.5,60.1525,2562.83,11.0,43.4461,2.055
10806.6,4604.91,0.42612,90.1348,1552298.5,153.929,3997.58,50.0,34.6482,11.031
12242.7,4023.35,0.32863,137.301,1708933.6,170.396,5346.41,74.0,28.3705,8.738
17082.5,4501.95,0.26354,234.525,2410575.2,287.755,5564.17,106.0,22.0723,2.981
15604.4,4760.5,0.30507,209.263,2178578.8,264.645,5345.98,286.0,24.3835,1.481
14461.0,5229.42,0.36162,201.252,2032378.6,254.271,4633.0,111.0,28.3437,4.853
14216.6,4698.07,0.33046,116.972,2058689.0,202.907,4315.05,146.0,33.2119,19.122
11999.2,3800.16,0.3167,139.851,1671846.9,168.173,4189.55,49.0,28.1887,3.141
15452.5,4441.54,0.28743,247.7,2103230.5,262.452,4743.96,275.0,27.3704,4.812
20460.6,6710.2,0.32795,263.702,2844090.2,325.97,5608.27,73.0,23.4487,3.752
10806.3,3684.36,0.34094,101.26,1511148.1,160.838,5250.42,53.0,32.2778,1.969
9395.2,3718.84,0.39582,84.6845,1311752.4,140.026,3724.66,117.0,34.9744,2.76
10446.7,2860.08,0.27377,78.1176,1438599.6,116.385,5366.29,53.0,38.0931,12.475
18242.3,5227.05,0.28653,219.822,2542312.0,279.884,5721.15,200.0,21.9971,2.245
5272.17,2043.82,0.38766,45.1782,770427.1,81.6229,2673.23,48.0,41.5352,11.516
8761.88,3238.88,0.36965,84.5927,1211582.8,130.752,3607.51,119.0,35.5762,3.907
7312.12,2510.53,0.34333,81.1725,994360.7,103.359,3750.1,34.0,36.1147,2.076
8831.7,2455.09,0.27798,83.4545,1229698.4,116.193,4096.9,48.0,35.0334,1.406
12915.9,4442.94,0.34398,138.831,1816103.6,190.664,4496.26,46.0,31.6068,4.234
5499.0,1307.07,0.23769,49.9494,743468.2,69.2132,2310.92,27.0,46.5464,4.173
8802.84,2568.89,0.29182,77.041,1227946.5,112.392,4260.31,60.0,34.4086,3.003
8587.11,2306.14,0.26855,86.9878,1213590.8,107.997,3981.86,49.0,36.0665,1.752
7100.52,1612.83,0.22714,66.8416,1002387.44,82.3665,2862.77,32.0,38.112,12.371
10914.2,3544.55,0.32476,121.183,1512280.5,169.105,4521.57,130.0,31.2103,5.904
10580.7,2318.8,0.21915,106.064,1508009.6,139.421,4241.42,43.0,33.4732,1.033
5621.27,1270.69,0.22605,41.9541,761399.5,76.5595,3018.39,35.0,40.5759,14.889
7327.5,2189.47,0.2988,78.1816,1004220.94,113.57,3089.95,78.0,39.0675,0.852
10037.9,4383.91,0.43673,135.28,1383311.8,195.593,4405.85,182.0,31.1211,3.534
9189.91,2442.58,0.26578,87.2776,1279981.6,120.737,3769.77,3.0,35.8106,10.326
10501.1,2531.9,0.2411,127.244,1422301.1,169.654,3954.54,73.0,32.92,4.131
17092.2,4550.14,0.26621,215.265,2407681.8,270.43,5678.78,91.0,21.1087,3.29
10793.1,3916.39,0.36286,115.595,1546502.6,154.241,3853.78,76.0,34.7771,6.716
27371.7,10030.3,0.36644,209.621,3741573.0,469.581,10495.37,139.0,22.8651,19.094
7526.4,1655.82,0.22,85.1052,1006641.5,114.926,3542.58,35.0,36.5381,2.919
14139.6,4707.76,0.33294,159.932,1970740.1,206.474,5028.08,73.0,27.3071,5.536
8489.35,2055.45,0.24212,75.1164,1137421.8,96.3723,4057.0,89.0,35.8074,11.532
16601.7,6615.38,0.39847,170.019,2342952.5,287.904,4747.72,145.0,30.0562,8.555
7467.47,2399.28,0.32129,61.4465,993503.3,97.3279,3676.52,84.0,36.989,11.951
7459.58,1474.5,0.19766,81.0977,1078941.8,99.3545,3700.75,27.0,37.4521,2.447
16442.2,5475.11,0.33299,156.297,2358950.2,254.186,5840.73,74.0,24.9017,1.796
5162.77,1403.62,0.27187,43.6567,723649.25,61.0308,1882.78,28.0,44.0145,4.926
8960.8,3036.93,0.33891,81.8129,1219755.5,125.67,4349.17,107.0,35.9697,15.469
4247.62,1079.61,0.25416,42.7713,549292.0,68.3489,1783.51,38.0,43.9664,10.719
12275.6,4428.81,0.36078,153.151,1718373.2,171.851,5103.18,41.0,27.3166,4.399
5587.07,2349.34,0.42049,53.06,768559.44,105.521,2577.48,70.0,40.5942,10.859
7142.78,2338.82,0.32743,66.8808,961014.25,97.3046,3116.17,18.0,40.1536,1.708
7336.59,1937.93,0.26414,68.7472,1007118.8,95.5762,3229.24,40.0,36.1088,12.039
10471.6,3609.31,0.34467,89.1247,1416175.4,122.721,3876.42,26.0,34.6388,14.736
8126.8,2885.6,0.35507,65.7445,1146309.9,118.596,3936.82,15.0,35.9664,14.727
13092.9,4221.96,0.32246,95.4375,1821031.1,168.844,8988.83,51.0,31.6457,9.66
4465.62,1729.67,0.38733,46.7983,659783.06,63.6453,2350.45,57.0,42.8773,10.878
7270.43,3461.9,0.47616,49.4316,1035159.75,112.834,2739.79,10.0,38.7632,16.328
26901.9,7393.17,0.27481,347.758,3644317.2,424.542,6442.0,163.0,19.0271,2.576
8059.83,3742.49,0.46433,62.1609,1151467.0,126.547,2521.32,87.0,39.5672,16.457
9758.48,3828.64,0.39233,135.053,1313227.5,183.956,4368.39,170.0,31.2977,2.506
10499.3,2612.38,0.24881,104.123,1481097.0,135.887,4211.49,55.0,46.5464,2.85
6578.9,1975.28,0.30024,60.7606,924159.1,78.098,3947.01,80.0,39.0131,8.969
13934.3,3009.51,0.21597,169.86,1972612.6,219.487,4801.21,89.0,27.6781,3.729
15183.3,3797.7,0.25012,157.09,2119069.8,179.862,5510.51,29.0,25.1175,17.579
8543.18,2564.18,0.30014,97.1421,1172329.1,145.847,3299.83,8.0,36.3926,1.483
10877.8,2842.06,0.26127,138.555,1506893.1,167.822,4719.8,173.0,29.0285,0.767
9391.51,2797.76,0.2979,105.855,1287868.6,128.705,3356.13,100.0,35.5222,4.672
7478.89,2522.55,0.33728,63.7428,1064915.0,110.79,3190.38,30.0,38.9386,14.15
23775.0,8179.69,0.34404,250.903,3323677.0,355.703,5668.0,102.0,22.9574,3.377
12379.6,3927.72,0.31727,116.416,1779975.4,177.527,3666.96,127.0,36.0122,16.912
9456.37,4088.86,0.43239,94.2157,1331858.8,142.034,4100.1,25.0,35.7812,9.441
9307.79,3608.34,0.38766,127.444,1244553.9,184.175,4400.99,190.0,31.3808,3.27
17523.4,5768.89,0.32921,182.049,2463633.2,254.3,4950.42,39.0,27.2352,6.143
8352.08,2283.36,0.27338,72.5017,1172330.2,104.987,3698.57,23.0,32.9542,14.434
20838.2,6753.36,0.32408,213.027,2884411.0,295.106,6114.58,250.0,20.6245,7.786
13241.7,4498.04,0.33968,155.806,1851636.5,174.937,5267.2,40.0,27.9638,6.123
7876.71,3323.11,0.42189,78.2853,1063271.8,128.117,3191.36,26.0,39.5359,14.805
11394.6,4191.29,0.36783,113.021,1587053.4,169.957,3929.9,60.0,34.5356,12.755
16615.5,3665.19,0.22058,216.106,2333400.0,256.736,5540.52,92.0,23.7525,2.195
9874.33,2716.93,0.27515,92.0462,1397211.0,137.684,3921.83,32.0,35.9966,5.683
4525.21,1899.14,0.41967,44.5238,666469.56,75.9653,2337.06,50.0,43.272,10.178
7047.79,2699.44,0.38301,82.4993,973524.06,121.899,3301.82,90.0,37.4439,16.402
5631.11,1630.91,0.28962,43.5029,817475.44,67.0532,2492.75,25.0,41.071,2.465
6519.04,1692.21,0.25957,74.5092,866614.4,90.0152,3602.48,78.0,37.0875,1.473
8848.1,3527.44,0.39866,93.359,1193344.0,151.5,4235.29,124.0,32.5525,19.77
10413.6,2665.97,0.256,100.684,1509558.4,143.518,4284.23,97.0,46.5464,17.122
7486.05,2653.41,0.35444,53.8248,1019599.75,115.674,2909.4,14.0,42.2524,14.205
5097.18,1343.86,0.26364,48.3087,711940.3,66.2234,2000.15,4.0,42.328,2.843
18807.7,6263.75,0.33304,204.5,2501586.2,285.137,5538.35,195.0,23.6377,3.608
6608.57,2309.16,0.34941,81.3712,891775.9,90.5222,3155.2,59.0,39.1439,1.712
8664.02,2441.99,0.28185,90.8657,1204558.8,124.193,3186.79,83.0,34.7875,14.882
6419.6,1417.9,0.22087,64.8021,890379.6,83.7737,3521.46,44.0,46.5464,2.257
4175.36,1000.24,0.23955,30.7897,581047.3,44.655,1899.92,39.0,44.4268,2.0
22577.4,6510.28,0.28835,300.423,3135829.8,366.891,6091.31,95.0,17.3904,3.195
4996.81,1358.63,0.27189,39.041,682216.94,59.4868,2594.96,43.0,42.2642,8.954
8306.28,2569.94,0.30939,66.2457,1158446.5,107.903,3321.95,37.0,36.2192,4.505
5450.44,1368.09,0.251,46.8613,757282.75,68.4803,2959.29,20.0,41.1785,1.918
16435.0,5382.32,0.32749,104.443,2371481.8,214.835,5826.18,87.0,25.8629,18.179
9767.45,2203.49,0.22559,115.224,1359463.1,131.355,4185.71,57.0,34.127,1.785
6313.86,1680.11,0.26609,62.2116,823429.0,86.8613,2560.2,40.0,39.7688,2.227
11116.2,2506.63,0.22549,129.683,1502489.0,169.516,3883.3,76.0,33.2195,1.897
9133.25,3371.52,0.36914,98.6084,1291116.9,125.74,3399.28,66.0,36.7049,16.039
7513.97,2141.65,0.28502,78.0719,1042759.06,102.803,3380.6,74.0,35.9461,13.462
8152.72,1989.43,0.24402,90.2517,1149197.8,105.493,3821.85,71.0,33.6079,3.4
7335.25,2233.57,0.30449,61.0067,989192.5,102.831,3525.26,60.0,37.9715,8.66
8806.68,2015.73,0.22888,85.7296,1260267.8,110.07,4057.64,101.0,34.8794,1.212
10187.5,2594.98,0.25472,126.213,1468316.9,149.011,4357.65,46.0,31.4341,2.717
6936.24,1058.58,0.15261,75.6919,932552.6,90.0923,3122.49,32.0,39.9028,14.618
14469.0,5339.67,0.36904,162.022,2014205.5,209.97,5028.01,89.0,27.2352,5.415
10251.7,2892.39,0.28213,93.8196,1432935.5,137.488,4169.9,109.0,33.308,4.265
12895.7,4757.39,0.36891,159.501,1771493.4,259.057,4765.74,105.0,28.6741,5.62
17465.7,6267.95,0.35887,237.24,2398599.8,339.628,4904.85,152.0,26.5059,9.101
7196.44,2873.79,0.39933,66.8182,993553.1,93.615,3529.42,75.0,36.6233,17.407
8845.21,2295.08,0.25947,78.0655,1249400.1,123.74,3849.38,87.0,35.9847,8.745
19528.2,6165.97,0.31574,267.997,2644237.8,310.258,5911.74,324.0,20.7219,2.839
14320.0,5472.84,0.38218,127.305,2038762.1,221.728,5173.98,62.0,26.5027,11.577
7755.89,2188.82,0.28221,77.1382,1093225.9,101.512,3573.99,74.0,37.6607,4.82
16478.3,4486.13,0.27224,242.699,2260166.5,280.091,4813.65,276.0,26.9476,4.704
12474.7,3054.98,0.24489,119.421,1694838.9,165.767,3998.17,213.0,32.2503,3.142
5161.29,1333.06,0.25828,41.7115,709432.2,79.0111,2641.07,27.0,42.3329,12.42
7058.59,2634.65,0.37325,65.1738,956900.9,105.181,3026.38,102.0,33.2418,17.385
12704.8,2427.93,0.1911,161.393,1722345.2,211.569,4689.45,95.0,29.0433,1.884
13331.9,3670.56,0.27532,123.026,1862910.6,172.398,4425.98,125.0,30.9564,11.687
9488.61,2979.14,0.31397,90.3047,1346304.4,135.961,3526.49,13.0,35.7619,2.872
5147.28,1024.93,0.19912,45.563,737472.4,63.359,2202.72,81.0,42.7053,0.846
8131.34,2662.36,0.32741,69.8825,1134482.0,114.011,3284.49,75.0,38.7931,11.611
12345.7,3875.86,0.31394,151.309,1736884.1,165.033,5138.09,30.0,27.9515,3.987
14215.0,4613.01,0.32451,172.79,1933021.4,220.232,4805.43,118.0,28.7032,3.398
21299.8,6661.0,0.31272,206.197,2971940.8,310.685,6447.19,245.0,20.2836,20.886
7064.73,1697.99,0.24034,70.669,984725.1,95.3255,3170.1,27.0,37.8277,6.705
4718.32,1409.07,0.29863,40.205,653905.56,55.1444,1954.77,37.0,43.7703,3.443
6576.85,2344.81,0.35652,50.7263,932175.9,90.6715,3288.42,78.0,36.3203,13.966
11327.1,2928.58,0.25854,126.214,1641047.9,150.957,4378.18,35.0,31.1375,2.717
5298.92,2181.01,0.41159,51.1161,751362.94,78.3754,2510.78,45.0,41.6506,12.003
17715.7,3948.34,0.22287,110.147,2456136.8,281.159,4838.22,69.0,28.4585,19.107
7028.7,3022.09,0.42996,57.6233,994154.7,107.419,2731.84,57.0,40.4263,9.661
22957.6,6617.33,0.28824,300.925,3177835.2,353.578,6307.42,92.0,17.6824,4.98
7169.68,2708.37,0.37775,65.3511,1048104.9,101.021,3208.38,32.0,38.8635,1.188
7284.44,1916.65,0.26311,68.3742,1036399.5,96.6161,2900.51,78.0,38.9789,7.251
3233.74,1059.46,0.32762,24.7571,439094.22,38.2423,1278.09,3.0,45.7137,2.796
5790.61,1239.77,0.2141,66.9864,794768.3,74.8357,2791.48,64.0,39.6771,6.908
8569.43,3428.83,0.40012,71.6206,1192012.8,117.172,4852.53,116.0,34.6203,20.396
8405.3,1884.84,0.22424,84.9088,1189888.0,96.2964,3951.16,57.0,35.1033,2.408
8850.51,3314.93,0.37454,97.3823,1255075.1,135.534,3673.79,22.0,35.2944,2.341
9842.49,2912.93,0.29595,108.308,1328991.2,157.668,4110.75,47.0,33.5207,1.802
17519.0,5080.84,0.29001,221.272,2407154.5,280.281,4909.75,132.0,26.6037,7.524
23148.7,6770.17,0.29246,303.962,3174938.8,374.145,6392.75,98.0,17.6748,3.351
18186.6,5216.88,0.28685,258.652,2463939.8,307.706,5568.93,310.0,21.685,2.58
4000.26,1087.13,0.27176,33.732,569494.4,46.039,1773.46,12.0,44.4892,1.73
14301.8,4518.19,0.31591,155.631,2060010.9,236.319,5150.56,64.0,28.4036,1.33
10095.3,4023.13,0.39851,118.874,1438749.4,249.408,3957.13,143.0,33.8587,15.645
4786.59,960.37,0.20063,47.8231,687847.3,57.8663,2184.84,75.0,42.7423,0.746
22893.8,9542.64,0.41682,181.437,3131765.2,398.396,15409.45,145.0,27.9774,18.04
7440.83,2771.27,0.37244,59.9766,1067510.4,101.789,2479.82,66.0,39.9745,3.188
9444.21,2056.91,0.21779,110.147,1308602.8,126.257,4218.57,56.0,34.0841,1.811
7791.1,1729.34,0.22196,63.1352,1149676.0,88.2133,2485.77,53.0,40.4796,12.199
8257.26,2525.2,0.30581,75.4811,1129585.5,103.027,3141.58,115.0,38.8779,1.648
9082.22,2217.49,0.24415,103.837,1286203.5,126.714,3811.12,48.0,34.858,2.967
6779.09,2443.38,0.36042,54.0051,943946.6,84.4199,2919.04,42.0,39.915,13.564
12805.8,4485.52,0.35027,142.156,1787665.0,206.256,5105.71,61.0,30.3243,13.768
9470.56,3769.49,0.39802,92.4013,1371695.5,115.0,3786.99,41.0,31.62,15.208
6346.74,1642.06,0.25872,65.8994,851705.44,86.1639,2954.29,29.0,39.1984,2.238
12149.2,3102.77,0.25538,156.017,1692054.9,197.548,4798.87,68.0,28.5229,3.689
5860.83,1938.82,0.3308,40.974,823749.9,80.3396,2912.67,56.0,40.3701,7.494
7610.49,2340.83,0.30757,62.6961,1035020.6,101.899,3203.2,38.0,39.8174,2.354
16172.1,6018.0,0.37212,130.217,2318263.2,231.239,5399.75,84.0,24.851,11.522
6138.27,1440.69,0.2347,60.6855,869095.2,79.5501,3470.94,29.0,38.1708,4.457
9051.56,2729.55,0.30155,80.198,1246046.9,115.279,3846.5,65.0,34.3661,2.799
11869.6,4480.5,0.37747,113.509,1758261.4,177.943,4538.13,53.0,30.5468,17.184
8325.64,2062.41,0.24771,65.7755,1139264.1,109.373,3744.84,45.0,37.1025,7.288
5424.38,2330.68,0.42966,33.6286,764554.9,79.1638,2230.33,54.0,43.2815,8.66
8790.04,2837.76,0.32283,92.7622,1183606.9,132.331,4297.23,101.0,33.176,3.04
10444.8,4362.88,0.4177,93.4899,1447886.5,151.61,4801.98,39.0,35.1585,18.457
12824.6,3026.37,0.23598,121.443,1749285.4,162.467,4105.16,222.0,31.7491,2.961
10227.1,2955.27,0.28896,105.327,1436723.5,149.263,3686.66,84.0,34.7143,18.453
9106.35,2553.61,0.28042,72.1356,1231680.0,124.989,4440.33,90.0,36.7669,11.354
11105.3,3216.56,0.28964,134.397,1521644.6,165.996,4905.23,75.0,29.3189,3.356
8336.41,2306.88,0.27672,90.117,1159023.8,111.85,4038.04,42.0,35.4523,3.653
6213.28,1696.75,0.27308,56.2727,895443.75,79.5531,3240.6,51.0,40.0171,10.864
5818.45,1290.44,0.22178,57.2599,804697.9,80.6908,2675.25,24.0,40.7386,0.972
15271.0,4354.58,0.28515,145.531,2082041.1,239.539,4860.19,116.0,30.8404,20.429
5579.21,1574.68,0.28224,40.7191,763433.0,63.4425,3241.16,46.0,41.9149,13.144
11514.0,4045.08,0.35131,61.0609,1614021.5,178.594,4043.18,51.0,37.9799,18.305
9169.47,2353.23,0.25663,84.4973,1296091.5,123.973,3905.97,79.0,34.6269,3.129
10846.4,3519.45,0.32448,64.0528,1442259.4,149.457,3823.12,66.0,36.3393,4.038
7203.95,1974.85,0.27413,58.9678,992911.9,94.4988,2630.65,18.0,38.8757,4.307
12427.9,4653.55,0.37444,107.489,1666028.5,191.017,4130.2,41.0,34.4749,12.238
6841.14,1960.59,0.28658,67.2648,929328.7,87.8072,3595.97,48.0,37.8073,9.562
9472.53,2244.6,0.23695,101.677,1321527.2,134.816,4228.2,57.0,34.1433,1.753
10361.2,3329.45,0.32133,130.484,1389720.2,170.018,4042.26,43.0,33.8092,2.079
11021.1,2927.33,0.26561,128.51,1571307.4,170.061,4415.67,51.0,31.9363,3.091
6807.54,2210.54,0.32471,71.9382,958578.6,89.124,2966.62,78.0,39.2844,10.101
6807.23,2001.42,0.29401,67.5561,971643.5,93.5249,3002.1,21.0,38.866,15.086
8360.17,2967.79,0.35499,87.5192,1129209.0,141.239,3625.63,30.0,35.691,4.71
6903.75,2247.29,0.32551,64.5149,889387.2,118.347,3165.7,5.0,38.0755,8.172
4670.73,997.68,0.2136,40.0279,663096.6,47.3584,1834.91,35.0,44.2249,11.067
9750.46,2687.51,0.27562,118.628,1346434.6,142.162,4165.09,127.0,26.049,7.145
7139.97,1946.89,0.27267,73.0892,954325.4,104.201,3497.62,70.0,37.8812,2.816
7360.87,2737.94,0.37195,57.8867,1050155.5,99.5094,3496.29,13.0,38.3691,9.053
9213.54,2433.95,0.26417,81.1404,1306943.6,118.925,4753.21,23.0,32.829,2.285
6814.25,2780.63,0.40806,64.504,998362.75,96.6241,3225.87,30.0,38.8521,1.282
6193.09,1732.31,0.27971,55.7564,839428.25,84.6699,2783.39,51.0,40.6418,14.107
12429.0,3811.27,0.30664,105.137,1715477.9,172.754,6444.75,8.0,31.6765,16.151
8132.28,2586.26,0.31802,96.2489,1154091.1,110.713,3922.57,18.0,35.7618,4.366
8841.55,2850.02,0.32234,56.2952,1210186.1,118.429,3938.34,27.0,35.8341,16.627
11319.5,2374.86,0.2098,147.599,1597510.5,169.415,4573.96,57.0,30.1903,0.919
17359.7,5976.09,0.34425,152.185,2391443.0,248.122,4414.66,100.0,29.5973,17.161
6422.53,939.1,0.14621,46.934,904853.56,63.4276,2963.75,36.0,40.8757,13.379
11833.3,4152.05,0.35087,122.939,1653569.8,179.983,4255.28,39.0,30.3471,1.938
7931.88,2689.64,0.33909,97.9342,1121146.4,119.176,3631.08,79.0,36.9398,3.634
5295.21,1771.14,0.33447,40.8641,716268.44,77.9103,1647.86,19.0,43.547,10.914
9206.26,3378.75,0.367,76.4629,1291105.4,132.818,4437.11,46.0,34.6751,14.314
6958.85,1695.15,0.24359,63.2945,975397.06,78.5172,2934.85,33.0,39.3618,13.493
11960.4,3685.89,0.30817,110.448,1738231.6,160.139,3750.11,141.0,35.6808,15.781
5254.32,1535.21,0.29218,46.0563,738368.06,65.7661,2045.75,10.0,42.2273,6.527
8026.57,2996.3,0.37329,89.2953,1067952.9,151.088,3770.62,86.0,36.1601,16.726
10444.9,3649.73,0.34942,92.0307,1493139.6,124.652,4772.09,37.0,31.6007,15.463
8518.33,2693.42,0.31619,75.0831,1212915.8,104.406,3425.13,30.0,35.6342,14.461
7134.09,2137.51,0.29961,64.8944,940763.8,96.2909,3812.95,59.0,39.6458,13.979
11223.5,2625.65,0.23394,122.48,1552056.4,169.413,5152.74,79.0,29.6215,3.386
11080.1,3987.12,0.35984,111.73,1608712.6,164.83,4474.78,71.0,31.407,3.144
14757.3,5832.5,0.39522,170.851,2015147.8,272.948,4376.4,97.0,32.4382,19.054
5764.68,1117.16,0.19379,54.9415,778462.25,73.3862,2505.6,27.0,41.0372,12.666
12107.2,4341.49,0.35858,115.014,1715752.5,168.179,4217.94,72.0,32.7427,4.391
8592.31,2726.13,0.31727,52.7926,1160904.6,120.22,4149.51,27.0,35.4209,15.126
9056.47,2789.41,0.308,70.0073,1254119.6,137.767,3486.65,99.0,37.5992,13.815
10567.8,2917.16,0.27604,132.062,1489508.0,168.435,4215.49,51.0,32.639,1.407
6321.52,1384.9,0.21907,58.6577,859603.6,76.7592,2520.93,33.0,40.9065,12.026
15119.7,5130.66,0.33933,111.441,2188564.8,197.036,5762.13,154.0,33.2192,18.159
9197.41,3583.4,0.3896,62.8119,1243720.1,130.965,3399.46,55.0,34.1582,16.669
7508.02,1882.58,0.25074,77.4209,1077341.9,118.397,3829.38,88.0,36.0205,2.625
9749.09,3150.4,0.32314,89.0423,1395307.2,129.437,3597.33,13.0,35.1416,3.409
7195.86,1741.08,0.24195,62.6937,979773.9,81.736,3482.28,54.0,38.3192,3.779
8326.6,1602.93,0.1925,77.8852,1187208.9,97.5153,3918.13,12.0,35.016,1.024
6600.97,2780.42,0.42121,47.6121,947077.6,90.0452,2692.41,17.0,40.2798,15.283
13860.4,4418.75,0.3188,183.05,1943482.4,237.851,4424.18,18.0,28.8423,2.272
9497.21,2287.73,0.24088,108.386,1299239.6,142.903,4038.2,43.0,30.1563,2.352
7527.74,1642.68,0.21821,82.8919,1048603.1,106.867,3871.11,20.0,36.2404,1.527
5413.14,2130.82,0.39363,48.8476,748915.9,80.4418,2256.77,26.0,42.0474,3.887
14925.5,4637.44,0.3107,175.015,2055812.6,260.001,4915.5,19.0,27.8785,3.262
6745.5,2551.29,0.37822,81.4491,927917.2,93.8891,3267.44,69.0,38.708,1.305
10237.3,3898.87,0.38084,83.0468,1473078.4,142.622,3758.05,58.0,34.547,17.507
19872.6,6932.15,0.34882,197.423,2652062.5,321.489,5904.68,112.0,22.2799,8.124
8142.73,1177.07,0.14455,78.6327,1084994.2,90.4193,3914.06,24.0,35.4444,11.072
12402.6,3447.59,0.27797,111.034,1805962.9,164.002,3937.51,112.0,35.4164,15.836
10371.2,3580.34,0.34521,98.551,1422654.5,144.435,3962.85,12.0,34.1778,2.937
10494.5,2891.33,0.2755,129.612,1490461.5,156.085,4320.76,59.0,32.3127,3.377
11199.8,2981.89,0.26624,132.018,1548302.8,161.473,4477.93,90.0,31.6174,1.715
7087.1,1997.92,0.2819,65.7109,976129.94,88.7014,3098.24,51.0,39.5365,2.138
9667.19,3571.68,0.36946,79.8589,1366710.8,139.845,4088.84,35.0,30.1478,12.516
9749.06,3041.72,0.312,95.2424,1332979.1,131.573,3511.67,52.0,35.0241,14.865
9569.86,2701.01,0.28224,107.445,1385872.0,153.123,3219.04,104.0,38.4612,14.192
5716.12,1720.7,0.30102,50.0018,735518.0,95.3,3462.25,20.0,38.2581,3.154
9298.26,2107.19,0.22662,116.698,1292028.4,122.541,4170.45,63.0,34.1533,0.0
8752.38,2360.92,0.26974,75.0097,1180056.6,107.353,4181.02,79.0,33.4061,13.521
9995.36,2864.96,0.28662,114.347,1404165.0,155.962,4260.11,58.0,33.2611,3.944
6994.14,1714.22,0.24509,72.4987,966368.8,89.5195,3129.83,32.0,38.5716,11.768
6889.49,2264.41,0.32867,54.9779,927529.06,97.9987,3598.0,29.0,37.2644,11.429
5242.77,1622.55,0.30948,42.6555,745024.44,70.841,1964.67,4.0,42.5769,4.859
13588.9,3759.99,0.27669,104.986,1946272.5,161.448,4917.86,100.0,31.2428,19.251
5734.8,1778.25,0.31008,59.2104,763727.0,90.0809,2644.28,30.0,41.2202,4.344
11369.6,4206.65,0.36999,110.513,1644196.0,177.962,4708.83,98.0,25.2928,16.973
12981.2,4698.68,0.36196,148.553,1793533.4,185.65,4468.74,123.0,27.0888,17.973
9324.61,3013.59,0.32318,97.9941,1301924.0,133.269,3674.17,9.0,35.0886,2.235
5929.35,765.63,0.12912,48.4729,839527.8,70.6526,2708.84,1.0,42.1736,0.753
15666.4,3406.93,0.21746,204.459,2164567.5,238.746,5165.27,155.0,25.0937,2.142
7828.41,2245.47,0.28683,79.9573,1066267.5,118.027,3159.53,82.0,37.588,1.886
17749.4,6732.4,0.3793,182.007,2434441.2,273.525,7190.38,108.0,24.2014,5.042
4914.2,1260.66,0.25653,38.8667,685536.7,58.6129,1894.31,29.0,43.3704,12.135
13568.0,4629.42,0.3412,162.897,1864656.9,206.608,4980.96,76.0,27.7415,2.861
7109.17,2087.71,0.29366,65.8335,1005842.4,97.2642,2842.81,34.0,39.7792,9.944
7504.6,2344.73,0.31243,62.6571,1060476.6,100.599,3941.64,44.0,38.2426,17.323
6885.37,1956.74,0.28418,67.4596,959699.2,84.716,3869.18,88.0,35.7104,14.397
13606.6,4528.66,0.33282,142.079,1933292.1,233.636,4803.17,76.0,29.2441,18.862
14086.3,4597.29,0.32636,150.634,1924362.6,221.565,5233.61,14.0,30.6361,9.5
6655.71,2254.2,0.33868,65.6171,958024.2,85.1674,3226.45,29.0,38.8822,1.084
19478.0,4237.07,0.21753,227.051,2732902.2,293.82,5516.34,151.0,23.9085,2.492
13842.8,4570.99,0.3302,120.08,1914054.8,184.896,4853.43,116.0,29.3752,14.532
7643.27,3189.07,0.41723,81.1409,1077960.0,115.353,3218.76,39.0,38.0736,4.744
7905.24,1882.23,0.23809,74.4779,1099908.1,87.9151,3337.18,30.0,37.3104,11.893
14100.3,4123.25,0.29242,165.725,1925858.5,231.976,4794.0,118.0,28.1603,5.684
6855.6,2290.2,0.33406,55.1537,888764.75,107.091,3052.63,57.0,39.0077,11.846
7874.49,2311.22,0.2935,64.8603,1079985.2,105.402,3474.67,30.0,37.386,8.838
7818.57,2022.25,0.25864,72.5833,1071889.5,108.381,3554.57,31.0,36.364,4.68
9199.34,3421.27,0.3719,77.2599,1232738.2,131.749,3714.57,21.0,35.2298,13.657
9695.09,2036.08,0.21001,109.247,1369362.9,136.301,4354.57,59.0,30.6588,2.939
15225.3,5309.05,0.34869,192.526,2085796.0,267.102,4680.05,42.0,29.1763,2.429
13408.2,4063.22,0.30303,165.004,1860192.0,237.548,4378.33,82.0,26.583,1.633
5367.1,1140.16,0.21243,53.7064,769727.5,71.0326,2857.53,61.0,40.1785,1.518
5013.53,1421.5,0.28353,54.664,644526.56,82.0459,2574.7,5.0,41.1382,9.334
12327.1,3455.0,0.28027,164.641,1741973.6,196.007,4649.59,105.0,29.5469,2.16
15083.8,5433.9,0.36024,126.335,2148135.8,220.947,5463.46,80.0,24.5686,20.217
7379.32,2293.03,0.31073,54.3299,959554.9,122.079,4895.04,21.0,36.3604,17.767
14327.2,4679.85,0.32664,127.883,2049489.5,181.24,5977.06,60.0,23.8241,16.305
7670.66,2210.58,0.28818,63.1378,1031945.5,105.104,3479.34,29.0,38.3202,15.186
12930.9,3475.83,0.2688,139.144,1749010.0,173.403,4100.43,183.0,31.6423,3.026
8358.26,1702.44,0.20368,70.5465,1201294.0,110.13,4057.08,101.0,34.8833,1.012
11228.3,2968.96,0.26441,147.447,1589855.6,160.548,4106.33,128.0,32.4557,2.991
5882.62,1945.65,0.33074,55.5325,801800.06,83.4638,3189.92,12.0,39.4699,8.438
20148.9,5637.31,0.27978,252.931,2792950.5,295.003,5508.33,77.0,23.2001,3.374
10444.8,3214.23,0.30773,124.56,1462114.1,183.658,3972.73,32.0,30.3266,2.234
7250.27,2637.59,0.36379,67.2096,1006488.9,100.79,3387.97,55.0,37.8411,4.776
4949.02,1357.28,0.27425,50.6453,697059.8,58.9083,2288.03,18.0,42.3157,2.919
4867.02,1473.63,0.30277,47.0774,673344.06,59.3279,1885.43,20.0,43.681,2.373
7391.7,1786.9,0.24174,70.0687,963202.8,91.6051,3293.8,18.0,38.4814,10.97
10315.1,4039.18,0.39157,90.2007,1443697.1,141.039,4013.09,49.0,36.1538,10.063
8714.49,2231.02,0.25601,83.2103,1177823.8,116.675,3757.95,33.0,35.4052,2.174
7071.05,2289.99,0.32385,61.2369,949881.6,103.304,3098.93,22.0,40.1145,1.417
8651.17,1700.33,0.19654,85.2111,1217651.4,100.66,4690.22,26.0,33.2244,2.711
12428.1,3611.06,0.29055,78.2111,1670672.4,179.223,7253.21,49.0,38.4396,18.596
14217.9,4425.13,0.31123,99.8312,1959074.1,213.303,8847.21,31.0,35.9257,4.257
5410.0,2033.99,0.37596,40.7767,772294.6,75.7299,2625.41,39.0,41.5214,10.843
6371.49,1765.83,0.27714,60.8224,919105.4,80.0338,3289.18,49.0,36.2448,8.125
13538.2,6142.09,0.45368,123.147,1741884.2,279.933,5685.55,161.0,25.0259,7.174
10994.1,2632.2,0.23941,125.751,1520083.4,155.805,3676.92,22.0,32.5497,2.957
6652.64,2704.55,0.40653,61.7819,882112.75,105.063,3100.78,53.0,38.7596,15.444
3769.33,1445.32,0.38344,26.2798,521133.72,46.5072,1810.57,14.0,45.1658,7.328
11455.8,3420.86,0.29861,133.077,1575842.2,154.086,4946.53,85.0,29.3293,4.696
5375.55,1434.75,0.2669,49.4417,699863.2,79.7453,3057.46,49.0,39.2313,6.71
5341.1,1293.41,0.24216,50.8794,704978.2,84.2701,3290.28,15.0,40.5366,2.012
9342.76,2558.5,0.27384,97.4124,1312153.2,109.754,3491.69,39.0,36.4573,8.066
11815.2,4801.75,0.4064,68.6015,1654632.0,197.117,5144.35,13.0,37.667,16.476
11726.3,2818.55,0.24036,142.74,1627545.6,189.779,4049.02,69.0,32.4556,2.048
4508.36,1619.99,0.35933,31.0474,635087.44,61.6576,2383.75,68.0,42.7906,10.719
10659.6,2951.38,0.27687,111.616,1481137.1,155.457,4424.89,78.0,32.7255,3.446
8376.08,2898.54,0.34604,94.0625,1170009.6,126.882,4296.1,131.0,34.1607,14.043
6573.38,2181.7,0.33189,64.4343,886002.06,101.496,3100.7,21.0,40.1543,1.459
7212.5,3491.81,0.48413,66.0353,1014733.5,125.904,3673.45,62.0,37.0426,18.606
9919.41,3977.19,0.40095,106.944,1352384.5,155.456,4357.95,76.0,33.3516,16.25
6425.08,2307.23,0.35909,72.6497,884447.6,90.7447,3325.94,49.0,38.8327,4.807
3922.28,1019.05,0.25981,33.5185,557260.75,46.9694,1770.64,11.0,44.0944,1.538
8795.76,2544.5,0.28928,80.0456,1224348.0,106.335,4251.17,64.0,36.638,3.828
15805.3,5792.72,0.3665,189.411,2196124.0,258.069,4411.62,27.0,26.6749,1.814
3903.84,1185.25,0.30361,36.6995,532179.4,47.8467,1390.78,29.0,44.0171,11.635
7138.31,2131.95,0.29866,73.1498,1000812.4,113.287,3407.61,69.0,38.0824,11.869
7034.41,2156.5,0.30656,64.42,955257.56,102.166,3383.56,53.0,37.8889,14.307
6755.0,1239.09,0.18343,62.0067,982754.06,71.1489,2601.89,32.0,46.5464,0.0
3906.65,1069.45,0.27375,34.7472,554648.8,48.1139,1768.8,9.0,44.4892,1.874
9772.39,3352.02,0.343,70.4268,1339186.9,143.009,3823.45,109.0,34.9846,3.767
8422.48,3575.11,0.42447,70.0274,1168103.6,129.039,4190.26,45.0,40.1934,1.918
9404.01,2201.39,0.23409,108.366,1300486.9,132.547,4189.89,58.0,34.0452,1.615
11695.2,3051.13,0.26088,148.601,1566589.5,181.161,4458.8,46.0,30.4821,3.062
8329.71,2058.26,0.24709,94.7125,1170825.4,123.679,3738.44,52.0,35.3857,2.788
15078.9,4160.88,0.27594,180.776,2144229.5,228.765,4586.72,20.0,29.4527,3.123
7952.03,2007.58,0.25246,72.1977,1105230.6,98.4146,3261.27,54.0,37.2667,8.64
11950.3,3069.7,0.25687,148.491,1601084.5,162.509,4465.93,58.0,30.7307,2.428
13958.0,4552.01,0.32612,189.903,1892272.9,246.1,4568.24,34.0,28.9452,2.315
4797.26,1293.95,0.26972,42.0106,650693.75,57.3185,2495.38,68.0,40.9615,14.832
9476.52,2163.88,0.22834,123.087,1306352.0,150.71,4608.11,71.0,30.156,1.535
6080.24,1710.81,0.28137,51.5345,848850.8,77.22,3279.05,50.0,39.2999,4.955
9172.11,3536.86,0.38561,94.0929,1269727.5,119.131,3954.21,42.0,36.7581,11.566
14247.2,4096.55,0.28753,168.031,2005546.6,235.447,4527.78,26.0,29.5471,3.533
14005.2,4170.02,0.29774,153.252,1914928.2,207.787,5337.43,10.0,30.7331,5.531
10766.0,3036.7,0.28206,120.769,1498208.9,160.934,4681.62,59.0,32.7004,4.603
9388.28,3324.66,0.35412,78.7181,1340143.0,146.218,3850.56,36.0,34.5502,5.537
9178.11,2579.92,0.28109,56.1051,1263111.9,128.988,3967.03,25.0,33.8993,4.543
5484.78,1741.79,0.31756,58.1012,714393.5,95.2376,3113.45,60.0,40.0937,8.464
5766.57,1541.52,0.26732,61.7259,730243.3,88.5551,3080.04,16.0,39.4637,2.088
16925.4,4201.91,0.24826,207.748,2344273.2,264.853,5284.5,168.0,25.1455,2.628
11675.1,2523.87,0.21617,153.764,1653063.8,179.317,4601.17,54.0,30.005,0.983
10510.9,2031.1,0.19323,91.7563,1439679.0,114.653,3941.85,120.0,34.3478,5.745
14981.9,3815.41,0.25466,179.738,2110468.8,213.837,5700.13,65.0,23.4254,1.136
15772.4,5412.38,0.34315,154.284,2255304.0,233.013,5790.42,164.0,28.4582,11.002
7158.6,1872.0,0.2615,60.492,997187.06,86.6338,3054.07,97.0,38.3573,1.776
6366.77,2122.01,0.33329,61.6348,834886.3,99.9154,2481.54,35.0,40.1193,2.418
12179.6,4860.19,0.39904,97.102,1610863.2,187.848,4591.37,91.0,36.4441,4.815
16791.9,5546.02,0.33027,200.613,2303069.5,275.655,5832.81,169.0,20.375,19.588
14938.1,4745.59,0.31768,177.754,2100264.0,240.508,4642.3,36.0,28.3221,5.736
14961.1,2595.24,0.17346,173.884,2091343.9,218.342,4864.29,88.0,27.5658,3.134
9133.08,2872.86,0.31455,93.7861,1286612.9,119.928,3986.5,93.0,46.5464,7.427
7593.45,2380.16,0.31344,55.4891,1021767.56,100.91,3732.65,26.0,36.6265,9.951
11033.6,2808.44,0.25453,140.792,1545354.9,170.953,4254.77,50.0,32.3514,1.516
9078.35,2218.29,0.24434,86.5355,1296893.6,110.975,4592.81,33.0,33.5322,3.865
6907.49,2438.91,0.35308,40.2037,923624.06,124.848,2628.26,32.0,43.6103,19.589
6759.15,2598.0,0.38436,79.8514,921709.44,92.8659,3299.54,65.0,38.7931,1.905
9427.63,2634.37,0.27943,94.1567,1302193.0,135.482,3477.88,119.0,34.8531,1.478
11103.3,2878.05,0.2592,135.38,1542273.0,174.997,4682.74,164.0,29.0878,0.843
10281.6,3828.38,0.37235,85.5831,1465028.9,149.406,3962.96,51.0,34.9411,8.603
10424.9,3453.78,0.3313,87.7876,1401476.4,167.454,4026.98,7.0,33.8194,17.704
7285.89,2070.12,0.28412,62.528,979565.56,91.0046,3515.4,22.0,36.5734,6.462
7851.18,2245.57,0.28601,68.6807,1056367.9,99.2211,3149.13,21.0,38.2104,3.565
8755.64,2999.82,0.34261,92.8329,1180182.8,139.069,3979.24,92.0,34.9592,17.669
11095.4,3725.87,0.3358,131.329,1543257.1,183.307,4135.51,50.0,31.1703,2.046
6644.43,1817.17,0.27348,59.4288,941805.44,83.6868,2520.4,29.0,40.0046,8.439
10770.0,2771.97,0.25737,129.435,1498739.8,168.066,4640.21,74.0,30.2733,1.65
14342.5,4683.0,0.32651,150.557,1966508.6,204.416,4552.38,34.0,30.022,3.105
17499.8,6049.51,0.34569,232.296,2425382.0,325.12,4874.11,168.0,26.6439,13.914
8490.85,2382.27,0.28056,81.2835,1183141.9,98.4488,4054.76,66.0,34.8674,2.159
15195.8,5070.36,0.33366,134.018,2129234.5,191.563,5646.9,142.0,28.4654,16.167
5420.35,1471.83,0.27153,54.8613,747091.2,70.3967,2662.82,24.0,41.0454,3.867
10222.7,3932.58,0.38469,101.675,1443176.5,138.162,3568.21,47.0,35.9351,14.031
17999.0,5300.46,0.29448,257.618,2451342.8,314.229,5701.41,327.0,21.8625,2.534
11004.6,3748.53,0.34063,113.107,1527685.6,159.804,4298.27,74.0,33.5508,4.156
7424.77,1425.96,0.19205,73.9804,1028393.75,89.1529,3331.62,94.0,38.6231,9.721
11810.7,4283.12,0.36264,124.897,1613910.9,198.827,4151.56,26.0,31.3752,3.837
8435.24,2621.4,0.31076,94.8323,1147792.2,136.658,3957.1,40.0,35.7148,4.809
13297.6,3382.29,0.25435,158.742,1874477.6,196.37,5057.82,205.0,27.4611,1.792
10348.6,3284.79,0.31741,77.0234,1460843.9,140.341,3767.66,42.0,34.7064,13.908
5224.62,972.83,0.1862,47.8098,747874.5,71.6261,2878.11,59.0,40.9861,1.318
6705.44,2001.88,0.29854,63.748,908195.3,91.5555,3147.75,24.0,40.2252,1.611
12317.1,3306.25,0.26842,155.44,1746101.5,179.535,4786.87,35.0,28.6421,1.699
6110.61,1944.68,0.31824,36.7595,855904.75,76.5084,2358.79,22.0,42.699,12.305
8632.48,2275.7,0.26362,83.9616,1214886.5,104.544,4280.36,41.0,36.0339,1.626
9275.61,1725.4,0.18601,73.0929,1338828.1,107.734,4057.91,12.0,34.8305,1.283
15104.4,3287.23,0.21763,173.786,2151153.5,240.113,4876.19,91.0,27.4042,3.99
8110.4,1632.33,0.20126,71.9026,1161707.9,107.513,4057.08,101.0,34.8833,1.024
7626.18,2541.47,0.33325,76.2739,1063138.2,105.676,3764.79,45.0,36.2714,2.251
7928.49,1497.32,0.18885,74.1969,1116374.8,103.905,3742.47,12.0,34.2048,1.855
8121.11,2128.02,0.26203,99.0907,1017856.44,137.365,3578.93,88.0,36.7935,15.36
17117.4,6416.85,0.37487,173.246,2365514.8,269.071,5596.34,78.0,25.4647,8.346
19579.8,5768.17,0.29459,252.864,2686489.5,313.325,5585.86,191.0,25.9628,4.647
6458.93,2720.98,0.42127,57.7528,894587.0,91.6557,2888.29,50.0,40.0398,7.865
18396.2,5680.46,0.30878,257.954,2480014.8,308.204,5766.29,306.0,20.4725,2.788
11745.9,3475.66,0.2959,105.607,1621527.2,166.783,5862.92,9.0,33.3509,3.857
9513.06,2413.67,0.25372,124.918,1385734.9,210.964,4268.54,88.0,31.1887,17.362
7480.83,1792.89,0.23966,97.4733,1024138.6,103.726,3326.97,118.0,36.6224,1.439
13771.8,4110.93,0.2985,161.65,1880712.5,211.853,5391.34,14.0,30.8,7.185
13885.4,3666.32,0.26404,189.758,1886485.4,220.515,4624.34,175.0,29.076,1.849
5001.36,1560.99,0.31211,22.0497,690422.8,63.7344,1842.26,41.0,43.8578,11.209
14550.3,3611.22,0.24818,201.594,2030837.2,255.463,4962.08,139.0,26.6825,2.966
8419.88,2868.27,0.34065,62.4277,1149920.9,123.63,3450.69,56.0,37.6962,9.752
8898.01,2979.74,0.33487,66.8076,1231171.4,119.587,3625.62,55.0,35.6172,14.759
12897.8,4457.14,0.34557,151.605,1817455.0,175.847,5141.7,37.0,28.4484,4.655
7796.79,1996.38,0.25605,84.1016,1072616.0,113.547,3100.22,21.0,37.671,0.582
5721.6,2017.06,0.35253,52.5622,810092.5,93.3019,2430.51,70.0,41.104,14.243
8099.68,1849.22,0.2283,72.6777,1156912.5,84.9825,2892.54,80.0,38.8744,14.143
7239.66,2710.29,0.37436,37.6521,993674.75,109.764,3273.72,43.0,40.7342,18.173
12182.7,2812.33,0.23084,91.0918,1702889.1,152.822,4542.39,150.0,30.9833,4.082
16172.0,5265.7,0.3256,153.472,2309301.8,239.162,6187.88,120.0,22.9029,20.139
6756.49,2815.0,0.41663,88.7484,824547.8,134.566,2086.87,110.0,41.1622,5.537
16305.7,4495.97,0.27572,251.872,2238781.2,263.128,4839.52,290.0,27.2434,4.231
12747.4,4311.54,0.33822,175.963,1792011.1,212.087,4848.97,66.0,28.1975,3.788
13286.3,5188.21,0.39049,96.7491,1842580.1,198.313,10018.27,87.0,34.6537,17.317
17347.6,5542.88,0.31951,163.979,2485570.0,246.404,5119.76,37.0,26.8422,3.167
6062.99,929.17,0.15325,53.3424,829955.5,70.1073,2372.36,29.0,40.9838,12.666
8628.26,3477.01,0.40297,69.8961,1204115.8,125.211,3699.88,61.0,36.9163,16.27
22002.3,5163.28,0.23467,322.261,3018789.5,394.225,6221.02,163.0,19.8231,0.953
15414.0,4302.23,0.27911,200.132,2025971.0,236.261,5928.55,259.0,22.9177,2.542
9755.12,2583.49,0.26483,100.261,1308135.2,136.811,3771.42,17.0,35.7199,1.755
12914.8,3673.49,0.28444,176.009,1671973.5,208.261,4178.96,52.0,46.5464,0.0
7942.46,2496.07,0.31426,79.5181,1052554.6,112.569,3206.74,77.0,38.4271,9.761
8885.64,1976.97,0.22249,102.854,1236693.9,128.785,3635.43,19.0,34.1446,1.656
6438.29,1660.56,0.25791,40.2439,886297.9,80.3624,3580.93,40.0,39.9594,15.283
7670.39,1277.37,0.16653,49.7944,1077315.0,78.2661,3256.34,45.0,38.8254,6.986
8778.22,2408.76,0.2744,96.1093,1211144.5,147.922,3274.51,11.0,36.4347,1.5
7722.56,2285.83,0.29599,79.0763,1056237.9,100.953,2947.47,109.0,35.731,1.573
13761.7,3084.89,0.22416,172.274,1874385.6,211.745,4760.79,106.0,28.6021,1.886
9326.77,2718.82,0.2915,94.4541,1315175.0,138.385,3875.61,23.0,35.027,3.061
8406.83,1641.31,0.19523,80.1049,1208616.1,96.228,3887.44,10.0,34.99,1.217
10945.5,3678.2,0.33604,92.9872,1470315.2,163.196,4851.61,116.0,29.9705,17.845
8407.78,4231.05,0.50323,89.765,1050031.2,147.304,2469.55,90.0,40.0884,17.254
13412.2,4150.65,0.30946,146.512,1864991.5,214.523,4672.06,166.0,29.2854,11.498
6622.91,1541.81,0.23279,52.2242,918729.94,78.3478,3026.41,28.0,39.5378,8.283
13837.4,3599.69,0.26014,174.241,1893946.2,233.993,4736.75,24.0,28.3762,3.154
12248.2,3125.54,0.25518,161.435,1682373.0,209.225,4778.87,65.0,28.8207,3.395
12245.3,5530.92,0.45167,158.505,1742092.0,243.704,4621.49,185.0,29.7434,19.64
7890.76,1997.85,0.25318,85.6631,1117170.8,99.4238,3894.87,36.0,35.3317,2.453
6448.8,2067.07,0.32053,49.118,890122.5,97.521,3695.38,70.0,36.7848,1.319
9903.28,3285.96,0.3318,83.415,1355127.0,124.085,4333.04,21.0,33.3728,16.685
14458.7,4248.63,0.29384,191.652,2005520.2,229.158,5545.54,137.0,22.7101,0.803
11728.8,2532.0,0.21587,141.835,1662255.4,181.764,4622.2,55.0,29.8271,0.939
4434.8,1553.19,0.35022,47.5866,631673.94,67.067,2384.21,45.0,42.4626,8.107
11494.1,4768.14,0.41483,85.4195,1585500.2,180.618,4180.3,95.0,32.632,6.693
14865.0,5419.41,0.36457,182.912,2072108.9,240.879,5410.79,213.0,27.557,2.254
7974.32,3406.7,0.4272,62.9885,1131586.2,113.43,2594.38,73.0,39.5213,6.619
13110.9,4641.64,0.35402,154.472,1808471.8,182.889,5106.67,55.0,27.5043,3.834
5435.62,1434.72,0.26394,44.1488,765906.44,60.6754,1911.23,25.0,43.3698,4.388
13523.6,4652.91,0.34405,123.202,1949141.6,178.696,5149.15,141.0,30.7847,20.272
12298.2,4300.74,0.3497,135.179,1705981.5,177.834,4589.06,82.0,30.8804,14.388
4087.11,1561.76,0.38211,25.6429,561070.4,52.1851,1918.37,3.0,45.5068,7.52
10201.0,3757.11,0.3683,104.204,1368011.4,170.674,3981.92,48.0,36.3166,16.354
5791.02,2469.65,0.42646,52.6563,794920.7,94.8544,2504.56,79.0,41.1033,14.227
6158.75,1541.52,0.25029,41.3768,848732.3,97.1822,3140.63,15.0,40.689,11.932
6118.21,1186.08,0.19386,58.0291,858914.4,73.3604,2459.37,9.0,40.9546,16.396
8257.41,2809.91,0.34028,84.2037,1139405.6,133.162,4383.32,126.0,33.1005,9.659
14921.7,4969.92,0.33306,159.293,2075180.2,231.858,4770.17,77.0,28.3174,3.586
4178.11,1734.66,0.41517,26.3292,576106.25,56.372,1808.02,10.0,44.7407,8.62
12950.5,4278.0,0.33033,128.475,1774485.8,175.886,4419.85,24.0,34.412,13.356
5906.01,1649.83,0.27934,67.2338,738985.8,93.3562,3123.8,18.0,39.3665,2.483
17362.1,4069.66,0.23439,180.72,2498643.8,211.276,5755.25,77.0,23.2881,19.875
14958.1,3931.71,0.26284,183.665,2111874.8,212.694,5695.77,66.0,23.0803,1.287
6959.42,2580.1,0.37073,55.4077,984567.7,101.222,3969.21,33.0,36.7962,15.816
8573.79,1484.57,0.17315,102.207,1190056.4,126.947,3791.14,55.0,36.0446,3.58
9211.74,2459.76,0.26702,91.3204,1312474.5,122.772,4579.6,46.0,33.0703,4.334
8380.04,1767.31,0.21089,102.344,1170052.5,116.34,3238.84,118.0,36.8526,2.467
9979.46,3178.88,0.31854,101.449,1414901.0,145.664,3919.09,22.0,35.897,4.067
10102.0,3764.06,0.3726,100.868,1407739.0,131.32,3670.04,34.0,31.1318,13.718
7009.67,1662.17,0.23712,62.0243,961412.25,90.9023,3307.0,48.0,38.1419,14.352
6001.98,1586.78,0.26437,69.3701,859037.1,73.6733,3063.23,18.0,39.0796,1.56
13819.6,4730.89,0.34233,169.751,1901297.2,215.211,4739.82,88.0,29.0067,5.266
5301.62,1635.3,0.30845,53.0251,725498.8,75.5495,2523.31,58.0,41.288,4.207
16348.8,5250.9,0.32117,146.033,2264054.5,227.747,4504.78,132.0,29.9339,20.963
9838.34,4339.33,0.44106,75.059,1340327.1,161.636,3656.44,22.0,36.8505,17.009
5347.34,1340.84,0.25074,41.7733,727121.6,82.7348,2622.81,34.0,41.2715,12.462
9428.17,2212.25,0.23464,115.481,1311576.9,131.364,4249.14,51.0,33.1217,1.96
7621.79,2694.96,0.35358,74.5338,1044170.44,106.964,3205.61,15.0,38.9224,2.848
10049.3,2805.7,0.27919,118.977,1378714.4,140.425,4165.48,132.0,32.8605,2.545
6681.42,1821.3,0.27259,41.134,910324.75,103.207,3645.16,21.0,42.3451,16.751
10210.7,3769.53,0.36917,90.6854,1441523.4,146.333,3573.79,65.0,35.5901,0.686
11265.8,2585.27,0.22947,132.746,1528512.0,166.065,3894.11,79.0,33.1621,1.952
9786.58,2783.66,0.28443,99.4354,1335029.9,169.894,4164.18,78.0,33.1112,0.634
13841.0,4489.75,0.32438,177.147,1843735.5,264.625,4957.33,217.0,26.9638,2.566
7528.98,1852.53,0.24605,96.8911,988300.44,109.818,3361.72,80.0,38.0725,13.969
8339.64,2417.45,0.28987,91.1755,1159418.0,112.57,4022.76,49.0,35.2752,3.046
6436.57,2565.37,0.39856,47.3592,916749.25,90.8656,2186.77,4.0,41.2909,7.149
8341.21,2004.65,0.24033,72.7346,1144237.5,95.0722,3488.79,53.0,35.7202,14.079
9242.58,2624.77,0.28398,80.7048,1285786.2,110.459,4238.42,60.0,35.9919,1.94
6983.52,1748.0,0.2503,57.9032,984916.3,75.9069,3015.12,34.0,38.0411,12.757
8934.11,2176.34,0.24359,95.8582,1224428.5,117.092,3316.83,20.0,36.7284,1.932
10169.4,3706.31,0.36445,133.179,1356591.2,186.151,4500.22,176.0,30.6087,1.722
8233.17,2497.83,0.30338,92.9123,1139048.9,123.322,4091.43,136.0,34.4446,14.849
6858.3,2473.99,0.36072,71.328,947743.7,110.552,3644.69,81.0,35.9495,7.083
7645.97,3616.46,0.47298,86.4066,947119.25,139.583,2248.24,111.0,40.6412,10.665
5559.51,1813.78,0.32624,69.5028,768065.7,72.16,3001.64,50.0,40.1396,1.942
11086.2,2735.98,0.24679,109.995,1544566.1,151.569,3951.57,10.0,33.4642,15.239
8698.87,3420.67,0.39323,71.3702,1234646.5,120.738,3403.48,37.0,37.329,15.349
17875.5,5548.11,0.31037,237.661,2491061.0,299.402,4911.59,156.0,26.5673,6.931
14748.1,4606.52,0.31234,147.233,2053899.4,185.214,4708.89,105.0,28.1663,20.285
21743.8,8587.31,0.39493,184.193,3003573.0,348.172,13550.92,126.0,28.47,8.048
3796.61,982.65,0.25882,35.0855,538678.94,46.7786,1796.22,9.0,43.1543,3.111
8502.62,3288.37,0.38674,86.6553,1208636.8,120.96,3490.83,31.0,38.1115,4.376
7200.49,2049.6,0.28464,73.2111,978926.4,99.8916,3033.39,100.0,36.3138,7.602
12475.7,3361.01,0.2694,163.18,1732400.0,201.433,4816.86,55.0,28.1958,2.659
9633.55,2967.77,0.30806,85.4139,1336489.6,136.379,3978.28,86.0,35.271,14.043
11182.2,3530.5,0.31572,153.842,1563610.1,157.214,5148.73,39.0,28.0953,4.295
5853.18,2289.64,0.39117,49.6232,816421.5,80.5119,2278.9,28.0,42.8724,5.326
18787.2,7326.7,0.38998,158.014,2560809.5,320.762,12127.84,54.0,34.1068,5.44
9058.21,1948.26,0.21508,101.426,1293187.9,125.143,3855.26,48.0,35.0122,3.011
19278.3,5136.07,0.26641,231.241,2681820.2,263.904,5593.39,84.0,23.4534,2.856
11993.7,3903.2,0.32543,117.529,1704935.4,175.744,4394.73,156.0,31.8216,5.21
9017.24,2669.94,0.29609,76.3557,1277824.6,116.87,3255.95,45.0,34.0858,15.011
6155.72,1550.88,0.25194,55.5468,855740.44,70.2684,3127.59,63.0,39.881,7.232
8738.03,2764.78,0.3164,91.6871,1241376.6,119.116,3383.44,8.0,35.9196,2.766
13585.1,3174.63,0.23368,186.117,1861665.4,204.327,4579.32,167.0,29.0483,1.643
6226.42,1551.74,0.24921,67.6087,879393.5,74.1427,3131.57,14.0,38.4867,1.788
8219.76,2244.77,0.27309,84.8377,1163181.4,106.478,3926.18,25.0,36.1196,1.707
9722.8,2763.72,0.28425,99.3912,1360256.2,141.388,4258.75,163.0,31.8439,1.832
8576.05,1741.81,0.2031,73.8311,1233814.6,106.213,3920.19,8.0,35.0414,1.334
22164.4,7614.83,0.34356,182.68,3147776.5,362.872,15827.65,95.0,26.6866,2.67
8579.07,2976.87,0.34699,56.2522,1204757.1,133.401,4959.11,91.0,33.6879,17.432
22382.8,5396.82,0.24111,328.58,3081765.8,402.774,6225.04,166.0,19.8453,0.974
7424.39,1998.94,0.26923,56.0907,1036406.5,85.2357,4887.78,19.0,39.5938,18.53
11891.7,3344.47,0.28124,113.494,1661939.0,147.604,4177.22,176.0,32.4123,16.203
14249.7,5358.69,0.37605,153.205,1984644.6,188.989,5834.53,38.0,26.7015,14.986
10480.8,3923.1,0.37431,36.6782,1441639.5,144.87,3834.35,66.0,38.1134,10.03
10458.9,3127.27,0.299,74.0585,1475498.5,135.432,3992.12,28.0,34.4769,18.108
9505.67,2989.79,0.31452,87.9659,1339194.1,127.436,4673.12,48.0,34.793,1.995
37360.1,13820.0,0.36991,334.288,5148776.0,507.162,7852.65,184.0,16.5827,5.407
13096.5,4527.23,0.34568,79.3184,1763596.5,201.16,4361.09,62.0,33.9033,17.871
9889.19,3951.48,0.39957,92.8973,1416042.8,143.592,3731.85,90.0,35.2185,16.032
17116.2,5595.6,0.32691,169.332,2426539.5,241.419,5807.77,122.0,24.5437,20.473
11873.0,3164.03,0.26648,151.124,1607148.9,160.922,4465.96,84.0,30.9424,2.995
9688.11,2950.53,0.30455,73.3246,1316586.9,149.268,4239.28,68.0,32.9532,15.825
17464.0,3520.23,0.20157,221.744,2411296.0,304.507,6220.55,78.0,46.5464,0.0
3660.61,1111.99,0.30377,35.8029,512965.62,46.7882,1783.78,13.0,44.325,7.983
12469.9,3124.91,0.25059,153.187,1713319.4,220.819,4524.65,100.0,30.4852,4.373
5958.35,1246.14,0.20914,51.3013,818752.06,80.358,2772.35,17.0,40.4863,1.352
10488.9,3418.96,0.32595,86.1344,1493834.8,142.993,3801.55,78.0,33.2957,9.579
8703.54,2127.38,0.24442,77.9965,1178290.1,102.019,3972.5,115.0,37.3078,14.54
15399.7,4100.78,0.26628,186.869,2176120.5,224.332,5678.87,70.0,22.9641,1.68
10336.5,2513.6,0.24317,125.928,1468900.1,154.378,4242.87,50.0,32.451,13.747
13511.1,5170.94,0.38271,133.465,1865578.5,197.312,5799.41,86.0,27.3244,14.125
5416.6,2153.72,0.39761,33.6296,769878.5,72.6787,2599.77,39.0,43.7434,0.939
7150.38,2142.85,0.29968,81.7514,972774.94,110.316,3068.31,73.0,36.0635,1.312
9856.07,2792.63,0.28334,115.673,1361052.1,141.742,4161.71,132.0,32.6297,2.507
8884.05,2658.19,0.2992,98.2171,1253462.1,115.584,4143.52,109.0,33.1955,4.336
8144.37,1523.11,0.18701,78.8962,1149112.0,96.6961,3770.07,14.0,34.1006,1.996
6073.9,2951.85,0.48598,48.2715,827137.7,100.041,3261.47,25.0,43.4219,14.354
11592.7,2953.79,0.25479,152.84,1623512.0,149.474,4065.32,133.0,46.5464,3.387
9411.92,2377.99,0.25265,99.2607,1306717.6,126.25,4387.03,44.0,32.8998,3.391
17803.3,5498.82,0.30886,152.92,2479109.8,226.445,5622.85,153.0,23.549,17.162
5942.37,1013.25,0.17051,51.23,820280.44,65.93,3043.81,23.0,39.4237,3.883
15592.2,4962.67,0.31827,199.054,2146879.5,264.488,5227.75,97.0,22.9439,5.772
8948.25,3508.31,0.39206,74.9656,1210215.0,125.774,3121.23,14.0,38.4277,16.576
11356.3,3924.35,0.34556,130.339,1519323.0,190.991,4209.94,58.0,33.5813,5.489
16418.9,3705.0,0.22565,213.956,2252013.8,257.843,5260.18,154.0,25.28,2.175
10775.9,3379.38,0.3136,109.018,1535782.0,165.746,3908.88,22.0,34.731,6.856
13206.1,4283.01,0.32432,163.853,1823533.5,206.195,4993.96,137.0,27.6181,7.394
11482.0,3231.79,0.28146,120.655,1627062.5,171.822,4418.94,53.0,31.1948,5.144
6265.64,1450.42,0.23148,51.4242,874992.5,69.009,3275.98,57.0,39.2913,1.769
12334.0,3647.81,0.29575,136.528,1697359.5,167.625,4593.11,57.0,29.6219,3.18
5505.07,1551.89,0.2819,52.3067,718480.25,79.7341,3867.63,33.0,41.3824,5.791
11685.7,3320.76,0.28417,116.503,1643919.0,162.619,5430.97,63.0,32.7928,5.089
9101.24,1954.79,0.21478,103.451,1279673.6,125.942,3835.61,53.0,35.1229,2.977
15348.3,5112.81,0.33311,214.668,2139491.5,248.223,5321.08,295.0,24.6779,1.835
7038.63,2050.65,0.29134,57.8432,950638.0,101.997,2827.12,56.0,39.892,11.449
5643.51,1524.53,0.27013,61.2316,713353.0,87.2559,3103.09,16.0,35.8947,14.826
8026.76,3283.32,0.40904,63.8362,1123752.1,120.551,2665.32,68.0,39.2988,6.782
6906.34,1993.97,0.28871,66.9903,953249.7,87.0184,3039.55,45.0,39.1678,2.273
15106.8,3042.98,0.20143,195.397,2108488.2,230.46,4996.21,109.0,26.7068,1.462
7224.88,2628.51,0.36381,57.0112,1029433.4,105.501,3810.89,25.0,39.6032,15.663
12630.1,4178.34,0.33082,124.018,1775136.8,157.822,5665.15,114.0,28.5909,15.73
10174.9,3891.77,0.38248,95.7278,1467367.8,142.658,4361.51,43.0,32.5947,18.266
22869.8,5440.58,0.23789,323.683,3147677.5,405.101,6215.8,164.0,19.8423,0.979
18169.8,6101.64,0.33581,179.743,2559984.0,263.766,5087.01,41.0,25.5802,6.277
15575.5,5494.04,0.35273,169.532,2235892.8,244.846,4644.75,74.0,28.6262,5.21
7289.87,2609.44,0.35795,63.0385,958505.9,118.252,2834.91,27.0,38.5098,8.646
8939.22,2677.59,0.29953,97.087,1242932.2,141.427,3493.52,119.0,35.4653,1.503
9475.73,3197.96,0.33748,118.912,1239362.6,186.608,4490.01,194.0,28.5408,2.134
9505.0,2227.36,0.23433,112.313,1330218.0,123.366,4152.87,62.0,34.1753,1.963
8591.54,2317.19,0.2697,80.2933,1210646.5,100.169,3103.35,14.0,37.3977,13.994
17791.8,6618.26,0.37198,126.368,2546811.8,278.028,11648.19,78.0,27.0856,18.548
14061.9,4568.35,0.32487,164.754,2004431.5,220.612,4551.42,55.0,29.1796,3.125
6006.11,1454.15,0.24211,54.1555,843793.25,70.3317,2735.43,14.0,40.4954,2.721
8794.89,2341.36,0.26621,54.2982,1210086.1,111.026,3196.44,44.0,38.0144,15.043
8928.9,2270.44,0.25427,80.8922,1269863.8,118.48,3757.63,86.0,36.2187,16.47
8584.7,1869.57,0.21777,100.018,1199865.4,123.708,3823.37,49.0,34.9016,2.751
9357.68,2250.43,0.24049,102.243,1317070.1,118.703,3886.87,44.0,34.8346,2.879
8524.15,2204.4,0.2586,92.5363,1169632.9,114.033,4220.28,124.0,33.8813,3.843
6317.38,1601.61,0.25352,55.9312,926426.94,63.2924,3153.76,19.0,41.4582,9.836
13906.6,3730.79,0.26827,191.78,1948310.9,208.502,5681.87,57.0,23.0739,1.332
10218.2,3650.94,0.35729,105.811,1401453.1,145.514,5101.37,54.0,32.4653,2.771
5189.07,1693.94,0.32644,47.7135,732592.6,71.3984,2552.32,46.0,41.4449,12.273
15837.4,4890.65,0.3088,184.37,2185950.2,267.956,5273.34,100.0,25.2174,7.553
12367.3,3720.84,0.30086,138.879,1729774.9,204.762,4710.09,108.0,29.8886,16.125
11440.2,2376.61,0.20774,152.597,1618876.5,171.843,4608.24,54.0,29.9793,0.913
5994.67,2374.23,0.39605,38.1619,815857.6,94.5555,2019.74,7.0,43.5654,14.442
7530.89,2947.34,0.39136,83.8715,1029430.0,104.686,3775.67,90.0,38.5638,1.604
10266.4,2533.76,0.2468,125.286,1455854.0,153.313,4401.58,54.0,31.245,2.353
11199.9,2765.19,0.24689,132.886,1580392.8,171.993,4263.01,51.0,32.3596,1.421
9352.09,2043.35,0.21849,104.713,1285962.2,142.012,4021.16,38.0,34.2321,1.907
4120.18,1641.61,0.39843,38.3952,555175.56,56.855,1401.72,52.0,44.2281,12.809
15403.7,5000.41,0.32462,215.639,2151604.2,252.283,5353.92,291.0,19.0305,1.768
10716.7,3108.55,0.29006,133.093,1478616.1,152.706,4839.92,79.0,28.0061,3.53
23126.1,6986.18,0.30209,303.548,3225148.5,381.564,6275.47,86.0,17.7946,3.124
3777.37,966.05,0.25574,35.516,537130.6,46.3339,1738.29,11.0,44.6516,2.41
7810.49,1952.74,0.25001,85.4381,1097291.8,101.764,3866.69,21.0,36.3192,3.02
8351.51,2515.25,0.30117,73.6778,1169223.0,112.503,4206.47,18.0,33.5972,8.629
10184.9,3283.0,0.32233,101.937,1463484.6,153.154,4232.36,158.0,32.7952,17.869
11292.2,3718.74,0.32931,114.111,1621133.5,137.664,4048.4,61.0,33.5418,5.376
8535.39,3382.56,0.39629,83.0986,1206043.8,139.365,3680.43,32.0,36.8177,16.614
6337.08,1751.89,0.27645,70.0983,854128.0,81.1027,2957.94,30.0,39.1235,2.167
17859.1,5130.11,0.28725,169.464,2612208.5,256.48,5463.81,83.0,26.4097,19.671
9117.92,1350.52,0.14811,100.113,1300665.2,116.305,3645.86,90.0,35.0006,15.866
9031.66,4617.3,0.51123,73.5561,1239619.8,150.915,3244.52,45.0,37.7117,14.342
10968.5,3568.06,0.3253,104.157,1512204.2,169.107,4689.0,14.0,33.9068,5.191
17440.3,4805.66,0.27554,225.541,2441674.2,280.484,5729.4,197.0,21.8904,2.022
6038.86,2148.07,0.3557,71.7466,838291.44,90.5979,3031.45,38.0,40.242,7.782
5559.86,1585.11,0.28509,63.3196,734377.9,81.0368,2665.85,50.0,41.0582,4.697
10283.0,2542.38,0.24724,91.9835,1450614.0,131.255,3952.04,147.0,32.6448,8.168
9374.8,2769.96,0.29546,87.3136,1316547.5,142.614,3904.56,9.0,35.1859,2.072
6123.05,1907.53,0.31153,56.1414,841765.7,85.1885,3024.35,45.0,39.463,9.949
7463.51,2855.68,0.38261,63.0076,1088165.1,98.3844,3217.84,30.0,38.8369,1.291
15662.2,5217.88,0.33315,184.907,2158706.0,226.269,5955.29,78.0,22.6128,9.221
8236.35,2383.44,0.28938,88.422,1135357.5,105.706,3507.07,24.0,36.7321,13.376
14767.6,5950.9,0.40297,192.756,1973441.8,267.918,5123.15,86.0,27.6561,6.339
6327.34,1482.31,0.23427,69.0679,888783.3,80.3263,2812.98,80.0,39.4714,9.2
9071.08,2034.47,0.22428,99.6851,1281445.6,125.744,3842.14,41.0,27.94,19.321
12926.5,4423.34,0.34219,154.137,1788382.1,165.248,5279.07,44.0,27.0629,3.677
6835.18,1944.33,0.28445,67.6251,917172.94,98.9043,2999.75,20.0,39.0012,2.103
4737.0,1490.23,0.31459,38.7769,647032.6,63.7186,1512.08,16.0,43.9945,5.619
8332.74,2323.37,0.27882,71.3058,1096003.6,120.661,3215.49,46.0,38.2591,17.081
12954.8,4462.7,0.34448,157.529,1805893.6,181.398,5198.34,37.0,27.7993,4.246
7348.85,2495.6,0.33959,75.3973,1005298.4,103.395,3815.76,36.0,36.4173,2.23
9777.8,3163.25,0.32351,94.9381,1356991.4,133.252,3871.63,80.0,46.5464,2.018
9715.66,2357.02,0.2426,98.5264,1362301.8,136.914,3553.55,126.0,35.1681,7.523
6907.64,2538.51,0.36749,62.727,996902.94,87.8966,3216.01,31.0,39.1879,9.415
7700.26,2319.65,0.30124,72.132,1041895.94,101.773,3450.12,43.0,37.2975,8.841
6477.57,3234.6,0.49935,91.528,794145.25,137.814,2088.99,97.0,41.2347,3.776
4246.02,1318.58,0.31054,35.6454,588383.9,50.6559,1406.68,17.0,44.183,1.396
8683.44,2502.89,0.28823,88.3339,1224585.6,120.113,4229.5,74.0,33.3326,5.459
4366.05,1389.91,0.31834,35.9277,606302.75,53.4468,1389.38,17.0,44.37,1.515
9314.27,2831.67,0.30401,73.5397,1278570.2,108.308,3841.75,61.0,38.0931,12.475
20604.3,6586.19,0.31965,258.54,2859854.0,340.781,5513.01,74.0,23.7891,3.998
10214.1,3749.57,0.36709,57.6674,1456332.0,130.574,4623.54,70.0,39.4366,17.44
13808.1,5504.82,0.39866,199.841,1849862.9,281.34,5135.66,169.0,23.7651,15.243
8073.77,3182.1,0.39412,93.0273,1123393.9,121.134,3204.77,30.0,37.5194,16.743
10263.6,3250.21,0.31667,127.217,1370541.6,164.667,4046.95,39.0,33.7402,2.072
11984.4,2535.19,0.21154,159.359,1629059.4,191.549,4851.34,142.0,30.02,0.749
6371.12,2483.38,0.38978,39.3657,842626.4,106.373,3907.15,27.0,43.2061,14.101
4615.38,1801.09,0.39023,45.5732,672957.25,68.1626,2363.97,56.0,42.9158,10.986
14798.7,4538.61,0.30668,168.705,2025964.5,262.853,4899.17,27.0,28.5643,3.272
5502.96,1430.1,0.25987,55.3747,778205.5,69.1642,2890.2,3.0,40.0272,12.38
10695.6,4021.72,0.37601,94.0084,1481462.8,152.914,4078.15,63.0,33.3077,17.619
8407.56,1427.26,0.16975,73.5654,1119064.0,106.92,3685.16,35.0,38.4734,6.9
9744.18,3644.12,0.37397,95.0033,1350688.8,132.605,4858.62,37.0,35.7147,16.459
7397.25,2803.56,0.379,62.0839,1030206.44,109.561,3447.93,57.0,37.9201,10.931
8721.22,3583.43,0.41088,61.1627,1173678.4,139.626,3272.65,55.0,37.4357,16.296
5222.18,2127.94,0.40748,35.4165,740293.06,69.8252,2586.57,39.0,42.7498,2.364
4060.17,1187.48,0.29247,40.6307,551841.94,58.1804,1409.25,11.0,45.238,9.78
9218.22,2317.11,0.25136,106.185,1298001.4,153.812,3813.83,15.0,34.1198,0.514
20879.7,7637.35,0.36577,169.232,2976018.2,335.851,10398.41,146.0,24.3147,19.291
6948.62,1580.92,0.22751,52.5896,968396.9,85.487,3109.58,20.0,39.4263,12.486
7647.19,2211.21,0.28915,54.866,1108018.6,81.665,3515.64,32.0,40.077,12.337
7455.08,1917.39,0.25719,73.039,1009274.56,96.24,3714.43,36.0,35.5328,4.716
8402.89,2628.44,0.3128,96.9871,1190486.1,114.453,3555.89,91.0,36.8056,0.0
10620.4,4281.03,0.40309,55.6575,1352845.0,172.484,4203.03,77.0,34.3875,16.628
7226.81,1853.7,0.2565,91.6608,963046.6,119.517,3760.82,29.0,36.4951,3.58
8866.98,2590.83,0.29218,91.8589,1229845.2,124.523,3236.9,19.0,37.5979,1.24
14560.6,3250.58,0.22324,178.41,2047190.1,228.924,4820.99,78.0,27.7298,3.862
5926.71,1297.98,0.219,43.7024,821537.8,92.9197,2779.54,23.0,42.5505,13.268
7195.25,1047.44,0.14557,62.9931,998211.3,69.9225,2713.18,16.0,40.6351,8.537
5214.24,1042.87,0.2,45.4959,737375.3,64.4207,2784.95,13.0,42.1698,2.256
6427.86,2130.78,0.33149,54.4214,900943.3,91.8666,2708.93,44.0,39.976,1.981
13949.0,3972.81,0.2848,138.373,1889316.0,173.365,4700.8,83.0,30.7913,15.468
9284.97,3418.07,0.36812,71.5295,1266326.6,129.159,3706.69,5.0,36.5728,9.08
9586.3,2754.92,0.28738,95.5568,1333534.1,124.879,3828.27,41.0,35.6732,2.877
8173.17,2269.07,0.27762,89.9273,1155395.2,110.861,3574.81,97.0,36.9177,2.241
4051.48,1487.81,0.36722,36.9955,560444.06,58.6799,1884.73,21.0,44.2012,6.826
10910.7,3056.21,0.28011,124.917,1559597.5,170.443,4437.68,44.0,31.7764,2.946
9968.45,3173.86,0.31839,92.9826,1419893.8,136.816,4156.11,111.0,33.1551,5.567
11061.1,3944.16,0.35657,68.2756,1466127.9,177.986,12181.9,65.0,37.2125,2.673
9015.11,2781.35,0.30852,95.0915,1217306.6,128.6,4355.76,114.0,32.9439,2.343
13992.1,4250.87,0.3038,160.337,1925840.1,221.657,4770.77,125.0,27.2016,4.517
8561.68,2719.21,0.3176,68.1715,1241036.6,101.956,3145.26,48.0,36.5287,16.373
8185.99,2919.94,0.35669,84.8533,1079806.6,124.047,3187.35,81.0,38.8559,8.005
10857.3,2417.08,0.22262,117.795,1489238.4,162.075,3958.56,50.0,32.7556,1.896
8620.33,2390.01,0.27725,103.303,1181024.6,113.883,3898.5,27.0,34.0347,2.362
8719.12,2155.64,0.24723,79.5266,1214090.0,105.942,4087.32,37.0,34.8248,10.292
8248.31,1618.74,0.19625,69.3579,1148651.1,91.2524,3262.86,35.0,37.705,15.832
3904.15,1023.75,0.26222,34.4942,556904.25,45.7324,1781.92,12.0,44.505,2.232
6953.6,2564.23,0.36876,65.9809,1020240.75,94.5953,3201.06,32.0,38.8,1.536
10508.0,3621.12,0.3446,119.965,1515774.8,180.731,4268.73,101.0,30.3918,20.081
8938.0,2174.84,0.24332,96.2313,1204569.8,133.951,3529.69,7.0,36.7098,1.039
10294.3,3685.46,0.358,63.2334,1393680.5,163.068,4510.95,65.0,33.4098,18.862
6945.23,1977.69,0.28475,59.9194,952392.8,88.4381,2627.79,22.0,40.1996,7.468
7766.85,2013.16,0.25919,76.5793,1097578.6,95.0469,3192.55,27.0,38.3822,10.83
12208.2,5583.2,0.45733,93.8109,1500742.6,252.53,6972.7,78.0,41.1751,10.557
7715.97,1683.41,0.21817,68.4158,1126886.6,90.3488,2991.95,25.0,37.2993,1.358
9667.02,3570.4,0.36933,73.1395,1333506.2,132.395,4114.82,90.0,34.4895,14.206
5711.34,3016.31,0.52812,68.4853,757526.5,118.642,2756.57,58.0,40.5175,15.214
6144.77,1979.16,0.32208,55.6195,823221.3,90.2236,2564.84,44.0,40.7241,15.555
5864.89,2379.36,0.40569,45.0982,832769.06,98.3257,2896.93,63.0,40.9594,13.843
10783.4,2856.5,0.26489,127.568,1531321.4,165.898,4426.45,45.0,31.6017,2.854
7295.55,2974.92,0.40777,63.6211,1040146.9,101.597,2415.87,59.0,40.3354,9.688
12293.9,3751.82,0.30517,131.575,1709921.2,165.24,4919.73,71.0,29.0135,14.875
11394.0,2959.46,0.25973,146.082,1532166.4,181.7,4545.01,59.0,31.0844,3.114
11692.3,2188.63,0.18718,141.343,1646167.8,170.061,4647.11,141.0,29.7188,1.915
5524.32,2118.04,0.3834,43.8049,751149.7,84.3138,1831.03,13.0,42.6603,12.171
11631.3,2025.58,0.17414,150.617,1620298.1,167.857,4622.72,151.0,29.4658,2.243
6185.24,1776.81,0.28726,54.888,834406.44,85.1771,2608.02,54.0,39.842,15.917
11187.5,4232.93,0.37836,86.625,1555351.9,162.023,4917.95,56.0,31.775,15.244
9327.8,3147.62,0.33744,96.9184,1308657.1,132.917,3513.0,97.0,36.3068,10.085
9983.24,3193.72,0.3199,108.305,1432494.0,171.173,3650.98,25.0,35.1183,3.879
7650.22,2418.75,0.31616,70.0034,1040703.44,102.538,3419.04,74.0,36.8564,3.045
7366.26,2751.82,0.37357,52.8965,989037.6,114.794,2791.58,29.0,41.8666,13.195
5908.05,2201.33,0.37259,64.0118,818944.7,94.2921,3259.77,78.0,35.2973,9.077
6277.7,1269.83,0.20227,53.0131,868274.3,79.1105,2441.29,31.0,42.0483,14.592
10114.9,2765.92,0.27345,98.6029,1422229.1,137.711,3610.58,126.0,33.6132,3.017
8232.42,1612.04,0.19581,74.2207,1159507.9,104.469,3778.36,20.0,34.2832,1.796
6741.95,1253.83,0.18597,63.3668,920096.1,77.2251,3169.72,52.0,39.3536,9.697
8340.93,2884.81,0.34586,58.1283,1192983.1,107.341,3510.29,75.0,38.7939,15.581
7213.93,2814.22,0.3901,65.2822,1057115.5,97.2538,3203.93,29.0,35.8962,1.147
10768.0,2930.24,0.27212,137.531,1465842.5,158.209,4498.46,101.0,31.2099,2.38
11931.5,2904.0,0.24338,129.484,1619158.9,152.061,3962.23,227.0,32.4449,2.499
12223.1,4140.17,0.33871,146.894,1712933.4,166.067,5092.68,23.0,28.1221,4.136
10980.6,3037.62,0.27663,135.702,1506510.5,142.818,4971.92,73.0,29.1857,3.212
5918.74,959.08,0.16204,48.4407,817391.75,63.5485,3058.13,18.0,39.5624,3.844
8328.89,2221.91,0.26677,94.9409,1178067.1,107.28,3600.66,88.0,36.74,1.993
6129.8,1154.2,0.18829,56.6398,843194.0,74.5956,2331.66,22.0,41.2372,14.281
15762.5,5161.05,0.32742,165.002,2200183.0,269.72,4609.67,112.0,30.6562,4.218
18460.2,5340.89,0.28931,232.298,2551862.8,302.413,5830.17,203.0,22.2874,4.213
11025.5,3115.22,0.28254,119.068,1582444.6,154.306,4453.66,68.0,29.3214,15.82
15659.3,4397.56,0.28082,159.195,2229860.0,216.694,5171.19,42.0,29.4623,2.847
10751.1,2431.27,0.22614,129.638,1455367.0,149.971,3695.2,22.0,33.2454,2.759
17000.7,5004.99,0.29439,209.788,2323264.8,266.337,6262.13,228.0,21.679,9.727
11956.6,3199.35,0.26758,123.55,1756437.9,173.945,4388.25,60.0,31.3972,12.476
14211.3,3556.14,0.25023,165.382,2010521.8,222.163,5203.35,65.0,28.322,14.739
12754.6,3393.25,0.26604,161.704,1775314.0,201.231,4855.29,72.0,28.2035,3.386
6612.16,2153.56,0.32569,60.1131,891305.5,99.276,3128.52,16.0,40.2192,1.665
14114.0,2984.62,0.21146,200.847,1916314.0,248.224,5123.94,150.0,25.1756,2.236
11158.5,3193.97,0.28623,105.45,1547338.2,141.835,4918.19,133.0,27.9762,17.42
13128.1,3826.71,0.29149,170.468,1822551.4,197.504,4865.2,71.0,28.4862,3.184
16942.6,5328.15,0.31448,205.182,2234818.0,265.153,6376.39,258.0,21.8929,2.599
4603.27,1854.59,0.40288,41.9889,675018.75,73.94,2307.01,50.0,43.4168,9.929
8232.2,1411.25,0.17143,77.4649,1113050.0,102.051,3314.26,39.0,38.3958,14.844
8113.57,3002.72,0.37008,81.7224,1137098.6,120.764,3590.26,89.0,35.8615,3.715
8620.64,1948.93,0.22607,93.4901,1209851.5,124.285,4099.58,40.0,33.7039,0.0
6368.54,1902.44,0.29872,52.9364,920760.2,84.1481,2611.25,61.0,41.212,2.367
9278.04,3493.42,0.37652,106.24,1317897.6,137.216,3449.4,52.0,36.1021,14.213
4933.54,926.26,0.18774,35.8132,672926.7,51.6331,1955.83,17.0,43.5797,8.78
5935.33,1574.76,0.26531,51.8716,774189.1,92.2527,3622.9,17.0,39.3113,1.852
8991.88,2331.76,0.25931,98.6604,1264747.1,129.021,3231.86,4.0,36.9877,0.521
11809.1,4104.12,0.34753,118.535,1659457.0,178.622,4552.03,75.0,31.9063,4.353
8264.33,2370.59,0.28684,73.7761,1144191.4,108.771,3837.05,41.0,33.9019,5.037
5705.46,1568.38,0.27489,42.7641,768967.5,82.7276,3551.98,28.0,43.1736,14.044
7679.73,2813.15,0.3663,88.3686,1100170.5,141.345,3885.41,89.0,35.0937,16.125
10859.7,3155.75,0.29059,127.533,1540878.6,160.472,4653.78,58.0,32.2496,2.935
7638.81,2218.77,0.29046,89.5807,1021922.8,107.721,3400.84,34.0,31.0904,15.781
12155.7,4462.99,0.36715,114.983,1629925.1,192.426,5292.44,107.0,34.004,19.758
3960.33,1173.42,0.29629,34.4888,539000.25,56.5636,2109.31,32.0,44.3247,7.372
8254.77,2466.94,0.29885,69.0098,1112596.2,107.813,3936.76,34.0,38.8385,17.452
5328.99,2079.43,0.39021,34.0749,755228.7,69.227,2572.58,30.0,42.6779,2.661
15789.9,5066.15,0.32084,171.098,2188988.5,261.311,5492.69,153.0,23.9392,1.963
4137.14,1267.36,0.30633,34.712,568464.25,50.6264,1391.11,32.0,44.4296,11.478
6728.9,1651.08,0.24537,62.6739,927596.94,87.8487,3322.29,24.0,38.0107,5.176
5496.08,1794.73,0.32654,35.3446,761352.25,74.8481,2205.67,22.0,42.2131,13.519
14997.3,3406.44,0.22713,204.161,2083576.6,245.473,4936.89,142.0,26.9147,2.132
7102.64,2566.65,0.36136,57.04,1007140.3,102.408,3599.7,20.0,37.3723,11.635
17881.4,5104.59,0.28546,224.35,2477043.8,291.957,5822.96,186.0,21.438,2.078
6240.8,1359.87,0.21789,67.3415,877246.0,73.6249,2822.3,74.0,39.5798,8.245
6452.99,2164.8,0.33547,80.5555,870365.9,93.2678,3211.79,57.0,38.8017,1.488
6122.47,1442.86,0.23566,65.0381,851818.7,77.5019,3459.99,75.0,37.4041,8.291
4074.87,708.8,0.17394,39.8429,537119.5,60.1525,2562.83,11.0,43.4461,2.055
15268.5,4050.4,0.26527,211.897,2123859.0,240.312,5002.1,138.0,26.7225,3.064
6388.75,1504.72,0.23552,60.2021,912639.7,68.708,3601.73,55.0,39.3888,13.04
4701.21,862.94,0.18355,44.508,675315.94,54.3959,2184.0,80.0,42.8062,0.693
7972.93,2614.07,0.32786,89.1703,1103155.0,119.871,3052.67,28.0,38.0742,0.932
11673.8,3314.39,0.28391,111.099,1636188.4,152.718,4528.17,104.0,28.6035,18.097
8012.66,2292.54,0.28611,51.5989,1049357.1,109.43,3562.03,47.0,38.3197,19.164
14772.6,5035.46,0.34086,153.771,2033637.6,214.893,5099.15,70.0,26.9409,2.99
6557.56,1841.62,0.28083,57.3451,899877.6,80.1936,3177.6,36.0,38.9823,5.731
3293.26,1153.66,0.3503,26.7756,455966.25,41.3879,1404.39,21.0,45.1343,4.573
7602.66,1971.34,0.25929,64.5641,1038157.9,101.257,3756.15,25.0,37.5243,1.672
9306.5,2158.89,0.23197,109.32,1269698.2,142.598,4009.03,44.0,34.4412,2.072
9362.07,4177.58,0.44622,66.8751,1307262.1,137.542,2860.2,54.0,37.9659,16.764
7806.81,2890.43,0.37024,70.7082,1078754.9,114.295,3574.08,23.0,35.151,13.223
8061.26,2664.79,0.33056,67.6833,1098795.8,107.789,3463.94,43.0,37.6456,1.894
11228.4,4511.49,0.40179,113.151,1597067.2,168.618,4316.09,108.0,32.8767,18.377
5623.55,2083.22,0.37044,47.8729,794163.56,80.1692,2332.34,18.0,41.0163,1.797
6974.96,1716.59,0.2461,71.5404,956630.75,80.317,3402.66,45.0,37.4414,13.38
7124.4,2112.27,0.29648,81.9588,967147.9,110.191,3094.25,79.0,38.6399,1.339
28953.7,10788.7,0.37261,262.871,3924502.5,387.666,6698.54,271.0,26.9802,4.014
10041.8,3383.32,0.33692,125.153,1414316.9,135.764,3899.07,60.0,34.6846,3.689
12212.5,3551.57,0.29081,149.003,1704990.2,224.238,4244.7,84.0,31.142,1.625
18731.7,6753.02,0.36051,186.2,2653359.2,283.43,5751.9,149.0,22.4482,2.914
14993.4,3895.45,0.25981,184.224,2122391.0,217.616,5696.71,69.0,22.9333,1.249
8499.12,3635.82,0.42778,95.9932,1208001.5,141.36,4077.93,107.0,34.1901,0.0
17350.9,6696.1,0.38592,188.77,2419021.2,294.195,5897.07,204.0,26.4489,6.32
14929.1,4781.89,0.3203,223.119,2032420.2,314.281,5633.97,187.0,22.491,2.472
5956.31,1309.07,0.21977,55.2248,836434.75,69.7602,2984.15,26.0,39.0916,6.598
8497.27,1956.79,0.23028,90.0417,1187604.5,128.268,3239.24,4.0,36.7244,0.69
6228.37,1393.42,0.22372,54.9223,891667.2,72.2524,3058.46,24.0,39.6827,3.862
6813.2,1843.57,0.27058,53.6824,955381.7,83.0311,3307.87,60.0,38.8798,2.153
10093.9,2567.32,0.25434,116.43,1424120.9,151.523,4355.78,58.0,32.7762,4.643
6593.65,2172.77,0.32952,63.2112,888536.44,94.4589,3134.76,19.0,40.0808,1.608
13631.4,4148.83,0.30435,199.384,1848674.9,222.833,4544.24,174.0,29.3003,0.0
6771.79,2290.89,0.33829,70.7698,976251.56,102.457,3314.65,18.0,35.8261,13.7
8501.57,2266.84,0.26663,55.0586,1179883.2,110.111,5068.07,32.0,32.6942,16.904
11691.3,2992.71,0.25597,121.747,1590986.1,156.113,3951.8,225.0,32.5318,2.359
6512.75,1777.69,0.27295,58.2049,860858.5,91.1415,2858.38,32.0,40.0945,5.668
15738.9,3010.23,0.19126,182.455,2193403.0,210.863,4086.31,133.0,31.9429,1.925
7197.53,1934.5,0.26877,67.1059,992888.44,89.85,3086.85,44.0,39.6963,1.738
12785.8,4027.62,0.315,135.904,1804120.2,168.436,4714.75,55.0,28.8901,13.393
7136.56,2897.75,0.40604,66.3069,1060322.2,95.9067,3446.12,37.0,39.6065,16.021
9692.52,2662.0,0.27464,95.7888,1324508.8,144.3,4034.58,118.0,32.8557,2.001
13950.7,4930.53,0.35342,194.788,1915459.1,243.704,4600.37,37.0,29.053,2.191
6826.8,1362.38,0.19956,62.5098,959632.44,76.4197,2736.06,23.0,40.2723,13.602
7574.2,3140.02,0.41456,83.9205,1072425.0,120.191,3353.01,41.0,37.2527,2.479
15764.5,5205.17,0.33018,231.44,2149984.0,259.808,5440.73,128.0,24.1741,1.758
4076.0,1450.54,0.35587,35.6426,580345.4,44.3048,1336.36,37.0,44.577,15.851
4679.33,1466.12,0.31331,46.0069,658595.06,58.6338,2123.36,11.0,43.158,5.262
3634.83,1281.23,0.35248,35.8682,509818.78,45.3643,1247.79,39.0,44.9438,7.067
3976.83,1204.7,0.30292,34.8859,542591.9,48.8025,1387.69,32.0,44.4546,11.232
17844.8,4287.4,0.24026,210.154,2522585.2,264.269,5580.44,90.0,23.467,2.293
15203.1,4517.75,0.29715,184.529,2115188.2,226.535,5561.61,80.0,22.2567,13.048
12031.0,3040.25,0.2527,153.359,1715651.9,165.892,4745.68,176.0,29.1334,1.637
12030.5,3966.2,0.32967,168.674,1683836.9,223.129,4870.69,72.0,27.8446,3.705
22393.0,6243.89,0.27883,307.146,3079476.0,353.373,6431.85,92.0,17.8105,2.582
10844.0,2430.67,0.22414,135.222,1506594.1,164.02,4711.58,177.0,28.867,0.731
12672.3,3819.24,0.30138,167.014,1764753.8,199.874,4835.57,69.0,28.6781,3.27
14765.4,5005.76,0.33901,152.812,2095119.2,202.374,5253.28,40.0,27.3244,14.49
10653.4,2588.96,0.24301,135.625,1477375.4,170.433,4670.6,173.0,28.3303,0.656
15183.9,4487.81,0.29556,174.482,2086434.1,252.001,4941.26,35.0,27.9182,3.237
8632.19,2425.33,0.28096,76.9638,1165558.0,126.533,3250.89,79.0,38.7597,5.069
15483.2,5043.38,0.32573,176.728,2127269.5,260.682,4896.2,40.0,28.0828,2.868
9240.24,2782.81,0.30116,90.4663,1321730.0,122.689,4066.16,12.0,34.6724,1.641
16854.8,5138.07,0.30484,231.161,2311294.5,290.422,4805.5,134.0,27.3542,6.247
5622.83,1319.15,0.2346,49.7828,810614.56,71.9084,2848.89,58.0,40.2331,1.373
7685.96,3209.73,0.4176,72.4252,1094516.4,111.495,3203.68,31.0,36.0927,16.7
13142.8,4540.89,0.3455,99.6423,1837207.9,172.906,5430.44,67.0,27.066,18.209
8207.81,1959.43,0.23872,78.8133,1174676.0,85.7854,3137.65,12.0,38.5293,4.139
11330.4,5227.53,0.46137,102.944,1479412.6,200.69,4201.5,110.0,33.6716,16.253
11808.5,3386.76,0.2868,165.114,1667399.1,205.372,4674.43,106.0,29.4098,3.756
10419.4,4120.97,0.3955,89.4437,1449685.0,162.732,3913.34,101.0,34.2018,20.608
21921.6,6167.47,0.28134,300.817,2979288.2,311.645,6642.21,290.0,18.6312,1.53
5074.4,1642.1,0.3236,41.1098,685138.7,76.0537,1611.87,19.0,42.9047,12.691
6665.42,2216.45,0.33252,56.4186,899184.4,97.4962,2570.14,21.0,37.0824,13.883
6610.7,1619.37,0.24496,62.9574,926562.4,77.3075,3404.43,70.0,38.0176,15.135
11289.3,2543.23,0.22527,153.93,1595596.9,178.049,4597.71,54.0,30.0359,0.938
6161.55,1326.54,0.21529,37.26,790102.5,97.0843,2741.71,5.0,40.4445,11.72
8776.99,2710.96,0.30887,92.8389,1233642.4,121.832,4609.5,121.0,33.2394,12.896
9607.3,2323.31,0.24182,99.9101,1333410.8,113.051,4310.43,40.0,33.3942,2.92
10012.6,2683.74,0.26803,97.8183,1393340.5,126.019,4324.71,43.0,33.2669,3.249
7522.61,1958.75,0.26038,95.708,1013066.2,132.104,3312.76,12.0,37.79,1.703
8910.66,2375.62,0.2666,76.0167,1237202.9,108.734,4363.41,61.0,33.8933,4.28
14465.7,4985.91,0.34467,102.038,1969329.8,200.921,5037.19,146.0,27.7611,6.577
9681.46,2159.54,0.22305,108.834,1348180.1,130.419,4216.62,56.0,32.2284,1.82
9153.06,2962.15,0.32362,67.1428,1251651.8,122.463,3433.58,49.0,36.3523,16.466
16164.8,6338.28,0.3921,128.489,2202196.0,245.106,4235.14,72.0,30.464,11.88
9230.05,2087.87,0.2262,101.218,1257853.4,141.298,3999.38,40.0,34.2731,2.21
7862.16,2455.83,0.31236,63.4406,1095909.4,92.9969,3312.69,120.0,36.7771,16.957
7329.03,1715.84,0.23411,66.3913,1038708.9,89.5748,3223.35,24.0,32.2853,15.432
5377.78,1921.25,0.35725,51.4224,759483.6,74.8541,2221.92,25.0,42.6716,3.172
9257.19,2882.92,0.31142,68.6864,1295878.0,114.64,3626.15,49.0,35.1738,14.595
5579.09,872.78,0.15643,49.5105,779887.0,68.7582,2593.0,1.0,42.1281,1.43
15520.9,3957.98,0.255,178.191,2187017.8,219.393,5685.22,62.0,19.0352,1.63
17997.4,5762.02,0.32015,180.185,2521859.8,255.329,6116.0,194.0,22.5177,4.979
8189.21,2490.87,0.30416,90.4241,1108919.4,124.043,3164.22,87.0,38.9274,1.727
7884.85,2216.77,0.28114,64.0305,1096491.6,101.167,3470.17,86.0,36.6507,3.036
4374.03,1835.0,0.41952,37.6665,607431.44,65.2775,1962.69,37.0,43.9924,6.903
12772.7,3300.75,0.25842,170.73,1768645.4,191.814,4830.37,73.0,28.252,3.215
10063.1,2855.33,0.28374,95.9335,1429869.6,129.34,3776.72,89.0,35.3411,17.893
24700.4,8163.06,0.33048,246.251,3429875.5,386.654,8574.97,196.0,22.3039,5.802
10029.3,2873.95,0.28655,95.9779,1343791.2,148.099,3724.07,21.0,35.7548,8.266
7355.33,2564.98,0.34872,84.1936,994642.56,109.939,3526.14,24.0,36.8147,13.09
7048.99,2138.42,0.30336,66.262,973587.94,95.9516,3135.33,49.0,37.5475,2.072
14084.4,4328.2,0.3073,158.201,1971617.9,234.535,4470.0,95.0,28.6879,2.07
8300.14,2743.07,0.33048,62.6042,1154153.9,109.226,3421.36,13.0,38.6289,17.203
11152.4,3627.8,0.32529,126.585,1552286.9,180.329,4193.8,44.0,31.1416,2.401
21359.4,5893.41,0.27591,302.107,2893605.8,316.624,6589.96,286.0,18.728,1.281
7161.95,2764.09,0.38594,63.9588,1042842.0,101.511,3245.43,31.0,38.9359,1.131
21949.9,4728.99,0.21544,309.864,3008524.2,385.181,6226.62,155.0,19.7117,0.943
5409.05,2008.71,0.37136,45.0313,761926.44,83.4101,2012.64,3.0,42.4655,6.523
9930.97,2796.52,0.28159,106.555,1373310.6,154.431,4258.05,91.0,32.4701,18.264
5528.61,1527.57,0.2763,48.3043,705180.44,75.8347,2151.82,26.0,43.1881,11.697
14696.5,3364.2,0.22891,170.545,1993033.6,218.102,4869.67,93.0,27.9334,1.835
5732.47,2025.28,0.35329,52.2339,789929.6,80.545,3166.5,56.0,38.5061,12.747
7646.34,1664.63,0.2177,78.6049,1085246.1,90.3914,3819.91,16.0,35.5409,2.052
9251.3,2118.57,0.229,100.413,1256642.1,144.651,4006.01,38.0,34.0964,1.991
13796.5,5033.27,0.36482,130.365,1933881.8,214.001,4679.23,61.0,27.8314,2.677
11429.2,4195.99,0.36712,147.529,1598557.0,177.92,4804.48,44.0,27.007,5.241
6899.41,1668.03,0.24176,56.4726,962770.2,83.9815,2951.26,34.0,38.7305,14.408
9109.55,2594.31,0.28479,93.1285,1261027.8,126.636,3555.95,9.0,35.8337,2.405
4100.38,1526.67,0.37232,28.6844,569759.06,58.4681,1929.66,42.0,44.5317,10.137
8016.16,2203.06,0.27482,87.0085,1082785.9,132.716,3587.29,49.0,34.5284,4.216
12570.8,3380.39,0.2689,151.238,1787056.9,167.856,4763.86,33.0,28.7202,2.283
13654.3,3758.79,0.27528,189.462,1848112.9,211.566,4600.74,179.0,29.2885,1.861
8173.74,2059.89,0.25201,72.8312,1187269.9,98.8126,3097.61,13.0,37.6524,2.124
7912.81,2191.19,0.27691,80.3448,1112200.1,114.63,3642.26,14.0,35.8766,0.0
5443.19,2026.29,0.37226,39.6482,727129.1,93.6895,3180.32,10.0,41.7391,11.801
6761.48,2360.68,0.34913,81.158,933502.1,92.8953,3229.02,57.0,38.6579,1.555
6288.9,1346.64,0.21412,53.5428,873447.06,84.0412,2727.32,15.0,40.3762,1.121
8748.45,2483.52,0.28388,97.197,1208380.6,138.169,3316.67,6.0,36.3252,1.374
15788.3,4801.6,0.30412,184.045,2178171.2,229.917,6565.32,81.0,24.5127,8.774
4909.11,1187.05,0.2418,42.6611,689995.9,65.6857,2447.69,26.0,42.1657,9.128
5003.77,1708.25,0.34139,45.1043,701293.56,81.0421,2228.75,55.0,43.1757,9.726
6771.18,1461.14,0.21578,56.4224,911724.06,81.6925,2528.59,37.0,38.7735,13.06
6823.57,2158.25,0.31629,57.3136,968811.7,79.306,4589.24,26.0,37.3078,11.722
9162.89,3943.27,0.43035,90.9319,1227897.2,141.734,3847.7,72.0,29.9221,16.38
7528.72,2288.8,0.304,63.7089,1061083.8,112.088,3465.28,54.0,37.0646,15.029
7390.11,2753.35,0.37257,58.157,985669.6,111.904,4555.49,69.0,34.4668,19.691
10759.6,3840.22,0.35691,94.2019,1529010.6,160.107,3803.13,90.0,37.2431,16.795
7955.02,1671.56,0.21012,70.6925,1128990.6,95.708,3888.51,20.0,34.9669,5.397
7273.44,1795.53,0.24686,67.9562,1009212.56,88.1581,3173.1,57.0,36.1637,6.146
13605.5,4766.37,0.35032,139.793,1925984.8,182.195,4672.34,112.0,26.454,18.404
11492.3,3029.73,0.26363,105.95,1560066.9,154.305,3731.76,7.0,36.9741,17.092
4869.95,2125.83,0.43651,73.1217,659301.94,89.9671,2280.12,92.0,41.6357,13.761
8972.16,4333.93,0.48304,86.9993,1283734.1,142.735,3701.58,110.0,37.5215,14.897
13900.8,4139.29,0.29777,156.601,1962825.1,209.67,5327.28,153.0,26.5466,19.949
4513.42,1041.86,0.23083,37.0898,643277.2,51.5755,1734.18,49.0,44.5819,7.825
7478.27,2736.86,0.36597,66.5069,1052506.4,98.7276,2910.37,68.0,39.3809,14.096
6758.66,2359.83,0.34915,77.4785,916517.0,95.1214,3254.77,63.0,38.4789,2.133
15323.3,5794.67,0.37816,109.077,2142425.2,223.05,4482.05,30.0,30.9456,18.438
17837.6,4992.25,0.27987,233.222,2472726.8,269.979,5762.45,202.0,21.8056,2.058
6353.07,1341.41,0.21114,55.4114,855973.9,79.3717,2446.79,33.0,41.2578,3.889
6978.62,1979.59,0.28366,67.706,869010.1,95.4301,3229.59,40.0,38.6973,4.199
8955.69,3911.13,0.43672,88.6439,1268095.0,143.769,3847.27,52.0,35.4133,15.629
9476.85,4499.94,0.47483,66.4222,1393388.9,139.045,4478.56,30.0,34.6146,13.634
5599.2,2238.32,0.39975,33.6526,795718.5,76.5082,2661.74,37.0,42.7095,0.907
6080.8,1263.56,0.20779,57.7379,829856.8,82.1258,2816.34,17.0,40.1602,1.115
12063.5,3441.61,0.28529,112.302,1735835.2,171.556,3833.32,143.0,35.6971,10.81
9924.57,2959.94,0.29824,93.3115,1367829.6,129.922,3895.1,40.0,35.4971,3.016
8452.41,2381.96,0.2818,79.2251,1195918.2,104.98,3667.63,68.0,34.085,6.798
7757.78,2192.33,0.28259,63.7404,1067879.1,114.607,3726.57,25.0,36.9006,1.562
8978.24,3079.69,0.34301,88.9378,1241931.2,123.557,3316.93,61.0,36.5784,15.655
13632.4,4319.94,0.31688,155.854,1947601.4,208.624,5253.33,86.0,26.9544,4.166
8709.04,2145.16,0.24631,85.7061,1256746.4,113.537,3900.68,6.0,46.5464,1.69
6390.58,2201.54,0.34449,62.3677,893967.5,81.6978,3208.43,57.0,38.687,7.486
5959.56,1127.06,0.18911,52.8575,826735.25,78.5432,2737.45,20.0,40.4909,1.948
7320.09,2051.91,0.28031,63.2863,999722.7,93.5934,2899.4,8.0,41.0731,4.713
6202.19,2061.14,0.33232,54.8809,886068.25,92.911,2534.11,24.0,40.0563,9.809
16028.2,6174.98,0.38525,137.432,2269009.5,225.832,5290.39,84.0,25.689,16.16
5755.85,1251.82,0.21748,54.9999,790650.25,69.9403,3340.09,47.0,38.9089,2.727
9576.17,3880.64,0.40523,88.3863,1316071.8,140.806,3749.99,96.0,34.7,5.247
5856.01,2047.68,0.34967,56.0098,804913.4,85.9288,3210.79,18.0,39.5366,8.647
7837.75,2100.15,0.26795,56.4228,1069985.2,95.099,2888.41,36.0,41.211,14.379
8516.14,2371.14,0.27842,96.5423,1140663.9,123.018,4376.57,104.0,32.8354,3.673
11229.5,2683.49,0.23896,150.761,1599759.9,164.837,4634.05,31.0,28.7803,2.379
14496.7,4697.87,0.32406,172.154,1988326.2,263.984,4922.78,26.0,27.8808,2.997
15968.9,5701.7,0.35705,235.207,2186292.0,257.874,5388.3,130.0,24.2102,2.259
9315.78,2669.93,0.2866,87.3551,1301661.4,117.826,3937.68,48.0,35.5924,14.421
10585.4,4546.23,0.42948,131.089,1472090.0,204.902,4687.72,165.0,29.1802,19.912
12274.5,3433.97,0.27976,156.131,1755035.2,168.873,4736.26,28.0,29.1197,1.867
8697.97,2986.94,0.3434,94.9522,1174039.6,121.618,3367.96,78.0,38.0623,2.367
11549.6,2444.33,0.21163,149.057,1607640.4,171.821,4103.4,67.0,31.6792,1.67
14573.8,5185.63,0.35581,200.538,1988201.8,260.587,4710.48,58.0,28.3836,2.71
7724.57,1516.18,0.19628,88.6143,1052654.9,99.6242,4054.31,46.0,28.1783,17.927
7427.6,1924.73,0.25913,72.8218,991941.75,91.9334,3694.0,99.0,34.5839,11.938
8083.38,2442.99,0.30222,86.4251,1149266.4,99.9888,3984.42,23.0,35.5033,1.878
12390.7,4527.76,0.36541,155.731,1676649.9,223.35,4916.3,121.0,29.5158,20.917
8052.85,2815.12,0.34958,79.9378,1074359.9,110.267,3472.92,25.0,35.8591,11.934
9644.19,3366.97,0.34911,71.9872,1396511.9,127.527,3858.51,99.0,36.0251,14.027
7124.67,1711.31,0.24019,86.6907,984539.44,107.072,3767.59,18.0,35.3336,1.589
11330.2,3640.52,0.32131,116.014,1617560.5,192.732,4338.45,62.0,32.1221,9.239
4689.56,1118.79,0.23857,37.6444,648321.06,56.0514,1956.82,17.0,43.3628,12.271
8412.8,2697.83,0.32068,76.46,1172953.9,114.65,3414.37,73.0,37.8368,14.879
11099.7,3289.51,0.29636,96.4823,1566679.1,149.718,4318.09,94.0,32.4966,4.295
17200.4,5103.69,0.29671,185.04,2396173.2,253.397,4930.14,55.0,26.9271,9.421
6458.16,1567.82,0.24276,56.7049,854632.44,81.0474,3086.21,39.0,38.7851,17.891
9304.06,3510.61,0.37732,94.3668,1336050.9,146.88,3647.45,106.0,35.4438,12.814
7992.98,2066.62,0.25855,77.429,1090085.8,105.256,3766.71,36.0,35.9457,4.553
8186.04,1683.8,0.20569,58.0866,1145066.2,78.2945,3179.2,24.0,38.3965,13.121
8656.4,2134.85,0.24662,80.5842,1239070.1,114.756,3798.37,14.0,34.9517,3.706
7673.4,3084.14,0.40192,79.3064,1086338.4,113.018,3258.06,47.0,37.9243,2.725
12437.0,3014.75,0.2424,125.146,1739563.0,169.336,4688.21,64.0,31.0902,2.532
5665.03,1735.84,0.30641,40.8672,782637.5,72.3883,2746.59,55.0,41.0595,10.382
8152.74,2598.81,0.31876,77.5565,1125105.0,107.14,3684.07,106.0,35.3373,6.505
6090.7,1477.43,0.24257,48.1015,873733.25,86.2313,2258.31,67.0,42.5682,11.552
7514.59,1974.88,0.2628,64.0185,1043140.1,86.7685,3408.84,45.0,39.5833,15.447
9764.43,2665.78,0.273,118.511,1334650.8,145.157,4161.48,135.0,32.8207,2.015
13860.9,3295.83,0.23777,185.941,1898391.4,211.486,4574.45,181.0,28.8487,1.656
6749.68,1908.73,0.28278,66.8664,963319.56,80.6336,3190.69,21.0,38.642,3.47
8833.25,2616.06,0.29616,91.6589,1244781.9,120.8,3600.64,100.0,36.7925,2.091
8161.05,1990.94,0.24395,96.2746,1145907.2,101.115,3864.1,100.0,34.761,7.729
8297.61,2431.13,0.29299,75.2325,1216303.8,104.022,3161.74,28.0,33.5199,1.81
6644.02,2590.28,0.38986,66.5537,961890.94,94.8465,3246.88,30.0,38.7267,1.322
13513.4,5800.66,0.42925,122.635,1904136.5,225.534,4912.97,131.0,28.2889,19.927
9946.27,3099.93,0.31166,114.235,1399602.9,164.833,4357.34,119.0,32.0532,13.602
7526.62,1540.24,0.20463,60.4182,1042271.44,92.1139,3474.94,42.0,37.0037,9.592
10945.9,3922.22,0.35832,90.4835,1536542.5,152.704,5458.33,93.0,30.786,13.553
8452.37,2721.71,0.322,64.5045,1211493.6,103.023,4887.15,39.0,35.3916,15.203
8079.13,1720.4,0.21294,97.2168,1094906.2,102.963,3919.94,109.0,33.6308,15.876
6811.28,1888.91,0.27732,58.9248,946639.75,97.9854,2735.57,43.0,40.3191,13.395
13209.9,4192.29,0.31735,149.953,1847383.1,166.677,5341.78,39.0,27.7274,4.661
13919.0,5068.06,0.36411,188.091,1963711.1,234.898,5312.4,178.0,27.1235,18.748
11553.2,2826.76,0.24467,158.293,1612599.1,176.184,4586.24,44.0,30.1003,1.266
7229.21,1454.45,0.20119,63.6683,1002726.8,75.7414,2936.52,32.0,39.6439,15.568
10352.2,3363.52,0.3249,130.425,1375700.6,170.849,3990.1,36.0,32.9267,2.888
9198.95,2748.94,0.29883,90.4103,1234703.2,139.81,4207.62,43.0,30.5781,18.067
7342.04,2549.8,0.34728,55.4388,1032291.3,96.1168,3820.39,42.0,37.5192,14.339
5837.95,2238.69,0.38347,54.572,811817.7,88.7432,3012.26,40.0,39.6846,6.482
11113.5,3180.93,0.28622,151.72,1548882.4,201.98,4419.5,105.0,31.0577,3.975
8969.61,2270.87,0.25317,95.6278,1245237.9,106.28,3355.96,35.0,35.7284,13.149
8990.09,2228.02,0.24783,84.9054,1261215.6,110.428,4100.17,34.0,33.9501,2.526
10670.4,3343.83,0.31337,152.308,1491391.6,213.698,4303.12,194.0,27.255,3.281
9753.34,3255.99,0.33383,99.7336,1361383.6,131.486,3759.19,10.0,35.3364,2.118
5691.52,1556.91,0.27354,52.6488,775921.75,76.405,2355.04,40.0,42.2843,6.431
9261.34,2946.37,0.31813,108.068,1274398.8,141.056,4073.11,125.0,33.5798,15.965
11763.7,3468.39,0.29483,110.957,1699841.1,142.883,4261.52,79.0,32.7509,17.537
10844.3,2760.2,0.25453,139.007,1511193.2,165.488,4718.73,172.0,28.5358,0.708
8252.25,2377.74,0.28813,96.0937,1164804.2,113.399,3575.28,98.0,37.0403,1.932
7416.78,2268.21,0.30582,54.1818,1073274.4,83.9859,3364.12,10.0,38.9763,13.928
8970.45,2629.38,0.29311,87.3908,1277430.0,115.287,4072.73,6.0,33.6723,1.987
16787.8,5245.5,0.31245,204.334,2215516.5,270.958,6407.23,254.0,22.0451,2.185
9040.83,3091.79,0.34198,78.6773,1216948.0,139.261,3643.04,23.0,35.5361,16.657
14938.0,5565.07,0.37254,163.84,2122238.0,258.064,4432.92,119.0,31.1248,6.214
6973.5,1857.59,0.26637,62.7024,961861.2,94.4952,2763.22,36.0,40.3365,6.919
10599.0,4182.44,0.3946,92.742,1509753.1,166.605,4686.62,82.0,32.2834,17.881
19281.3,5951.9,0.30868,233.779,2676204.0,304.234,6201.38,104.0,22.2388,2.39
7167.44,2171.66,0.30298,66.6546,994071.8,94.6073,3149.89,52.0,39.2193,2.442
5718.31,1936.41,0.33863,64.2582,772408.44,91.6604,3102.09,41.0,40.6123,2.006
15349.6,4848.47,0.31586,183.886,2120039.5,263.583,5195.96,98.0,25.6989,7.612
8571.9,2307.7,0.26921,79.1734,1193868.6,95.8199,4183.06,60.0,34.501,1.902
7808.7,3261.29,0.41764,86.2236,1078941.5,124.395,3544.86,67.0,37.6993,15.321
8726.35,3980.31,0.45612,80.1328,1235222.2,142.329,3955.53,58.0,36.4767,16.486
8875.41,1864.91,0.21012,98.4503,1249817.2,125.329,3841.05,57.0,35.0002,2.721
8274.33,2345.06,0.28341,69.6533,1151771.8,102.545,3516.93,18.0,37.4586,2.468
7116.62,1870.84,0.26288,89.2792,996369.75,102.09,3929.73,24.0,35.683,2.392
15593.8,5760.2,0.36939,177.205,2124910.5,263.177,4267.35,184.0,30.5838,18.843
8032.26,2771.16,0.345,71.6602,1122078.1,104.503,3554.06,77.0,46.5464,7.992
9610.56,3638.21,0.37856,128.897,1295255.5,179.16,4455.69,179.0,30.8729,1.454
7053.01,1862.68,0.26409,65.4914,969273.6,88.8472,3080.35,47.0,39.6385,1.702
9471.81,3406.34,0.35962,93.8186,1332075.5,119.633,3786.81,31.0,36.9114,12.343
13776.3,3726.05,0.27046,164.39,1928392.8,216.245,5107.05,194.0,25.6425,1.802
9253.24,2010.67,0.21729,99.8942,1304358.5,134.074,3592.2,12.0,34.2509,0.987
9766.19,2574.09,0.26357,67.2651,1316455.6,143.095,3682.65,47.0,31.833,17.666
9988.74,3766.9,0.37711,130.268,1312971.6,193.182,4517.84,179.0,30.4759,2.392
10022.2,2885.51,0.28791,95.6871,1415820.9,141.768,3653.29,119.0,35.588,1.563
13026.9,3700.77,0.28408,151.343,1825798.1,223.108,4288.69,79.0,30.6442,1.737
9531.51,2825.95,0.29648,72.0438,1332868.6,119.773,3627.1,61.0,35.4277,19.6
14448.9,4187.48,0.28981,192.856,1958048.0,219.798,4657.37,169.0,23.7498,2.79
12561.3,5122.92,0.40783,96.9964,1784489.1,178.269,4089.77,19.0,33.8613,17.683
9409.28,2327.25,0.24733,111.225,1303822.0,132.154,4229.35,54.0,34.0998,2.019
6890.79,2080.35,0.3019,64.6482,996591.0,91.6007,2544.96,54.0,40.4416,13.737
11148.1,3949.91,0.35431,99.3786,1556185.6,171.977,5675.74,55.0,33.2262,1.866
6464.58,2265.19,0.3504,80.177,891822.0,91.6804,3226.69,58.0,38.392,0.0
8957.57,3112.48,0.34746,101.714,1239667.6,148.466,4007.49,55.0,34.8377,1.741
14310.2,5068.16,0.35416,156.545,1984356.4,227.115,5046.13,88.0,27.1591,5.369
6391.71,3124.76,0.48887,58.32,891750.3,116.371,2466.5,59.0,41.4431,12.924
12493.7,3450.08,0.27614,144.076,1769241.5,152.371,5073.54,109.0,29.4856,16.823
7935.36,2514.88,0.31692,62.7978,1133589.8,92.8292,4569.59,42.0,40.5846,18.515
7234.56,3050.08,0.42159,88.4876,942256.8,112.57,3061.33,67.0,38.1843,2.42
9681.6,3328.45,0.34379,80.29,1381166.5,126.707,3804.13,33.0,37.7172,18.541
7196.33,1777.42,0.24698,66.9865,1008787.1,91.1157,3306.68,43.0,36.5642,11.797
8053.55,2999.43,0.37243,95.7437,1122092.1,114.916,3062.0,38.0,36.8783,13.507
6917.71,1966.73,0.2843,72.9487,935247.9,109.193,3097.45,76.0,38.8868,1.034
7930.63,2690.07,0.3392,63.0939,1070910.4,117.172,3743.14,51.0,33.6297,5.941
8494.22,2450.78,0.28852,90.3315,1196742.0,113.805,3599.19,93.0,36.6759,2.055
11902.0,4341.06,0.36473,148.509,1722147.4,210.475,4706.38,160.0,27.6758,11.295
4228.89,1030.36,0.24364,32.2572,583520.25,48.0104,1783.31,34.0,44.6127,11.071
7580.33,2247.63,0.2965,73.0209,1014705.44,112.125,3655.12,57.0,36.6869,3.09
9755.0,4132.75,0.42365,86.885,1406138.2,130.942,4139.05,68.0,33.4768,15.682
9268.9,3644.78,0.39322,96.0626,1296934.8,146.825,3273.54,94.0,36.7149,18.896
11138.2,2744.16,0.24637,89.3959,1564795.1,140.978,4231.63,150.0,32.9012,4.163
9138.72,4265.94,0.46679,62.8641,1295501.0,134.044,3571.54,65.0,35.4345,18.384
10156.9,3265.95,0.32154,94.084,1388584.6,122.824,3824.0,42.0,32.8626,10.757
13260.1,3639.05,0.27443,131.254,1836430.0,178.677,4678.17,67.0,28.8286,3.918
6707.18,1398.16,0.20845,64.5974,915146.7,97.2767,3026.87,55.0,36.0405,4.422
7401.37,3075.27,0.4155,71.3507,998804.1,115.094,5184.11,43.0,34.0811,18.998
14942.3,4826.08,0.32298,176.362,2055396.4,250.385,4782.78,33.0,28.4233,2.791
11622.0,3772.45,0.32459,112.183,1661610.0,163.411,3982.29,68.0,34.1743,2.442
7494.82,1501.83,0.20038,83.5055,1094923.8,95.4271,3838.55,27.0,36.674,2.692
8181.84,2958.46,0.36158,91.1976,1157099.0,122.96,3181.75,24.0,37.7557,1.794
6341.86,2005.01,0.31615,57.879,877543.94,94.5812,3553.09,70.0,35.2973,1.429
14167.1,4006.8,0.28282,203.402,1864188.0,236.084,5575.96,256.0,46.5464,3.154
9466.73,2481.69,0.26214,104.915,1265451.8,135.033,3637.3,17.0,36.1679,1.73
8160.36,1919.85,0.23526,77.5208,1154725.9,109.088,3292.71,8.0,36.7364,2.279
15218.4,2917.76,0.19172,177.466,2168680.2,211.131,4949.06,85.0,26.9278,3.492
9435.41,3133.06,0.33205,68.4727,1368421.8,120.108,3184.15,86.0,37.7148,12.994
9570.26,3243.43,0.3389,74.4659,1374279.8,131.287,3500.32,60.0,35.7544,10.034
7006.73,1738.79,0.24815,63.3313,990438.9,80.5104,3501.61,46.0,36.1324,10.354
9235.1,2488.49,0.26945,88.42,1300240.1,136.53,3996.01,2.0,34.7705,2.541
9865.7,3922.02,0.39754,138.308,1330458.8,179.653,4378.3,173.0,31.4443,2.505
4100.98,943.62,0.23009,39.5184,550984.1,51.5647,2442.33,25.0,43.9865,9.13
3828.42,1173.72,0.30658,34.5939,551711.0,50.8877,1713.22,12.0,44.6732,10.345
11973.6,3348.81,0.27968,159.528,1696556.4,193.938,4633.22,105.0,29.6011,2.411
9349.58,2983.07,0.31905,72.3323,1259751.2,131.395,4428.18,71.0,34.168,3.584
7684.28,3103.82,0.40391,59.9079,1001630.3,137.294,3241.04,5.0,38.674,12.524
9222.94,2641.37,0.28639,79.3204,1297375.2,130.562,4052.52,78.0,33.6373,4.681
8001.63,2128.48,0.266,65.5134,1117707.6,105.062,3723.3,17.0,36.8646,15.144
6270.23,2064.39,0.32923,56.0771,897099.6,78.1754,2606.34,57.0,41.4838,4.416
8231.07,2708.21,0.32902,105.568,1125277.6,184.625,3900.11,98.0,31.0708,2.871
12867.0,3825.86,0.29733,167.434,1800006.5,208.292,4753.79,108.0,28.865,3.945
14389.3,4166.19,0.28953,177.305,2002191.1,230.063,5147.53,190.0,28.4944,3.265
11660.0,2387.2,0.20473,155.345,1641636.5,164.589,4683.29,156.0,29.6009,1.733
14940.9,3689.94,0.24696,184.622,2104849.5,214.553,5713.2,65.0,22.938,1.182
7021.89,1729.11,0.24624,74.0238,944712.4,103.028,2819.59,70.0,35.702,10.593
8427.22,2447.11,0.29038,68.5618,1172382.4,103.925,4012.49,17.0,36.4191,2.736
5507.38,1045.8,0.18989,53.2627,788389.4,70.2574,2859.76,57.0,40.2467,1.13
3943.56,1017.43,0.25799,35.3166,561198.7,45.8116,1742.82,11.0,44.4482,2.205
10141.4,2731.36,0.26932,92.3686,1381312.9,113.604,4755.18,23.0,33.9916,11.645
15168.0,5453.86,0.35956,163.85,2106244.5,239.37,4855.02,75.0,28.1027,3.76
8142.44,3386.4,0.41589,68.1645,1155393.6,118.439,4919.56,44.0,31.4117,20.291
6922.78,2489.69,0.35963,78.7967,956306.0,93.7728,3260.75,56.0,38.7115,1.299
17749.9,5313.62,0.29936,154.483,2510752.8,260.357,5605.86,196.0,21.7386,3.718
6922.95,1889.96,0.27299,71.1436,928182.44,97.4969,2896.87,114.0,36.4208,12.435
15935.7,5701.47,0.35777,160.014,2278278.8,252.356,5450.43,144.0,25.1924,18.019
3784.16,582.32,0.15388,26.5952,533996.0,43.315,1814.31,51.0,45.5666,9.167
4957.39,1341.8,0.27066,44.6187,720842.7,61.0485,2482.17,39.0,42.1077,7.428
8262.77,2160.37,0.26145,89.8619,1165455.2,125.059,3972.99,166.0,31.8885,1.332
9408.86,3452.33,0.36692,71.5957,1338892.2,117.512,4405.63,30.0,38.082,19.736
15964.0,5323.49,0.33346,183.09,2210409.0,234.004,5178.77,201.0,28.1864,2.645
4511.43,783.36,0.17363,40.3497,605314.06,56.2756,2669.77,34.0,42.5746,12.618
5492.13,1921.92,0.34994,38.3642,756267.8,67.4112,2548.36,49.0,41.9606,4.994
19262.7,6659.28,0.3457,164.637,2643514.8,257.579,5176.42,92.0,26.5242,8.481
5741.63,1145.91,0.19957,49.7283,781092.7,77.2109,2670.97,50.0,40.9044,3.731
14885.0,4205.36,0.28252,179.052,2104510.2,232.121,4555.39,21.0,29.4608,3.057
3602.45,1342.62,0.37269,24.5773,487821.62,45.5028,1446.26,9.0,45.4764,7.099
11279.7,4100.33,0.36351,87.6859,1525076.1,176.944,4687.25,93.0,31.1364,17.426
12854.8,4369.7,0.33992,139.167,1719695.2,175.416,4685.13,160.0,26.2507,11.994
18385.1,4732.36,0.2574,211.372,2554788.5,261.091,5805.82,206.0,21.2858,2.118
10043.1,3576.58,0.35612,68.1538,1409515.8,136.551,5112.56,25.0,33.993,16.434
14740.4,4477.54,0.30375,158.16,2075907.1,218.13,5278.14,100.0,26.517,6.709
7058.3,2864.69,0.40586,76.7002,970881.94,120.442,3407.74,74.0,38.7542,14.458
5436.13,1127.83,0.20746,49.6626,779457.94,70.8852,2849.13,58.0,40.2915,1.299
12442.4,3373.73,0.27114,161.061,1772700.2,207.575,4617.73,105.0,29.7495,2.573
10779.0,3515.39,0.32613,100.04,1486154.8,161.087,4883.9,67.0,32.451,2.055
8195.93,2719.24,0.33177,98.2395,1145903.0,126.13,3057.92,55.0,35.1865,14.313
8498.1,2761.58,0.32496,65.5803,1184584.9,109.163,3487.52,113.0,36.2249,15.486
5884.17,1729.21,0.29387,47.7065,761122.4,82.6065,2100.42,27.0,43.1473,8.779
3954.5,1206.8,0.30517,36.1699,536478.9,50.8044,1386.46,32.0,44.5309,11.348
4331.68,1339.32,0.30919,30.4663,620720.9,50.6998,2112.53,49.0,44.1448,13.102
4955.15,1875.07,0.3784,51.4549,676733.4,77.788,2436.78,32.0,42.1713,6.657
15192.2,3290.01,0.21655,207.207,2054580.9,219.309,5279.45,119.0,25.7251,9.84
21164.3,7060.92,0.33362,254.789,2961050.5,330.066,5545.96,94.0,23.4201,3.713
9724.05,2387.32,0.2455,100.875,1381576.5,148.328,3866.87,36.0,33.8316,2.191
11443.1,2419.4,0.21142,148.887,1616136.4,179.23,4620.12,52.0,29.9039,0.884
9325.75,3022.21,0.32407,64.2198,1248708.2,131.672,3840.14,48.0,33.6942,14.384
11830.9,4105.65,0.34702,59.4594,1590445.4,148.149,4352.94,107.0,32.9046,16.497
8313.98,1773.66,0.21333,72.2824,1176884.5,98.415,3989.95,16.0,35.2855,5.044
19940.8,6455.58,0.32373,250.664,2662325.2,327.251,5820.54,306.0,20.6568,2.733
6354.74,1788.95,0.28151,58.2362,885931.0,94.589,3115.54,62.0,39.0155,12.797
12098.9,2577.06,0.21299,144.62,1718680.1,183.018,4620.72,52.0,29.8949,0.93
7088.86,1772.39,0.25002,69.8228,1015224.94,80.2306,2975.44,81.0,38.9855,14.749
6554.2,2401.33,0.36638,50.6623,929189.44,79.4891,3298.05,26.0,37.9849,15.677
10511.0,3095.13,0.29446,127.174,1459978.5,176.774,4178.33,61.0,33.0184,1.462
9348.21,2480.51,0.26534,100.47,1285752.0,126.883,3887.2,20.0,33.9829,2.151
7073.11,1645.32,0.23261,48.4884,1014834.8,74.6313,3212.38,23.0,40.1972,0.0
10137.5,2492.64,0.24588,100.774,1455881.9,122.719,3639.84,127.0,36.4348,2.145
6133.76,1986.99,0.32394,53.322,844572.94,92.7205,3700.04,71.0,36.675,1.341
5274.49,1309.79,0.24832,41.8047,734831.25,78.9285,2724.78,23.0,41.3848,13.551
16384.6,6293.43,0.3841,181.856,2263416.2,261.145,4380.48,41.0,25.8238,20.062
8291.14,3102.63,0.37421,72.6606,1106594.5,138.647,3483.63,64.0,37.1207,14.519
25074.9,8501.07,0.33902,271.495,3351498.0,355.68,6131.84,187.0,20.5293,19.669
7674.07,1882.1,0.24525,90.6714,1042585.56,118.108,3539.02,37.0,36.9582,4.177
7122.03,2301.59,0.32316,76.5993,991423.44,96.4678,3669.06,42.0,36.3645,2.652
7897.46,2009.99,0.25451,79.4787,1129757.4,102.816,3761.46,38.0,35.6548,2.19
11359.3,3782.7,0.333,122.783,1585271.6,198.089,4632.17,67.0,30.4082,2.649
12015.8,2403.55,0.20003,149.884,1678854.4,175.997,4629.62,148.0,29.5814,1.853
10113.7,2490.3,0.24623,95.8013,1433293.5,139.694,3697.8,144.0,35.3686,3.238
10015.3,2390.13,0.23864,119.805,1391910.6,156.605,4610.52,67.0,26.0428,1.278
6180.81,1495.86,0.24201,53.0955,862849.06,72.3234,3382.79,53.0,38.7919,2.583
6392.48,1288.65,0.20158,66.1789,894000.94,84.9016,2738.28,38.0,40.0433,16.383
12879.1,3949.73,0.30667,165.551,1776551.6,213.954,4750.27,116.0,29.0032,5.02
8966.09,2462.19,0.27461,98.9414,1198828.6,136.068,3597.23,7.0,36.3821,1.468
6849.41,1317.8,0.19239,72.07,910690.9,90.7121,3332.67,93.0,36.7749,13.83
8367.31,3230.47,0.38608,59.7881,1138380.1,118.546,3173.49,41.0,36.5241,12.288
16239.1,6566.59,0.40436,150.269,2270715.8,295.67,7728.94,89.0,25.8329,2.971
14382.5,4068.05,0.28284,195.658,1997035.5,215.106,5607.96,140.0,22.748,0.861
9247.38,2669.61,0.28868,96.7491,1315921.9,136.923,4065.44,165.0,33.2353,1.303
15186.1,4193.54,0.27614,134.777,2145772.2,191.599,4950.42,61.0,30.3744,2.883
11958.2,4081.49,0.34131,121.245,1636256.8,194.912,4062.27,47.0,32.2728,2.692
6104.82,1590.39,0.26051,50.6562,794158.2,100.84,3556.17,20.0,40.1135,1.907
7980.57,1856.58,0.23263,76.1582,1111700.9,90.8085,3136.2,32.0,37.2683,14.567
7959.34,1349.03,0.16949,77.5581,1114063.9,93.62,3801.64,12.0,34.1623,2.615
13595.9,4262.46,0.31351,151.408,1865374.2,199.667,5005.07,85.0,27.6946,3.125
14888.8,4390.96,0.29491,212.911,2060135.6,241.247,5335.6,286.0,24.657,1.822
11379.7,3048.89,0.26792,146.334,1601070.9,163.155,4169.71,127.0,31.9889,2.913
9122.27,2931.68,0.32137,85.1555,1295691.5,129.573,3981.22,63.0,34.372,3.97
14014.4,4709.83,0.33607,164.318,1976587.2,224.402,4764.51,99.0,28.8644,5.011
8303.01,2531.51,0.30489,73.7755,1135083.0,111.79,3952.28,75.0,36.362,15.389
4079.81,1606.68,0.39381,44.7264,557042.56,75.4675,2336.46,39.0,41.472,10.874
17258.5,6464.68,0.37457,199.515,2406110.5,284.378,5092.14,116.0,26.2387,4.431
20095.0,6828.1,0.33979,259.338,2724806.2,339.103,5829.32,318.0,20.7045,4.136
12876.5,4724.82,0.36693,119.499,1812709.1,172.343,5066.71,153.0,27.8288,19.227
25153.4,6430.34,0.25564,369.317,3433294.2,392.33,6279.86,155.0,19.8575,1.296
12483.0,4207.76,0.33707,110.275,1768584.4,156.224,4253.26,154.0,32.2715,14.966
4255.48,1215.21,0.28556,43.6555,583678.75,71.1735,2151.51,58.0,43.4789,5.417
6952.68,1689.0,0.24292,64.7977,962209.06,88.4371,3372.51,25.0,37.6424,5.28
5161.87,1021.95,0.19798,43.8351,742861.06,61.4713,2191.65,80.0,42.7985,0.636
5877.83,2128.9,0.36219,70.072,805213.06,90.2142,3045.75,37.0,39.729,1.78
5702.68,1423.23,0.24957,55.5584,775527.25,78.7178,2442.2,14.0,46.5464,3.009
11258.3,3733.09,0.33158,130.947,1572715.1,162.11,4754.89,75.0,29.9662,7.399
9041.42,2524.58,0.27922,86.3528,1239711.1,120.362,3783.76,38.0,35.1639,1.87
13147.2,3468.68,0.26383,113.919,1848833.6,144.789,4417.15,144.0,30.9018,18.002
11358.0,3798.72,0.33445,86.1944,1620383.6,138.761,5466.05,53.0,31.0558,14.043
6209.83,2059.9,0.33171,59.6476,862426.6,89.8761,2685.9,42.0,40.7367,2.211
13903.1,3879.59,0.27904,148.917,2004859.6,207.714,4588.51,45.0,29.1859,3.357
9139.98,2762.25,0.30221,104.928,1260182.2,125.564,3854.72,20.0,34.4929,3.237
8657.96,2587.43,0.29884,78.7649,1150994.6,113.053,3728.16,60.0,35.7134,5.142
13698.8,4549.0,0.33207,131.846,1925372.1,180.157,4943.16,155.0,24.9973,18.179
11287.5,2933.0,0.25984,129.729,1552595.9,163.181,4477.21,90.0,46.5464,1.862
5960.39,1884.69,0.3162,61.0855,825272.1,84.7754,2687.61,42.0,39.8104,1.954
17096.9,5968.06,0.34907,133.042,2285720.5,272.733,4800.77,157.0,28.5059,8.438
10423.2,3412.37,0.32738,106.586,1441174.2,149.635,4800.65,42.0,31.3278,16.307
8299.76,1972.17,0.23761,93.5375,1116155.5,114.124,3948.57,38.0,34.3916,3.416
9341.25,2558.59,0.2739,77.8899,1325782.1,118.917,4246.22,77.0,33.9955,4.862
8080.18,1727.23,0.21376,95.2258,1122163.0,119.242,4065.62,52.0,34.3529,3.311
8443.5,2211.64,0.26193,79.6578,1178504.5,94.1768,4161.18,60.0,34.6149,1.925
8178.05,2867.35,0.35061,83.6135,1109916.8,110.749,3903.37,22.0,34.3475,9.847
9163.4,2920.8,0.31874,107.115,1273030.5,137.449,3927.66,107.0,29.2438,16.925
16287.5,4893.35,0.30043,132.371,2284330.8,237.272,5638.55,81.0,25.6977,9.852
9020.78,2556.53,0.2834,101.689,1253417.1,144.351,3309.79,4.0,36.641,0.96
6509.29,2268.37,0.34848,55.1713,872220.6,97.2492,2549.49,39.0,40.6656,14.54
4483.99,1093.51,0.24386,47.209,620348.3,54.7943,1836.09,20.0,44.5902,8.523
8971.53,2174.27,0.24235,95.0078,1267445.0,154.334,3796.22,15.0,33.9291,0.494
6588.65,2615.85,0.39702,65.706,890556.56,107.904,3600.57,69.0,38.1973,14.353
9391.33,3442.37,0.36654,97.3682,1310390.6,135.731,3504.85,47.0,35.9607,12.301
8224.33,2476.91,0.30116,85.8881,1099706.8,136.667,3612.63,35.0,35.0813,5.367
8742.71,2318.32,0.26517,95.9324,1198138.8,132.776,3365.27,105.0,36.8205,1.485
19342.3,6790.48,0.35106,223.067,2661794.0,326.585,5424.8,227.0,23.9129,19.797
13433.5,3582.67,0.26669,190.609,1824926.6,208.382,4591.66,178.0,29.182,1.831
8134.42,2313.99,0.28446,74.4476,1148613.2,106.883,4054.45,16.0,34.3344,5.752
6548.37,2288.86,0.34953,79.1768,891802.3,93.144,3250.39,55.0,38.7198,1.48
10532.1,3371.74,0.32013,102.481,1530059.2,160.564,4184.56,82.0,30.7143,17.541
6461.74,2235.7,0.34599,64.1295,860451.4,95.5953,3303.61,58.0,38.7463,14.939
7858.94,2476.74,0.31514,56.3694,1074991.0,107.297,3211.7,40.0,39.6509,12.985
7507.14,1714.66,0.2284,83.7844,1012772.6,107.783,3435.3,35.0,36.1373,1.707
7732.84,1452.17,0.18779,63.7696,1057080.5,82.4662,2912.28,22.0,39.5665,11.432
5919.12,1450.46,0.24504,70.2356,833841.2,78.3536,2690.32,70.0,39.6393,10.205
12510.8,4502.71,0.3599,153.982,1770489.2,215.61,4985.85,27.0,29.6104,11.691
8565.49,2344.76,0.27374,82.7772,1194587.8,118.062,3598.75,35.0,36.9039,4.221
12203.2,4069.26,0.33345,184.754,1682612.5,248.025,4759.09,245.0,24.626,2.017
9185.41,2816.61,0.30663,97.1009,1261692.5,134.503,4161.19,39.0,34.4224,1.849
10957.1,2541.84,0.23198,115.475,1551933.8,152.143,4420.58,65.0,32.6667,3.365
5912.82,2068.69,0.34986,69.9499,821200.0,88.8558,2987.3,34.0,39.8224,2.058
15950.9,3316.26,0.2079,197.659,2205195.8,233.125,5195.34,127.0,21.3524,3.65
12088.8,4504.52,0.37261,99.9824,1700590.0,190.626,4763.32,49.0,30.7785,16.838
7326.86,1941.47,0.26497,70.8968,1016321.9,91.3127,3216.78,31.0,37.0213,4.125
6981.02,2422.81,0.34705,59.2339,968152.1,105.451,3983.79,73.0,35.4252,1.401
12548.3,4783.26,0.38118,102.66,1734301.6,191.84,4433.45,55.0,31.1029,16.464
18688.3,6449.2,0.34509,260.761,2528162.8,341.331,5703.65,323.0,21.5441,2.572
12243.1,4022.13,0.32852,152.871,1719525.8,216.267,4566.58,83.0,29.9167,4.383
8840.4,2180.77,0.24668,98.2432,1250443.8,136.352,3999.21,43.0,34.7216,4.794
7705.02,1690.34,0.21938,70.4829,1066451.1,93.3968,3437.24,61.0,37.8623,15.356
11094.2,4410.74,0.39757,100.923,1562005.6,163.602,4432.08,43.0,32.8433,18.239
9118.23,2136.51,0.23431,98.4704,1286423.5,125.165,3857.89,51.0,35.4514,2.652
6557.76,2836.16,0.43248,65.9668,971489.25,100.875,3126.62,37.0,32.482,10.698
4053.89,783.29,0.19321,31.9646,581234.4,40.4774,1211.65,38.0,45.1196,20.624
14228.8,4463.53,0.31369,157.936,1972771.2,223.195,5264.9,201.0,29.4543,1.575
17169.8,5816.49,0.33876,193.042,2345532.5,248.414,5122.83,84.0,26.4465,8.703
4488.58,1649.61,0.36751,35.3539,610893.3,57.9548,1393.27,28.0,44.2778,7.721
7184.31,3160.87,0.43996,47.819,1028848.06,104.763,2710.01,27.0,38.476,11.932
13546.5,4211.43,0.31088,192.873,1776053.4,228.182,5085.63,88.0,28.03,6.331
9260.92,2113.44,0.22821,72.279,1297866.8,101.269,3705.25,14.0,36.0422,11.709
8826.47,2126.25,0.24089,92.4333,1250731.1,127.582,4089.33,161.0,33.2256,1.399
14281.0,4251.36,0.29769,175.349,2015506.6,230.894,4504.94,25.0,30.0785,2.803
16778.1,3852.01,0.22958,192.809,2364293.2,263.015,5660.54,95.0,23.1085,1.433
9532.74,3532.0,0.37051,97.1544,1274305.6,141.089,3390.9,83.0,37.9957,2.704
16336.2,5603.74,0.34302,196.664,2357749.0,274.353,5205.44,110.0,25.1132,5.107
16262.0,5216.59,0.32078,168.436,2341051.2,232.172,5086.55,44.0,27.1097,2.692
5352.99,1782.06,0.3329,62.0426,698153.1,83.327,2903.53,5.0,39.6072,10.462
5631.09,1910.58,0.33929,56.1362,786081.9,74.4154,2610.93,25.0,41.206,5.207
13207.6,4477.87,0.33903,163.669,1921181.0,271.219,4722.15,87.0,25.5258,3.226
6226.61,1510.84,0.24264,50.2674,882084.75,80.491,2401.5,74.0,41.911,9.937
9160.97,2509.7,0.27395,87.9548,1302804.6,112.506,4104.02,101.0,34.5918,1.603
12233.6,4441.04,0.36301,124.642,1711142.1,190.122,4278.44,38.0,30.3191,1.867
15054.5,3634.15,0.24139,209.138,2083745.5,240.64,5148.65,156.0,24.8523,3.306
9579.44,3062.1,0.31965,89.5911,1356765.1,118.609,4865.88,31.0,32.2989,2.154
7146.34,1725.51,0.24145,56.8572,974904.75,94.3423,3209.69,33.0,37.8902,15.228
10985.9,2788.27,0.2538,127.343,1505475.9,152.315,3659.03,29.0,34.5933,3.027
6056.15,1999.61,0.33017,70.5569,838833.2,88.2833,3059.68,30.0,40.1542,1.755
5847.52,1628.26,0.27845,60.4457,803727.6,77.3472,2557.62,8.0,39.5121,4.547
4510.67,1400.98,0.31059,41.8647,660779.44,61.4007,2299.19,34.0,43.1239,9.856
5885.5,1550.33,0.26341,43.7912,811473.3,89.2538,2810.86,39.0,40.938,14.264
13632.5,4065.25,0.2982,165.56,1872721.5,222.411,4777.09,121.0,28.6226,5.007
7946.32,1704.09,0.21445,78.9159,1137859.4,107.647,4053.41,103.0,34.8041,1.042
15641.7,4547.19,0.2907,192.351,2163576.5,232.977,5663.73,138.0,23.1211,0.913
12926.5,4723.85,0.36543,131.74,1727059.5,194.195,4700.22,38.0,33.7796,2.262
7162.59,2120.81,0.29609,64.0376,976036.75,100.358,3258.62,50.0,39.192,12.701
7915.91,2695.46,0.34051,51.6416,1115690.6,99.408,3757.58,58.0,35.6943,18.018
13989.3,5123.66,0.36625,132.89,1968629.2,178.43,5369.99,71.0,31.6267,19.667
4586.75,1384.89,0.30193,31.4497,651397.75,56.6433,2161.16,53.0,44.2984,7.582
7541.28,1923.43,0.25505,69.8378,1063327.0,93.5116,3273.0,42.0,37.652,14.63
10686.8,2839.34,0.26568,132.723,1516031.1,163.681,4894.0,100.0,28.5174,18.264
11099.4,4834.47,0.43556,93.2029,1584170.5,162.905,3904.53,67.0,36.2985,20.862
14482.6,5344.88,0.36905,133.598,2015696.1,233.742,5326.5,52.0,29.4282,3.164
7361.68,1353.85,0.1839,76.2262,1019790.6,85.4985,3038.15,21.0,36.5315,16.961
15369.9,5604.21,0.36462,241.835,2029845.0,167.39,4069.6,120.0,32.0638,2.808
9552.44,3931.33,0.41155,86.9237,1303576.4,129.596,3984.27,37.0,36.271,18.156
13558.2,5218.9,0.38492,129.673,1884206.0,217.469,4228.59,59.0,30.5392,2.446
7201.72,2350.83,0.32642,57.4598,988055.7,100.936,3694.61,65.0,37.311,13.036
7273.18,2360.71,0.32457,61.2585,952560.2,116.061,2717.9,27.0,39.0876,3.065
10268.8,3317.02,0.32301,119.479,1394602.4,177.452,3782.27,23.0,33.2584,3.651
6315.67,2118.91,0.3355,65.049,847091.56,106.39,3002.41,33.0,37.9224,4.18
15476.9,4098.54,0.26481,236.115,2113312.0,252.341,4775.19,281.0,27.5883,4.818
10562.7,2656.04,0.25145,106.162,1496128.2,149.83,4001.98,41.0,32.886,1.649
8041.11,2144.72,0.26671,77.4015,1135784.2,119.875,3823.44,42.0,30.9063,2.48
8760.01,1801.18,0.20561,97.1733,1209384.1,113.471,4191.59,39.0,34.0668,1.842
5891.25,1769.82,0.30041,55.8392,809271.2,81.7666,2577.34,39.0,40.9783,5.744
22995.2,5335.21,0.23201,328.923,3170905.8,402.429,6218.11,164.0,19.8235,1.006
7689.61,2710.69,0.35251,53.5972,1081559.9,103.149,3813.23,55.0,39.4708,12.835
10071.6,2821.61,0.28015,119.843,1334835.1,158.341,4114.37,46.0,33.6544,1.614
19507.7,6641.58,0.34045,270.833,2629608.2,326.636,5829.59,314.0,20.6362,4.042
12067.2,3433.09,0.28449,107.038,1749610.9,164.558,4571.41,106.0,33.0087,17.649
9065.07,2442.15,0.2694,73.528,1240919.6,127.546,4108.68,69.0,34.5138,13.238
9847.8,3888.78,0.39488,80.6868,1338687.0,140.109,3695.03,99.0,32.4213,15.819
8152.79,2139.5,0.26242,90.6309,1149667.9,95.2274,4000.95,22.0,35.4813,1.495
8467.64,3772.97,0.44557,67.5828,1219962.2,126.19,3870.15,63.0,34.6605,17.393
6680.18,1896.37,0.28388,58.902,922635.44,79.8042,3336.02,37.0,38.3357,4.641
11904.0,3159.63,0.26542,146.12,1699204.1,173.975,4729.37,23.0,28.8602,1.748
5949.26,1496.2,0.25149,53.0293,830684.8,78.1066,2898.33,24.0,40.0726,11.423
6795.37,2542.83,0.3742,62.6455,991477.06,88.979,3219.98,31.0,39.1678,1.395
16481.0,6121.84,0.37144,200.563,2232166.0,307.186,5795.28,182.0,22.2251,20.163
7376.07,2354.21,0.31916,81.2207,1009772.4,114.188,3095.87,71.0,39.0969,1.35
4403.6,1704.92,0.38716,36.8208,615339.2,58.5027,1458.53,51.0,44.3295,10.901
12328.5,4076.3,0.33064,102.969,1724831.6,143.382,5816.09,46.0,37.3298,16.99
12051.4,2732.31,0.22672,144.236,1694849.1,173.773,4689.21,144.0,30.4297,5.215
5426.28,1818.64,0.33515,45.6364,778867.94,76.8187,2809.11,45.0,41.9418,10.767
6831.51,1523.73,0.22304,64.1822,923019.7,91.2991,3327.32,48.0,38.4526,5.314
12667.5,4091.56,0.32299,134.897,1768606.0,175.798,4217.54,32.0,31.9884,3.147
6886.15,2054.09,0.29829,57.1632,911437.4,91.4279,3190.1,42.0,38.6909,5.011
13987.0,5201.36,0.37187,131.299,1993555.8,212.102,4817.91,96.0,28.3141,18.726
12127.9,2918.15,0.24061,129.338,1648890.6,150.099,3971.41,223.0,32.4074,2.48
10203.7,2782.4,0.27268,95.7146,1463349.2,147.309,4173.61,158.0,30.5192,18.276
7726.59,1502.08,0.1944,75.8095,1089651.2,103.649,3766.27,11.0,34.2959,1.9
8847.66,2565.57,0.28997,87.4881,1277910.8,122.136,3795.48,7.0,35.5552,2.248
8895.72,1999.17,0.22473,100.728,1212882.9,141.841,4012.04,43.0,34.2013,1.932
3547.62,1409.92,0.39742,27.2921,479001.6,45.4878,1448.57,5.0,45.3471,4.457
5990.37,2074.76,0.34634,70.4351,831980.8,92.8265,3028.37,34.0,40.3605,1.589
9982.14,2372.73,0.23769,66.7403,1374199.9,134.873,4146.45,45.0,35.931,9.731
11658.5,2748.8,0.23577,125.714,1600242.0,155.618,3914.96,21.0,34.7475,4.923
13460.7,4125.19,0.30646,136.126,1862245.8,184.134,4523.59,71.0,30.546,4.105
9664.1,2908.65,0.30097,123.276,1329235.8,141.929,4168.46,119.0,28.284,2.416
17690.9,6229.11,0.3521,181.542,2425684.8,265.97,5470.56,115.0,24.2787,6.81
17915.2,7462.07,0.41652,191.749,2500488.8,291.418,6120.39,126.0,24.4366,17.202
14760.8,6054.4,0.41016,172.507,2041818.6,273.306,4844.7,175.0,29.2519,17.055
5053.95,2067.79,0.40914,46.4698,712523.2,75.8237,2018.71,7.0,41.5219,10.866
4335.02,1137.71,0.26244,36.9674,582820.94,51.571,1408.74,17.0,44.3293,2.583
9127.59,2715.66,0.29752,91.7679,1226922.9,121.476,3638.17,43.0,35.1667,19.481
12230.3,4361.04,0.35657,83.2194,1735778.0,160.56,5373.98,17.0,30.6007,19.751
13604.4,3768.73,0.27702,194.296,1840068.2,209.447,4636.38,179.0,28.7607,2.275
9410.24,2222.65,0.23619,116.886,1305065.0,123.286,4188.57,57.0,33.7883,2.358
7250.25,3120.63,0.43041,82.041,979476.75,118.771,3370.24,53.0,37.026,13.127
17460.2,5127.69,0.29367,226.046,2421152.5,276.392,5725.85,195.0,21.8413,2.078
5902.21,2034.66,0.34472,40.3298,826982.4,76.9973,2915.58,40.0,41.5336,13.424
7470.66,2192.31,0.29345,60.9714,1045357.5,101.626,3078.69,78.0,38.0715,2.202
7176.05,2594.41,0.36153,64.8953,1024557.4,101.274,3991.77,58.0,39.4764,8.974
10897.8,2416.04,0.22169,120.632,1472930.1,150.84,3664.53,17.0,34.6606,2.068
6152.36,1625.16,0.26415,52.4596,885628.7,74.6594,2522.02,70.0,41.5382,3.563
4724.51,1342.49,0.28415,40.1122,641226.7,69.2476,2634.09,10.0,43.3673,6.636
5948.71,2092.16,0.35169,52.127,828611.75,87.4418,2561.8,79.0,40.8652,11.531
9871.74,2444.76,0.24765,130.417,1409909.6,155.317,4296.77,44.0,31.6231,2.399
8307.5,2151.55,0.25898,72.1236,1141086.4,106.384,3278.2,26.0,38.7734,12.298
8751.6,2050.58,0.2343,113.004,1204809.6,125.954,4199.2,64.0,34.2207,1.833
11805.6,3649.06,0.30909,136.588,1616363.0,194.151,4189.55,63.0,32.9501,1.721
8977.26,3171.41,0.35327,98.9531,1246614.9,135.485,3627.76,65.0,34.4823,14.765
12351.2,3346.31,0.27092,111.479,1782280.8,157.352,4675.65,82.0,30.7318,14.648
7465.68,2422.66,0.3245,68.2344,1050418.9,93.6707,4044.83,85.0,36.4274,11.188
14941.0,5390.14,0.36076,142.965,2099306.5,223.014,5212.48,48.0,29.8259,2.966
10097.5,3488.7,0.3455,64.491,1435666.6,140.759,5217.67,12.0,34.1842,19.316
12487.8,3691.12,0.29557,133.22,1721074.2,177.769,4245.14,36.0,32.147,3.136
7724.89,3475.86,0.44995,82.3358,1132909.2,117.381,3221.88,46.0,37.3993,14.011
8253.91,2119.83,0.25682,96.4352,1157345.1,97.9802,3335.92,41.0,37.7305,6.978
14969.1,3797.35,0.25367,205.256,2051344.6,264.167,5073.13,166.0,25.1769,2.907
17685.7,6998.42,0.39571,94.3057,2445681.8,315.269,23624.22,92.0,32.1833,13.819
6783.7,1732.88,0.25544,50.453,938422.56,83.3113,3583.22,53.0,38.1307,2.742
7125.86,2290.89,0.32148,61.2952,929365.0,113.677,2868.21,27.0,46.5464,12.203
9626.57,3029.04,0.31465,84.0137,1373243.8,147.215,3907.39,2.0,35.071,2.07
12741.1,3906.49,0.3066,152.925,1820103.0,205.551,4907.46,58.0,29.2935,1.09
8270.77,2761.99,0.33394,69.5448,1118896.6,117.455,4760.09,64.0,34.8738,4.149
5608.66,1515.85,0.27026,46.0233,794913.56,65.2483,2446.33,10.0,41.6381,2.807
5959.74,1660.91,0.27868,57.7437,768626.25,92.0708,2743.52,5.0,39.7092,9.423
6008.55,1542.78,0.25676,55.1646,865526.25,69.0669,2411.3,58.0,41.9578,9.312
9519.26,2430.08,0.25528,110.273,1321661.8,137.782,4232.59,61.0,28.3753,2.077
5392.43,2068.09,0.38351,33.7002,765025.1,70.6221,2451.92,36.0,42.5173,4.352
11763.7,2919.71,0.24819,124.171,1599669.9,158.748,3952.94,224.0,32.5916,2.589
11556.9,2925.31,0.25312,136.149,1597741.0,159.304,4483.79,92.0,31.3896,1.83
6585.98,2099.03,0.31871,62.7311,919863.06,97.2834,2870.4,55.0,38.4963,14.633
11927.0,4375.65,0.36686,123.84,1621775.5,201.672,4132.62,30.0,31.521,3.861
12124.5,3858.2,0.31821,149.961,1698292.1,158.257,5123.47,37.0,27.6776,4.761
11349.9,3000.65,0.26437,146.534,1524398.1,162.055,4468.81,80.0,31.0521,2.68
21767.5,7557.54,0.34719,177.393,3111067.5,358.447,14641.91,95.0,26.4031,3.046
15727.2,5574.58,0.35445,163.041,2145354.8,223.825,5687.98,187.0,26.9122,6.616
7100.68,1432.31,0.20171,69.2805,1011939.1,73.3752,3293.59,17.0,38.2035,11.371
11020.4,3496.12,0.31724,151.4,1487898.6,234.031,3986.82,110.0,33.823,12.888
4485.04,1001.41,0.22327,45.8472,609336.6,69.8155,2632.1,17.0,40.5,2.796
6309.11,2212.94,0.35075,60.1159,817808.6,105.189,2813.11,5.0,39.7647,12.324
6470.88,2162.5,0.33418,65.5419,919752.2,100.471,2811.37,23.0,40.2924,13.179
11777.6,4356.12,0.36986,122.727,1629950.0,192.938,3988.81,39.0,32.3554,3.16
9273.59,3440.39,0.37098,70.4987,1287117.4,136.872,3850.03,111.0,35.8733,17.628
12905.1,3598.62,0.27885,156.417,1799214.8,202.988,4595.06,107.0,29.924,5.377
14480.3,4643.89,0.3207,165.988,1996990.6,215.891,5254.57,200.0,27.3873,1.682
8933.63,3539.05,0.39614,77.6505,1203264.8,141.416,4424.36,58.0,33.2005,19.719
7437.97,2433.13,0.32712,72.1007,992965.75,109.187,3331.59,73.0,37.2778,4.049
7255.86,2378.95,0.32786,75.224,998863.1,103.009,3713.93,32.0,36.3179,1.984
14477.8,5521.98,0.38141,186.667,1917486.8,274.202,5176.6,121.0,27.3687,7.97
8303.2,2618.08,0.3153,90.2347,1112571.8,137.655,3921.07,40.0,36.6663,4.621
5524.73,1646.12,0.29795,52.3387,751989.56,73.4711,3078.23,14.0,39.737,7.599
7169.25,1110.84,0.15494,56.2841,1007649.5,72.7325,3140.48,46.0,39.3028,6.492
5971.48,1058.41,0.17724,53.3328,825630.3,61.9726,3073.04,19.0,39.6963,4.022
14541.3,5213.56,0.35853,146.439,2074223.1,229.614,4736.77,75.0,29.9962,19.109
6865.16,1665.77,0.24264,85.3712,941289.5,108.987,3795.96,23.0,36.0372,1.618
12562.3,3219.94,0.25631,152.658,1783459.4,169.921,4774.68,28.0,28.7238,2.365
9152.34,2222.33,0.24281,103.02,1279109.9,121.374,3749.3,12.0,34.9855,2.52
21444.2,9649.96,0.45,151.924,2854443.2,342.164,5365.23,82.0,30.7456,20.939
9378.29,2025.96,0.21602,102.439,1298597.6,132.713,4229.59,56.0,34.1272,1.583
21223.9,6370.45,0.30015,243.631,2966732.8,313.617,5611.19,77.0,22.9902,3.289
5702.71,1873.14,0.32846,45.1147,794062.44,72.7008,2664.44,31.0,41.6337,13.8
8316.6,1740.2,0.20924,74.431,1097164.8,99.718,3195.67,47.0,37.6887,16.442
5177.52,1679.12,0.3243,36.5064,735584.75,64.7653,2080.83,7.0,44.305,3.882
4407.64,944.33,0.21424,44.4298,597936.6,65.9402,2588.63,12.0,42.9786,2.334
9083.98,2031.89,0.22367,97.111,1271840.5,109.763,4220.87,31.0,33.9181,2.007
8749.59,2233.79,0.2553,100.906,1226247.9,132.269,4018.33,167.0,33.5981,1.472
14706.9,3155.97,0.21459,166.649,2063574.2,206.341,4137.37,143.0,31.7207,1.467
6786.88,2063.97,0.30411,52.3083,880412.56,110.792,4287.18,22.0,36.587,2.769
11836.6,3549.4,0.29986,119.153,1697505.1,188.499,4330.91,51.0,32.1812,11.622
7572.09,2233.84,0.295,65.1523,1060576.0,91.0521,3534.34,55.0,36.8032,6.118
8140.8,2211.44,0.27164,94.4425,1104451.2,93.0302,4084.44,13.0,35.8791,16.394
7877.04,2248.67,0.28547,86.8183,1083151.5,113.001,3097.33,21.0,33.272,0.594
14206.4,4403.74,0.30998,161.614,2034610.9,233.693,4642.98,92.0,29.7219,6.153
5600.53,1466.55,0.26185,63.2559,701435.4,86.6591,3078.87,22.0,39.4726,2.597
6448.58,2268.02,0.3517,60.443,904327.44,80.7277,2747.1,48.0,40.2075,2.6
10809.3,2609.88,0.24144,128.217,1467735.1,156.71,3685.96,30.0,34.7475,2.086
16016.6,3100.78,0.19359,170.633,2234723.5,210.99,4084.79,175.0,31.9757,1.943
20384.9,8228.99,0.40368,180.819,2760173.8,323.492,5064.48,101.0,24.4648,19.809
11765.3,3967.98,0.33726,148.298,1668880.9,209.668,5122.26,131.0,27.3705,13.569
5269.38,930.16,0.17652,57.8778,717962.75,56.8071,2371.92,39.0,41.5915,11.579
16764.0,6192.44,0.36938,185.432,2400065.0,263.445,5012.9,59.0,28.299,7.01
9748.6,2672.37,0.27412,97.7403,1367286.0,132.638,3692.51,113.0,46.5464,2.184
9970.93,3497.63,0.35078,72.7958,1356263.5,150.651,6074.97,66.0,30.9538,15.448
13052.1,3893.56,0.2983,153.746,1866220.6,171.214,4752.96,39.0,28.6656,1.986
8244.18,2483.81,0.30128,92.9165,1168570.9,118.349,3550.32,97.0,36.8602,2.2
15295.5,5595.52,0.36582,156.62,2186912.0,246.515,5772.21,83.0,24.9502,1.829
10753.3,2620.84,0.24372,129.652,1489204.1,154.313,4335.47,93.0,31.4741,2.274
14804.2,3948.38,0.2667,178.79,2081163.8,230.425,4501.19,19.0,29.7805,2.635
7346.88,2042.28,0.27797,89.6509,1033363.1,101.001,3838.96,43.0,36.3518,1.493
8139.1,1809.1,0.22227,86.6646,1140582.6,103.377,3931.32,41.0,35.1597,2.288
5662.09,1621.31,0.28634,59.1333,750544.25,89.5607,2684.65,33.0,41.1133,4.345
5682.75,1518.32,0.26718,49.8383,809810.3,71.8695,2338.07,71.0,42.597,14.423
6147.4,1311.3,0.2133,49.4158,854918.5,76.4011,2886.47,13.0,40.1462,10.484
8921.01,2536.85,0.28436,85.777,1216206.0,119.693,3857.52,27.0,34.8039,1.985
9394.98,2293.03,0.24406,95.9727,1292845.9,137.956,4110.29,48.0,34.3374,6.117
7196.2,2179.13,0.30281,65.999,1015742.56,89.2865,3596.62,32.0,37.9641,1.838
11558.8,2902.52,0.2511,126.124,1596157.6,167.417,3640.85,38.0,34.5417,2.473
10525.7,3240.89,0.3079,95.5728,1472827.8,137.991,4768.3,105.0,30.6404,18.249
5560.9,1950.37,0.35072,55.2787,740230.8,98.0042,2649.51,24.0,41.162,5.631
11225.3,2537.88,0.22608,151.084,1565852.9,185.343,4038.15,69.0,32.5708,1.787
7455.79,2238.01,0.30017,54.739,1078438.9,112.252,2508.75,90.0,40.5939,8.762
11127.5,2977.09,0.26754,139.347,1582645.8,155.7,3953.2,139.0,33.2506,17.229
7383.53,2263.22,0.30652,59.4165,1026040.0,105.099,2610.02,17.0,37.8421,9.484
21960.4,8699.81,0.39615,196.41,2935007.8,336.185,5834.24,158.0,21.9171,11.432
12559.4,2386.03,0.18997,145.286,1715778.9,196.345,4845.2,140.0,29.8564,0.683
12150.1,5620.51,0.46258,105.098,1681664.2,194.678,6107.3,139.0,28.184,20.495
8147.38,2289.68,0.28103,87.1144,1129299.5,111.675,3105.9,21.0,37.631,0.672
11578.4,3719.97,0.32128,122.939,1614713.6,178.384,4175.66,40.0,31.0213,2.414
8812.05,2912.2,0.33047,90.255,1240785.6,134.13,4181.35,67.0,35.3425,13.039
12514.0,4131.6,0.33015,138.847,1722932.1,185.133,4371.78,63.0,31.8704,9.579
8566.7,3145.37,0.36716,90.4336,1172941.5,157.241,4045.11,52.0,33.6615,20.066
8604.63,2329.15,0.27068,94.103,1185838.1,115.292,4293.16,126.0,34.0443,2.875
16967.3,4466.37,0.26323,194.037,2271159.8,265.298,5164.23,202.0,25.993,2.669
5792.46,1128.37,0.19479,54.801,814834.44,64.1976,2941.91,18.0,40.0008,4.033
12566.8,4048.66,0.32217,113.589,1802269.4,179.581,3666.74,125.0,36.0242,15.972
5495.47,1541.21,0.28045,50.242,779549.7,96.7254,2757.7,36.0,41.4459,14.456
23278.3,7690.89,0.33038,261.182,3269083.2,327.946,5854.08,80.0,22.3702,11.53
15835.1,4198.22,0.26512,253.618,2172432.8,254.427,4825.48,278.0,27.2437,4.23
23159.3,7024.93,0.30333,311.945,3212762.2,361.693,6342.9,96.0,17.4958,3.656
9121.08,2519.31,0.2762,90.7064,1248845.6,152.37,3285.28,8.0,36.4096,1.38
11108.6,2921.28,0.26297,137.669,1527121.2,155.95,4467.79,87.0,31.4547,1.905
7049.89,2611.3,0.3704,57.7603,1024596.9,97.6722,3593.02,11.0,36.8719,14.416
12678.7,4477.42,0.35314,161.948,1749776.5,247.515,4731.71,87.0,29.024,4.51
14157.5,3846.6,0.2717,210.706,1960471.0,237.358,5039.31,142.0,26.9001,3.152
17679.6,5576.53,0.31542,234.242,2463270.0,288.097,5654.45,198.0,22.0454,5.333
7402.19,2272.14,0.30695,72.0135,1004208.9,109.303,3364.52,75.0,33.7582,4.649
6051.33,1813.41,0.29967,55.1617,824664.75,106.946,3799.99,23.0,38.9956,16.543
14077.8,4279.35,0.30397,141.701,1935174.1,215.058,5539.39,12.0,30.8799,6.924
11532.2,3315.37,0.28748,115.81,1677009.2,144.553,3826.3,146.0,35.6202,17.49
10376.2,2613.88,0.25191,127.337,1434676.1,160.093,4635.26,73.0,29.9963,1.688
8216.65,2843.44,0.34605,62.4644,1161068.1,113.161,4600.53,59.0,36.4862,17.886
10891.1,3322.35,0.30505,128.807,1504029.4,150.697,4853.78,72.0,29.5046,3.959
17303.8,5770.8,0.33349,190.091,2470007.5,293.819,5415.7,133.0,23.7385,8.687
10240.0,2640.49,0.25786,111.678,1459167.0,146.967,3988.03,46.0,33.4136,1.811
8773.27,3817.58,0.43513,72.1951,1161675.0,137.424,3560.73,55.0,36.5652,16.513
4651.83,1359.89,0.29233,43.9331,640006.0,61.5022,1863.1,21.0,43.523,1.852
11398.3,4431.47,0.38878,91.8027,1618127.0,166.901,5910.38,86.0,32.084,15.679
4586.89,1310.23,0.28564,30.9792,644653.0,52.9525,2350.37,50.0,43.6928,9.859
4667.5,766.28,0.16417,43.4045,632291.3,64.8844,2592.03,12.0,43.0872,2.362
6860.69,2039.84,0.29732,66.7996,979329.2,84.3448,3393.95,63.0,37.7287,10.237
15498.6,5056.03,0.32622,156.227,2209324.2,220.94,5950.67,71.0,24.6459,2.085
7514.86,2374.87,0.31602,63.251,1054560.9,102.695,3404.16,28.0,38.664,17.511
10079.1,5031.56,0.4992,69.0642,1352601.5,181.325,4383.96,65.0,40.2198,17.792
7998.9,2359.49,0.29497,98.4886,1076805.6,127.322,3856.49,32.0,36.3182,5.272
7632.25,2175.9,0.28509,56.0662,1006028.75,100.724,3202.92,42.0,39.7679,4.372
6755.39,2282.47,0.33787,57.1607,936022.9,99.1631,3701.12,73.0,36.6702,1.439
9322.56,3148.94,0.33777,102.153,1309941.8,149.71,4462.95,78.0,32.0906,15.527
15139.4,4850.35,0.32037,214.205,2101558.5,251.992,5388.22,292.0,24.4882,1.341
10287.7,2342.38,0.22768,97.081,1459481.6,135.298,3602.09,139.0,35.9571,3.723
12857.8,2636.72,0.20506,158.239,1757245.9,197.46,4845.22,137.0,29.6884,0.823
16121.4,5702.48,0.35372,158.764,2301117.5,192.401,5432.61,46.0,25.1435,15.938
8162.89,2195.93,0.26901,92.0711,1151521.6,106.539,3549.39,91.0,36.4747,1.962
4000.92,859.43,0.2148,39.9053,580133.75,51.9851,2188.04,39.0,42.3138,6.646
5839.44,2037.37,0.34889,68.0706,815356.3,93.878,2964.21,28.0,36.943,4.833
8601.19,2342.67,0.27236,64.7791,1229038.1,103.667,3380.94,36.0,36.9306,15.683
15537.6,5118.5,0.32942,139.055,2148089.5,214.18,4879.81,155.0,28.4329,19.575
5429.1,1575.46,0.29018,47.458,754171.6,74.0363,3095.15,16.0,40.2957,1.937
8011.74,2265.65,0.28279,87.0206,1075233.6,129.844,3763.18,30.0,35.919,5.11
15928.1,5769.57,0.36222,182.778,2216984.2,260.799,4406.43,29.0,25.587,1.835
26230.4,9210.01,0.35111,265.04,3680017.0,353.062,6704.47,221.0,23.7473,4.906
15971.6,5709.24,0.35746,189.194,2225112.2,256.851,4670.7,31.0,26.0377,1.997
10844.4,2823.48,0.26036,133.373,1523667.1,156.279,4361.07,44.0,31.9497,3.094
6465.12,1623.55,0.25112,57.4892,896072.6,90.2213,2445.23,19.0,40.2322,6.264
7742.23,2280.74,0.29458,65.1486,1064315.2,96.6472,3058.03,48.0,38.818,15.76
6335.01,1521.55,0.24018,70.5852,893220.6,85.2536,2748.09,68.0,39.4106,9.563
5110.65,1419.46,0.27774,50.868,716178.06,60.3687,2345.33,20.0,42.932,2.768
7852.92,2399.29,0.30552,64.9361,1087675.6,98.7637,3472.04,47.0,37.2743,8.607
15867.3,5782.39,0.36442,188.831,2197210.0,256.74,6465.67,221.0,27.4834,2.748
10685.6,3219.38,0.30128,96.0122,1506462.2,142.533,4405.14,103.0,32.6737,4.032
9952.7,4696.62,0.47189,92.0163,1392074.0,165.642,3788.05,21.0,36.0358,18.535
23141.7,5645.89,0.24397,311.586,3163320.2,390.435,6264.02,141.0,19.7351,0.974
5790.91,1584.39,0.27359,63.5666,771909.44,90.7436,2684.16,37.0,41.0588,4.357
4390.52,671.38,0.15291,43.5158,594617.1,60.9313,2568.19,12.0,43.1653,1.45
6518.83,1714.76,0.26304,41.0769,894786.25,82.6983,3265.63,60.0,37.759,5.772
8999.8,1950.31,0.2167,98.4264,1251845.5,138.777,3632.53,17.0,34.226,1.461
5844.34,2022.84,0.34611,74.8769,806403.4,85.8453,3043.02,36.0,40.193,4.174
3862.49,1225.92,0.31739,35.5684,523566.47,49.884,1386.59,32.0,44.4581,11.508
9160.69,3429.69,0.37439,92.4198,1286094.0,127.507,3870.09,33.0,35.4892,11.469
3593.58,1319.11,0.36707,26.0701,491961.0,45.9227,1464.85,5.0,45.5229,2.092
11192.9,3600.23,0.32165,107.282,1570002.0,153.607,4285.24,33.0,30.5468,19.818
4665.74,1173.38,0.25148,38.2539,667114.1,53.9412,1695.55,32.0,44.5458,10.819
8117.09,2752.03,0.33904,55.6344,1098996.9,116.615,2944.04,40.0,41.0153,15.005
12864.7,3205.09,0.24913,165.236,1775395.2,201.655,4719.51,111.0,29.1622,3.899
8276.22,2700.71,0.32632,69.2929,1159596.6,103.715,3176.3,62.0,37.9058,18.575
11799.4,3661.95,0.31035,126.299,1618749.4,164.199,4989.96,82.0,28.6292,4.181
11852.8,3767.52,0.31785,115.452,1702348.8,189.494,4483.32,22.0,32.4703,3.635
4072.75,1899.97,0.4665,24.3593,556010.94,62.9647,1672.19,26.0,43.5565,8.335
22433.0,5518.46,0.24599,336.864,3082490.0,400.09,6223.21,162.0,20.5087,0.976
5299.39,899.33,0.1697,51.2846,725889.8,57.4413,2994.9,22.0,39.9951,4.068
14953.9,6601.06,0.44142,89.247,2105042.2,233.241,15811.31,61.0,34.4644,16.21
6937.74,1320.71,0.19036,62.7045,937360.25,75.3167,3263.19,42.0,38.8738,4.012
6344.6,2277.55,0.35897,78.0883,863743.0,93.1583,3180.04,58.0,38.5976,1.484
6426.05,2077.79,0.32333,63.0205,878460.3,83.4207,3291.25,25.0,38.3125,4.315
10632.2,4707.95,0.4428,88.8861,1499069.0,169.028,4035.46,13.0,36.596,15.93
6147.04,1509.89,0.24562,53.5897,848464.9,81.1473,2889.47,28.0,40.0714,6.141
9458.4,2409.01,0.25469,112.475,1307499.4,131.485,4206.11,75.0,34.2422,1.968
18589.9,6487.6,0.34898,150.864,2654026.5,299.126,9407.1,84.0,29.6835,5.17
11789.3,2891.74,0.24528,91.795,1635147.5,140.338,4949.49,141.0,35.268,16.748
7547.87,2266.03,0.30022,71.9001,1054866.6,104.401,3250.5,96.0,38.4202,16.781
9476.15,3381.31,0.35682,106.141,1339035.6,124.853,3540.5,52.0,35.9609,19.132
9721.0,3657.19,0.37621,130.254,1299579.2,182.587,4445.7,191.0,30.9634,1.462
9553.88,3197.74,0.3347,75.6577,1331010.0,137.35,3293.27,65.0,36.7739,14.809
6914.15,2186.06,0.31617,62.2081,921510.25,92.8601,3728.0,77.0,37.5481,5.684
6731.34,2229.04,0.33114,63.1984,910346.3,100.464,3137.95,16.0,40.2245,1.726
13125.9,3514.73,0.26777,172.518,1837995.0,216.059,4329.58,76.0,30.3971,1.582
8161.6,2748.51,0.33676,65.9599,1088148.8,118.232,4345.54,61.0,33.5159,4.989
8318.34,2495.76,0.30003,91.1324,1179364.0,99.5384,3926.74,27.0,35.6174,1.785
9659.8,2402.03,0.24866,107.949,1364165.1,147.229,3860.94,13.0,34.1178,0.833
7704.22,2230.2,0.28947,67.6916,1073403.8,97.3514,2866.49,94.0,39.0998,6.07
8091.93,2762.06,0.34133,81.2001,1157897.6,117.163,3086.17,20.0,38.1789,15.454
16198.3,4526.23,0.27942,238.452,2224383.2,279.448,4866.95,285.0,27.4923,3.959
10002.6,3938.42,0.39373,92.635,1399767.9,144.226,4010.35,1.0,35.0607,14.566
10817.8,4342.53,0.40142,135.183,1451595.9,185.988,4480.74,165.0,31.0606,2.95
8784.72,3378.48,0.38458,68.0222,1235669.1,124.826,3544.65,48.0,38.6017,15.298
13403.2,3933.63,0.29348,141.763,1837876.6,206.422,4442.63,41.0,31.1485,2.398
9236.25,2777.07,0.30067,77.2079,1297495.8,124.715,3794.62,25.0,35.8576,11.122
7184.92,2059.04,0.28657,61.9824,981065.4,94.1393,3285.72,35.0,40.3029,3.865
7730.04,1533.29,0.19835,72.2358,1072099.6,83.7646,3328.61,33.0,37.065,12.424
8239.7,2006.65,0.24353,93.1014,1147380.9,122.324,3248.71,4.0,37.0438,0.434
5784.28,2689.09,0.46489,54.1292,807336.9,106.394,2367.72,55.0,40.966,15.314
5269.2,2136.25,0.40542,33.6548,746862.75,71.2094,2440.42,38.0,42.7156,1.277
7997.22,1820.46,0.22763,68.536,1168106.4,92.257,3175.42,21.0,37.3011,1.577
8141.85,2447.97,0.30066,83.9136,1167074.9,121.655,3792.13,2.0,34.8904,1.723
7901.08,2216.28,0.2805,83.3746,1078923.5,118.057,3209.28,82.0,38.7465,1.693
9749.4,3502.51,0.35925,80.5496,1336324.5,138.259,4049.38,58.0,34.5057,15.417
15454.7,3511.66,0.22722,200.946,2149631.0,239.811,5038.82,124.0,24.0375,2.343
6023.58,1288.35,0.21388,43.0501,809687.06,87.6826,2892.17,31.0,42.6784,13.834
4214.34,1305.55,0.30978,34.0921,581846.4,50.2325,1404.75,17.0,44.2624,1.48
8467.86,2168.86,0.25612,98.5877,1148939.6,126.56,3469.94,11.0,36.8769,1.42
7078.8,2672.58,0.37754,64.4315,998030.2,117.903,3256.01,53.0,39.0405,9.34
8968.55,1947.46,0.21714,106.863,1236890.5,277.551,3599.46,128.0,36.6302,18.786
16983.2,5618.02,0.33079,245.349,2315934.5,267.501,5447.53,124.0,23.8073,2.177
8631.14,2201.37,0.25504,64.7404,1213860.8,103.601,3607.34,39.0,36.4869,18.436
11828.0,4794.24,0.40532,136.751,1575496.4,188.52,4145.02,40.0,33.1182,5.256
6695.24,1385.28,0.2069,64.1837,908477.44,88.7962,3103.37,56.0,38.8611,15.498
14312.4,5395.83,0.377,193.408,1945277.1,264.318,4612.09,45.0,28.6589,2.852
4409.87,1535.93,0.34829,40.224,622073.1,65.3143,2372.66,65.0,41.4471,11.394
14147.6,3293.33,0.23278,199.608,1956392.2,248.854,4935.07,125.0,26.5857,3.241
7555.25,2514.42,0.3328,54.2252,1019676.3,107.31,2722.4,37.0,40.8718,6.843
6649.04,1949.37,0.29318,52.9505,951468.94,76.693,3184.84,16.0,39.3338,12.978
7729.38,2189.56,0.28327,88.2456,1096091.6,111.098,3853.29,24.0,35.9555,1.528
3925.83,950.19,0.24203,33.1835,558007.56,43.5106,1786.06,12.0,44.4657,1.898
5968.66,1302.08,0.21815,57.5873,823993.44,72.8843,2711.64,17.0,40.7482,1.63
10437.9,2731.3,0.26167,126.811,1487572.1,156.563,4282.35,37.0,32.6805,2.345
8216.65,2843.44,0.34605,62.4644,1161068.1,113.161,4600.53,59.0,35.8808,17.886
14960.3,3145.94,0.21028,204.496,2062574.5,234.913,4985.94,138.0,26.4224,2.715
5584.36,1687.52,0.30218,50.2967,778339.44,85.711,2769.57,18.0,37.7726,13.288
8561.45,1903.81,0.22237,97.6337,1216050.6,130.049,3823.35,43.0,32.94,5.299
6736.79,2057.31,0.30538,55.9145,877232.2,111.009,4755.9,21.0,38.9407,4.928
7948.72,2367.15,0.2978,60.1842,1104921.2,99.5249,3500.75,44.0,37.3576,7.105
18838.5,6007.93,0.31891,210.591,2580050.2,316.456,6061.83,223.0,19.7379,12.876
5800.95,1546.69,0.26662,47.2794,816807.06,71.9864,2913.9,13.0,40.8108,2.299
13002.4,3938.67,0.30291,96.7459,1782362.6,164.182,5210.71,139.0,35.482,18.797
5997.09,2028.48,0.33824,55.4428,819082.75,82.8936,3220.41,13.0,39.3423,7.958
7335.84,2646.56,0.36077,52.3165,1035480.0,92.6516,3692.77,57.0,37.2493,13.502
6415.47,2657.67,0.41425,51.8237,909558.7,103.127,2606.17,46.0,41.3334,5.938
10554.2,3993.15,0.37834,140.457,1461975.8,179.155,4562.46,34.0,30.5933,15.612
13347.9,4294.44,0.32173,108.316,1848435.4,190.456,4389.17,37.0,31.9293,4.711
10429.8,2363.48,0.2266,119.03,1421161.0,170.645,3890.87,55.0,33.2596,1.189
18235.6,6196.31,0.33979,196.189,2592534.2,279.445,5393.96,114.0,21.1195,18.798
9485.2,2784.26,0.29353,125.368,1314945.8,139.763,4430.72,62.0,34.8591,9.701
8643.5,3031.7,0.35074,75.1938,1182620.6,111.05,3573.26,114.0,36.903,16.615
8088.31,1606.62,0.19863,81.8411,1136492.6,103.783,3768.59,14.0,33.8921,1.934
14237.2,3555.75,0.24975,197.399,1912799.2,218.04,4534.77,175.0,29.1501,1.687
5811.16,1063.51,0.18301,51.5351,802537.6,66.8505,3025.04,22.0,39.6378,3.949
12939.4,5537.67,0.42796,127.637,1804442.0,202.223,4868.45,116.0,29.747,19.301
6864.67,2178.74,0.31738,58.2245,924008.2,98.7183,3094.17,27.0,40.2988,1.677
12487.4,3379.45,0.27062,104.307,1807551.2,152.405,5101.07,81.0,31.8343,16.992
8389.07,1943.81,0.2317,93.8855,1172869.2,120.189,3222.39,4.0,36.6714,0.732
8295.6,2754.49,0.33204,95.9852,1105159.0,122.206,4307.64,112.0,33.0976,3.376
11301.3,4568.51,0.40424,87.5985,1599445.2,163.359,4312.7,5.0,35.2574,8.141
8114.0,2325.41,0.28659,72.2162,1085419.4,107.434,3615.45,92.0,34.7627,15.189
9240.25,1814.41,0.19635,88.6119,1296801.1,103.453,4700.89,21.0,33.1574,2.597
6173.09,1863.72,0.30191,50.0643,863803.2,85.4354,2393.85,64.0,41.0117,11.581
16286.1,4694.76,0.28826,207.854,2242724.8,300.21,5317.76,173.0,25.3818,3.726
10939.5,2833.81,0.25904,120.556,1502379.1,164.944,3601.59,22.0,34.7942,2.477
4084.1,1480.24,0.36243,23.9647,559591.2,55.1895,1638.22,32.0,44.3646,11.054
4983.05,988.28,0.19832,46.0849,714026.9,54.5704,2194.49,81.0,42.7669,0.751
10611.3,3359.34,0.31658,116.326,1514805.0,129.693,3885.13,52.0,34.6971,1.936
15726.9,5283.28,0.33593,191.553,2070808.8,229.555,4386.19,108.0,30.2532,2.961
13124.7,4379.81,0.3337,155.69,1878067.5,212.896,5660.8,81.0,25.3517,2.112
4572.09,962.99,0.21062,38.1588,598346.06,66.5314,2611.85,12.0,43.4343,2.098
9711.73,2101.18,0.21635,105.919,1342713.0,131.038,4222.71,51.0,34.0995,1.904
9614.11,3422.78,0.35601,91.6847,1337168.1,144.69,3571.87,29.0,37.6853,2.937
5769.76,2048.93,0.35511,49.6801,807342.9,76.0786,2664.21,83.0,40.3904,12.582
8010.82,2233.93,0.27886,69.8213,1049233.1,104.216,3952.9,15.0,36.1842,8.307
7808.01,1711.98,0.21925,72.5986,1043905.3,94.5474,3585.56,89.0,35.5729,15.482
6817.28,2785.45,0.40858,55.9192,958328.2,114.622,3196.62,54.0,38.3435,13.679
18799.2,6085.32,0.3237,243.78,2569422.5,302.971,5343.27,276.0,27.074,4.61
8172.54,2451.84,0.3,99.5268,1118927.2,149.165,3237.02,13.0,36.6396,1.497
7887.83,2304.49,0.29215,69.7834,1097989.0,111.007,3363.09,32.0,38.0565,8.71
12471.1,3588.61,0.28775,145.907,1782378.9,172.102,4720.68,30.0,29.2638,1.736
8694.54,2715.8,0.31235,88.7235,1162179.0,133.243,3817.95,12.0,36.4101,18.02
6169.66,3184.21,0.5161,60.6058,862618.4,112.222,2561.7,74.0,41.1082,13.271
15013.2,5190.56,0.34573,173.539,2064824.8,229.044,4756.13,108.0,28.7957,8.846
6399.49,2767.27,0.43242,58.4564,920997.2,112.597,3193.87,79.0,38.8592,13.623
6374.49,2465.31,0.38674,62.2433,879223.9,93.9194,3593.51,51.0,37.0552,15.33
7304.09,1924.49,0.26348,71.4054,996581.2,95.6124,3490.81,57.0,35.907,7.895
7734.02,2483.35,0.32109,70.7362,1033184.56,118.202,3391.13,75.0,46.5464,3.447
7716.35,1947.23,0.25235,79.4141,1041868.0,121.582,3572.2,34.0,36.2042,1.64
10613.1,3227.67,0.30412,94.8636,1510176.6,137.62,4312.54,103.0,33.2542,3.941
16107.0,5458.99,0.33892,185.806,2233911.5,258.422,5627.52,163.0,23.1752,2.41
8122.68,1646.57,0.20271,83.4574,1148635.0,95.7777,3399.45,16.0,34.2588,7.697
9382.94,3379.4,0.36016,106.056,1225912.8,146.823,3851.58,82.0,35.9187,16.77
7150.44,2513.06,0.35145,64.2483,1024339.8,80.9278,2441.86,76.0,40.022,3.564
14360.7,4709.36,0.32793,186.399,1962789.1,227.265,4803.24,77.0,29.3368,10.19
7797.66,2541.94,0.32598,69.4284,1054086.5,116.342,4357.11,75.0,34.0576,3.343
9322.56,3148.94,0.33777,102.153,1309941.8,149.71,4462.95,78.0,32.0906,15.527
11430.0,4551.09,0.39817,90.0308,1549416.5,158.124,4780.32,56.0,32.425,17.891
16798.3,6428.41,0.38268,183.708,2375553.0,278.234,4924.34,43.0,26.9121,6.328
13178.0,4466.37,0.33892,95.4715,1833144.0,196.733,4472.39,130.0,30.0458,18.983
12469.5,3210.13,0.25743,159.926,1737440.8,197.535,4831.2,60.0,26.5817,2.838
11424.9,4058.32,0.35521,127.503,1628155.6,190.741,4687.86,170.0,24.2866,17.535
10493.0,2511.78,0.23937,122.48,1460192.1,172.012,4637.4,173.0,46.5464,0.689
4009.33,1210.95,0.30203,34.6122,548368.3,51.2394,1392.66,34.0,44.4318,11.288
20569.2,5658.37,0.27508,248.692,2821395.2,323.533,5912.5,205.0,22.6693,4.062
18981.7,6437.43,0.33913,244.865,2586964.0,310.786,5005.99,245.0,24.2704,6.492
10239.9,2882.69,0.28151,97.0657,1430084.0,131.715,3573.34,27.0,35.8978,3.128
7659.64,2700.65,0.35258,78.6324,1043311.06,100.263,3474.81,22.0,36.6442,17.82
14734.1,5764.84,0.39125,205.886,2028303.8,261.303,4657.24,66.0,28.6457,5.191
11131.5,4167.11,0.37435,96.0602,1590071.8,155.332,3863.52,51.0,34.8337,16.53
7298.7,2702.01,0.3702,54.9242,1033781.9,91.1158,2890.62,48.0,39.7587,12.161
6597.18,1973.9,0.2992,60.4602,935101.7,86.4215,3509.56,84.0,36.8664,10.812
5812.34,1485.76,0.25562,46.8695,812117.06,64.7726,2489.87,17.0,41.5242,7.784
9134.38,2688.56,0.29433,106.184,1263836.8,124.154,3897.76,22.0,33.9263,2.478
8015.3,2849.45,0.3555,81.9424,1086468.6,115.356,4122.83,25.0,34.4984,9.347
9332.2,1937.75,0.20764,101.172,1303496.6,133.207,3646.45,26.0,34.049,1.455
19381.6,5881.5,0.30345,200.191,2687598.2,297.196,6046.82,230.0,22.9716,7.148
16995.8,5408.46,0.31822,175.942,2432196.2,269.145,4894.73,148.0,27.4739,16.962
6869.47,1921.88,0.27977,67.5066,945373.06,87.2108,3035.73,45.0,39.8016,1.969
23836.2,7631.5,0.32016,280.565,3171969.2,324.722,6230.81,188.0,19.6114,19.729
11006.6,3580.15,0.32527,139.003,1536822.6,174.049,4019.15,111.0,32.4515,13.594
8099.4,2863.74,0.35357,67.932,1155622.0,111.971,3482.42,41.0,36.3947,16.763
15764.4,4064.88,0.25785,201.497,2183847.2,254.293,5124.75,144.0,25.2791,2.791
7285.89,2070.12,0.28412,62.528,979565.56,91.0046,3515.4,22.0,37.1022,6.462
8398.39,4269.42,0.50836,86.376,1045731.9,174.416,2596.45,85.0,39.5156,14.401
5436.8,1481.41,0.27247,40.6176,757423.94,82.3818,2411.52,39.0,42.1444,13.372
9770.69,3129.05,0.32024,98.9168,1386856.2,130.386,4105.02,99.0,33.1062,4.887
7000.4,2266.37,0.32374,57.9951,953184.4,104.906,3045.28,101.0,38.3707,6.113
5546.2,1441.24,0.25986,49.3384,703154.8,79.6086,2398.75,26.0,42.7138,2.461
7566.83,2213.37,0.2925,94.4032,1034081.0,102.732,3260.54,23.0,37.1937,20.932
6234.4,1317.65,0.21135,53.0129,853957.3,66.1505,2633.2,19.0,41.0016,11.958
7867.28,3015.63,0.38331,89.2421,1054292.1,151.558,3678.56,58.0,35.6209,10.076
6835.89,1895.84,0.27733,57.4888,952611.25,97.0675,3075.28,12.0,37.1809,17.823
15692.2,4256.42,0.27124,200.301,2137448.2,246.197,5132.7,86.0,26.1474,5.395
8842.37,2082.51,0.23551,94.3653,1233784.8,131.933,3546.09,18.0,34.6286,1.5
14814.9,4734.77,0.31959,230.262,2072735.5,261.468,5416.34,196.0,23.189,3.768
7885.42,2193.57,0.27818,65.5143,1079430.5,103.293,3364.61,31.0,38.0569,8.518
6892.61,2635.4,0.38235,56.4671,974547.44,97.5334,3073.13,55.0,39.5722,13.467
8598.35,3076.25,0.35777,79.0354,1157046.6,123.443,3887.75,57.0,34.8569,15.293
13942.9,6631.76,0.47563,152.427,1915438.6,230.66,5289.04,133.0,27.9019,17.992
3498.11,1341.05,0.38336,24.7526,482282.12,47.2159,1456.34,6.0,45.022,7.914
5509.1,1809.76,0.3285,27.9433,746308.0,82.1515,1998.35,7.0,42.4841,16.078
19029.3,7519.62,0.39516,199.24,2632078.0,315.844,5999.5,176.0,22.3913,16.213
8074.91,2704.04,0.33486,75.5677,1077434.9,120.55,3674.0,57.0,36.3005,7.177
22492.5,7646.57,0.33996,247.222,3004478.2,357.7,6284.43,327.0,19.391,3.035
6845.39,2297.14,0.33557,61.9301,950102.3,100.722,3697.94,72.0,36.8036,1.539
18049.2,5831.99,0.32311,190.37,2562022.0,262.587,5187.19,47.0,25.1876,9.455
5138.46,1748.24,0.34022,54.6965,690340.4,73.8174,2597.67,58.0,41.2111,12.695
21296.4,6730.69,0.31604,243.268,2977021.2,335.289,5539.3,69.0,23.1911,3.523
14662.1,5442.68,0.3712,163.158,2091331.0,246.991,4587.98,64.0,29.0698,3.416
6816.93,2442.88,0.35835,76.1591,930202.25,99.0812,3261.21,57.0,38.8708,1.272
7034.32,2238.05,0.31816,76.4392,963135.0,111.301,3069.56,82.0,39.1113,1.539
5272.2,1890.66,0.3586,49.5002,751255.8,81.9036,2464.11,48.0,42.0931,11.727
13273.8,3453.75,0.26019,147.383,1815843.5,183.937,4692.76,44.0,29.1505,4.57
5333.82,1441.47,0.27025,48.2894,774989.44,60.2552,2336.83,12.0,41.8993,5.11
6677.59,2533.68,0.37943,79.6697,915612.7,100.604,3266.16,65.0,38.5156,2.414
8450.72,1908.1,0.22579,104.185,1175607.8,128.07,3706.47,17.0,33.963,1.788
7588.34,1639.2,0.21601,69.0555,1082844.8,85.1391,2725.23,56.0,39.7573,13.036
8644.64,3333.78,0.38564,65.1476,1143635.5,130.94,4426.5,52.0,39.0552,5.61
11602.6,3172.12,0.27339,97.9598,1619103.8,139.252,4776.78,129.0,33.5434,17.045
4595.71,1201.22,0.26137,37.5684,637759.75,55.3083,2456.86,46.0,41.7672,12.435
11771.1,3980.86,0.33818,107.007,1636915.6,158.864,4658.19,90.0,34.5528,16.248
10035.8,2863.6,0.28533,103.707,1375358.0,166.436,4183.42,73.0,29.9791,0.845
22536.6,9194.85,0.40799,151.74,3184971.2,343.333,6898.34,141.0,20.9078,20.462
21914.3,7699.71,0.35135,288.162,3033555.2,421.586,6381.29,139.0,17.096,5.678
6922.01,1634.94,0.23619,65.7055,929751.0,82.0718,3277.89,40.0,38.3707,10.88
6890.61,2485.87,0.36076,79.5733,948717.6,91.7219,3268.87,64.0,38.0436,1.993
9721.78,2010.19,0.20677,105.464,1370192.1,138.322,4204.79,51.0,33.9092,0.969
12186.1,4398.82,0.36097,106.883,1644191.0,173.96,4978.24,67.0,30.3447,17.105
13168.0,4452.14,0.3381,148.92,1854027.5,225.601,4602.16,95.0,29.8702,5.734
10925.8,3341.97,0.30587,123.287,1455302.4,163.35,4059.7,44.0,33.7102,1.772
7258.15,2358.39,0.32492,72.7254,998283.3,100.498,3726.24,30.0,36.4587,1.544
14829.5,4273.89,0.2882,186.331,2061881.8,224.293,5612.25,138.0,22.86,0.811
9017.46,2960.32,0.32828,81.2719,1243977.5,123.565,3493.08,59.0,34.2875,17.901
7870.86,2510.84,0.319,90.1152,1060540.5,123.202,3235.28,79.0,38.61,1.685
11767.1,2970.32,0.25242,150.571,1671123.1,163.696,4723.02,30.0,29.056,1.662
10959.7,3829.71,0.34943,118.65,1556945.8,156.175,3921.22,66.0,34.5233,2.494
10126.5,1293.5,0.12773,129.434,1400639.4,157.643,3630.97,57.0,46.5464,0.0
7418.62,1711.28,0.23067,67.8945,959273.2,98.5723,3253.01,14.0,38.6072,11.009
15929.5,5564.55,0.34932,238.704,2177652.2,258.305,5533.36,119.0,23.3127,2.553
14430.2,5459.47,0.37833,183.216,1957895.4,294.77,5232.69,209.0,27.9813,20.878
12005.5,4963.39,0.41342,101.938,1668523.9,193.38,5308.62,126.0,35.8323,17.645
14441.0,4026.72,0.27883,201.899,1981240.9,207.537,4592.37,171.0,28.9876,2.239
7169.71,2708.14,0.37771,65.3646,1048077.94,101.045,3208.49,32.0,38.8601,1.188
5876.17,1910.75,0.32516,54.8898,812113.0,79.4903,3122.03,10.0,39.7338,8.348
5767.25,1832.51,0.31774,65.1074,761222.1,84.3872,3101.86,31.0,39.0718,14.648
7411.15,1779.94,0.24017,59.0418,1083073.4,76.9875,2537.44,51.0,40.5256,7.759
5415.76,2285.06,0.42192,37.8391,735443.56,89.9833,1611.43,7.0,42.2749,11.545
4093.71,1261.09,0.30805,32.7146,563476.06,49.7942,1411.7,17.0,44.2802,1.454
5623.04,1197.18,0.2129,51.487,801650.56,74.8099,2898.55,51.0,40.0705,1.805
10609.0,4183.69,0.39435,134.839,1423920.6,185.394,4485.32,167.0,31.3236,1.664
7156.27,1877.02,0.26229,69.615,1014243.25,86.8618,3697.0,29.0,37.2827,1.97
9764.98,3836.72,0.3929,130.657,1290010.1,194.475,4441.67,174.0,31.0527,1.741
10488.2,2647.56,0.25243,125.695,1450260.6,157.275,4697.26,65.0,29.9933,1.899
13004.3,2734.81,0.2103,174.227,1835906.6,197.952,4024.31,138.0,32.3145,1.531
16915.3,6023.77,0.35611,154.049,2425246.0,268.694,5980.75,71.0,24.0555,1.881
4298.55,781.11,0.18171,37.4401,576058.6,58.5488,2606.87,13.0,42.3727,9.241
4712.44,1342.8,0.28494,42.7175,630663.06,69.2458,2618.07,16.0,43.49,6.62
16054.3,5021.87,0.3128,151.897,2217786.2,222.773,4131.81,89.0,31.7704,16.387
8311.87,2107.65,0.25357,98.0165,1147680.4,120.747,3307.24,109.0,36.2752,1.394
3979.11,847.06,0.21287,32.4841,567792.06,45.2112,1768.38,14.0,44.4716,1.772
11617.0,3917.5,0.33722,130.526,1634960.2,168.19,4500.53,73.0,32.8212,4.066
4005.87,1243.42,0.31039,36.196,547904.2,49.5614,1395.96,17.0,44.4147,1.626
12213.5,4827.39,0.39525,126.487,1744514.0,205.672,4809.91,66.0,28.7172,13.868
5758.56,1793.33,0.31141,56.1355,786489.3,83.6152,2397.53,45.0,41.7705,14.535
6869.38,1804.75,0.26272,64.2183,943348.25,86.0646,3072.17,28.0,39.0703,8.027
13914.3,4487.68,0.32252,185.547,1901447.9,249.056,4568.74,33.0,28.9447,1.827
3938.25,902.95,0.22927,34.5952,557635.06,45.1893,1806.99,11.0,44.3754,2.115
7031.97,2209.69,0.31423,79.2288,957836.4,114.685,3089.62,79.0,39.0021,0.862
8973.03,2679.51,0.29861,82.7156,1214441.1,143.549,3741.83,34.0,34.353,5.068
9497.8,2828.75,0.29783,91.7338,1349559.1,146.411,3879.58,23.0,30.3177,3.783
5562.1,2293.89,0.41241,54.9515,749714.94,88.7054,2670.08,50.0,40.8985,4.779
4266.62,1415.44,0.33174,36.7642,576440.7,52.3674,1443.9,16.0,44.1548,1.805
16277.0,4702.82,0.28892,243.686,2224251.8,267.279,4821.66,276.0,27.6924,4.285
14007.8,3796.38,0.27101,174.666,1931584.4,201.089,5008.14,130.0,28.0978,4.187
8111.47,1700.44,0.20963,64.8388,1143060.1,79.6119,3085.83,26.0,38.4495,8.555
6867.67,1772.33,0.25806,78.1218,912209.1,97.154,3511.69,81.0,37.5937,1.514
9236.34,1912.15,0.20702,96.8868,1287404.0,136.759,3658.76,19.0,34.0435,1.389
3882.34,1269.01,0.32686,30.9326,536515.25,48.6891,1362.02,24.0,44.3588,1.661
7504.6,2031.13,0.27065,66.2567,1061935.6,78.4518,3703.57,21.0,37.4047,12.818
15052.7,4713.75,0.31314,215.948,2086505.5,255.517,5329.88,296.0,24.9402,1.545
9917.85,2346.46,0.23658,123.196,1375823.0,160.374,4595.44,73.0,30.2115,1.199
12190.4,3848.53,0.3157,106.016,1699094.6,178.475,4403.55,19.0,32.7114,2.817
19602.1,6878.01,0.35088,155.886,2787522.5,315.569,9788.38,77.0,29.5564,6.34
9020.45,2982.76,0.33066,79.4632,1201965.5,118.314,3859.99,61.0,34.926,15.347
9153.02,3295.57,0.36005,94.5815,1293265.2,139.163,3676.67,97.0,35.4917,12.125
13475.4,4814.93,0.35731,168.55,1877843.5,227.605,4644.75,99.0,29.7563,7.19
8967.83,2154.06,0.24019,96.0862,1264450.1,131.425,4081.28,165.0,33.4932,1.3
13744.2,5099.98,0.37106,102.625,1896370.9,203.041,4712.82,136.0,29.6913,19.236
7053.06,2621.5,0.37168,64.0394,974271.6,106.947,3005.3,57.0,38.0319,13.771
9946.06,2068.78,0.20799,113.661,1383501.8,128.121,4282.97,57.0,33.9167,2.006
10697.7,2974.73,0.27807,129.608,1521177.6,170.908,4421.65,40.0,29.8803,2.994
24059.8,8348.55,0.34699,252.345,3357270.0,359.83,5698.55,100.0,22.8346,3.368
12095.1,3322.76,0.27471,130.226,1663387.0,169.508,4564.99,81.0,30.9009,1.976
8595.73,1794.6,0.20877,96.9681,1203936.2,120.532,3789.25,44.0,34.6682,2.342
5172.23,1770.26,0.34226,40.3593,720037.5,67.7208,2199.61,41.0,42.8785,7.066
9968.42,3362.32,0.33729,135.625,1341203.8,189.23,4500.29,169.0,29.9886,2.701
8580.93,2102.61,0.24503,75.225,1169264.9,86.9238,3490.37,28.0,37.1285,6.804
6093.93,866.32,0.14216,55.8346,843743.1,69.5843,2657.96,18.0,46.5464,7.987
8800.56,2285.76,0.25972,103.449,1237504.5,129.043,3230.74,4.0,31.7592,0.499
5384.12,1580.92,0.29362,36.5811,744142.75,70.99,2052.51,31.0,42.2385,7.998
8904.8,3130.4,0.35154,92.4014,1260058.2,110.167,3824.86,33.0,34.8929,12.799
5173.29,1122.38,0.21695,43.7239,708007.94,74.3836,2830.72,15.0,42.5057,2.426
13505.7,3965.33,0.2936,197.095,1836765.9,212.943,4609.43,176.0,29.1822,2.196
9436.43,3713.44,0.39352,73.5619,1310122.0,135.782,4946.16,43.0,37.9258,14.095
9238.98,2158.57,0.23363,101.396,1292995.6,127.76,3841.75,51.0,35.559,2.834
7472.25,2214.08,0.2963,77.5271,1036179.5,107.923,3469.82,36.0,36.3644,4.931
8784.25,3462.8,0.3942,97.4685,1237764.2,122.726,3999.28,47.0,35.3211,16.083
16139.1,7423.77,0.45998,98.8144,2261741.8,252.801,5123.24,88.0,33.2664,18.532
8244.72,3275.8,0.39732,74.5552,1157696.0,122.679,3892.28,60.0,34.8048,13.769
14440.0,4562.76,0.31598,154.49,2083211.6,213.585,5274.91,103.0,26.541,1.929
6208.41,833.7,0.13428,46.3859,880256.2,74.018,2751.33,1.0,42.0181,0.587
7921.2,2689.54,0.33953,56.0273,1081822.8,108.518,3216.09,50.0,38.2716,12.122
10571.3,2341.09,0.22145,125.45,1436461.5,151.592,3643.54,22.0,34.7147,2.204
8421.49,3539.16,0.42025,91.5093,1209227.1,143.572,3098.46,64.0,37.6855,18.276
9063.91,2669.18,0.29448,102.658,1249501.0,132.851,3845.39,20.0,33.7524,2.766
10716.0,3791.4,0.3538,105.121,1552185.4,167.443,4335.57,113.0,32.2752,17.499
13730.0,3041.27,0.2215,162.551,1882414.4,222.691,4773.67,23.0,28.6926,3.099
14170.5,3520.75,0.24845,186.407,1937925.8,214.666,4581.39,179.0,29.2828,1.838
6853.03,2500.48,0.36487,57.0034,915392.44,104.416,3037.63,37.0,39.7099,13.473
7483.14,2297.9,0.30707,72.0822,1044124.0,104.683,3355.1,75.0,37.514,13.485
7121.19,1697.04,0.2383,61.9369,992579.9,86.2145,2886.48,27.0,40.5642,16.556
10390.8,3242.43,0.31204,106.292,1498422.4,149.124,4241.78,157.0,30.6478,18.006
21757.4,8904.76,0.40927,150.867,3001576.2,337.302,6522.44,129.0,19.6635,20.635
5990.59,1198.87,0.20012,52.5297,834108.8,69.4188,3005.11,19.0,39.568,3.884
4870.02,1047.49,0.21508,45.9388,606663.5,66.4962,1930.59,39.0,43.5557,11.084
29768.8,10078.4,0.33855,260.848,4143060.8,382.77,5863.65,122.0,22.7825,5.362
6975.79,1615.94,0.23164,60.6296,992677.7,80.1136,3183.68,47.0,39.8702,16.173
8697.78,2281.5,0.2623,64.049,1163067.6,106.233,4272.57,29.0,34.7477,11.055
9765.51,2768.25,0.28347,118.733,1342129.6,142.36,4188.96,125.0,32.8642,2.258
9165.58,2653.13,0.28946,95.687,1237651.0,128.6,3323.98,89.0,38.2728,2.288
11772.0,4304.96,0.36569,143.981,1701677.9,186.034,4131.75,110.0,32.62,16.763
11232.3,2853.96,0.25408,134.692,1564674.0,168.889,4702.68,169.0,28.6201,0.702
10228.3,2092.24,0.20455,101.372,1451674.5,138.474,4265.67,46.0,33.5907,1.018
12836.1,4273.83,0.33295,87.9077,1833771.6,175.05,4490.9,97.0,31.0988,4.815
11317.2,2938.49,0.25964,115.115,1593660.5,159.73,4446.79,74.0,32.6947,2.292
9034.85,2211.25,0.24474,96.5828,1212131.4,133.427,3562.87,8.0,36.5258,1.058
12778.3,4546.37,0.35578,143.256,1870222.4,221.492,4547.76,115.0,29.4588,20.033
22483.8,5470.9,0.24332,336.753,3081225.5,400.458,6237.97,157.0,19.8088,0.972
7960.91,2430.52,0.3053,62.3989,1117604.4,104.118,3517.02,20.0,37.3383,15.582
9710.94,2923.79,0.30108,113.067,1339761.1,165.171,3632.75,15.0,34.1909,2.917
12953.2,4316.91,0.33326,135.224,1823967.0,194.695,4334.67,49.0,31.5703,3.066
14691.4,4242.87,0.28879,190.802,1996660.9,222.146,4619.54,184.0,29.035,1.946
5023.48,1694.55,0.33732,49.3728,701712.06,67.7451,2178.94,28.0,42.742,1.54
7412.01,2608.1,0.35187,75.8633,1045238.56,114.754,3271.14,67.0,37.7919,18.473
18176.2,4546.81,0.25015,212.662,2583524.5,259.49,5501.92,219.0,23.631,15.058
16438.8,4626.99,0.28146,195.492,2309508.5,286.064,5218.35,255.0,21.7786,19.058
5261.74,2226.84,0.42321,34.9136,745455.94,72.6439,2469.19,36.0,42.5881,3.228
5697.41,1562.52,0.27425,59.9749,770381.9,81.8437,2980.15,75.0,40.4214,10.572
6623.8,1833.67,0.27683,65.3694,929206.0,91.6783,3129.52,90.0,38.0429,4.362
6423.36,2244.58,0.34944,58.7033,891060.94,98.0769,3669.73,73.0,37.0561,1.39
4528.65,1046.79,0.23114,36.8668,620182.0,45.8162,1944.08,66.0,43.822,13.136
12190.5,3139.96,0.25757,142.521,1731306.1,160.473,4165.53,129.0,32.7762,19.678
14354.0,4271.24,0.29756,158.29,1990676.9,246.703,4762.42,30.0,28.6193,3.509
5303.38,1864.27,0.35152,40.4444,757164.0,76.0584,2766.97,55.0,41.2274,5.21
11872.6,5530.75,0.46584,85.5963,1663847.6,176.295,4312.67,66.0,32.975,16.493
6086.13,2195.06,0.36066,55.6118,874443.75,89.2509,3191.08,25.0,39.7444,12.656
6593.3,1454.91,0.22066,63.729,899486.25,89.2148,3302.39,40.0,38.5056,2.499
13325.3,4319.33,0.32414,156.559,1873198.2,235.877,4961.18,74.0,20.889,17.094
6214.77,1770.36,0.28486,67.6895,887446.06,80.2396,3074.55,18.0,38.8571,1.994
6241.09,1503.81,0.24095,55.8657,819986.9,73.6941,3256.94,33.0,39.7022,5.039
6491.74,1627.11,0.25064,53.4652,903698.44,76.5412,3112.35,63.0,39.4188,2.307
9340.39,2488.51,0.26642,98.5505,1276351.5,152.645,4097.1,71.0,29.6557,18.334
6060.88,1540.7,0.2542,70.8151,816576.06,91.1852,3185.82,46.0,39.131,12.228
8029.52,2206.57,0.2748,88.0924,1118829.9,113.866,4716.77,30.0,33.1541,1.919
7058.07,1758.19,0.2491,62.9724,955059.2,78.5961,3256.09,43.0,38.5107,3.121
7808.18,2399.5,0.3073,81.9076,1046594.7,116.02,3413.97,80.0,38.3309,1.863
6262.84,925.95,0.14784,46.55,886221.3,74.5269,2690.72,1.0,42.1215,0.617
9910.64,2549.48,0.25724,100.471,1410561.0,147.537,3938.62,39.0,33.1751,1.547
11507.8,2798.07,0.24314,114.322,1632162.5,153.072,4384.96,69.0,32.336,4.511
7329.22,1529.78,0.20872,70.3024,1002313.0,86.9146,3727.34,90.0,35.3856,17.337
6072.68,1649.56,0.27163,65.7192,878846.0,67.4132,3732.99,48.0,39.0057,8.43
4366.05,1389.91,0.31834,35.9277,606302.75,53.4468,1389.38,17.0,44.37,1.515
6693.22,2248.55,0.33594,76.8087,909531.06,91.8398,3254.42,64.0,38.4536,1.469
5930.71,2027.24,0.34182,49.8755,836521.4,90.5506,2431.33,93.0,41.2503,14.086
6864.15,1391.77,0.20275,59.9593,931643.0,91.9235,3382.44,51.0,38.7053,4.259
7039.09,1758.23,0.24978,62.1045,1014223.75,86.4327,2595.37,55.0,40.3903,9.691
10341.8,3313.51,0.32039,101.461,1485792.6,151.711,4387.1,63.0,31.7919,4.216
9439.18,2042.62,0.21639,103.284,1250674.8,147.328,4137.87,95.0,34.2624,17.186
16918.0,5527.26,0.3267,205.308,2222469.0,269.818,6989.23,242.0,24.2332,3.146
11607.9,3098.34,0.26691,130.505,1607717.2,164.092,4471.87,96.0,31.3546,1.786
13595.2,4300.21,0.3163,206.652,1883135.4,251.317,5326.24,286.0,24.7635,1.905
9977.37,4098.8,0.4108,77.3743,1351665.5,151.803,3471.88,79.0,35.8983,3.063
11181.1,3633.08,0.32493,107.375,1536748.4,151.59,3963.45,142.0,32.1988,1.393
25878.1,7184.83,0.27764,335.948,3523722.2,411.524,6386.28,167.0,19.297,2.711
8928.32,3946.34,0.442,76.4403,1249923.9,142.796,4062.63,61.0,36.258,8.264
5260.47,1296.13,0.24639,54.2269,728565.94,76.2364,2586.48,28.0,41.128,4.877
13739.9,3746.65,0.27268,194.757,1876451.0,207.893,4566.8,180.0,29.3167,2.131
8124.9,2140.79,0.26348,88.4598,1085200.9,120.93,3812.26,48.0,36.2717,4.271
9792.35,2180.88,0.22271,109.306,1358993.6,130.734,4278.54,56.0,34.1033,2.986
7056.9,2323.64,0.32927,76.5504,973156.06,93.5943,3729.17,36.0,36.3394,1.763
16161.6,7163.07,0.44321,119.262,2267938.2,251.412,4763.54,84.0,30.1556,17.249
3996.03,1004.12,0.25127,35.2417,567687.56,50.0808,1784.66,15.0,44.4776,2.233
7813.86,2191.06,0.2804,85.9103,1078641.1,111.557,3097.08,21.0,37.6893,0.601
5751.6,1381.28,0.24015,55.41,755829.6,89.0984,3364.0,18.0,39.9491,2.028
9581.42,2864.66,0.29898,99.3381,1281465.8,120.869,4106.91,47.0,36.1335,13.474
6432.66,2129.8,0.33109,57.9773,900783.25,96.2366,2703.37,49.0,40.5265,2.17
15249.4,4993.76,0.32747,132.709,2145098.2,188.795,5223.07,149.0,27.9517,18.517
8845.62,2672.26,0.30209,81.9142,1234347.5,112.994,4275.77,59.0,34.2098,1.165
11705.5,2544.79,0.2174,153.352,1593730.6,195.431,4850.93,140.0,29.7928,0.542
9297.13,2278.99,0.24512,85.9807,1286223.8,126.52,3733.44,9.0,36.7811,11.273
9210.46,4245.95,0.46099,85.0899,1146492.4,164.734,3140.6,102.0,37.691,12.183
5903.7,1752.22,0.2968,52.8901,837245.0,72.709,2800.67,47.0,38.5025,11.787
11194.6,3561.94,0.31818,129.249,1516719.8,174.018,4101.3,29.0,33.185,1.9
7924.08,2618.17,0.3304,58.4488,1085086.5,106.53,3668.39,35.0,38.8214,15.054
5154.51,1106.43,0.21465,53.3769,677089.75,81.8797,3245.39,25.0,39.6541,1.588
7534.24,2245.05,0.29797,69.3579,1018133.44,100.811,3095.08,116.0,37.3087,2.455
9897.86,3043.84,0.30752,90.1432,1377066.1,124.172,3530.74,65.0,35.5621,13.336
9815.03,2774.37,0.28266,108.093,1343651.5,154.418,4139.28,80.0,33.0102,0.814
8788.58,2399.1,0.27297,123.366,1199443.5,135.387,4168.83,126.0,32.7769,2.472
9901.88,4155.55,0.41967,132.232,1337685.8,202.145,4341.87,174.0,30.6731,2.432
12183.4,3886.27,0.31898,144.128,1728950.5,180.43,4344.34,103.0,31.7896,15.453
6566.61,1693.34,0.25787,62.7565,878297.75,91.1686,2754.08,60.0,41.103,10.003
5793.89,2161.44,0.37305,50.437,764795.4,95.5792,2769.47,60.0,40.6056,10.636
16011.3,5547.35,0.34646,178.407,2241747.5,252.324,5486.74,195.0,26.6687,2.587
8691.09,2858.61,0.32891,88.8293,1219123.1,126.292,4147.61,92.0,34.8573,5.588
6901.07,1924.58,0.27888,80.3521,960542.9,89.1763,3458.5,26.0,38.4491,3.846
9585.46,2373.55,0.24761,116.396,1317024.2,136.911,4149.27,126.0,33.0377,2.555
10488.6,2389.16,0.22778,123.716,1431193.8,146.515,3638.58,13.0,34.7684,2.131
6211.95,1508.29,0.2428,58.3632,818783.3,83.8293,3464.68,45.0,38.1747,8.03
4952.72,1258.71,0.25414,44.1094,689368.94,56.2021,1892.04,19.0,43.4404,2.652
11019.3,2845.83,0.25825,131.027,1509687.8,184.938,4123.0,86.0,31.87,2.713
10717.6,3604.75,0.33633,96.3768,1495595.9,148.626,4705.79,85.0,29.4063,14.244
21172.1,5795.51,0.27373,297.292,2884193.8,303.815,6590.75,287.0,18.79,1.546
10021.2,2965.56,0.29592,105.314,1367541.1,148.339,3917.64,32.0,33.9268,3.816
7174.62,1924.22,0.26819,79.8,956313.0,125.523,3507.59,29.0,36.4212,3.509
16522.1,5107.99,0.30916,204.123,2161431.0,254.023,6470.69,259.0,21.735,2.357
9144.56,2668.29,0.29178,93.4833,1258262.5,143.437,3344.64,15.0,36.4994,1.37
6014.66,992.82,0.16506,59.2972,809046.2,75.204,3102.25,42.0,39.5324,7.515
13026.5,3528.31,0.27085,100.21,1786265.0,155.049,4290.31,161.0,30.3077,18.842
15973.3,5558.7,0.34799,189.456,2288126.2,289.668,5075.32,141.0,25.6589,9.36
9789.19,3666.61,0.37455,74.4397,1396884.0,127.301,3735.31,34.0,39.7366,16.516
6580.86,2256.97,0.34295,63.0466,846473.9,100.689,3308.01,5.0,37.4346,13.193
9176.05,2612.45,0.2847,82.6428,1282949.8,120.111,4100.54,76.0,33.7969,7.038
14280.0,4487.22,0.31423,150.08,1955057.0,225.18,5400.14,13.0,30.6258,8.187
6697.59,1774.72,0.26497,55.8452,909448.25,86.0015,2636.48,26.0,37.6933,12.733
4133.69,1463.66,0.35408,34.4814,567163.9,53.9353,1349.84,21.0,44.5936,2.055
8513.03,1881.3,0.22099,75.5818,1133027.4,113.985,3304.43,33.0,37.6681,15.768
11620.2,3190.25,0.27454,138.416,1605235.9,165.417,4469.51,87.0,31.4664,1.88
8777.05,2441.82,0.2782,94.6344,1217698.4,95.4392,3622.76,32.0,36.7443,7.493
8229.03,2790.14,0.33906,34.3939,1127394.2,112.869,3856.03,40.0,36.9419,14.072
13244.3,2887.33,0.218,191.412,1844241.8,235.884,4849.96,134.0,26.7429,3.468
8628.04,2885.74,0.33446,84.3448,1246899.8,120.482,3644.57,38.0,34.0185,3.635
17315.8,5885.86,0.33991,183.729,2406089.2,266.458,5611.9,153.0,23.0381,2.585
11847.6,3534.13,0.29829,146.933,1640701.4,189.937,4414.58,32.0,30.6801,2.693
14458.0,4990.99,0.3452,151.663,2059515.1,252.233,5065.11,136.0,24.883,20.118
4445.7,1622.04,0.36485,35.8477,598351.9,59.1559,1366.92,27.0,43.7098,10.774
17406.1,4444.37,0.25533,218.889,2414642.8,263.43,5334.31,144.0,24.6617,3.039
5199.15,1417.1,0.27256,48.276,655388.44,66.3049,2164.97,24.0,42.7304,5.377
12904.9,4376.96,0.33917,75.8715,1772050.4,178.891,13528.19,42.0,33.021,20.809
5502.14,812.62,0.14769,47.4779,773060.56,70.6902,2535.55,1.0,42.1556,1.532
8288.62,1983.8,0.23934,94.0271,1140881.4,111.937,3345.63,119.0,35.8562,1.531
4868.6,1859.06,0.38184,45.0415,691980.44,78.5602,2362.96,39.0,42.6462,13.03
6727.86,2295.59,0.3412,64.6946,903169.5,95.5523,3111.95,18.0,40.2474,1.448
7252.88,1736.26,0.23938,89.8154,1004572.4,102.578,3839.53,22.0,36.124,1.481
10454.4,3421.39,0.32726,101.265,1412129.9,157.901,3724.88,102.0,36.6721,18.472
11933.7,2079.49,0.17425,149.839,1673895.6,169.939,4662.95,149.0,29.6157,1.59
8781.08,3392.34,0.38632,91.2221,1201365.0,131.86,4225.46,83.0,33.6168,13.442
18015.9,5628.59,0.31242,219.488,2508503.0,286.58,5979.9,230.0,20.6269,8.051
9471.28,3936.59,0.41563,89.0311,1318877.2,135.454,3825.44,58.0,35.5625,15.408
10780.8,2503.14,0.23218,152.61,1514721.6,184.126,4603.68,50.0,29.9339,1.001
11944.3,4565.73,0.38225,128.041,1686036.0,189.016,4917.31,139.0,28.3152,13.742
7495.74,2026.34,0.27033,67.3079,1059248.1,81.2351,3508.29,14.0,39.0945,10.585
9579.43,2084.15,0.21756,91.0374,1330259.5,115.063,4732.72,62.0,31.8807,14.248
15350.7,4800.12,0.31269,188.636,2129660.0,241.002,5444.18,165.0,24.0997,2.425
11806.8,3541.7,0.29997,108.751,1680062.4,180.669,3566.26,129.0,36.5845,15.025
5835.05,1694.79,0.29044,47.8794,837852.75,69.6619,2875.13,16.0,42.1346,4.479
15178.0,4453.5,0.29341,144.141,2086649.1,214.651,4115.42,109.0,31.8231,18.724
8771.64,1837.27,0.20945,100.789,1220045.6,129.592,3658.66,23.0,34.0499,1.557
6394.73,2472.84,0.38669,41.3754,876267.4,104.201,2556.27,11.0,40.5475,17.289
6628.79,933.83,0.14087,60.1405,872430.6,89.2991,3079.24,48.0,38.8117,8.079
10545.7,2911.57,0.27609,56.9443,1439895.8,146.085,5618.45,28.0,41.8447,12.731
14946.4,4072.6,0.27248,207.806,2047541.4,265.608,5101.72,171.0,25.3895,2.949
13756.5,6186.76,0.44973,107.976,1879506.1,208.176,4958.11,44.0,29.6552,19.701
13413.7,4324.45,0.32239,150.551,1834958.8,199.924,4517.98,35.0,30.2528,3.111
7037.09,1413.13,0.20081,64.9986,992326.44,83.1054,2913.18,32.0,38.4618,10.657
19382.9,6134.27,0.31647,262.46,2635934.0,313.253,5738.95,331.0,19.6026,2.916
16276.6,4586.12,0.28176,252.01,2234395.5,259.811,4839.53,291.0,27.3417,3.968
6162.54,1184.69,0.19224,66.1194,823878.8,86.2671,3290.8,32.0,37.6628,4.612
5222.18,2127.94,0.40748,35.4165,740293.06,69.8252,2586.57,39.0,42.7498,2.364
13475.4,4814.93,0.35731,168.55,1877843.5,227.605,4644.75,99.0,29.7563,7.19
16721.5,6211.7,0.37147,89.023,2269286.5,253.934,14654.01,92.0,35.1392,20.116
10025.1,2098.52,0.20932,102.469,1426175.9,137.509,4275.49,48.0,33.2848,0.924
12294.3,3590.45,0.29204,145.512,1718962.4,235.941,4221.78,78.0,28.0642,1.711
16822.2,6188.59,0.36788,187.142,2383850.5,277.485,4904.18,73.0,26.0495,8.997
9384.55,2031.35,0.21645,117.984,1304483.1,120.158,4259.97,55.0,33.8016,1.984
5976.35,1197.71,0.2004,57.9149,830655.7,79.6544,2731.68,19.0,40.418,2.065
6912.11,2683.4,0.38821,55.1699,1002325.8,93.6563,4056.71,50.0,36.8293,14.339
7450.24,3147.66,0.42249,79.9592,1075731.4,139.144,3356.94,66.0,37.3755,8.231
19086.5,6387.39,0.33465,169.208,2671999.5,291.634,7483.06,190.0,24.6521,16.0
7327.67,1622.22,0.22138,65.2979,1026622.7,95.191,3170.46,38.0,37.941,12.006
9718.73,4337.2,0.44627,98.0008,1371015.1,156.63,3411.56,65.0,34.2777,17.461
18999.2,5331.09,0.28059,177.389,2698670.5,229.77,6153.36,61.0,22.6997,15.362
5151.76,1295.53,0.25147,41.2265,727663.94,62.1831,2270.44,11.0,42.3324,2.688
11632.8,2969.08,0.25523,145.728,1636676.8,218.597,4214.75,102.0,27.7754,3.31
7358.36,2234.49,0.30366,73.7519,995097.06,106.313,3432.34,73.0,37.0819,3.304
9044.93,2690.74,0.29748,96.1911,1249772.2,124.255,3882.97,28.0,33.9623,2.337
9359.94,2537.13,0.27106,99.9461,1281179.8,158.167,4140.08,81.0,33.2012,0.614
6860.81,2289.1,0.33364,73.122,904771.56,101.796,3060.24,36.0,38.6,7.653
8915.74,3943.86,0.44234,65.6426,1311083.4,127.833,4093.89,48.0,35.4167,13.637
10721.9,3452.16,0.32197,128.541,1420548.8,162.711,4098.37,45.0,33.5675,1.927
10133.6,4204.45,0.4149,75.3053,1367712.1,148.833,3675.94,30.0,36.7196,16.089
12980.6,3551.18,0.27357,158.191,1836401.2,202.652,4802.4,69.0,28.4428,3.075
5689.59,1343.25,0.23608,51.9004,801836.4,64.7748,3169.67,55.0,38.6559,2.294
6173.51,853.74,0.13829,47.932,874847.75,73.6454,2740.46,2.0,42.0082,0.611
9831.34,2858.07,0.29071,116.357,1390861.4,151.377,4195.72,63.0,33.6942,3.816
4133.86,1043.24,0.25236,34.1825,581575.94,51.7218,1914.34,56.0,44.8188,3.382
9881.06,1996.57,0.20206,85.5956,1405566.4,123.416,4726.11,37.0,32.3612,4.021
7277.41,2479.19,0.34066,58.0917,1009798.75,107.657,3793.39,78.0,37.5513,1.885
10494.4,2752.72,0.2623,123.942,1481805.6,159.209,4323.61,47.0,32.233,2.398
3338.36,1114.09,0.33372,25.3164,454396.28,39.2869,1391.32,1.0,45.3688,1.906
4217.74,1321.5,0.31331,37.6014,570025.2,56.5181,1798.51,37.0,44.4623,9.433
8461.82,2100.37,0.24821,87.7084,1135403.1,126.305,4085.3,33.0,35.1327,2.919
6320.5,2122.98,0.33588,48.191,901607.94,77.2713,2681.11,17.0,40.3563,11.623
21530.3,7246.93,0.33659,216.16,3043463.2,337.534,7837.48,247.0,22.1486,16.987
8893.49,3028.46,0.34052,78.4157,1273898.1,126.026,3716.66,25.0,34.7819,12.407
15032.9,4103.03,0.27293,166.923,2080268.2,248.088,5372.12,70.0,25.5278,0.0
14412.5,3688.39,0.25591,170.188,2014956.2,226.285,4205.26,162.0,31.2015,20.144
14370.5,4772.62,0.33211,153.895,1951382.1,234.294,4636.76,58.0,29.7466,14.239
6123.0,1348.76,0.22027,59.3783,829239.9,79.2868,3073.79,35.0,40.1494,13.442
10099.6,3660.05,0.36239,91.4007,1360445.4,153.016,4207.41,38.0,33.2945,19.331
11234.5,3124.76,0.27813,130.511,1596686.8,170.933,4431.54,38.0,31.7099,2.563
9224.19,2077.83,0.22525,99.2028,1297052.6,137.654,3595.03,12.0,34.2353,1.023
9322.8,2315.78,0.24839,70.9189,1257956.0,114.148,4089.28,84.0,35.476,12.564
13971.1,3761.07,0.2692,160.446,2002135.6,207.279,4626.49,43.0,27.908,2.211
10441.6,3085.19,0.29547,132.62,1473958.4,168.294,4416.8,35.0,31.7554,3.197
6003.05,1910.0,0.31817,70.8739,842844.94,81.8418,3411.99,24.0,38.5655,11.921
8515.28,2640.61,0.3101,52.4593,1148043.9,113.632,4258.61,26.0,35.201,14.226
12218.0,3631.76,0.29724,174.256,1679234.1,199.716,4813.42,67.0,24.5538,3.124
4900.15,1684.66,0.34379,45.0844,704775.56,77.5523,2456.19,45.0,41.7881,12.548
9657.85,4369.71,0.45245,84.2404,1348492.6,171.155,3756.47,6.0,36.3856,17.034
9184.76,2744.22,0.29877,96.0894,1285581.0,146.23,4253.79,111.0,32.1313,16.149
12180.4,2755.63,0.22623,146.52,1695981.8,187.497,4121.7,68.0,32.0426,2.026
6151.61,1898.43,0.3086,55.2561,845143.25,90.5051,3456.9,73.0,37.7363,1.437
6430.6,2250.55,0.34997,81.3059,874230.4,95.7438,3218.27,59.0,36.2544,13.772
11584.8,4144.66,0.35776,94.3082,1629407.6,167.11,4748.76,92.0,33.2782,11.137
9146.71,3279.16,0.3585,83.4007,1268888.2,129.3,3843.39,127.0,34.2515,2.906
10160.8,3234.73,0.31835,107.229,1442811.1,160.951,4318.72,45.0,32.9842,3.2
6545.07,2312.66,0.35334,64.5866,907372.7,90.0857,3857.25,63.0,37.8974,3.638
7122.48,3039.94,0.4268,65.2612,1039388.2,103.982,3536.73,31.0,36.2923,12.114
7881.43,3104.6,0.39391,78.7112,1077230.4,113.746,2994.1,14.0,38.8383,15.275
11090.4,3138.69,0.283,131.934,1461549.0,135.226,4416.19,55.0,32.6681,17.92
4202.05,744.71,0.17722,39.6896,554911.25,59.5054,2569.43,10.0,43.5434,2.006
14897.0,5149.58,0.34567,89.0273,2077648.5,206.948,4599.55,158.0,28.9123,9.507
9595.88,1492.14,0.15549,91.8558,1328903.0,105.889,3757.59,50.0,34.4686,18.28
7343.84,2229.35,0.30356,69.3458,995274.2,107.121,3355.8,70.0,37.2361,3.449
9200.04,2590.75,0.2816,82.7203,1330056.8,118.226,4034.06,20.0,38.0959,3.198
7902.8,2865.41,0.36258,74.4602,1120045.0,111.183,3644.95,6.0,35.2339,13.361
8650.62,2425.01,0.28032,93.6804,1189130.0,113.477,3636.6,39.0,35.1771,3.17
3812.47,1228.02,0.3221,33.6631,518548.7,49.7126,1390.21,30.0,44.4937,10.915
9117.69,2430.23,0.26654,105.699,1261571.0,135.468,3286.38,5.0,37.5281,1.365
8091.55,1667.33,0.20605,76.097,1141595.1,106.609,4039.05,31.0,35.1945,0.0
9894.9,4228.85,0.42737,93.0638,1433647.2,134.623,4713.61,31.0,33.9726,19.538
22507.9,7251.31,0.32216,311.42,3131372.8,374.69,6274.02,98.0,17.7515,3.439
17513.9,6382.49,0.36442,172.934,2436545.2,269.042,5823.7,78.0,23.7616,8.471
9018.21,3385.02,0.37535,72.8429,1287252.5,119.31,3722.44,24.0,36.4149,15.292
10101.8,3189.23,0.3157,126.14,1347993.6,167.475,4021.71,37.0,33.5182,1.535
14885.4,4661.53,0.31316,188.215,2041698.6,251.541,5209.15,84.0,25.2067,7.296
9143.17,2490.4,0.27237,96.292,1249495.9,104.002,4072.93,14.0,34.263,9.957
15542.2,5289.76,0.34034,216.917,2156543.0,249.41,5349.29,218.0,24.5631,1.67
22002.3,5163.28,0.23467,322.261,3018789.5,394.225,6221.02,163.0,19.8408,0.953
11609.6,2618.38,0.22553,157.934,1640377.1,175.744,4607.91,52.0,29.9735,0.997
8360.45,2666.6,0.31895,90.8928,1175202.4,124.913,3603.38,25.0,46.5464,3.92
6498.73,2202.56,0.33892,58.0874,900747.0,85.913,2803.15,22.0,40.6518,3.677
14523.0,3197.3,0.22015,208.581,2010555.6,245.65,4990.09,135.0,25.9218,3.075
7827.02,2000.29,0.25556,54.9877,1124655.2,80.8227,3381.29,18.0,38.6688,5.158
12698.1,4129.48,0.3252,103.338,1765876.9,186.925,4379.51,143.0,31.4077,20.086
16271.0,5114.37,0.31432,161.677,2322125.8,222.963,5068.18,37.0,28.4443,7.236
6954.93,2027.1,0.29146,80.8738,947076.4,113.721,3029.27,35.0,37.6641,0.664
9111.6,2431.27,0.26683,96.9139,1294991.4,131.036,4074.59,165.0,33.4655,1.43
6379.39,1821.05,0.28545,60.6946,878414.8,94.9068,2623.6,35.0,37.5334,16.019
15547.4,6509.64,0.41869,200.448,2047411.4,257.712,4415.19,114.0,30.1898,5.214
11502.5,4347.96,0.378,121.077,1581396.0,186.988,3915.12,47.0,31.5865,2.907
14069.7,3732.94,0.26531,191.04,1927468.5,210.007,4633.02,178.0,28.9212,1.909
7739.09,2438.99,0.31515,91.1,1090897.8,100.929,3753.65,27.0,34.4889,9.943
10064.2,3283.59,0.32626,120.768,1367466.6,173.144,3876.7,16.0,32.8302,2.815
8582.89,2780.18,0.32392,41.6612,1191479.9,106.099,3416.33,64.0,37.3685,14.473
11670.9,2935.45,0.25151,145.423,1622969.4,189.277,3931.5,95.0,34.0626,13.25
7690.65,1817.7,0.23635,98.3611,1050675.5,109.567,3344.25,117.0,36.6819,1.483
9123.98,1951.16,0.21384,85.6212,1284847.6,107.449,4038.35,73.0,33.9856,3.321
8772.24,2071.01,0.23608,84.4084,1228641.5,122.377,3782.11,17.0,35.5981,0.0
4225.61,1442.0,0.34125,38.9389,568765.1,62.9475,1486.56,24.0,42.3766,11.684
13504.5,5321.35,0.39404,112.909,1937063.5,193.743,5434.46,98.0,26.9682,19.838
10127.9,3686.05,0.36395,106.741,1413407.1,181.386,4072.85,126.0,25.7871,7.627
11334.2,3066.28,0.27053,148.753,1620743.0,160.377,4114.86,130.0,32.4292,2.288
9051.74,3981.63,0.43987,90.4548,1264691.9,125.366,3614.09,22.0,32.6522,16.309
7570.35,2667.48,0.35235,65.6995,1076847.5,99.606,4007.53,69.0,37.193,7.913
6828.66,2577.39,0.37743,66.8127,978909.06,95.2255,3898.8,85.0,39.0256,16.775
5402.06,1031.38,0.19092,52.5959,777669.7,68.3941,2844.58,57.0,40.1092,1.521
5613.85,1629.12,0.29019,51.5524,784227.1,80.1986,3235.0,48.0,40.741,14.519
9935.32,2607.28,0.26242,115.877,1376656.5,162.133,4636.16,77.0,46.5464,1.846
10739.8,3572.89,0.33267,122.289,1475923.0,175.277,3821.53,33.0,34.1217,3.009
7275.14,2496.26,0.34312,66.5939,1028572.1,100.155,4123.52,59.0,37.0811,5.982
8475.49,2130.53,0.25137,70.908,1227560.6,100.959,3153.37,11.0,37.3257,1.413
14626.7,5514.71,0.37703,195.227,1941247.1,257.547,5156.13,81.0,27.014,5.578
11758.4,2884.73,0.24533,126.502,1597581.0,154.311,3959.32,230.0,32.5052,2.315
5746.14,773.56,0.13462,46.809,819344.1,65.3388,2680.87,4.0,42.0893,1.067
8586.83,3323.32,0.38702,80.8676,1231104.8,133.451,4090.77,15.0,36.9925,14.938
6642.22,2426.06,0.36524,77.4113,905142.75,94.6518,3231.94,58.0,38.5702,2.411
9357.58,3540.97,0.3784,64.569,1244724.9,146.626,4784.57,51.0,39.707,5.664
7826.68,1918.22,0.24508,59.2639,1099639.6,91.1338,3231.68,56.0,37.621,12.082
9085.69,2502.35,0.27541,105.994,1263942.0,140.333,3268.51,4.0,36.7459,1.035
10571.2,3164.36,0.29933,84.2291,1493252.1,121.772,5395.91,16.0,29.0693,2.621
5865.09,1650.39,0.28139,54.8888,813576.25,86.0776,2864.42,10.0,39.8702,8.917
23508.4,7511.5,0.31952,306.223,3286380.5,385.727,6295.75,102.0,17.7963,3.478
6783.65,2215.87,0.32664,81.7425,927049.7,90.491,3158.65,59.0,38.7406,1.694
11702.6,2555.32,0.21835,150.082,1644782.0,172.78,4695.15,136.0,29.765,2.149
7697.28,2946.28,0.38276,69.2599,1100081.9,121.998,3251.09,58.0,38.9946,15.647
6302.77,1736.57,0.27552,59.5875,848749.75,81.9671,2461.27,59.0,39.1224,15.274
17105.7,5414.77,0.31654,189.173,2342651.5,223.572,5471.31,90.0,22.9158,6.083
6577.84,1610.33,0.24481,65.8291,905158.25,73.922,2746.19,51.0,40.3758,8.441
12562.3,4197.58,0.33414,134.796,1760109.8,187.03,4256.72,41.0,31.9468,2.999
5121.1,1030.45,0.20121,45.9325,647120.2,69.9185,2001.57,31.0,43.7136,3.339
14417.7,5160.73,0.35794,189.666,1947902.1,258.394,4993.82,117.0,25.5835,12.036
8728.58,2884.66,0.33048,99.6921,1209761.8,132.726,3660.99,28.0,33.5449,2.667
9082.54,1831.96,0.2017,98.813,1266490.1,130.001,3639.73,20.0,34.0435,1.541
5779.07,1373.46,0.23766,52.4616,763906.06,85.0136,3458.99,26.0,40.8415,13.425
8662.5,2087.64,0.24099,112.4,1193263.4,126.275,4214.87,55.0,34.1555,1.675
5080.8,1709.43,0.33644,42.4536,715561.56,69.5988,2658.28,56.0,41.0566,7.518
19211.5,7566.16,0.39383,157.072,2631287.5,327.136,7933.97,60.0,31.1717,1.941
12404.9,3954.56,0.31879,153.588,1744176.4,213.238,4208.78,73.0,32.5759,19.855
7150.73,2042.71,0.28566,72.326,986935.9,106.146,3379.59,50.0,36.8371,7.058
6629.0,1802.75,0.27194,65.7158,889756.7,91.3837,3002.15,25.0,38.9669,1.982
8468.66,2367.64,0.27957,91.7627,1197291.0,119.077,3515.1,93.0,37.6548,11.135
9777.55,2550.51,0.26085,98.8092,1385817.0,150.639,3902.19,37.0,28.4618,2.295
10212.9,2764.16,0.27065,94.5695,1422813.0,143.842,4524.32,54.0,33.0013,11.473
8659.67,3229.46,0.37293,93.6087,1215930.5,128.866,3247.31,41.0,38.9409,14.132
10884.4,3784.96,0.34774,105.623,1486308.5,186.91,4349.78,79.0,31.2875,1.273
7852.77,3065.15,0.39032,62.2452,1100330.0,117.149,3504.85,54.0,37.1308,17.073
19801.5,7145.57,0.36086,204.545,2661150.8,304.961,7719.28,122.0,23.4665,7.185
7521.91,2515.02,0.33435,93.2333,1046379.6,114.912,3398.35,80.0,37.6159,15.121
14502.4,3192.89,0.22016,206.017,2006853.8,231.998,4958.37,139.0,26.5529,2.364
7923.42,2477.36,0.31266,82.0499,1057424.9,133.23,3622.14,28.0,35.6184,3.625
13733.3,3913.48,0.28496,176.986,1934255.5,223.007,4480.42,31.0,29.8034,2.622
9456.41,3559.42,0.3764,92.1815,1315884.9,122.945,3843.54,42.0,36.0323,12.226
5601.65,2220.55,0.3964,33.1936,794889.94,77.214,1978.32,37.0,42.771,11.809
6594.64,1546.87,0.23456,57.1282,878684.7,80.31,3134.24,30.0,38.0584,4.955
8410.42,2212.6,0.26307,85.9397,1187394.9,113.447,4016.69,92.0,35.3378,1.869
3878.82,802.6,0.20691,32.0925,554427.4,37.045,1147.56,39.0,45.3573,17.347
7083.58,2061.09,0.29096,63.2003,975460.7,87.7459,3454.72,46.0,37.8915,5.871
6810.45,2369.44,0.34791,61.7261,987759.2,81.4607,2356.59,91.0,40.8523,11.436
4316.86,1887.3,0.43719,23.9555,590932.06,66.6164,1701.73,32.0,45.1163,10.711
23196.3,7784.58,0.33559,253.071,3237066.5,345.674,5634.2,102.0,23.0812,3.372
11271.0,3122.85,0.27706,132.427,1553845.1,161.223,4434.3,88.0,31.6382,2.012
7858.04,2501.84,0.31837,70.4127,1090723.6,115.395,3532.14,49.0,37.3085,14.026
9987.01,2357.82,0.23608,95.5686,1390564.5,126.57,4889.67,39.0,31.0585,12.281
14682.6,4676.74,0.31852,188.369,2045627.2,245.6,4488.85,28.0,29.679,2.75
11117.2,3398.98,0.30574,96.0245,1560035.0,168.843,4588.1,158.0,33.6371,3.783
22781.6,7186.99,0.31547,196.959,3279117.2,346.423,6516.31,269.0,19.1526,13.903
14340.6,5612.97,0.3914,190.138,1885576.1,265.383,5117.74,70.0,24.8857,6.377
14537.8,3093.84,0.21281,203.159,2019816.4,249.025,5133.58,154.0,25.4546,2.599
8226.26,2657.03,0.32299,71.8058,1096876.5,111.841,4542.47,66.0,33.1163,5.075
6775.82,2040.27,0.30111,64.8008,898202.7,89.1754,3420.02,64.0,38.6623,6.577
7819.74,2549.31,0.326,93.1306,1098746.9,121.46,3633.49,82.0,36.3156,3.795
10030.5,3101.72,0.30922,117.045,1357679.5,149.888,4310.98,83.0,33.7758,14.464
9206.74,2538.44,0.27571,77.7313,1307293.9,123.038,4486.58,47.0,33.1514,1.997
15795.7,7373.92,0.46683,142.152,2171638.0,252.193,5513.58,109.0,26.1234,17.52
9748.54,2621.94,0.26895,87.8483,1385652.6,120.831,4107.84,85.0,34.5746,8.601
10309.8,3920.13,0.38023,72.0564,1488493.4,161.218,4242.38,98.0,32.6665,4.182
8509.66,2633.33,0.30945,98.7428,1169290.2,145.542,3245.02,17.0,36.6472,1.675
11312.7,3053.65,0.26993,138.634,1550242.1,160.649,4476.81,92.0,31.1782,1.755
13261.1,4767.83,0.35953,168.953,1814631.6,258.695,4398.58,48.0,46.5464,19.678
6577.27,2533.48,0.38518,66.4401,911627.2,103.123,3257.02,41.0,40.5028,8.373
6733.57,2230.36,0.33122,61.5608,927276.9,102.395,3527.66,72.0,37.6606,1.894
5312.09,1293.77,0.24355,50.3143,757365.56,70.9078,2852.22,58.0,39.1437,1.603
8019.63,2863.95,0.35711,66.2057,1117581.0,108.435,4023.99,59.0,34.905,14.137
12417.7,2491.57,0.20064,144.453,1762537.5,175.756,4687.8,141.0,29.4359,1.694
7283.24,2127.19,0.29206,88.7824,1009013.7,106.115,3322.4,27.0,37.7619,7.719
5125.46,1356.91,0.26473,47.1759,712014.5,61.2881,1978.6,14.0,43.4934,2.131
6869.42,1623.84,0.23638,54.6127,904269.1,88.8701,3449.17,44.0,37.8681,6.301
8168.97,2754.02,0.33713,69.6595,1131154.4,97.1781,3135.89,53.0,37.4151,10.448
9059.57,2019.23,0.22288,110.72,1239582.1,135.813,4004.67,36.0,34.502,2.008
10753.0,3381.32,0.31445,133.425,1544310.1,163.649,4368.13,47.0,32.156,3.759
10393.8,3369.12,0.32414,124.239,1398621.8,179.683,3808.36,39.0,32.9136,3.149
14772.4,3876.91,0.26244,200.726,2039653.0,262.885,5061.0,175.0,25.3608,3.123
7835.74,1818.26,0.23204,55.1896,1126376.2,91.3054,2678.53,8.0,39.4232,12.949
7821.39,2376.08,0.30379,68.6263,1092956.9,108.828,3649.33,54.0,37.4261,2.838
9032.58,3258.34,0.36073,94.8572,1271376.8,124.12,3289.81,41.0,36.3291,12.098
9664.4,1647.37,0.17045,99.5631,1375639.9,122.74,3974.79,45.0,35.255,1.145
13410.7,4955.92,0.36954,159.59,1881755.0,266.972,4259.98,130.0,30.4723,13.65
8877.62,2482.95,0.27968,83.3411,1258466.1,125.89,4202.06,77.0,32.7612,5.306
12277.9,4008.07,0.32644,168.23,1704443.0,178.341,4875.65,84.0,28.4322,3.119
6166.07,1242.39,0.20148,66.2179,839964.5,82.0002,3302.93,44.0,38.8811,6.041
8286.78,2122.59,0.25614,63.6153,1179537.1,93.9772,3329.49,7.0,36.746,14.175
16522.1,5107.99,0.30916,204.123,2161431.0,254.023,6470.69,259.0,21.9209,2.357
7886.99,2591.59,0.32859,86.0823,1090167.1,117.982,3066.95,26.0,37.6775,3.354
11365.2,3040.14,0.26749,109.274,1594615.6,140.298,4534.41,45.0,32.6589,14.651
5889.93,1829.09,0.31054,55.0079,803348.9,79.2908,3164.11,13.0,39.4549,7.344
13004.6,4275.71,0.32878,106.977,1784236.5,179.381,4670.75,143.0,29.4179,4.066
5427.22,1810.58,0.33361,40.681,754586.3,71.9611,3018.01,40.0,40.897,13.012
5833.44,1973.36,0.33828,68.5174,790930.7,84.1057,3147.77,41.0,40.3068,3.757
6260.33,1474.57,0.23554,67.83,881212.8,70.3709,3516.88,66.0,37.9999,10.918
9417.57,2809.84,0.29836,109.866,1274603.8,147.031,4172.32,71.0,33.1095,1.199
7037.09,1413.13,0.20081,64.9986,992326.44,83.1054,2913.18,32.0,40.0727,10.657
9037.79,2670.53,0.29548,85.8363,1272028.0,128.211,3298.7,12.0,35.0342,3.071
8226.06,1647.95,0.20033,70.787,1176009.8,111.153,4057.8,101.0,34.8768,1.001
5749.77,1224.8,0.21301,54.1413,798102.94,76.0602,2673.32,18.0,40.5497,0.995
6674.72,1392.03,0.20855,71.6231,893077.2,97.9716,3235.25,56.0,37.4139,5.637
4485.0,808.76,0.18032,42.696,597885.9,51.6064,2719.21,11.0,42.6194,10.364
5421.01,2046.04,0.37742,50.6251,778845.75,81.4159,2361.36,74.0,42.7788,7.713
6844.3,1457.59,0.21296,67.4354,935773.1,85.1339,3320.22,57.0,38.6037,10.959
17748.3,6599.0,0.37181,247.461,2426911.0,331.033,4987.33,154.0,25.9444,8.529
6241.09,1503.81,0.24095,55.8657,819986.9,73.6941,3256.94,33.0,38.3574,5.039
11081.4,4428.69,0.39965,64.2157,1520490.5,174.871,5177.49,43.0,36.1874,16.265
4462.68,797.74,0.17875,39.1473,588725.94,63.9399,2560.48,12.0,43.4395,2.14
6869.77,1477.45,0.21506,69.9211,975051.06,80.07,2681.54,83.0,40.2066,15.253
11229.3,4843.3,0.4313,105.186,1534982.8,175.01,5166.78,84.0,31.1497,16.06
5803.52,1577.68,0.27184,57.494,831734.3,68.2499,2840.18,17.0,37.6091,13.536
7748.7,2288.21,0.2953,62.9645,1120925.0,92.2568,4127.73,34.0,39.2162,6.896
5477.18,1118.26,0.20416,56.4369,734317.2,81.5258,2896.79,50.0,39.7978,12.866
5746.83,1503.08,0.26154,60.9728,802561.25,71.8081,2748.26,18.0,40.3683,2.241
6167.62,2103.25,0.34101,59.4645,866913.5,82.4581,2700.53,42.0,40.5549,2.056
10112.4,2630.53,0.26012,103.741,1442114.2,142.405,4123.58,167.0,32.2797,20.172
6668.62,2155.4,0.32321,66.3064,876394.5,91.0934,3652.95,79.0,37.7499,13.23
8055.38,2144.61,0.26623,92.2879,1122707.0,103.823,3821.87,53.0,34.0275,3.326
6204.74,1534.85,0.24736,69.334,883664.06,73.8748,3100.63,13.0,38.841,1.588
9306.22,3688.14,0.3963,78.6269,1273122.5,145.926,4667.69,33.0,37.7077,11.177
5078.89,1329.43,0.26175,46.5113,710572.94,62.9008,2039.34,5.0,38.9815,6.482
14127.2,4256.44,0.30129,187.543,1898099.5,240.416,4978.52,202.0,27.1433,2.538
9730.89,2758.34,0.28346,91.8044,1319095.5,113.574,4306.3,36.0,34.6979,14.491
10858.3,3662.51,0.3373,124.951,1448572.9,170.177,4090.63,47.0,33.5931,1.445
10770.0,3302.21,0.30661,111.789,1535143.1,129.794,3928.25,57.0,34.3883,1.7
6845.76,2321.78,0.33915,59.5199,980699.06,92.3319,3364.35,31.0,38.945,11.204
9227.96,2038.76,0.22093,90.7021,1288745.0,117.764,4045.57,48.0,34.5243,4.094
14182.0,6563.17,0.46278,149.859,1975905.9,218.646,5392.43,103.0,28.3867,15.485
12081.7,3343.98,0.27678,157.861,1715245.1,169.832,4697.67,28.0,29.0016,1.835
5396.98,1972.01,0.36539,46.14,756201.1,77.652,2049.5,5.0,42.0722,4.339
7614.37,1811.55,0.23791,68.1184,1115220.4,98.4601,3041.85,21.0,37.9513,1.567
6913.78,1762.69,0.25495,62.5665,959458.0,89.3288,3369.5,39.0,37.3677,7.006
3539.91,1297.15,0.36643,25.0107,489284.75,46.5632,1393.12,6.0,45.2999,4.074
6141.42,1245.6,0.20281,60.9382,853077.44,68.6379,2899.88,20.0,38.8486,12.552
8304.77,3220.4,0.38777,57.6663,1174905.4,120.018,3303.94,66.0,38.7099,13.593
9317.76,2836.06,0.30437,132.761,1280131.6,198.165,4039.78,80.0,32.7067,19.232
6596.41,1427.01,0.21633,55.795,947801.1,79.0542,2382.54,71.0,42.1493,8.368
10878.5,3413.29,0.31376,94.8152,1454671.8,142.814,5263.66,52.0,31.2206,18.449
5212.66,1187.25,0.22776,41.9342,728310.0,67.23,2702.04,26.0,41.2183,9.408
13536.5,4804.42,0.35492,128.169,1922368.4,174.076,4835.87,139.0,28.929,17.65
5224.34,2346.55,0.44915,43.2639,710972.06,88.3497,2155.41,32.0,43.054,14.825
7617.72,1739.24,0.22831,77.8974,1009612.7,101.516,3425.34,88.0,37.1943,13.448
6914.25,2119.79,0.30658,60.691,950958.75,98.3783,3598.22,61.0,35.7457,9.069
7156.23,2373.62,0.33168,67.4284,961417.5,98.8316,3122.11,18.0,40.1836,1.718
7880.93,1922.2,0.2439,97.7853,1037205.2,116.68,3783.63,31.0,36.3897,4.783
9414.83,3157.63,0.33538,102.459,1314886.0,131.465,3629.81,17.0,35.7036,2.838
11003.5,2802.01,0.25464,132.79,1490222.0,185.934,4477.98,64.0,31.0522,12.759
9019.59,3306.85,0.36662,59.9931,1222988.6,132.932,4491.3,69.0,33.8987,15.831
12461.6,3698.39,0.29678,150.145,1716505.4,178.632,4389.89,41.0,30.7252,3.327
9099.8,3674.97,0.40385,92.7566,1319054.4,130.575,3751.08,26.0,34.0028,11.917
14993.4,4358.73,0.2907,176.829,2049155.2,200.987,5102.47,192.0,27.3873,2.013
4314.9,1371.93,0.31795,35.9959,588511.6,50.6197,1418.44,15.0,44.3278,6.029
9186.69,2321.42,0.25269,105.987,1294355.6,152.342,3828.42,15.0,34.1615,0.528
5256.33,1156.97,0.2201,40.6559,719454.06,58.0119,2570.74,42.0,42.246,9.463
4531.35,979.75,0.21621,40.8206,620893.44,52.1729,2664.59,35.0,42.3324,14.572
16150.5,4243.43,0.26274,166.101,2269422.5,205.981,5764.0,158.0,23.2437,19.433
10804.9,2980.08,0.2758,132.19,1527752.5,156.316,4326.47,55.0,31.6024,3.768
7568.1,2078.18,0.27459,84.3118,1065655.1,99.0439,3934.28,40.0,35.793,2.8
4756.19,1471.05,0.30929,43.8249,654929.75,61.8378,1880.73,15.0,43.681,2.463
9363.05,2832.7,0.30254,94.9902,1313459.1,119.955,3471.29,81.0,34.9859,12.831
5819.05,2353.58,0.40446,34.209,821751.75,82.4912,2723.17,47.0,42.6321,2.854
7034.28,2921.05,0.41525,60.4431,1001109.3,98.6412,2420.12,65.0,40.2907,9.272
5158.35,1847.64,0.35818,24.2549,678847.7,78.8669,2075.47,7.0,42.495,15.302
8916.64,3625.96,0.40665,89.5312,1258402.6,157.051,4144.47,133.0,33.6803,19.257
5477.78,1658.31,0.30273,54.3467,756437.44,74.2812,3109.82,15.0,40.0913,8.286
5873.98,1748.72,0.2977,66.4195,774859.3,79.4381,3484.92,57.0,38.5882,3.803
8912.93,3290.88,0.36922,92.2228,1195784.5,163.123,3564.74,68.0,37.1412,15.595
5534.05,1997.81,0.361,35.4079,765977.1,84.2085,2085.71,18.0,40.3867,12.692
9567.87,4510.92,0.47146,84.7929,1353968.0,140.02,3707.64,48.0,37.711,17.291
6777.58,2366.16,0.34911,60.8755,932674.8,103.96,3880.75,73.0,35.9365,1.142
11535.3,2237.98,0.19401,141.212,1622655.2,167.969,4656.07,142.0,29.6781,1.803
4594.71,1476.94,0.32144,49.0046,655584.75,61.8826,2148.98,29.0,43.7033,6.203
6293.85,2249.0,0.35733,62.6741,834650.5,98.3396,2849.71,33.0,39.9212,5.193
16505.1,4173.76,0.25287,250.306,2280274.5,281.766,5341.93,204.0,25.3298,5.169
6722.25,2273.55,0.33821,79.3361,923589.5,92.7651,3271.59,64.0,38.6888,1.433
9058.23,3702.16,0.4087,71.7798,1262331.6,136.997,4197.45,23.0,33.9856,14.774
7382.91,2299.97,0.31152,76.8378,995649.94,117.104,3517.84,54.0,36.5054,9.116
9797.45,4072.53,0.41567,88.284,1331448.4,154.914,3839.02,29.0,35.0834,16.337
7014.11,1991.82,0.28397,69.338,940208.75,95.2441,3799.89,60.0,36.7122,3.271
6834.03,2208.94,0.32322,70.2747,965044.44,102.831,3182.2,19.0,38.2749,14.867
11627.8,3170.11,0.27263,110.227,1663538.8,122.581,4107.8,155.0,33.1931,17.707
10628.0,3757.35,0.35353,88.9302,1443638.6,137.923,4667.99,44.0,35.3424,18.665
7161.66,1610.81,0.22492,63.9223,983330.5,91.0553,3463.26,39.0,37.1292,11.61
7807.53,2107.26,0.2699,97.352,1026746.0,130.899,3378.13,105.0,37.4535,15.389
6050.73,2044.83,0.33794,39.8662,850724.8,84.5825,2808.75,43.0,40.8101,14.231
10378.6,3566.66,0.34365,121.55,1409001.5,168.534,3767.82,37.0,33.3583,4.288
7124.82,2644.3,0.37113,81.7107,982376.4,115.12,3462.09,35.0,37.7291,4.06
9368.57,2499.33,0.26677,105.538,1299864.8,143.295,3740.6,21.0,34.3034,1.634
12206.6,3264.99,0.26747,152.865,1732555.0,166.381,4685.68,24.0,29.3105,1.697
16674.5,4050.47,0.24291,181.296,2312717.0,207.618,5795.38,195.0,24.9884,18.375
8888.25,2558.7,0.28787,95.7636,1220745.1,111.189,4085.18,19.0,32.3091,7.486
8194.59,2505.95,0.3058,75.4729,1107167.8,113.023,3267.46,33.0,31.2841,13.561
6559.86,2399.07,0.36571,80.2012,922056.94,89.4735,3145.78,61.0,38.7463,4.033
10338.5,3245.82,0.31395,117.828,1475224.8,134.192,4201.43,50.0,34.3083,1.856
13952.8,4749.01,0.34036,157.488,1996019.4,225.408,5168.23,167.0,30.3545,13.815
7099.02,1797.95,0.25326,67.5762,996078.56,88.5846,3627.29,32.0,37.6545,1.87
10102.4,2477.0,0.24518,92.2964,1398915.0,126.537,3822.62,162.0,35.0108,4.942
6705.44,2001.88,0.29854,63.748,908195.3,91.5555,3147.75,24.0,40.15,1.611
6476.31,1468.34,0.22672,58.3635,844951.25,93.7547,3030.98,5.0,39.646,15.23
8476.32,3162.94,0.37315,98.144,1191992.0,126.322,3655.7,27.0,35.7042,3.609
11271.3,2780.04,0.24664,137.045,1572464.2,171.047,4719.15,175.0,27.4884,0.728
5933.61,1464.3,0.24678,65.4605,866780.25,97.2931,3006.68,104.0,40.9894,5.11
16425.6,4364.03,0.26568,251.248,2261892.5,272.369,4787.8,231.0,27.5886,4.303
14470.9,4437.06,0.30661,172.634,1998117.2,249.887,4791.79,23.0,28.4364,3.313
11866.4,3621.54,0.30519,132.695,1690479.2,167.827,4804.19,38.0,30.4068,2.669
10780.6,3067.14,0.2845,126.905,1546153.2,163.118,4373.56,55.0,29.657,3.017
11732.9,4283.99,0.36512,76.2237,1587313.0,178.071,9397.26,90.0,33.7956,9.849
3952.89,1155.72,0.29237,34.352,538183.25,48.9758,1387.28,32.0,44.5247,11.244
6606.68,1493.15,0.226,55.6978,907682.06,76.1254,2545.0,32.0,41.5266,13.475
12002.8,4315.52,0.35954,140.454,1670590.6,272.509,4769.29,93.0,28.5821,12.54
7093.44,3120.04,0.43984,55.0802,989599.44,100.177,3104.27,41.0,39.0492,9.418
8722.93,1566.72,0.1796,97.0832,1212390.0,121.227,3880.93,47.0,33.7378,2.536
4558.11,1225.84,0.26893,46.9837,639024.4,58.6762,2093.81,17.0,43.2559,1.773
9577.53,3545.29,0.37016,104.746,1330065.2,127.871,3437.58,52.0,32.5927,16.143
10621.6,2852.2,0.26852,127.055,1482715.6,170.518,4645.79,74.0,27.7471,1.643
8551.66,1976.49,0.23112,73.1257,1204022.2,93.5262,3265.34,32.0,37.3136,6.069
17539.6,4191.05,0.23894,206.856,2473170.0,268.177,5679.53,94.0,23.0095,1.442
6187.01,2159.86,0.34909,71.0376,856155.9,89.0378,3044.03,32.0,39.9123,3.961
4642.78,1541.41,0.332,33.6373,658510.8,50.8776,1444.22,42.0,42.5037,2.85
11619.2,3836.22,0.33016,151.537,1583954.4,214.342,4460.83,125.0,31.3504,17.061
16206.0,5714.49,0.35261,115.269,2284650.5,217.394,9127.64,111.0,30.2158,14.928
6995.31,2305.71,0.3296,67.661,1003885.6,99.5618,3025.16,68.0,39.511,7.911
6476.31,1468.34,0.22672,58.3635,844951.25,93.7547,3030.98,5.0,39.0187,15.23
16445.0,5574.31,0.33896,158.364,2350530.2,235.986,5630.21,142.0,23.2699,10.477
11059.1,3658.4,0.3308,96.3665,1565779.2,135.973,4381.58,54.0,46.5464,11.424
7792.32,2871.3,0.36847,83.1081,1065218.2,118.636,3333.39,37.0,36.7766,11.359
5640.64,1383.26,0.24523,67.0847,785506.75,79.1235,2817.33,72.0,39.6926,7.392
6002.66,1994.06,0.33219,58.0834,813861.6,93.1501,3137.49,27.0,39.2825,7.629
9193.35,3182.58,0.34618,88.9118,1227170.6,123.918,3736.79,32.0,34.7582,16.465
15649.2,4620.5,0.29525,170.525,2166360.0,237.089,4660.6,82.0,28.3755,2.723
13424.0,4953.08,0.36897,115.412,1822614.1,200.217,5020.92,81.0,28.5405,18.395
11961.5,2896.37,0.24214,159.475,1701480.1,195.64,4606.01,105.0,29.8995,2.478
8876.59,2518.38,0.28371,80.3917,1234670.8,105.087,4038.34,60.0,35.5252,2.561
16802.9,5609.94,0.33386,179.818,2360897.0,271.639,5494.94,153.0,23.9469,1.969
12520.8,4225.93,0.33751,107.219,1746599.6,192.074,4658.77,149.0,30.5675,3.445
11139.5,3900.88,0.35018,84.8751,1596337.2,144.338,4908.92,73.0,34.9302,17.877
9007.44,2715.98,0.30152,99.7355,1252590.0,109.077,3398.73,34.0,36.3703,8.653
12838.1,5503.37,0.42867,87.9763,1726757.0,218.657,9700.54,42.0,34.4685,19.377
6867.76,2003.14,0.29167,53.6379,899826.6,113.262,5484.79,20.0,37.2356,20.895
10202.1,2653.28,0.26007,91.5636,1453171.1,137.402,3649.18,122.0,35.5868,1.864
8930.03,2628.87,0.29438,99.188,1224945.9,150.615,3253.04,17.0,36.6582,1.486
7216.95,1975.76,0.27376,70.5841,958915.75,98.3359,3789.55,71.0,36.8286,2.512
10354.2,3988.83,0.38523,71.1313,1470435.0,139.545,4102.74,24.0,36.0456,18.566
10274.5,2922.46,0.28443,134.21,1403706.6,151.198,4914.33,72.0,28.9925,3.75
8626.48,2491.46,0.28881,90.3984,1222589.2,117.667,3571.06,96.0,36.3182,13.045
7701.32,1789.32,0.23233,68.3435,1114214.0,99.6132,3037.45,15.0,38.0137,1.772
17977.1,5126.57,0.28517,242.863,2442753.5,262.448,4929.7,267.0,26.9638,3.872
7926.35,2855.66,0.36027,84.8904,1053556.1,127.617,3212.3,47.0,37.4768,1.499
5619.02,1736.12,0.30897,45.7716,768486.7,82.5081,2971.3,37.0,42.3259,12.142
23476.3,7764.78,0.33074,225.649,3290489.8,373.478,6563.27,116.0,17.4998,3.857
9415.42,3817.46,0.40544,85.2261,1314059.5,137.109,4058.72,105.0,33.5383,9.445
10795.2,3232.37,0.29942,86.0047,1517321.6,163.542,4388.78,7.0,32.8705,2.376
20780.6,5293.25,0.25472,214.225,2976051.8,310.431,6940.88,234.0,20.0108,15.658
6902.4,1517.22,0.21981,89.4131,951799.44,84.4356,2984.31,27.0,38.5487,15.828
7664.93,2068.9,0.26991,70.4457,1109961.8,88.023,3075.22,80.0,38.7796,19.851
12547.4,4789.37,0.3817,95.5433,1762438.1,199.062,5875.19,100.0,34.3248,12.811
14932.2,4737.72,0.31728,181.652,2047660.1,250.591,4912.64,22.0,28.2881,2.981
9794.69,2876.21,0.29364,99.6202,1337376.8,150.652,3838.93,119.0,34.8531,2.079
7584.84,1424.2,0.18776,79.8054,1078438.2,85.1678,3795.39,16.0,35.6463,1.388
4160.5,1236.34,0.29716,36.0749,564614.94,51.7297,1385.8,32.0,44.272,11.791
4124.73,1289.15,0.31254,35.4283,565714.6,51.5099,1388.87,32.0,44.4576,11.432
8696.07,2367.57,0.27225,95.857,1189300.9,121.526,3461.69,120.0,36.2449,2.917
6638.23,1936.68,0.29174,67.3694,940030.3,84.2062,3197.01,20.0,38.2376,12.581
10315.2,2653.58,0.25724,123.547,1454985.6,157.98,4329.25,48.0,32.6864,2.464
11621.6,3113.26,0.26788,124.165,1574883.4,160.026,3962.0,230.0,32.4507,2.645
21312.0,6609.79,0.31014,304.503,2940509.5,377.74,6514.87,79.0,16.8951,4.408
6097.34,1497.85,0.24565,55.0372,850830.4,69.8341,3362.22,58.0,38.8321,2.289
8200.78,2344.82,0.28592,75.4372,1114627.5,104.715,3499.72,21.0,35.3284,14.949
13053.9,3419.23,0.26193,169.031,1841877.5,205.265,4943.76,206.0,28.1653,2.163
11134.0,4062.22,0.36484,163.955,1522055.6,216.051,4891.14,101.0,28.9345,3.008
5711.44,1649.93,0.28888,50.5303,821633.25,79.1414,2495.2,54.0,41.7262,3.736
6359.48,1389.87,0.21855,57.4623,881104.94,80.0722,2757.14,20.0,40.5254,1.883
7355.24,1512.22,0.20559,75.0114,993282.9,115.556,3464.68,27.0,36.6828,0.0
9098.39,2420.11,0.26599,103.39,1244256.2,154.72,4131.11,78.0,33.2128,0.893
20213.7,6743.11,0.33359,212.492,2852003.8,322.71,6177.4,266.0,24.2997,12.358
6813.53,1660.0,0.24363,62.7868,941956.7,78.3828,3231.89,37.0,37.7729,5.173
10425.2,2505.28,0.24031,146.581,1391487.5,156.027,4669.69,74.0,30.5563,8.754
11337.8,4016.94,0.35429,120.458,1584325.5,190.937,4131.8,42.0,31.8034,1.97
9039.05,2651.07,0.29329,82.9437,1289895.5,123.062,3627.17,34.0,37.8834,2.965
7239.23,2554.59,0.35288,64.5134,990126.2,112.883,3116.94,33.0,40.4533,3.334
13573.1,5600.85,0.41264,99.4277,1913539.8,194.43,4378.17,40.0,33.8882,17.524
9239.66,2059.6,0.2229,102.926,1251104.6,146.16,3995.64,36.0,34.1531,2.128
7874.33,2344.55,0.29774,76.1615,1090587.6,101.953,3648.11,47.0,36.3119,17.393
10171.9,3691.12,0.36287,109.06,1397339.2,160.56,4214.08,118.0,31.0271,18.605
6114.43,2185.18,0.35738,65.5676,830277.7,87.0057,2985.49,82.0,39.5353,15.276
13041.7,4025.84,0.30868,140.579,1836608.9,187.518,4733.23,98.0,29.146,5.779
9962.7,2631.3,0.26411,99.6576,1418351.4,147.937,3962.45,39.0,33.1602,1.57
14983.0,4932.69,0.32921,192.596,1946593.0,230.199,4343.7,108.0,30.4359,2.402
9803.29,3354.47,0.34217,84.0604,1404643.8,139.703,4052.52,33.0,34.9411,4.092
5752.35,1829.75,0.31808,55.9829,783113.4,86.4771,2691.41,37.0,41.575,12.582
8517.19,2530.86,0.29714,79.414,1122798.2,113.136,3709.7,53.0,35.85,3.829
8436.76,2450.67,0.29047,91.9059,1192839.2,116.721,3568.14,95.0,36.822,2.111
6001.95,1909.93,0.31821,56.1547,823953.0,84.3661,3192.39,15.0,39.0661,7.575
8883.66,2746.33,0.30914,74.1967,1263582.2,124.088,3054.29,55.0,38.2025,15.362
10086.1,4114.29,0.40791,85.7165,1404506.0,145.975,4306.74,118.0,32.5317,2.823
6047.3,1966.5,0.32518,56.0736,829373.6,86.2942,3223.43,20.0,39.4881,7.897
7346.95,2124.24,0.28913,54.3349,1032045.8,88.9836,3092.34,30.0,38.7354,9.19
20463.9,6526.83,0.31894,254.452,2850404.5,328.309,5501.68,71.0,23.1658,3.637
15849.6,5073.77,0.32011,140.244,2136198.0,213.9,5355.35,109.0,26.039,20.157
16636.1,4067.76,0.24451,192.049,2339626.8,214.39,4941.4,80.0,27.5502,3.042
22729.2,5381.01,0.23674,315.556,3126452.5,399.964,6231.35,147.0,19.8315,0.999
22893.1,5421.17,0.2368,311.983,3158994.2,403.429,6233.29,159.0,19.8222,0.983
4195.05,751.4,0.17911,39.6187,555175.75,59.9775,2561.02,11.0,43.3818,2.109
6924.58,2247.92,0.32462,55.0101,996288.56,89.2303,3275.25,11.0,39.8151,11.087
7627.7,2596.69,0.34042,83.5329,1039035.94,131.218,3354.54,44.0,37.0422,7.052
10207.8,3583.4,0.35104,110.013,1402184.6,148.018,4221.46,127.0,33.1227,18.404
6494.97,2264.83,0.3487,67.8411,915632.6,107.753,3112.58,27.0,37.4215,13.64
7743.65,2143.37,0.27679,73.45,1047020.6,97.922,3731.75,83.0,37.2271,12.191
7505.08,2298.93,0.30631,78.819,1018824.4,118.945,3106.21,76.0,38.9252,1.445
6099.7,1480.46,0.24271,54.5247,826372.8,74.2771,2635.99,59.0,38.7631,11.335
11303.6,5349.85,0.47328,98.3947,1472423.1,221.865,3954.96,63.0,34.7996,17.526
8254.8,2644.68,0.32038,58.9452,1122046.8,106.88,4069.18,60.0,35.4373,14.537
7537.22,2198.68,0.2917,63.165,1061507.8,99.138,2856.4,30.0,39.2725,14.771
9562.01,2901.37,0.30342,86.191,1367426.4,129.576,4056.84,3.0,33.5941,2.048
14671.1,5811.5,0.39611,199.622,1964914.4,288.735,5906.28,179.0,20.901,20.652
10110.9,2928.1,0.28959,103.526,1461408.1,159.973,3203.42,110.0,38.3426,14.39
10204.0,2646.78,0.25938,116.985,1397592.8,141.965,4212.08,123.0,32.5268,2.468
7932.81,1998.26,0.25189,68.6431,1079914.0,110.033,3466.68,39.0,35.4187,4.698
11354.7,4610.14,0.40601,101.695,1565211.1,189.602,4497.83,87.0,32.9796,18.031
8882.45,3476.1,0.39134,51.5619,1241727.6,153.433,3095.83,83.0,38.506,14.691
5853.93,2083.88,0.35597,50.0622,817960.56,79.9062,2366.55,27.0,41.5939,3.39
5051.97,1072.91,0.21237,44.7094,731209.0,59.5083,2174.37,77.0,42.8824,0.963
6920.13,2251.5,0.32535,60.4249,932515.0,101.122,3160.32,13.0,40.0831,1.312
8122.28,1835.39,0.22596,54.1547,1128472.4,96.6041,3469.77,46.0,39.7774,14.386
18039.5,5294.96,0.29352,200.786,2580585.0,285.277,5995.38,260.0,21.7576,12.67
8658.35,2890.06,0.33378,81.154,1171966.8,120.269,3423.63,85.0,36.9319,12.589
6721.83,1551.01,0.23074,52.6743,883738.75,82.7128,3316.52,47.0,40.3001,6.113
6552.1,1758.22,0.26834,66.8339,881493.56,87.6543,2951.12,18.0,39.21,1.889
6974.44,1927.63,0.27638,73.1369,939348.25,96.2215,2890.6,113.0,38.7913,2.32
10142.4,4041.32,0.39845,54.4267,1432533.4,156.727,3388.25,64.0,37.9385,14.585
6774.96,2396.64,0.35374,60.8663,953380.44,107.402,2833.48,80.0,39.784,17.496
9004.06,3178.7,0.35302,73.3746,1256879.4,121.184,4117.06,74.0,38.3028,17.708
8291.71,3043.89,0.3671,70.8515,1167724.4,132.045,3835.69,15.0,38.1932,12.49
7289.84,2739.22,0.37575,64.8298,1063486.5,102.933,3226.31,34.0,38.8806,1.317
6387.3,1750.95,0.27412,56.229,902994.7,79.6831,2502.86,74.0,42.1306,13.158
12518.9,5517.67,0.44074,91.0302,1732720.4,206.787,4255.23,13.0,33.501,17.937
6384.76,1690.23,0.26472,69.4896,873032.9,94.2922,2892.55,19.0,39.5945,12.842
20484.3,6463.71,0.31554,254.986,2860616.8,320.361,5537.32,71.0,23.1561,3.453
12873.1,5014.49,0.38953,98.4343,1742456.2,197.643,4074.39,35.0,32.0977,15.841
14585.2,5017.23,0.34399,171.963,2042346.8,205.261,4983.03,150.0,27.7823,6.212
11535.3,3205.08,0.27784,122.571,1676484.0,176.693,4321.31,46.0,31.8984,11.468
8241.25,2089.37,0.25352,87.4446,1148243.8,107.427,3932.15,22.0,36.0209,1.559
6749.25,2290.26,0.33933,65.1615,906380.7,101.62,3131.6,17.0,40.136,1.56
8841.58,2576.11,0.29136,76.3781,1231193.5,112.47,4341.6,61.0,33.1018,3.218
7408.93,2285.75,0.30851,67.1023,1039456.1,108.464,3613.02,64.0,32.3937,16.523
9159.61,2387.56,0.26066,110.937,1244301.4,137.265,4009.94,50.0,33.8728,2.407
5655.08,1045.28,0.18483,52.2207,774812.5,77.7354,2939.28,46.0,41.2071,5.599
5613.59,1311.67,0.23365,54.0725,795348.6,71.1884,2939.24,58.0,39.9864,1.232
9573.91,2652.62,0.27706,94.7623,1312762.6,166.571,4146.5,74.0,33.2104,0.635
6444.71,2278.8,0.35359,61.8939,865076.8,97.6982,3033.64,74.0,39.6255,8.451
12150.7,2979.13,0.24518,156.408,1731388.8,167.253,4785.97,31.0,29.2378,1.604
9011.52,2651.45,0.29422,96.3157,1217369.5,144.183,4005.07,44.0,34.9078,14.772
5263.29,1255.3,0.2385,42.5349,756205.94,66.6165,2203.01,77.0,42.7109,0.778
6143.24,1531.13,0.24923,54.7989,858181.3,70.9963,3362.2,58.0,38.8321,2.299
7724.07,2506.76,0.32453,100.374,1055948.1,115.751,3126.1,30.0,36.2822,10.454
17527.2,4509.35,0.25727,211.856,2462632.0,273.055,5539.08,88.0,23.6991,2.387
8492.7,1958.19,0.23057,68.9086,1217185.5,94.9999,3204.77,72.0,39.1549,19.755
14342.4,4666.66,0.32537,142.586,1998586.2,212.82,4854.04,138.0,27.69,2.404
10937.1,2948.1,0.26955,140.94,1487377.0,184.796,4430.1,45.0,31.0804,2.48
10042.9,2351.08,0.2341,123.263,1396263.1,161.146,4594.52,76.0,29.8548,1.273
17845.6,4682.31,0.26237,223.27,2475109.5,295.584,5586.3,214.0,22.0311,4.034
5050.25,2112.79,0.41835,39.9154,699004.2,74.3889,2035.46,41.0,43.445,10.603
7332.52,2315.71,0.31581,78.5997,1017730.5,92.8997,3740.26,27.0,36.4549,1.927
7047.92,1825.95,0.25907,54.7293,927700.7,85.5724,3147.74,57.0,38.9576,5.555
8647.59,2764.25,0.31965,66.9997,1194605.1,117.266,3183.44,84.0,37.5501,3.514
7412.19,2029.63,0.27382,72.9303,1024917.7,90.0589,3908.06,67.0,35.7733,2.332
19541.7,5366.44,0.27461,226.4,2692551.0,288.169,5811.83,185.0,21.7576,3.724
7010.34,2193.12,0.31284,59.5251,949499.44,87.3662,3263.66,36.0,38.4513,3.938
7344.68,2770.15,0.37716,81.9185,1013190.9,100.477,3861.88,34.0,36.357,2.29
7284.18,1649.62,0.22646,59.6545,1015383.6,74.1842,3201.75,23.0,39.9385,7.315
6452.99,2164.8,0.33547,80.5555,870365.9,93.2678,3211.79,57.0,38.7985,1.486
7127.16,2609.91,0.36619,61.9862,910032.75,115.122,3182.06,3.0,38.183,11.974
11435.2,3011.4,0.26334,153.963,1629086.8,164.192,4667.23,25.0,29.3268,8.89
14768.0,3817.1,0.25847,209.114,2065595.9,241.714,4957.36,120.0,26.1887,2.493
17452.3,4067.68,0.23307,192.824,2462966.5,259.462,5691.83,90.0,22.9299,1.441
8436.32,1681.79,0.19935,71.9176,1211314.8,109.273,4042.09,102.0,35.0651,1.042
15666.4,3406.93,0.21746,204.459,2164567.5,238.746,5165.27,155.0,25.0937,2.142
9104.46,2031.45,0.22312,104.079,1276369.1,124.457,4140.71,54.0,34.1322,2.135
8201.12,1583.12,0.19303,76.4436,1151537.5,93.2308,3167.42,32.0,37.8867,11.745
9687.39,3580.99,0.36965,114.195,1328584.6,136.628,4651.61,93.0,31.3608,19.566
6186.85,2332.43,0.37699,40.0259,844791.8,95.1488,1905.32,7.0,42.3518,13.572
7849.3,2277.31,0.29012,85.8511,1116916.6,109.992,3818.01,48.0,35.7791,2.117
10418.5,4273.92,0.41022,101.447,1454311.2,157.173,3770.67,17.0,34.6182,5.062
34139.5,12717.8,0.37252,212.28,4729548.5,525.076,8834.52,171.0,25.4176,5.504
7885.88,1896.13,0.24044,68.3674,1036099.0,97.2674,3292.45,17.0,38.2066,5.435
10652.6,3794.59,0.35621,122.998,1454007.4,182.139,3907.42,16.0,32.9825,2.779
4973.57,867.87,0.17449,41.0858,692077.0,70.4445,2542.4,22.0,39.5338,13.991
16796.5,5709.15,0.3399,188.945,2287716.5,239.19,5660.72,89.0,22.8774,5.752
10371.1,2538.96,0.24481,99.6135,1379035.9,169.867,3809.19,96.0,33.6332,3.437
11964.7,3907.48,0.32658,144.271,1686250.5,174.954,4807.72,43.0,27.2265,3.742
14552.9,4065.29,0.27934,189.94,2019500.9,217.793,5634.25,144.0,22.713,0.811
7012.73,2429.43,0.34643,87.4091,931013.44,114.358,4289.96,111.0,33.6341,11.648
7198.1,2106.2,0.2926,58.439,985530.0,99.7366,2555.25,18.0,39.8948,4.266
6872.09,2897.29,0.4216,79.2577,987983.44,129.368,3210.97,55.0,38.5303,15.423
7383.82,1843.95,0.24972,71.3504,1005164.5,99.0394,3746.34,28.0,35.5813,2.116
10501.2,2484.19,0.23656,133.6,1432538.2,151.447,3638.89,13.0,32.5497,2.105
7649.42,2095.83,0.27398,79.5364,1074807.0,99.16,3194.54,27.0,37.7691,11.017
5690.68,2251.1,0.39557,55.6479,792775.25,90.7091,2458.31,96.0,40.8943,11.997
9151.98,3139.06,0.34299,91.916,1280464.8,119.35,3696.11,32.0,36.2884,11.075
5823.65,1557.51,0.26744,63.7928,786624.5,89.2701,3340.4,50.0,37.6465,9.211
4932.46,1125.32,0.22814,46.3202,690593.6,53.1748,1807.03,9.0,44.0983,11.414
8869.9,4832.45,0.54481,89.6475,1118928.1,174.468,2736.42,127.0,38.8052,17.043
5990.78,997.98,0.16658,50.8085,827541.4,65.9901,3056.23,20.0,39.6076,3.946
9272.46,3236.43,0.34903,83.1279,1329353.9,129.479,3997.16,33.0,36.473,4.18
9184.3,2650.92,0.28863,102.22,1277179.1,125.715,3951.54,17.0,34.8152,2.021
11832.5,3396.2,0.28702,103.078,1630559.9,177.844,4613.9,123.0,29.9449,2.81
7605.78,2370.89,0.31172,63.7238,1062914.1,101.458,3471.43,46.0,38.2926,15.622
12415.7,5202.46,0.41902,101.257,1750140.9,176.542,4771.45,68.0,31.6682,18.309
6436.13,1244.29,0.19332,56.1014,883090.56,71.7012,2332.06,34.0,42.2175,15.879
4061.72,1232.54,0.30345,47.3333,566834.7,42.2502,2176.37,32.0,43.3881,11.827
6531.01,2199.52,0.33678,81.4588,897289.7,112.86,3096.69,79.0,37.6868,15.069
10615.9,2527.33,0.23807,129.151,1442891.2,160.176,3621.94,18.0,34.7695,2.211
12140.1,3674.36,0.30266,167.098,1713117.8,208.464,4843.43,70.0,28.2131,3.799
8005.51,2526.4,0.31558,74.3116,1117481.5,106.674,3983.58,54.0,35.4208,6.666
7885.9,2307.72,0.29263,89.5845,1116116.5,104.553,3969.22,25.0,36.3756,1.589
15095.2,5141.7,0.34061,189.749,2160371.8,263.004,4980.93,89.0,26.4159,4.125
3818.94,798.91,0.20919,29.7937,546005.1,37.9705,1126.6,38.0,45.2402,16.902
14161.1,4059.61,0.28667,142.306,1931444.0,208.281,4349.66,30.0,31.0343,2.105
9533.42,2097.66,0.22003,104.099,1351361.0,137.316,3909.93,32.0,32.3009,3.735
8982.76,2767.19,0.30805,85.4258,1262707.4,133.452,3461.21,105.0,36.7137,19.828
7888.85,2899.05,0.36748,73.236,1094951.0,114.257,3155.51,28.0,38.4767,13.8
5291.28,1931.28,0.36499,49.1996,736218.7,70.6066,2206.76,14.0,41.5475,3.512
9659.66,3560.59,0.3686,113.446,1328614.9,165.905,4236.65,140.0,32.0828,17.432
8669.9,2270.94,0.26193,87.3365,1164118.8,126.604,3413.18,7.0,37.5306,0.0
6131.17,2124.96,0.34658,60.9792,852484.7,82.461,3204.57,59.0,38.7066,7.627
15262.2,4738.86,0.31049,192.286,2054333.0,242.413,5127.11,220.0,26.2352,2.96
5016.62,1540.59,0.30709,49.0407,704582.5,72.4122,1986.06,3.0,41.9469,3.99
6075.35,1258.3,0.20711,54.3886,843282.5,73.5197,2756.36,24.0,39.9375,2.038
13435.4,5997.24,0.44637,97.827,1879137.6,200.491,3895.12,112.0,32.7497,18.646
15383.7,4992.02,0.3245,194.915,2147694.5,247.925,4716.29,135.0,27.8554,11.567
9416.71,2562.38,0.2721,112.881,1325799.9,153.141,3817.36,13.0,35.7982,0.542
13992.7,5255.89,0.37561,139.313,1985823.2,200.512,4757.5,54.0,29.325,5.504
14161.4,4444.05,0.31381,173.937,2049197.8,266.039,4926.79,80.0,27.0816,3.472
16045.4,5500.48,0.3428,179.422,2233417.0,256.396,5515.76,193.0,26.5531,2.66
14429.2,4406.27,0.30537,158.288,1994870.9,212.138,5303.68,193.0,27.1937,1.593
15129.9,4069.19,0.26895,123.108,2043137.5,221.527,4727.18,141.0,28.9539,4.483
9565.93,2719.35,0.28427,99.2638,1292599.0,138.871,3642.18,17.0,36.0622,1.864
9441.26,3039.76,0.32196,99.5384,1312214.6,140.939,3698.16,30.0,34.1495,4.72
16841.3,5557.29,0.32997,221.517,2305179.2,320.715,4943.77,187.0,26.3208,7.793
21343.3,5703.35,0.26721,290.146,2897479.0,319.741,6559.79,286.0,18.615,1.574
7643.31,2160.8,0.2827,88.2411,1076608.4,99.2928,4198.03,41.0,34.2421,1.518
10637.8,3415.6,0.32108,139.209,1465718.1,160.143,5102.41,42.0,28.2267,3.434
11806.5,3784.38,0.32053,88.2977,1668780.8,179.875,6308.65,73.0,29.8643,8.607
8380.95,1552.1,0.18519,75.3838,1184720.0,100.58,3754.82,12.0,31.8834,1.789
10807.5,2935.61,0.27162,128.266,1488566.8,157.364,4884.08,72.0,29.1642,3.95
12614.8,4511.95,0.35767,123.099,1803163.8,189.729,4682.89,164.0,30.0813,4.761
16435.9,5119.85,0.3115,162.734,2368995.5,253.828,5298.55,43.0,25.0862,20.288
11434.4,4519.84,0.39528,107.983,1659505.0,167.873,4489.34,89.0,31.3109,4.554
9733.91,3520.42,0.36166,82.9748,1353642.2,135.825,3819.17,115.0,34.6222,2.853
9727.41,3462.68,0.35597,87.4283,1374088.2,144.504,3817.38,14.0,34.0384,4.939
12082.7,3372.53,0.27912,162.681,1675475.5,211.888,4789.94,74.0,28.9986,3.601
6820.62,2326.65,0.34112,64.3876,918034.56,97.5862,3111.94,19.0,40.2474,1.476
7016.08,2354.65,0.3356,53.6786,995986.3,88.663,3344.51,3.0,40.2953,15.915
10040.4,2437.71,0.24279,87.9793,1417015.5,129.728,4785.52,28.0,32.3895,3.891
7067.56,2122.03,0.30024,76.5766,962466.44,115.667,3064.9,79.0,39.3756,0.711
12728.5,3893.88,0.30591,128.25,1794954.0,181.758,4693.39,68.0,29.7827,2.496
6901.56,1878.6,0.27219,74.2016,911455.5,99.467,3534.96,79.0,37.8425,1.894
9511.54,3051.96,0.32086,96.1996,1312488.4,135.708,3746.11,92.0,36.7205,13.709
7141.33,2312.65,0.32384,63.5872,959254.8,103.269,3094.44,22.0,40.2921,1.38
12573.0,3818.38,0.30369,168.35,1777710.1,200.589,4664.98,104.0,29.4696,2.519
6948.88,2864.89,0.41228,64.0954,1030706.9,94.905,3213.64,34.0,38.9668,0.977
7429.24,1501.75,0.20214,63.6575,1083871.1,88.0148,2583.3,30.0,40.3415,12.678
8637.81,2205.94,0.25538,91.2878,1169544.8,113.239,3743.17,32.0,35.3555,2.192
8199.32,2309.89,0.28171,93.1585,1162937.0,112.535,3557.42,96.0,36.8926,1.971
8934.74,3051.11,0.34148,57.9349,1285056.1,124.029,3726.73,38.0,37.681,16.794
5221.12,2134.25,0.40877,34.5936,740115.8,69.2239,2558.97,39.0,42.7209,5.991
6137.38,2691.78,0.43858,55.8439,874814.2,87.0557,2611.84,31.0,40.8737,13.071
8972.57,3448.21,0.3843,89.6062,1273962.4,121.864,3865.96,41.0,33.2576,16.943
12563.7,3551.6,0.28268,156.117,1755136.6,199.038,4832.32,57.0,28.1516,2.537
7053.39,2651.69,0.37594,65.7656,1029873.6,96.5509,3215.99,29.0,38.9182,1.462
11970.7,4534.08,0.37876,129.627,1580825.6,195.082,4748.87,62.0,30.4874,2.433
4713.52,1092.77,0.23183,42.2735,657917.4,73.0104,2466.89,32.0,43.0066,11.828
12413.1,3770.11,0.30372,113.744,1795012.8,180.336,3742.03,134.0,35.9869,14.552
10841.2,2820.84,0.26019,115.635,1510011.2,145.723,3823.33,64.0,35.0131,2.392
7417.24,2500.34,0.33709,59.7122,1045242.7,104.157,4326.11,53.0,36.7442,10.996
6978.0,2621.71,0.37571,64.2611,1014271.94,92.1611,3214.82,30.0,38.8772,1.387
9175.52,2651.65,0.28899,82.1278,1304235.0,126.01,3946.05,72.0,34.3965,4.576
9075.4,3186.6,0.35112,90.306,1211568.9,133.881,4003.44,82.0,38.1664,15.79
5805.15,972.03,0.16744,49.9244,797978.1,62.9746,3051.71,18.0,39.567,3.924
11978.4,4724.76,0.39443,83.7333,1611363.0,190.641,4798.84,37.0,33.5702,18.907
9391.64,2581.21,0.27484,96.1416,1312675.2,136.02,3620.46,118.0,35.7074,2.098
16638.7,4320.47,0.25966,249.886,2256212.2,255.324,4887.69,283.0,24.4038,4.204
4656.9,1953.62,0.41951,33.6264,655305.9,66.8265,2136.06,39.0,43.3589,9.393
6904.49,2305.8,0.33395,64.7012,973046.2,86.6274,3898.72,70.0,37.7986,10.613
8953.44,3124.24,0.34894,90.7383,1229041.6,113.304,3740.94,45.0,36.6901,15.666
6427.35,2277.59,0.35435,66.678,821050.7,101.715,2839.64,36.0,39.7483,6.481
3842.79,1210.26,0.31494,35.273,522506.97,48.6795,1386.13,17.0,44.3176,1.35
6483.53,1767.67,0.27264,62.083,900355.56,86.7362,3128.85,68.0,39.4292,11.803
4670.89,1866.32,0.39956,46.7282,686984.94,66.6405,2334.29,57.0,43.1816,11.249
8557.14,2648.82,0.30954,80.6379,1163306.0,100.998,3829.1,11.0,36.1404,7.097
12027.4,3931.14,0.32684,114.558,1700545.1,172.177,3670.66,123.0,35.9089,20.853
10641.2,4236.99,0.39816,78.183,1439913.2,160.359,4249.17,70.0,32.623,14.658
9759.26,3853.78,0.39488,92.8745,1401830.9,136.198,3994.89,31.0,32.2434,12.631
7617.91,2406.09,0.31584,74.9317,1076137.9,107.347,3074.82,33.0,35.0214,16.494
10582.8,3482.1,0.32903,56.1385,1369550.0,173.684,8224.85,57.0,36.9088,6.066
7842.14,2133.54,0.27206,87.0349,1075419.5,120.777,3542.56,45.0,35.9021,5.438
6003.77,1866.35,0.31086,59.771,814233.44,79.5982,2409.71,15.0,40.9616,3.637
11871.0,4991.84,0.4205,103.518,1683858.4,161.12,4599.6,74.0,34.2444,15.676
6300.56,2104.79,0.33406,39.987,884541.4,84.1976,3538.52,39.0,42.6687,14.937
19918.8,6598.54,0.33127,186.904,2709077.5,273.456,4583.34,124.0,29.3882,5.796
9072.65,2690.37,0.29653,77.7451,1265548.0,116.857,4369.29,61.0,34.0748,3.009
8242.93,2366.18,0.28705,65.0996,1190918.6,104.838,3130.7,61.0,37.219,14.59
7366.59,2359.75,0.32033,72.256,1027802.3,105.7,3733.95,27.0,36.1556,2.327
5732.72,1580.03,0.27561,63.0359,718013.4,90.6042,3097.04,16.0,39.3277,2.33
9903.95,2907.95,0.29361,91.6554,1385330.2,132.453,3976.48,142.0,34.4646,13.488
12042.5,3833.02,0.31829,115.62,1653610.2,156.105,4918.13,124.0,28.3925,16.529
5910.85,2016.97,0.34123,55.9897,807685.5,85.3402,3193.36,14.0,39.4601,7.778
5313.51,1440.73,0.27114,46.9199,671658.8,82.0585,2412.95,35.0,42.7831,3.627
8003.63,2658.23,0.33212,75.2423,1129152.6,102.104,4058.05,36.0,35.5761,17.108
8617.39,3420.54,0.39693,72.078,1225552.2,120.529,3175.98,39.0,37.3696,15.622
14071.2,4680.42,0.33262,161.467,1949727.9,204.874,4772.88,81.0,28.7609,8.679
7355.07,2339.18,0.31803,71.4218,988895.25,105.157,3408.97,98.0,34.844,13.491
8323.77,2366.75,0.28433,73.3778,1153230.1,112.819,3500.88,50.0,38.0924,12.273
15182.4,4794.4,0.31578,164.084,2109154.5,230.861,5337.03,182.0,26.4739,1.458
15497.8,4722.96,0.30475,177.862,2159425.8,226.627,5581.42,75.0,23.707,4.986
11139.1,2995.9,0.26895,148.071,1579023.9,155.89,4081.81,126.0,32.4557,2.906
9403.47,2837.41,0.30174,92.584,1314698.1,135.759,4279.94,98.0,34.1284,18.695
10441.2,3399.79,0.32561,96.1944,1435855.9,128.323,4007.86,97.0,33.7889,12.511
8388.65,2220.37,0.26468,109.239,1133636.5,142.008,3878.3,46.0,36.1153,12.281
13263.2,3455.99,0.26056,159.869,1858764.6,217.023,4964.95,197.0,28.1017,2.132
15112.4,5470.59,0.36199,188.102,2081073.0,228.02,4680.39,42.0,25.7814,2.932
7329.39,1658.6,0.22629,83.6145,1019591.1,106.819,3864.04,18.0,36.2291,1.305
10982.6,3200.44,0.29141,117.311,1611109.5,173.966,3417.29,128.0,37.3819,16.217
10868.8,3428.43,0.31543,111.268,1524753.6,165.216,4413.86,76.0,32.454,3.333
8116.07,1577.08,0.19431,78.6918,1139964.6,101.368,3800.65,11.0,33.9501,1.908
6342.71,1539.77,0.24276,69.2578,906998.94,76.4867,3063.48,13.0,38.9524,1.969
23471.6,7023.39,0.29922,173.034,3333672.8,336.411,11898.29,226.0,24.399,6.688
10968.3,3878.91,0.35364,69.0917,1567453.1,149.695,4004.8,73.0,36.2736,14.548
24675.1,9213.11,0.37337,182.089,3396445.8,399.353,9417.34,123.0,23.8854,10.691
9565.75,1701.95,0.17792,96.0292,1318467.0,109.926,4562.25,28.0,32.8407,20.601
10455.6,4103.84,0.3925,89.6413,1482213.2,156.27,3748.27,56.0,35.0547,18.266
5892.84,1949.69,0.33085,53.3615,804591.2,82.1721,3181.2,14.0,39.4331,7.975
15295.8,5678.93,0.37127,191.682,2021456.9,257.245,5115.58,87.0,27.3623,5.669
9952.3,3071.77,0.30864,100.386,1376884.0,148.52,4991.59,53.0,32.5258,2.801
8457.07,2088.23,0.24692,106.597,1139536.8,148.649,3977.31,41.0,34.207,5.698
11479.1,2489.52,0.21687,148.802,1624856.9,172.046,4605.85,50.0,29.9934,0.924
8142.01,2804.39,0.34443,67.2183,1109972.0,112.398,3469.5,27.0,36.9462,14.537
11545.3,3856.75,0.33405,119.348,1618501.2,163.544,4566.08,64.0,33.2821,4.432
4357.76,798.49,0.18323,39.4932,573535.7,62.5392,2624.54,12.0,43.4835,2.329
3947.49,1252.28,0.31723,34.6255,535271.7,51.5401,1382.54,30.0,44.4187,11.48
6203.16,2008.9,0.32385,54.6256,857229.44,92.6838,2766.45,38.0,40.0523,1.541
13913.0,4396.9,0.31602,214.789,1927663.2,249.831,5337.64,284.0,24.6378,1.671
8998.64,2866.86,0.31858,104.5,1272388.9,130.316,3590.69,18.0,35.6228,2.64
9484.8,3951.82,0.41664,90.4235,1288118.0,132.245,3749.96,55.0,36.8425,13.311
5405.67,1109.49,0.20524,52.1218,777337.4,69.729,2859.86,59.0,40.2592,1.363
16992.1,4005.17,0.2357,222.99,2389939.5,265.197,5655.61,90.0,23.1436,1.392
15979.5,3997.62,0.25017,249.096,2188604.5,263.397,4804.01,291.0,27.3417,3.968
5683.87,1145.93,0.20161,51.2704,822016.25,71.0241,2864.46,56.0,40.2968,1.62
14069.7,5420.81,0.38528,111.069,1986905.6,218.938,4399.5,19.0,28.5892,18.704
8811.58,3761.92,0.42692,108.368,1166035.4,153.99,3416.2,119.0,37.7882,17.918
8029.49,1742.31,0.21698,96.3728,1146697.6,113.51,3922.98,53.0,33.0017,11.835
12602.5,3408.32,0.27044,154.972,1798693.1,183.174,4782.51,44.0,28.3457,1.956
15992.4,4921.11,0.30771,215.999,2093738.1,225.334,5727.76,230.0,21.6973,2.035
8737.19,2382.02,0.27262,68.3628,1190018.6,132.22,4263.39,33.0,36.4851,4.308
6583.85,2140.34,0.32508,62.7424,910039.75,94.9356,3701.65,65.0,36.4085,1.747
7569.73,1891.02,0.24981,84.7001,1066333.8,111.299,3854.43,94.0,34.8365,4.847
13448.8,3393.56,0.25233,186.549,1829755.5,218.165,4597.75,182.0,28.9631,1.816
9084.53,2603.6,0.28659,83.4855,1283951.1,102.914,4270.79,54.0,36.5324,11.229
9628.38,2845.83,0.29556,101.112,1350761.4,134.066,3656.09,8.0,35.28,1.824
5916.7,1880.35,0.3178,54.4987,857564.3,81.5962,2821.13,42.0,40.1958,13.672
16918.0,5527.26,0.3267,205.308,2222469.0,269.818,6989.23,242.0,24.2332,3.146
15207.0,4597.72,0.30234,191.061,2032125.6,243.375,5069.34,187.0,26.6946,2.943
12026.4,3554.48,0.29555,102.486,1665495.8,180.257,4593.05,123.0,30.0272,2.813
11868.2,2449.03,0.20635,151.643,1612777.5,195.599,4874.61,137.0,29.7094,0.792
9532.6,2831.58,0.29704,74.7823,1312765.6,104.158,3973.44,48.0,34.8279,14.171
5661.22,1791.08,0.31637,53.533,770605.2,79.5281,2573.13,84.0,40.6107,14.505
6437.71,3460.55,0.53754,66.968,856930.4,126.026,3270.18,60.0,37.9106,15.32
16603.9,5620.18,0.33848,165.568,2393866.0,247.059,5049.31,72.0,29.3906,3.24
14140.2,4298.52,0.30399,140.89,1938327.8,213.533,5383.98,18.0,30.484,8.479
11618.3,2974.93,0.25605,135.236,1615126.8,171.987,4684.15,169.0,28.8001,0.737
6148.22,1521.76,0.24751,56.8764,857029.9,80.0898,2695.68,49.0,40.7239,11.555
10442.0,2953.96,0.28289,108.84,1478289.0,156.481,3820.63,26.0,34.291,6.437
13753.4,3268.61,0.23765,189.825,1881846.1,207.488,4584.48,179.0,29.0089,1.467
11079.8,3599.43,0.32486,131.561,1525264.4,157.36,4940.87,80.0,28.951,4.292
11776.6,2423.66,0.2058,129.84,1643269.6,147.997,4368.16,44.0,31.2973,2.033
11720.8,3383.42,0.28866,108.762,1674539.0,166.726,4767.14,28.0,34.1376,4.23
14678.1,2931.07,0.19969,167.437,2087400.8,208.443,4032.76,140.0,32.3122,1.518
8416.08,2524.36,0.29994,79.0107,1141987.5,111.763,3635.83,68.0,35.8814,14.832
6806.16,2326.26,0.34178,64.6847,915127.25,97.2523,3111.94,19.0,40.247,1.443
11158.5,2998.35,0.2687,129.292,1576664.8,170.068,4226.1,55.0,32.5152,1.428
9625.16,2833.16,0.29434,95.7127,1349635.9,121.628,3381.76,68.0,35.1949,16.718
10312.4,3301.83,0.32018,94.2025,1410110.4,114.395,4617.96,36.0,38.318,19.139
12585.9,2405.05,0.19109,145.505,1775244.9,174.689,4670.97,133.0,29.8721,2.075
12143.9,2989.31,0.24615,133.59,1699211.9,152.594,4561.46,66.0,31.6379,2.519
7384.86,3040.37,0.4117,45.2634,1023412.8,114.413,4088.52,29.0,39.8362,16.41
6008.91,1484.33,0.24702,67.1829,855733.44,74.6225,2789.78,66.0,39.6641,18.487
23536.6,6881.37,0.29236,320.376,3237285.5,358.227,6313.48,93.0,16.9569,3.647
19656.1,7791.01,0.39636,216.591,2788993.5,331.86,5598.57,232.0,21.9827,20.389
8783.1,2694.99,0.30683,99.43,1184172.6,120.112,3724.23,42.0,34.787,3.205
10986.6,4360.56,0.39689,81.3596,1455021.8,201.224,3952.85,91.0,35.4584,18.046
4602.86,1456.24,0.31637,35.2513,626067.56,59.6329,2571.63,36.0,41.5296,11.477
7160.36,1935.09,0.27025,49.7752,990963.44,135.428,3247.34,109.0,38.6961,12.875
6812.34,2568.01,0.37696,60.4717,989494.56,90.1892,3259.48,34.0,38.9395,0.0
10957.2,3302.08,0.30136,129.597,1502091.1,158.58,4896.19,70.0,29.3945,3.228
10891.2,3914.48,0.35941,157.041,1469363.1,208.845,4813.05,75.0,28.8553,4.698
12762.0,4520.84,0.35424,103.812,1762616.6,189.633,4602.97,31.0,32.151,18.1
14255.5,3103.88,0.21773,201.467,1944302.8,256.67,5124.15,160.0,25.2781,2.184
7310.32,2783.42,0.38075,71.2553,1046637.44,108.631,3546.83,39.0,34.6978,12.413
12715.8,3888.62,0.30581,164.038,1788301.6,210.611,4602.73,114.0,29.7202,4.138
7283.19,2242.9,0.30795,61.5071,983363.25,102.17,3476.61,87.0,37.9205,11.276
6482.34,1915.6,0.29551,62.6261,874409.94,93.078,3498.29,72.0,38.4629,16.122
16156.6,6058.76,0.375,194.853,2178351.2,247.54,5207.63,108.0,25.7762,10.101
15286.4,5247.7,0.34329,156.877,2199510.0,239.715,5586.54,151.0,24.5921,12.923
7940.52,2774.39,0.34939,50.8557,1115930.0,101.151,4101.05,65.0,36.4749,14.576
7690.33,2973.03,0.38659,73.6661,1055866.8,108.445,3281.61,16.0,37.8843,3.234
13585.9,4455.63,0.32795,136.026,1901164.9,186.652,4330.84,38.0,31.2147,3.285
10895.2,3548.17,0.32566,91.1986,1566947.4,161.02,5924.74,38.0,30.4305,17.195
12500.9,3373.35,0.26984,163.992,1718086.2,224.874,4657.58,27.0,28.1965,3.404
14063.4,3642.28,0.25899,195.728,1907754.0,214.433,4595.2,183.0,29.0845,1.967
6078.89,1621.54,0.26674,65.3685,819348.75,72.5925,3177.18,31.0,38.7865,4.209
8086.42,2266.5,0.28028,68.9015,1059097.8,102.974,3950.34,15.0,36.2041,8.029
6158.75,1541.52,0.25029,41.3768,848732.3,97.1822,3140.63,15.0,41.0491,11.932
15542.3,6306.05,0.40573,158.158,2121107.5,229.298,5115.88,134.0,26.3008,10.563
5953.8,1073.06,0.18023,51.7264,823124.56,67.9914,3034.62,24.0,39.762,3.972
4997.24,1079.24,0.21596,39.128,681835.2,59.2447,2496.77,56.0,39.8301,11.616
6886.88,2161.85,0.3139,72.9515,953844.4,91.6468,3830.1,31.0,36.7095,0.0
10670.9,3650.31,0.34208,95.9775,1503589.6,144.378,4618.63,107.0,31.8143,16.217
6753.97,1757.28,0.26018,56.7529,928965.7,83.5298,3336.74,39.0,38.824,15.013
10462.2,3656.91,0.34953,68.1314,1472679.1,141.135,3685.46,62.0,34.9559,17.423
4848.78,1124.88,0.23199,44.0361,670569.9,57.9478,1849.44,23.0,43.9961,4.112
6027.86,1634.04,0.27108,53.3901,785018.25,98.7359,3680.07,15.0,37.6991,1.969
9327.45,3313.7,0.35526,70.4224,1296110.1,122.597,3992.08,32.0,35.7671,13.059
8182.78,2433.9,0.29744,90.5481,1118973.2,105.635,3908.51,19.0,35.1202,0.0
10251.6,2777.74,0.27095,117.638,1401407.9,136.506,4189.83,119.0,26.8079,2.701
5826.47,2040.97,0.35029,39.5589,797884.75,83.3929,1806.56,7.0,42.8282,13.632
11480.7,2540.04,0.22124,128.777,1602696.5,151.377,4384.35,57.0,31.3351,1.867
13898.2,5092.14,0.36638,200.121,1897479.2,254.252,4589.68,35.0,28.9971,2.856
4074.87,708.8,0.17394,39.8429,537119.5,60.1525,2562.83,11.0,43.4461,2.055
9072.22,1824.36,0.20109,113.977,1270763.1,120.6,4151.8,58.0,33.6498,2.942
10153.6,3218.99,0.31702,113.929,1457593.5,129.559,3902.87,54.0,34.6031,1.784
9752.03,4128.61,0.42335,94.4384,1329992.9,176.391,4578.58,44.0,32.2027,16.709
10916.2,2960.47,0.27119,134.362,1479969.5,174.347,3980.07,64.0,33.1211,6.706
7285.31,1736.66,0.23837,82.5356,1003158.75,89.723,3402.33,125.0,39.1167,20.593
11144.3,3504.6,0.31447,134.507,1533037.9,160.46,4898.5,76.0,29.3911,3.207
5082.86,1417.28,0.27883,46.5856,711762.2,69.0118,2053.3,2.0,42.4543,4.931
13183.4,4715.17,0.35765,155.954,1808359.0,202.886,4959.91,101.0,27.751,5.253
8286.21,2341.84,0.28261,65.6894,1109816.2,100.525,3572.03,24.0,36.8464,4.106
7261.45,2715.39,0.37394,66.6537,985215.7,110.415,4145.48,61.0,35.8066,13.047
5730.09,1681.24,0.2934,60.3114,774011.5,73.4092,3227.12,26.0,39.1314,9.167
11736.9,3205.72,0.27313,132.907,1608249.9,160.681,4527.18,85.0,31.718,2.502
8642.46,2715.45,0.31419,99.6547,1199319.6,127.616,3855.28,18.0,33.9738,2.929
6598.0,1525.33,0.23118,51.3614,929988.7,76.4414,3406.43,55.0,40.9232,1.721
20261.3,6864.0,0.33877,243.142,2815549.2,329.425,5447.63,73.0,23.4587,3.817
14334.4,5498.66,0.38359,171.585,1965173.0,234.821,4885.29,160.0,28.0255,18.443
10908.8,2718.67,0.24921,126.021,1498052.1,151.896,3694.66,24.0,34.4912,2.585
14745.3,4806.94,0.32599,149.318,2018261.4,236.112,7029.55,27.0,30.1028,9.462
11772.1,3023.05,0.25679,81.9527,1599384.6,170.948,4545.51,67.0,32.5431,13.468
8905.13,2646.69,0.2972,95.3467,1248473.2,123.432,4113.4,108.0,31.9376,15.17
6491.04,2181.11,0.33601,54.9083,938593.1,94.6361,2947.17,19.0,40.3102,15.324
13978.0,4314.64,0.30867,158.701,1909332.4,208.029,5034.57,13.0,31.1143,17.131
8404.78,2296.59,0.27324,91.4701,1169453.1,109.695,3313.87,59.0,37.6861,14.252
7489.59,2030.47,0.2711,82.5143,1041556.94,96.8695,3932.57,23.0,33.8601,1.719
12302.2,4152.98,0.33758,155.0,1720668.0,169.223,5149.08,36.0,28.4183,4.324
11883.3,4628.02,0.38945,98.9398,1680716.4,176.187,4092.24,57.0,33.6251,19.028
10180.7,2776.1,0.27268,132.052,1406149.8,153.552,4633.51,68.0,30.0167,1.89
8183.14,3397.68,0.4152,90.6903,1115865.0,124.837,3604.36,105.0,35.7463,4.126
11830.7,3352.48,0.28337,128.053,1556664.1,148.014,4754.01,49.0,30.9784,16.277
11887.8,2206.55,0.18561,151.127,1614690.9,189.611,4899.57,141.0,29.8518,0.551
7626.31,2124.98,0.27863,62.9577,1064326.9,99.2983,3433.89,49.0,37.5599,15.085
13230.3,4075.11,0.30801,155.013,1868861.4,220.701,4653.86,75.0,29.5386,3.632
8526.24,2203.47,0.25843,72.1084,1240325.4,101.13,3169.57,12.0,37.2289,1.426
8989.5,3268.14,0.36355,96.5912,1266695.0,152.599,4035.28,77.0,32.6275,15.253
3462.59,1337.82,0.38636,23.3017,476335.66,45.7663,1406.25,13.0,45.2304,4.483
3366.32,770.63,0.22892,32.0557,472247.97,39.4681,1844.42,54.0,45.5965,4.69
3867.56,1251.06,0.32347,34.5011,524530.56,50.6957,1391.46,32.0,44.4291,12.143
7197.04,2656.9,0.36916,66.9059,999628.4,106.516,3308.86,68.0,38.6092,10.142
9670.79,3850.27,0.39813,70.9481,1362829.5,145.877,4720.69,17.0,31.8156,16.595
5136.0,1064.05,0.20717,55.6719,701457.06,64.9782,2327.59,33.0,41.8255,3.731
10259.2,4192.76,0.40868,51.9651,1397173.1,182.733,11070.37,48.0,38.2409,15.927
14858.8,3732.08,0.25116,217.843,2060344.5,244.292,5105.18,142.0,24.8743,2.959
8005.8,1920.79,0.23992,70.5494,1099692.2,113.836,3456.91,48.0,36.2645,4.285
7014.51,2991.8,0.42651,74.2372,997588.2,116.236,3202.54,44.0,38.1405,2.999
11326.9,2997.62,0.26464,136.449,1569788.2,162.795,4244.16,39.0,46.5464,3.78
9303.0,2920.12,0.31389,85.2219,1278164.1,131.766,3815.16,31.0,33.4973,2.241
10201.4,4129.39,0.40478,89.96,1470989.1,141.47,4714.44,28.0,35.2595,14.993
9567.75,3370.09,0.35223,92.8058,1343504.1,150.489,3814.52,79.0,35.5643,2.247
8024.68,2389.68,0.29779,91.0912,1088198.9,120.387,3221.9,84.0,38.7238,1.714
10789.3,4649.08,0.43089,90.6996,1451706.6,151.308,4276.47,39.0,46.5464,17.398
10759.6,3465.56,0.32209,127.66,1538640.8,193.563,4211.67,106.0,32.4223,18.195
7870.03,2661.87,0.33822,78.0386,1048920.9,113.292,3496.39,37.0,36.6761,13.243
14486.3,2767.85,0.19106,178.584,2017491.0,226.793,4685.76,26.0,28.6203,1.33
13907.5,3513.33,0.25262,156.562,1963815.9,209.473,4981.33,197.0,27.5765,2.296
6059.48,1732.19,0.28586,56.8673,861045.6,79.0084,2682.81,43.0,39.36,11.642
8652.2,2877.4,0.33256,68.1075,1156397.0,131.659,5071.56,65.0,35.436,4.57
6283.03,1739.05,0.27678,50.8553,866332.2,85.8077,3194.17,32.0,39.4821,14.588
5864.79,1295.28,0.22085,56.4909,815843.44,78.1997,2696.36,24.0,40.5781,1.098
13433.5,4600.9,0.34249,186.509,1831575.1,252.472,4521.7,46.0,28.3107,2.176
10531.4,2657.86,0.25237,128.315,1428936.9,158.743,3776.72,25.0,33.9515,3.276
10264.1,3074.51,0.29954,114.52,1459693.8,137.387,3857.61,58.0,34.7426,2.003
8529.91,2818.46,0.33042,87.182,1208320.8,119.195,3545.98,30.0,36.2729,3.465
12506.5,5143.12,0.41123,75.7131,1726528.8,183.046,4323.08,102.0,30.9117,6.034
15896.9,5481.63,0.34482,185.957,2278890.2,242.916,4710.46,46.0,26.7053,5.082
6276.98,1415.53,0.22551,54.6873,849638.1,72.9574,2495.66,30.0,41.8282,14.779
8131.25,2636.52,0.32424,68.9204,1168707.4,99.2455,3416.98,59.0,38.7806,19.008
9468.62,3548.56,0.37477,67.9761,1340406.9,131.365,4731.54,17.0,34.9137,15.65
8366.79,2684.87,0.32089,69.2233,1117904.2,121.956,4542.61,63.0,34.2574,4.327
10882.2,2285.48,0.21002,119.257,1474972.1,173.517,3901.73,64.0,33.2899,1.867
9829.42,2189.62,0.22276,107.052,1377260.1,130.671,4188.91,56.0,34.0998,1.665
7333.65,2099.54,0.28628,59.0841,1010106.06,104.226,2948.88,18.0,40.1973,9.346
6089.82,1334.06,0.21906,53.6947,837075.06,77.0149,2790.97,18.0,40.3417,1.164
12422.1,2873.82,0.23134,143.999,1713788.2,204.44,4242.91,67.0,32.5757,2.035
5552.73,1664.22,0.29971,53.3419,764516.9,74.9645,3113.98,15.0,39.4041,8.178
14342.5,2881.68,0.20091,165.344,2025377.8,207.274,4047.81,151.0,32.1237,1.47
6298.94,2124.35,0.33725,70.4436,885909.0,116.696,4037.53,84.0,37.3334,18.019
6775.45,2161.95,0.31908,62.1822,916134.7,96.0272,3093.31,22.0,40.1305,1.648
7555.47,2547.26,0.33714,67.1764,1083585.0,90.5855,3475.61,16.0,36.3535,12.755
11421.9,3915.43,0.3428,150.445,1580441.6,168.376,5147.77,49.0,27.8461,4.329
10651.2,2772.06,0.26025,107.599,1549288.2,146.365,4281.26,95.0,33.4795,16.245
15413.6,4041.69,0.26221,119.759,2075946.6,219.583,4710.58,141.0,29.0474,5.581
5871.4,1827.34,0.31122,65.1915,786109.44,99.4529,3080.46,61.0,35.9169,14.07
7147.59,1871.04,0.26177,74.8367,960526.9,97.2701,3611.72,85.0,36.3561,11.893
8532.82,1494.8,0.17518,78.2967,1225918.1,93.3032,3904.9,14.0,35.2216,1.144
12178.1,3481.82,0.2859,152.819,1655823.9,171.739,4492.52,61.0,30.6866,2.324
14416.7,4671.13,0.324,181.887,2016518.1,255.583,4344.26,26.0,30.1659,3.675
7823.61,2642.72,0.33778,70.9582,1071521.9,106.663,3239.43,21.0,38.6457,2.536
4444.14,1597.47,0.35945,33.1345,631629.7,57.6349,2149.63,59.0,43.518,10.776
10153.3,3946.29,0.38867,94.2758,1440900.8,151.536,3630.76,95.0,33.7677,15.041
8159.27,2485.42,0.30461,71.6896,1117497.5,111.913,3574.08,37.0,36.5669,16.389
12009.5,4093.89,0.34088,122.72,1645280.2,180.857,4887.28,118.0,29.5641,16.746
15943.2,5808.54,0.36432,154.576,2233152.0,260.561,5538.32,98.0,25.67,19.022
12820.8,4428.33,0.3454,175.246,1793259.2,222.675,4854.49,76.0,28.258,3.644
6934.96,1134.53,0.16359,52.5188,912224.56,69.2612,3259.44,45.0,38.8463,4.871
12708.9,5807.36,0.45695,200.478,1672242.1,253.63,3936.04,222.0,32.2685,20.927
9023.0,2653.29,0.29405,89.2362,1220711.0,123.045,3811.4,33.0,34.888,1.937
5767.52,1311.03,0.22731,52.2049,817443.1,73.0654,2945.37,4.0,40.793,9.703
6455.41,2241.45,0.34722,73.9943,889438.8,95.6019,3192.4,38.0,39.4018,3.972
9036.74,2786.13,0.30831,92.2406,1245253.5,101.689,3810.94,29.0,36.314,11.775
6775.54,2192.25,0.32355,65.8399,888122.9,96.7915,3574.02,67.0,38.1176,4.223
10712.5,4556.03,0.4253,89.3926,1520479.8,167.118,3912.65,1.0,36.9318,14.48
4937.74,1171.32,0.23721,36.4689,689412.06,55.4344,1910.14,48.0,43.7329,11.824
4943.87,1231.61,0.24911,48.1401,624644.0,64.8084,2102.06,43.0,42.7849,2.691
5761.58,1782.88,0.30944,58.2951,764965.6,89.672,2705.4,27.0,40.8424,4.511
4878.69,1625.58,0.3332,32.3272,688349.6,60.4875,2464.52,58.0,43.0477,10.665
6220.78,1585.1,0.2548,58.1011,876530.5,74.7423,2497.78,63.0,41.6297,7.182
11125.9,3784.07,0.34011,85.5982,1551296.4,153.688,4223.06,104.0,33.0485,19.074
16714.5,5181.91,0.31002,200.311,2198038.0,265.65,6112.19,244.0,21.8869,2.152
8793.29,1923.45,0.21874,72.1593,1194728.1,106.298,3937.03,76.0,31.7742,15.788
5134.77,1126.47,0.21938,43.7524,728576.9,63.9833,2768.52,16.0,41.5577,2.076
17459.7,5406.09,0.30963,257.75,2377895.0,267.208,4871.36,280.0,27.0636,4.087
8386.29,2029.94,0.24205,80.4292,1166084.2,109.622,4065.18,39.0,34.933,9.971
8486.87,3601.24,0.42433,71.7146,1196769.4,133.091,3553.55,53.0,36.955,15.128
18000.8,6250.16,0.34721,173.023,2518928.2,272.917,5679.63,196.0,22.9813,20.885
7018.24,2674.78,0.38111,64.2415,1022125.9,94.9579,3218.69,29.0,38.905,1.103
9270.27,3367.12,0.36321,91.0702,1242901.8,155.041,3781.62,15.0,34.9422,15.911
7706.38,1808.33,0.23465,71.1319,1070889.6,94.8519,3489.72,40.0,36.6089,17.687
4579.69,1267.89,0.27685,45.1126,654700.8,60.5175,2435.36,47.0,42.7,7.607
15433.8,5798.1,0.37567,187.478,2116747.5,257.964,5435.6,203.0,26.9708,3.552
7325.13,2365.4,0.32291,53.6071,1010520.06,108.404,2968.63,51.0,40.6641,4.55
7506.49,2644.42,0.35228,82.3909,1024552.3,104.156,3377.13,16.0,37.5988,12.768
8390.52,2978.66,0.355,53.0749,1118834.5,130.433,4568.58,37.0,37.0399,17.923
12438.3,4074.3,0.32756,126.933,1721595.6,172.954,4667.76,82.0,30.0242,13.873
15332.2,3083.04,0.20108,182.783,2156279.0,228.858,4940.37,73.0,26.8678,3.146
4630.96,1849.05,0.39928,27.3077,642389.44,78.0305,6532.77,36.0,43.7959,11.322
4687.35,1265.8,0.27004,31.6324,644281.06,51.8351,2100.09,36.0,43.854,6.764
5891.59,1377.79,0.23385,54.5475,848203.7,80.5859,2278.16,28.0,41.0923,9.441
8121.14,2259.22,0.27819,60.3339,1145071.0,95.8529,2765.96,28.0,38.5285,11.64
12194.8,3440.64,0.28213,122.198,1698438.8,143.058,4747.79,51.0,30.0679,15.126
15211.3,3974.25,0.26126,236.608,2074643.4,266.704,4742.07,287.0,27.7953,4.417
7523.01,1926.77,0.25611,65.6202,1074853.8,90.0304,2614.34,59.0,40.1396,13.341
8662.54,3694.35,0.42647,89.0736,1209876.2,137.476,3645.93,63.0,37.7522,16.209
8193.38,3127.34,0.38169,68.159,1158939.4,113.724,3485.85,68.0,36.7068,7.338
7339.39,2266.33,0.30878,79.6638,1006688.8,114.066,3071.21,81.0,39.5517,1.334
6032.93,1484.68,0.24609,49.5499,788072.94,96.5013,3950.43,19.0,36.7761,1.858
11104.7,2883.74,0.25968,148.197,1599052.6,157.29,4113.19,130.0,32.4409,2.546
14879.0,4707.3,0.31637,180.442,2049666.8,245.295,4878.04,81.0,24.0826,6.444
13300.7,4326.36,0.32527,153.64,1830274.8,207.601,4702.93,76.0,29.3769,7.304
5016.42,1134.19,0.22609,46.8321,706142.0,62.0076,2689.86,21.0,40.664,2.869
9773.13,1982.65,0.20286,105.172,1354049.4,137.506,4236.58,39.0,34.0667,1.846
12532.4,4280.58,0.34156,158.457,1741698.2,202.125,4866.16,87.0,28.3629,4.45
7508.86,3243.97,0.43201,82.1586,1005902.7,137.796,4227.41,57.0,33.4944,9.254
5876.04,1157.23,0.19694,56.0938,815334.6,76.9679,2685.52,18.0,40.2825,0.999
16149.0,5152.56,0.31906,205.194,2124511.2,249.384,6350.21,242.0,21.414,2.237
12992.0,3671.71,0.28261,168.456,1811446.2,211.711,4836.3,58.0,28.4346,3.052
4671.78,1448.87,0.31013,35.7525,665289.9,58.4533,2062.11,12.0,43.6447,9.269
9118.23,2136.51,0.23431,98.4704,1286423.5,125.165,3857.89,51.0,35.032,2.867
14180.8,4723.69,0.3331,188.823,1891386.1,249.941,5001.17,202.0,26.8191,2.484
7007.07,1665.02,0.23762,71.0862,951673.9,93.4256,3234.87,31.0,37.4245,10.863
8508.34,2740.34,0.32207,76.8072,1156485.9,107.375,3519.35,83.0,35.0344,8.206
20252.4,6458.68,0.3189,201.966,2774809.5,327.553,6297.92,252.0,21.477,8.482
14489.7,5293.09,0.3653,95.5332,1968812.4,207.626,5232.24,146.0,26.0014,10.22
4600.97,1411.6,0.3068,42.0711,617915.4,64.8187,1543.45,9.0,43.3905,11.269
13876.9,3183.8,0.22943,178.407,1973037.8,215.339,4795.98,90.0,27.3096,3.568
16399.7,4870.61,0.29699,156.998,2276835.8,197.78,5484.96,144.0,30.0238,17.039
5586.49,1551.97,0.2778,58.1055,743011.44,84.2191,2672.85,33.0,41.0593,4.721
6900.47,1721.94,0.24953,71.1842,923392.6,90.7824,3362.48,65.0,37.9126,12.362
5896.28,1727.32,0.29295,41.3504,825838.2,71.0637,2790.81,51.0,37.6165,11.158
8895.64,2851.25,0.32052,100.775,1232144.8,134.333,3666.66,21.0,33.809,2.498
5691.88,1289.96,0.22663,53.6756,803895.2,78.299,2895.79,58.0,40.5299,2.959
6617.95,945.85,0.14292,56.188,879784.75,81.9673,3075.75,46.0,39.9478,11.235
8426.32,2598.91,0.30842,96.8621,1102634.1,137.444,3730.33,92.0,36.2785,17.599
7516.66,2687.02,0.35747,82.6019,1051647.8,131.232,3233.2,10.0,38.7769,14.889
12958.4,3493.28,0.26957,162.594,1798705.2,211.935,4827.72,50.0,28.4308,2.74
7317.46,2033.4,0.27788,58.9454,1035222.2,94.9635,2772.5,34.0,38.9252,13.157
9486.64,3136.48,0.33062,90.1561,1323239.8,142.462,4477.34,114.0,29.9099,5.172
8266.62,2578.8,0.31195,92.9616,1165301.0,108.842,3990.8,25.0,35.4613,3.67
7658.27,1799.31,0.23494,87.1968,1067770.1,100.127,3842.1,23.0,36.1839,1.55
17571.0,6269.21,0.35679,231.366,2405853.8,326.706,4926.66,158.0,26.3182,8.461
18949.5,5721.2,0.30191,258.1,2570349.2,301.222,5742.45,329.0,21.6079,2.584
9359.01,2853.75,0.30492,132.338,1286105.0,199.179,4040.08,80.0,32.3039,19.216
8332.74,2323.37,0.27882,71.3058,1096003.6,120.661,3215.49,46.0,38.5125,17.081
6324.14,1519.49,0.24026,67.2153,880538.7,95.991,3059.14,31.0,38.8523,10.953
13021.3,3578.8,0.27484,156.301,1801194.2,200.665,4857.07,196.0,29.593,1.265
7178.37,2050.09,0.28559,65.9061,994102.25,94.5333,3078.66,45.0,40.4754,1.886
13153.2,3797.15,0.28868,163.902,1819163.6,214.126,4873.95,61.0,28.2653,2.447
5877.7,2011.83,0.34228,57.3373,812774.6,73.6387,2592.98,25.0,41.4252,3.79
5044.41,2036.1,0.40363,35.0788,711534.75,65.6392,2590.22,38.0,42.7841,2.808
8798.9,2136.42,0.2428,104.545,1238127.9,148.602,3793.72,15.0,34.3811,0.498
7736.94,1731.4,0.22378,84.363,1092857.4,122.578,3583.44,96.0,38.3041,18.568
14392.4,4634.21,0.32199,162.988,1985426.2,219.784,5248.65,203.0,27.7958,1.69
8131.34,2662.36,0.32741,69.8825,1134482.0,114.011,3284.49,75.0,38.7931,11.611
14857.3,5886.79,0.39622,192.838,1954497.4,243.953,5192.5,80.0,26.004,0.0
14229.0,4781.37,0.33602,163.099,2019768.1,230.436,4596.06,64.0,28.9616,3.875
10729.0,3279.36,0.30565,130.771,1463463.1,154.505,4735.97,77.0,29.1022,5.151
21739.4,6665.48,0.3066,317.575,2983196.0,362.35,6334.82,96.0,16.8136,3.747
16904.2,5388.38,0.31875,207.684,2229063.2,271.839,6184.1,256.0,21.5603,2.47
10456.4,2615.49,0.25013,109.218,1470403.9,155.806,4347.33,40.0,33.0287,3.205
14108.9,4353.31,0.30855,135.189,1974727.9,197.103,4837.87,57.0,28.7384,3.667
7642.42,1915.69,0.25066,66.8941,1050225.5,92.1953,3190.82,104.0,37.8314,3.878
6232.02,1796.63,0.28829,60.3315,856666.25,77.8138,3099.45,40.0,39.5102,13.662
9151.27,2900.64,0.31696,86.1895,1259985.8,129.404,3620.64,42.0,36.5321,13.656
6731.61,2659.99,0.39514,52.1169,957792.25,102.345,2563.19,76.0,40.4702,14.661
6847.46,1819.57,0.26572,61.2471,932932.0,81.049,3239.61,50.0,38.5443,10.632
12096.3,4852.17,0.40112,77.2303,1669349.2,176.506,4381.09,102.0,29.977,5.985
6982.24,1897.14,0.2717,70.8705,945739.75,97.7195,3168.3,62.0,38.3911,15.015
7985.97,2215.31,0.2774,64.1681,1122676.1,90.286,2946.45,38.0,37.1226,11.535
4972.95,969.48,0.19495,43.5706,707637.44,65.0442,2681.78,20.0,41.969,2.55
10813.5,4007.26,0.37057,101.846,1548924.8,136.667,3710.78,42.0,35.6073,16.44
21128.8,7221.82,0.34179,261.984,2855626.0,358.23,6243.04,291.0,20.9128,5.827
7795.55,2366.65,0.30358,70.4404,1048257.56,107.264,3547.08,89.0,34.6712,4.077
5923.73,1589.67,0.26835,69.7583,825447.44,79.6547,2803.54,85.0,39.4788,8.204
15968.2,5137.07,0.3217,188.738,2264944.5,232.791,4773.26,49.0,24.8795,5.821
8878.15,2182.92,0.24587,92.7053,1252349.2,130.045,4169.24,171.0,32.7172,1.351
5097.31,1313.71,0.25772,45.0448,687210.25,77.1654,3006.06,9.0,41.5927,7.299
6938.39,2451.19,0.35327,57.0255,945936.5,109.154,2446.3,48.0,41.0868,13.638
7995.67,2265.43,0.28333,83.0843,1107291.5,118.01,3103.54,21.0,37.6833,0.565
5896.63,1506.24,0.25544,52.5117,792592.9,77.8307,2550.79,24.0,40.0458,14.663
7503.32,2384.87,0.31784,86.4827,1039124.44,106.455,3346.61,27.0,37.1492,7.032
7758.29,2679.83,0.34541,96.4894,1114239.5,128.402,3007.38,124.0,37.7049,15.463
6579.93,2068.48,0.31436,55.4234,931348.4,93.8602,3202.8,29.0,37.4806,15.421
6313.34,1442.26,0.22844,56.2,873228.2,82.4836,2822.99,16.0,40.0817,1.328
9840.4,3611.66,0.36702,101.754,1322706.9,141.639,4585.12,92.0,32.5148,18.805
5855.42,1293.08,0.22083,54.7228,805355.7,77.2784,2677.9,19.0,40.6771,1.536
15640.4,5815.66,0.37183,128.033,2236632.0,227.071,6274.41,119.0,29.2483,5.022
6596.35,1727.06,0.26182,64.1481,913367.9,80.6279,3185.36,30.0,38.214,4.266
5804.35,1475.71,0.25424,60.763,735086.1,87.0904,3090.53,16.0,39.4981,2.1
12187.4,3990.46,0.32742,166.769,1693829.2,181.987,4610.18,92.0,30.0719,6.281
6270.3,1817.79,0.2899,36.1344,868449.75,80.9362,2683.87,5.0,43.5447,15.685
13412.6,4570.57,0.34076,157.831,1886774.5,226.482,4669.72,116.0,29.2858,4.116
6288.08,1633.93,0.25984,50.308,882398.56,75.6544,3359.59,58.0,38.323,2.363
4267.18,1058.25,0.24799,43.1531,545109.25,64.6229,2081.98,36.0,43.4255,5.29
10109.9,2314.85,0.22896,86.2164,1429421.5,124.543,4080.97,11.0,34.4846,17.699
6518.13,1816.69,0.27871,57.1751,890112.2,85.5078,2708.99,48.0,39.9102,10.21
7030.2,2271.52,0.3231,58.5453,922446.06,118.085,2933.98,9.0,37.579,11.445
3767.0,983.81,0.26116,35.0857,512452.4,43.0478,1287.1,21.0,43.8093,2.629
5849.77,2008.12,0.34328,50.0206,805809.2,82.1904,2618.82,73.0,40.645,13.056
5322.05,1179.21,0.22157,49.9114,770883.75,71.3546,2839.56,58.0,40.3451,1.773
6497.91,2257.18,0.34737,56.9734,910115.4,91.758,2306.04,73.0,40.9077,10.94
22607.4,8994.19,0.39784,195.846,3079390.5,368.305,6691.45,156.0,20.4303,19.681
5979.05,1436.98,0.24033,51.8118,776654.6,93.5855,3893.12,19.0,39.693,1.972
11746.0,2802.86,0.23862,144.854,1633485.8,191.962,4078.14,65.0,32.2434,1.916
17950.6,5212.03,0.29035,235.757,2507761.8,283.777,4894.38,135.0,26.5916,5.744
4770.72,1358.25,0.2847,43.2011,652996.7,60.3744,2601.54,60.0,40.8314,9.592
11884.3,3131.06,0.26346,148.029,1685517.8,158.265,4148.23,133.0,32.1115,3.086
7944.05,2824.59,0.35556,66.6733,1060486.5,118.432,3000.09,56.0,39.1553,15.07
18008.1,6929.21,0.38478,153.254,2467209.5,316.001,6020.58,60.0,29.5255,2.082
15540.1,3428.19,0.2206,206.392,2110733.8,244.82,5216.15,151.0,19.4123,3.072
9611.33,2892.17,0.30091,80.3218,1370487.2,128.874,4626.08,50.0,35.8164,1.281
7685.74,3063.71,0.39862,71.4663,1053398.2,108.885,3334.01,43.0,40.1391,4.913
12966.1,4335.88,0.3344,153.171,1794138.8,218.038,4093.23,93.0,37.0675,8.304
10762.1,3635.19,0.33777,108.964,1547148.8,167.216,3562.68,133.0,36.7009,17.211
7462.57,1714.2,0.2297,61.8933,1060268.2,83.9031,2839.68,28.0,37.4434,7.132
12152.8,3235.19,0.2662,130.646,1727128.2,160.012,4799.01,32.0,29.1141,3.238
7547.28,2994.81,0.3968,55.227,1082210.4,110.23,3274.47,42.0,37.6247,13.749
13905.0,4385.1,0.31536,146.328,1903533.1,213.757,5366.76,18.0,30.7773,8.136
8232.24,2235.3,0.27152,89.3421,1136947.9,108.483,3972.03,101.0,32.4894,3.731
9716.23,2235.8,0.2301,113.363,1351842.1,136.338,4301.76,53.0,34.0641,2.212
8432.61,2222.17,0.26352,66.3991,1126607.4,103.122,4228.32,29.0,34.735,10.553
9312.91,3157.85,0.33908,39.6288,1314042.6,119.651,3709.6,95.0,37.83,9.808
9611.82,3248.95,0.33801,112.591,1380826.9,134.004,3864.79,80.0,34.9438,4.387
15774.1,6939.01,0.43989,186.358,2171863.5,270.15,4351.08,107.0,25.3005,15.779
7033.02,2176.53,0.30947,61.3651,979345.1,95.8712,2609.03,16.0,40.3494,3.053
9799.79,2690.62,0.27455,95.7579,1366502.6,132.62,4349.28,37.0,33.1351,2.674
5883.22,1557.64,0.26475,60.2829,848155.44,72.7236,3286.63,52.0,40.4431,10.747
8687.47,2030.26,0.23369,99.572,1212440.4,134.281,3544.19,16.0,34.5504,1.311
7983.18,2019.52,0.25297,90.6949,1114182.5,131.672,3202.02,4.0,37.1109,0.679
3568.9,926.57,0.25962,34.6027,505596.78,42.1556,1775.86,12.0,44.9025,3.814
7570.13,2048.11,0.27055,66.6147,1018647.3,93.3619,3328.53,33.0,39.0367,7.772
7813.55,1662.41,0.21275,61.6831,1099319.5,79.0338,2899.74,55.0,37.3668,9.085
12059.7,2312.27,0.19173,158.687,1692984.9,170.14,4679.78,141.0,29.4399,0.0
5439.4,2140.6,0.39353,46.5738,775827.56,93.1329,2553.98,64.0,41.3422,11.976
7367.8,1997.15,0.27106,37.049,1034721.7,88.7391,2784.93,28.0,41.2255,11.945
9573.25,3321.36,0.34694,88.9939,1370334.5,148.219,3393.65,11.0,35.2488,3.261
8395.53,2693.09,0.32077,77.2505,1141061.6,114.731,4332.56,92.0,36.181,18.127
14396.3,3987.99,0.27701,149.711,2058410.0,209.463,4755.38,35.0,28.537,3.038
10692.5,2857.57,0.26724,106.193,1498362.2,159.784,4392.88,73.0,33.0371,3.588
10526.2,5018.33,0.47674,91.4261,1374684.4,183.52,4110.69,62.0,33.8932,16.548
14859.2,5442.0,0.36623,96.2894,2035315.9,209.582,5021.04,149.0,28.1765,10.967
5178.13,2030.89,0.3922,34.3333,733666.7,68.0125,2620.45,38.0,42.7495,1.437
9437.41,2201.95,0.23332,107.527,1325334.6,139.188,4285.44,63.0,32.6802,3.189
10436.8,2965.38,0.28412,113.504,1482518.8,161.235,4209.69,43.0,32.7746,3.312
4397.58,1026.34,0.23338,32.7443,609975.0,49.2063,2014.11,50.0,44.4079,6.856
10613.1,3227.67,0.30412,94.8636,1510176.6,137.62,4312.54,103.0,33.5126,3.831
8414.5,2684.66,0.31905,74.9275,1173531.8,117.466,3178.68,31.0,37.5446,15.316
11838.6,3597.48,0.30387,89.1337,1672555.6,169.04,4837.4,76.0,33.1333,4.677
13547.7,3313.2,0.24455,142.318,1851692.5,215.299,5123.65,53.0,32.822,1.796
12363.8,5528.2,0.44712,103.047,1605975.6,221.715,4873.33,76.0,31.7337,20.032
22341.3,7587.34,0.33961,260.661,2992796.2,351.331,6154.98,241.0,20.3929,17.808
21726.4,6916.24,0.31833,218.119,2982472.2,346.463,6450.1,172.0,19.3669,20.441
11688.9,3188.98,0.27282,135.993,1671605.6,154.452,4391.31,39.0,31.2918,3.291
10191.9,2742.09,0.26904,124.426,1414942.1,166.044,4644.63,73.0,29.8993,1.564
5501.62,1964.73,0.35711,45.8787,780367.8,73.7249,2591.12,49.0,41.8911,8.385
7640.91,2281.37,0.29857,68.3602,1051636.0,93.0843,3458.0,51.0,37.013,12.236
5524.66,1132.86,0.20505,52.9687,798116.94,69.4948,2897.04,51.0,40.0933,1.669
7604.47,2234.71,0.29386,66.6304,1030065.44,104.477,3960.97,63.0,33.6104,5.94
22082.3,4773.46,0.21616,315.664,3030917.5,388.658,6221.08,154.0,19.7117,0.939
6272.18,1328.26,0.21177,70.054,883103.6,74.0185,2835.07,74.0,39.5023,8.826
7857.26,1920.75,0.24445,76.4435,1074693.1,97.5646,3616.86,39.0,36.8104,4.668
9794.87,4341.02,0.44319,73.9446,1354763.5,162.831,3535.94,26.0,35.9916,19.006
8768.29,2755.44,0.31425,75.6089,1159764.6,129.123,3180.78,60.0,38.2591,15.341
5683.58,1867.35,0.32855,50.0114,771302.4,95.8088,2669.28,39.0,41.4469,8.222
6693.63,1627.64,0.24316,65.8224,961738.4,68.0135,3409.28,15.0,39.0633,2.297
6619.48,1879.2,0.28388,69.934,879564.0,101.746,3452.13,76.0,37.7262,1.539
7700.64,1713.95,0.22257,71.0599,1084195.5,87.1498,2977.36,29.0,38.9413,16.162
6110.38,3082.36,0.50444,60.5612,850801.44,102.843,2671.99,66.0,40.9585,10.974
5590.97,1908.15,0.34129,54.4665,774757.25,76.1633,3414.09,52.0,39.7958,14.504
13885.4,3666.32,0.26404,189.758,1886485.4,220.515,4624.34,175.0,29.076,1.849
7534.69,2620.75,0.34782,79.5067,1040661.1,100.699,3851.74,29.0,36.3753,1.968
10307.2,3069.31,0.29778,96.1606,1460331.5,132.679,4191.28,109.0,33.7609,3.973
15346.5,4312.1,0.28098,214.785,2108270.8,272.723,5096.91,157.0,25.1532,4.525
5804.96,1329.61,0.22904,58.3895,795454.5,75.1262,2743.63,19.0,40.6084,1.163
7313.27,1754.43,0.23989,64.4701,1010893.25,88.4903,2873.71,31.0,39.9355,16.918
11996.1,4138.9,0.34502,130.851,1726902.6,181.267,4857.51,87.0,28.1491,19.498
13310.7,4674.4,0.35117,153.354,1854865.5,214.265,4952.85,79.0,27.6821,5.408
4631.48,1826.0,0.39425,38.4821,646029.06,59.0647,1457.03,29.0,44.4325,10.678
8939.3,2446.61,0.27369,95.4473,1248616.2,137.265,4011.96,47.0,34.5908,6.255
10418.5,3284.26,0.31523,101.095,1446865.4,137.673,3741.05,18.0,34.9419,3.042
9196.24,3288.23,0.35756,110.831,1248048.9,153.349,4309.65,58.0,33.9336,17.657
10976.8,3843.91,0.35018,132.83,1449506.1,177.072,4186.23,57.0,31.562,5.542
11482.2,3170.88,0.27615,138.469,1571467.1,156.198,4498.77,90.0,31.1855,1.955
9890.47,2073.79,0.20967,104.498,1397730.1,132.808,4298.74,49.0,34.153,1.005
5385.3,1238.2,0.22992,53.2933,746880.5,72.8736,2607.34,36.0,41.0233,4.845
6520.67,1700.5,0.26078,66.3839,917458.25,81.4868,3081.64,21.0,32.8446,2.121
23071.8,7250.26,0.31424,259.121,3247316.5,326.964,5941.88,225.0,21.9656,0.0
4167.12,1480.7,0.35532,35.4644,584586.6,47.8916,1458.64,37.0,44.1185,9.719
9228.03,3227.47,0.34974,96.5086,1278060.5,125.99,3496.09,80.0,37.5407,14.966
5960.68,1981.53,0.33243,72.2152,827025.25,88.356,3035.06,35.0,40.2315,1.613
7836.53,2023.61,0.25822,77.4356,1120028.4,101.322,3195.79,33.0,36.8346,2.554
10242.9,2655.01,0.2592,99.5477,1435445.2,155.922,3770.07,17.0,33.3272,1.783
9832.2,2775.98,0.28233,108.4,1349187.0,155.13,4137.41,79.0,33.2062,0.818
7461.32,2667.75,0.35754,89.2998,1037835.94,107.13,3700.7,27.0,36.2792,10.562
14993.4,3895.45,0.25981,184.224,2122391.0,217.616,5696.71,69.0,23.0322,1.249
6984.68,2609.95,0.37366,64.6978,1016018.1,96.7079,3215.68,26.0,38.8856,1.607
6302.78,1663.45,0.26392,68.6955,902916.25,77.5486,3159.07,13.0,39.031,2.162
7535.2,1604.72,0.21296,85.983,1013542.2,121.485,3485.83,29.0,36.5331,1.762
8523.71,2433.24,0.28546,84.8951,1216591.8,118.853,3926.11,13.0,34.4331,1.799
9912.31,2714.9,0.27389,105.254,1409585.2,148.79,3983.44,46.0,33.0664,1.798
10665.7,2661.68,0.24955,145.707,1506185.2,152.424,4098.3,135.0,32.4573,2.825
3870.68,1216.9,0.31438,32.6645,529754.7,48.2445,1431.12,16.0,44.338,1.574
10273.0,2762.83,0.26894,99.358,1368851.2,138.694,4072.28,135.0,35.2619,16.667
19637.4,6076.6,0.30944,258.263,2706460.8,316.182,5505.12,105.0,23.5666,3.357
11378.4,2859.04,0.25126,145.63,1519898.6,172.916,4410.37,47.0,30.3568,2.602
19938.9,7733.02,0.38783,230.762,2683684.0,308.123,5775.66,158.0,22.3,1.678
3348.79,1254.55,0.37462,11.5576,457924.3,38.5446,1468.78,32.0,45.2582,3.788
6542.59,2272.72,0.34737,58.5572,933863.1,87.8637,2749.06,62.0,40.7415,5.792
17463.6,5646.12,0.3233,161.965,2504493.2,245.199,5021.65,47.0,27.2596,3.058
8594.64,2400.28,0.27927,119.135,1175789.6,135.462,4192.0,117.0,32.7436,2.268
9525.93,3588.68,0.37672,76.259,1337195.1,121.105,3981.68,24.0,38.2929,14.849
8308.25,2421.4,0.29144,95.3194,1170686.4,115.746,3562.89,98.0,36.8931,2.034
8742.97,3090.68,0.3535,110.673,1183768.8,115.589,4669.36,98.0,32.6964,3.418
8336.07,2096.39,0.25148,65.3826,1207303.2,96.8311,3887.85,31.0,37.1689,13.166
8757.43,2008.01,0.22929,102.288,1226096.5,119.221,3845.17,56.0,34.8601,2.748
8746.64,2279.66,0.26063,64.0272,1230578.1,103.405,3615.22,35.0,36.4476,18.789
7608.63,3057.28,0.40181,80.6328,1043981.3,114.293,4266.45,27.0,34.1662,20.495
8284.34,2109.33,0.25461,73.1175,1172410.4,95.9243,2930.73,19.0,36.7365,4.707
5173.53,1934.64,0.37394,41.3984,670714.2,86.8543,3591.49,35.0,44.3362,12.392
8477.47,3849.94,0.45413,52.4901,1163223.1,125.892,4239.31,49.0,35.4733,16.79
9214.25,3815.38,0.41407,85.5903,1292355.0,136.839,3724.84,124.0,34.9436,4.841
14267.6,3864.64,0.27086,213.975,1955906.0,254.309,5137.72,156.0,25.1801,3.031
6177.59,1324.19,0.21435,66.6407,863716.7,76.9611,2669.27,44.0,40.7759,2.891
9536.31,3128.34,0.32804,66.7837,1286012.6,137.474,5186.82,66.0,33.1211,3.655
4518.88,1359.5,0.30084,33.2403,625971.94,55.2779,1940.01,15.0,43.5427,12.249
9389.96,2204.05,0.23472,106.392,1294657.8,142.726,4030.88,36.0,34.0944,1.96
13998.4,4579.08,0.32711,154.337,1995723.8,225.746,5444.42,78.0,28.2854,1.348
10016.1,3809.46,0.38033,73.0811,1392284.5,143.649,4036.14,69.0,33.8994,14.18
16293.1,6328.8,0.38843,174.574,2235654.5,278.324,5326.71,115.0,24.9103,9.027
8373.07,2651.61,0.31668,102.33,1151971.4,126.965,3395.7,121.0,36.326,1.83
7682.67,2437.19,0.31723,71.1154,1085616.5,93.3099,3437.67,40.0,35.8608,4.416
7278.9,2320.32,0.31877,63.5651,1011717.75,100.039,3806.04,40.0,36.4966,4.687
4208.23,810.79,0.19266,38.2747,553176.9,61.2684,2597.43,12.0,43.2718,2.164
7915.71,2242.0,0.28323,78.5517,1056927.0,98.5136,3222.16,105.0,36.6001,9.28
10833.2,2877.64,0.26563,161.559,1538116.6,158.143,4688.32,25.0,29.0988,1.716
6475.82,2805.68,0.43325,43.3877,897878.06,97.5735,2303.6,10.0,42.1426,9.651
6451.67,3657.23,0.56686,90.6904,810388.5,132.448,2104.69,80.0,41.6476,16.731
5530.88,1928.67,0.3487,47.8187,752096.6,80.9387,1981.89,30.0,42.7566,8.674
11217.8,2973.61,0.26507,116.17,1587545.1,149.645,4406.29,74.0,33.1811,5.971
11335.0,2972.69,0.26225,145.688,1523403.1,174.116,4379.05,73.0,31.5462,3.477
13830.4,4075.27,0.29466,111.629,1993279.4,181.898,4241.47,163.0,34.6218,17.054
9717.81,2416.69,0.24868,104.982,1377313.8,146.659,3927.02,42.0,29.2171,2.166
9261.5,3055.08,0.32986,75.2675,1296917.2,125.378,3953.56,75.0,36.2663,6.92
9210.77,2358.36,0.25604,102.298,1299723.6,154.911,3808.34,16.0,34.1892,0.549
21787.0,7782.52,0.3572,150.69,3095325.5,348.76,18453.85,132.0,28.886,14.171
5547.25,989.16,0.17831,48.0839,792410.6,70.8109,2865.41,57.0,39.9705,1.274
8355.84,1927.42,0.23066,55.3375,1196868.2,103.14,3329.94,33.0,37.9003,14.568
7767.83,2061.33,0.26536,68.2612,1071484.2,100.987,3347.9,30.0,36.9898,4.06
18126.5,6620.22,0.36522,167.69,2570281.2,263.183,5641.69,153.0,22.753,20.305
10432.2,2179.1,0.20888,127.44,1425429.6,167.669,3889.09,71.0,33.2472,1.626
6315.53,1509.27,0.23897,41.4936,862614.4,107.01,3666.6,20.0,40.8187,16.275
6044.03,1450.11,0.23992,68.3954,853036.44,76.9187,3046.28,9.0,39.0679,1.842
13098.6,5254.21,0.40112,126.772,1892207.0,208.114,4773.87,62.0,29.2052,17.702
6336.02,1743.51,0.27517,68.407,865474.1,99.5794,3486.9,58.0,37.0385,16.249
5849.89,2563.35,0.43818,54.0709,831153.0,94.7773,2285.66,58.0,42.2311,15.563
10199.2,3270.74,0.32068,87.0324,1446909.9,142.438,3615.12,11.0,36.7011,3.746
13328.6,5572.44,0.41808,76.2776,1816458.9,220.142,5466.16,71.0,28.2722,16.068
8879.0,2382.56,0.26833,108.237,1233076.1,146.082,3935.04,56.0,34.273,3.583
8575.06,2470.77,0.28813,94.2846,1178899.9,105.576,3451.91,18.0,36.044,12.031
8499.56,1924.4,0.22641,97.8278,1132608.0,126.407,3433.59,22.0,37.4506,1.564
10988.6,3568.53,0.32474,124.063,1503569.2,161.773,4875.16,83.0,30.0713,3.751
6630.81,2111.27,0.3184,65.2989,890490.5,97.4994,3641.74,69.0,37.7019,5.21
6268.1,1849.65,0.29508,54.2697,878150.9,76.3653,2530.13,33.0,41.6188,3.771
5750.05,1881.9,0.32728,59.9639,729106.25,98.3497,2637.99,5.0,34.2555,12.471
12966.1,4335.88,0.3344,153.171,1794138.8,218.038,4051.38,86.0,37.0672,8.563
16448.2,3986.01,0.24233,221.297,2297920.5,260.626,5685.86,89.0,22.9654,1.532
8480.3,2133.27,0.25155,98.4799,1189444.5,121.505,3684.01,21.0,35.4205,3.249
5690.61,1546.65,0.27178,48.3494,832610.8,73.0972,2743.53,14.0,41.1299,14.476
6755.35,1716.37,0.25407,74.3406,906185.4,105.691,2910.72,59.0,38.6378,12.383
7179.36,1818.25,0.25326,64.3375,1032094.0,79.5612,3895.13,62.0,40.8068,12.942
16432.6,6139.18,0.37359,198.604,2298038.5,253.018,4742.66,114.0,29.2832,19.412
7817.31,2556.48,0.32702,69.1034,1082023.9,103.852,3206.11,18.0,34.9373,2.789
8744.53,2629.17,0.30066,96.4547,1241790.5,115.986,3677.53,106.0,35.6523,11.906
15530.9,5587.16,0.35974,238.011,2111877.5,255.127,5430.46,127.0,23.8237,2.072
9913.64,2920.75,0.29461,121.697,1397659.0,165.713,4282.99,53.0,31.7034,4.035
8407.01,1812.15,0.21555,79.4938,1224833.9,97.8194,3638.29,16.0,36.0739,9.356
5026.85,835.87,0.16628,40.1589,676464.5,66.8633,2390.55,19.0,36.8109,10.869
10849.9,3288.83,0.30312,109.314,1553318.4,173.027,3761.62,40.0,34.2019,9.345
9498.06,2212.38,0.23292,104.302,1304494.2,147.688,4012.4,40.0,34.0345,1.962
12311.8,4164.42,0.33824,138.781,1706294.9,173.272,4432.82,117.0,30.6825,5.481
7416.61,2428.0,0.32737,70.4194,1004548.94,107.675,3901.87,59.0,33.9308,5.248
9413.04,3372.15,0.35824,91.8834,1309856.9,118.996,4032.86,22.0,35.5082,15.692
10625.5,2712.11,0.25524,99.3748,1466606.8,132.097,4320.71,33.0,32.442,8.55
4261.28,1392.29,0.32673,38.4586,587113.75,52.9612,1915.07,49.0,43.9455,11.751
10648.0,3082.21,0.28946,128.603,1524479.5,172.028,4386.91,43.0,26.4695,16.848
4584.85,972.6,0.21213,43.6891,624457.75,68.7765,2640.03,13.0,42.8871,2.529
11482.2,3215.91,0.28007,97.7333,1584923.8,180.893,4537.45,123.0,30.471,2.855
17324.1,5010.76,0.28923,225.973,2406096.0,276.893,5708.15,201.0,22.0988,2.097
3966.08,1248.92,0.3149,35.3512,547554.56,49.5822,1790.78,12.0,44.4667,8.288
3875.21,1178.76,0.30417,35.0244,528180.2,50.0479,1378.98,17.0,44.4065,1.981
5943.54,1911.03,0.32153,44.4245,807179.8,93.1104,3663.18,16.0,42.5867,13.235
7866.83,2596.49,0.33005,75.6268,1102453.5,125.888,3286.84,2.0,46.5464,15.422
5804.35,1475.71,0.25424,60.763,735086.1,87.0904,3090.53,16.0,39.432,2.1
8719.19,2574.66,0.29528,100.802,1169004.0,128.331,3249.65,77.0,38.5853,1.885
10027.9,3073.42,0.30648,89.3455,1430111.5,149.46,4966.08,96.0,33.9709,15.232
18777.6,5373.98,0.28619,256.946,2563727.8,305.627,5736.59,336.0,21.2743,2.639
8398.74,2696.52,0.32106,96.1261,1123778.9,128.15,3669.35,53.0,33.9111,4.242
8234.92,2488.69,0.30221,59.9588,1123304.0,113.188,3017.36,58.0,38.6048,15.098
9638.68,3017.53,0.31306,83.8738,1362953.1,143.88,3884.8,3.0,34.9483,2.16
11178.9,4041.12,0.36149,117.997,1544293.5,168.376,4325.03,78.0,32.7759,4.273
8935.7,1698.41,0.19007,99.1394,1262903.4,120.879,3845.71,46.0,35.0273,2.823
6285.17,1820.23,0.2896,70.5809,870278.8,84.4572,3413.93,40.0,37.343,13.463
8125.1,2188.46,0.26934,82.9421,1146595.2,110.478,3906.0,36.0,35.8923,2.414
15303.8,5404.85,0.35317,177.908,2111309.2,241.729,5265.34,79.0,24.9348,9.938
15693.3,5267.71,0.33566,229.338,2120919.8,321.204,4911.35,164.0,26.2043,8.248
11413.1,5296.94,0.46411,90.6016,1592675.9,185.784,3470.62,30.0,36.2554,18.678
12049.0,3545.42,0.29425,133.097,1674585.1,158.319,5152.46,70.0,27.2676,15.491
5308.99,1512.25,0.28484,46.5751,674236.06,80.8447,2348.19,24.0,42.4771,3.899
6449.06,1418.52,0.21995,53.947,889143.2,87.8919,2762.09,17.0,40.1268,1.025
16019.8,4795.06,0.29932,165.961,2209478.8,260.323,4767.12,81.0,28.5706,2.262
8623.39,2308.46,0.26769,77.1315,1211895.6,104.179,4202.48,63.0,33.5942,2.235
11311.9,3022.99,0.26723,120.901,1588844.0,192.58,4602.81,174.0,29.0126,1.06
14889.0,4254.89,0.28577,178.578,2064925.2,226.247,5626.09,138.0,22.7863,0.755
11570.9,3231.59,0.27928,150.148,1664211.0,158.754,4127.69,126.0,32.3952,2.372
7422.61,2904.36,0.39128,77.3717,1033393.1,107.288,3750.51,36.0,36.476,2.309
8229.18,3655.12,0.44416,88.6802,1141016.0,140.718,3655.8,124.0,36.022,18.062
5949.6,885.4,0.14881,50.3388,839934.06,72.4247,2711.42,1.0,42.0834,0.649
13285.1,3964.83,0.29844,199.349,1822208.8,217.771,4564.96,183.0,29.0566,1.999
10953.5,3681.25,0.33607,77.8638,1520927.1,156.81,7732.25,12.0,34.9987,6.922
4340.44,929.37,0.21411,45.1461,615778.8,62.0022,2440.64,44.0,42.6855,6.81
7020.81,2044.64,0.29122,61.5261,976360.25,91.7073,3065.94,88.0,38.1758,2.012
6799.29,2797.19,0.41139,56.5583,880005.8,119.97,2964.31,11.0,39.5202,15.066
13012.5,3022.81,0.2323,174.158,1823021.5,202.051,5002.96,193.0,27.9212,2.709
6119.31,2602.47,0.42528,54.7779,852526.75,89.8625,2703.51,45.0,40.8469,5.025
14671.6,4197.81,0.28611,195.467,2038977.4,222.832,15933.68,143.0,26.2759,4.957
7565.15,1485.9,0.19641,75.5027,1043683.7,83.0099,3292.11,36.0,37.6414,7.981
15014.0,5351.52,0.35643,188.875,2097548.2,256.216,4607.46,33.0,30.7619,1.58
6891.08,1408.05,0.20432,55.6921,904813.8,78.8046,2984.31,43.0,38.9072,17.031
11623.9,2121.68,0.18252,148.659,1646704.6,169.618,4611.33,144.0,29.9512,1.619
14068.0,3867.74,0.27493,190.661,1915236.1,215.825,4616.18,178.0,29.0528,2.036
5958.99,1932.04,0.32422,57.3023,815787.2,85.0826,3200.29,13.0,39.4259,7.852
8323.86,2125.85,0.25539,88.6322,1132420.4,126.072,4111.16,101.0,34.4551,7.063
16458.5,4240.61,0.25765,234.707,2335592.5,274.182,5475.92,101.0,22.5412,3.366
8066.47,2651.02,0.32864,72.9033,1092338.6,117.458,3671.53,80.0,38.1219,15.574
3759.81,1380.6,0.36719,24.0791,511219.78,47.0558,1548.05,5.0,45.2012,9.053
8941.5,2935.92,0.32834,97.0652,1234531.0,137.839,3281.75,80.0,36.6382,16.93
7591.0,3557.21,0.4686,90.8509,934193.25,141.356,2376.94,107.0,40.3569,4.451
7429.42,2160.75,0.29083,61.1658,1038126.9,93.0467,2722.98,20.0,38.9403,9.886
17622.8,7915.32,0.44915,132.952,2434134.2,292.021,14293.09,128.0,31.7413,11.194
13130.7,4122.0,0.31392,157.11,1866879.8,191.677,4888.98,40.0,28.7682,2.678
20265.6,7760.65,0.38294,273.78,2703395.8,361.053,5964.35,304.0,21.1018,20.546
13205.8,5320.28,0.40287,98.3663,1819031.4,200.903,4474.79,39.0,31.1502,13.437
7257.4,2176.18,0.29985,81.0517,1034451.56,116.667,3510.38,85.0,36.3215,7.638
10571.6,4642.86,0.43918,89.2271,1407304.1,155.577,4306.02,41.0,37.9649,17.533
5966.52,1918.29,0.3215,68.5248,824128.56,77.576,3635.52,62.0,38.895,17.237
7323.89,2530.41,0.3455,70.8129,1006119.8,101.026,3244.28,19.0,38.0049,2.671
5119.77,1273.48,0.24873,37.0797,702290.75,56.2374,1935.94,45.0,43.4686,9.929
7545.27,2755.88,0.36524,70.616,1073025.9,123.724,3047.97,56.0,37.769,13.288
5942.66,1448.36,0.24372,63.614,825993.25,80.901,2102.95,61.0,42.0209,4.633
11817.1,3284.28,0.27792,164.542,1632760.4,193.43,4701.45,152.0,26.9518,2.067
7482.94,2641.01,0.35293,70.7272,1014325.1,112.996,3212.76,49.0,38.9727,6.821
8818.03,1813.61,0.20567,86.505,1232795.8,125.103,3505.31,156.0,34.4969,10.605
17378.5,5988.58,0.34459,224.854,2389212.8,283.04,5483.6,234.0,23.3287,1.828
6822.81,2353.74,0.34498,75.6155,941269.2,128.025,3321.11,22.0,37.7535,16.305
11243.9,3582.16,0.31858,117.444,1565151.1,149.004,4538.2,65.0,31.6347,15.461
6573.47,1753.34,0.26672,67.8132,881476.5,85.21,2992.06,20.0,39.037,1.925
9128.13,2452.81,0.2687,96.0655,1291011.8,128.421,4063.29,164.0,33.3238,1.449
7057.45,2034.2,0.28823,75.959,963244.3,109.242,3041.55,81.0,39.2242,0.748
9118.39,2661.07,0.29183,99.3672,1261918.5,132.87,4073.4,19.0,32.94,5.37
7707.34,2430.5,0.31534,69.4935,1082361.0,99.8456,3367.66,43.0,33.8438,4.988
9550.78,2152.15,0.22533,94.1223,1304247.9,140.675,3593.17,79.0,35.1519,16.823
6282.07,1582.0,0.25182,66.3485,904067.44,78.4509,3011.66,12.0,37.951,6.468
3945.21,1245.7,0.31574,35.3605,536237.94,50.0067,1380.68,32.0,44.4381,11.259
5826.96,1888.1,0.32402,55.5093,799649.06,79.0448,3163.54,10.0,39.5206,7.296
19170.2,6577.0,0.34308,292.522,2674072.8,383.125,6078.35,143.0,22.6644,3.754
5690.85,1405.61,0.24699,47.2847,804751.25,61.0073,2450.35,10.0,41.6317,2.277
11903.7,4343.52,0.36488,148.5,1722657.0,210.467,4706.41,160.0,29.3777,11.295
6925.99,1822.6,0.26315,72.9059,941286.3,133.096,3414.74,36.0,38.4198,15.545
13140.8,3739.6,0.28457,166.449,1822343.2,210.125,4874.49,58.0,28.1299,2.47
11863.1,3493.41,0.29447,107.38,1633765.2,167.608,4690.34,13.0,31.4657,3.322
4007.28,1273.11,0.31769,34.9855,551080.5,51.0178,1392.38,17.0,44.3077,1.54
9654.93,2823.7,0.29246,111.13,1348682.1,160.141,4173.07,45.0,33.8399,2.907
8436.97,2694.66,0.31938,74.3891,1166010.9,109.365,3701.42,52.0,36.0246,12.177
13363.9,4031.55,0.30167,141.31,1857942.1,197.975,4595.45,68.0,30.7465,3.505
15193.0,3818.12,0.2513,185.126,2146284.2,216.249,5702.45,145.0,23.0276,1.16
6370.05,1919.36,0.30131,48.0579,878320.5,81.846,2426.54,2.0,40.6339,13.957
18461.8,5541.57,0.30016,251.866,2508487.8,260.501,4949.17,262.0,26.7393,4.005
12866.3,2307.42,0.17933,171.551,1743001.5,202.423,4722.38,106.0,28.7998,1.826
9093.71,1463.47,0.16093,98.7203,1289488.2,121.131,3923.52,43.0,33.4837,0.811
10325.3,3624.99,0.35107,93.3671,1448404.4,125.136,4098.73,64.0,36.3583,16.316
7967.73,2528.71,0.31736,75.277,1092433.6,99.3456,3040.51,99.0,38.5039,5.585
7579.33,2173.46,0.28676,72.1861,1034347.3,117.127,3079.35,80.0,38.8992,1.191
15985.9,4995.36,0.31248,169.939,2258119.8,245.262,6009.6,103.0,27.1413,14.784
8447.66,2606.31,0.30852,89.0683,1150684.1,123.19,4252.9,108.0,33.5679,3.176
7237.38,2201.31,0.30415,80.5153,1000978.0,100.383,2860.91,100.0,39.1504,1.588
6976.57,2190.41,0.31396,63.0099,949168.75,99.7029,3105.16,19.0,40.3128,1.496
14932.5,4810.65,0.32215,177.33,2042378.4,258.561,4923.53,20.0,28.3191,3.183
14519.5,6059.43,0.41733,123.188,2052493.1,221.861,5333.0,124.0,28.9034,15.767
8287.46,1937.88,0.23383,66.7926,1190265.9,90.7329,3182.21,47.0,37.7168,17.741
10287.7,2669.35,0.25947,102.929,1421113.1,140.581,4307.74,14.0,32.8382,4.279
18911.3,5617.8,0.29706,254.207,2552028.5,305.651,5737.74,336.0,21.2516,2.653
5557.13,1848.15,0.33257,51.9975,792548.5,87.4415,2884.85,16.0,33.7516,14.612
19080.6,6326.77,0.33158,196.186,2598072.2,300.56,5763.06,198.0,22.522,3.881
8486.78,2967.62,0.34967,92.03,1212100.5,106.321,3737.83,31.0,34.8162,11.975
9433.37,2763.79,0.29298,99.2176,1290732.0,142.612,3587.26,117.0,33.0008,1.648
7926.67,2113.08,0.26657,66.0357,1152789.5,81.1029,2685.4,34.0,39.578,5.877
7464.83,1878.41,0.25163,56.1472,1045292.75,91.4887,2919.08,29.0,35.7029,8.873
6449.7,1470.11,0.22793,68.5178,903707.8,78.1483,2856.23,80.0,39.535,9.017
6840.81,1843.06,0.26942,64.2889,952054.94,89.2633,3311.0,57.0,37.9479,8.662
14643.1,3136.85,0.21422,191.298,2031083.1,196.538,4049.7,133.0,32.223,2.314
4356.3,972.68,0.22328,31.5067,614444.1,46.0956,1985.67,54.0,44.7666,6.471
6692.94,1872.45,0.27976,66.1643,947046.7,88.5673,3275.02,44.0,38.1001,15.114
16287.8,5330.36,0.32726,229.472,2247456.0,326.944,5000.04,103.0,26.0454,5.432
6498.01,1643.36,0.2529,54.4298,927774.3,79.17,2401.36,20.0,40.3387,10.407
7148.32,2393.54,0.33483,69.2211,1012458.0,96.7449,3304.78,50.0,37.6878,12.337
8126.9,3296.61,0.40564,84.2792,1126346.1,123.813,3620.74,121.0,35.3537,3.665
5910.85,2016.97,0.34123,55.9897,807685.5,85.3402,3193.36,14.0,39.4601,7.778
7090.96,1736.9,0.24494,57.1209,984089.1,85.0013,2927.75,89.0,38.9544,15.522
8360.35,2197.06,0.26279,93.1125,1125187.5,93.2737,3559.55,20.0,34.2675,19.557
4121.09,1005.74,0.24404,35.4951,561506.56,54.8577,1795.32,27.0,44.1678,2.73
6897.03,2322.4,0.33672,64.2554,948886.25,85.967,3565.3,47.0,37.2567,3.615
4546.54,790.03,0.17376,41.1463,615013.4,64.6277,2636.56,9.0,42.9403,2.613
14987.7,4887.52,0.3261,215.793,2071668.5,250.043,5251.37,285.0,24.8267,2.178
9600.24,3991.24,0.41574,93.2274,1388226.1,149.56,3609.27,33.0,34.5019,3.822
6139.05,1692.03,0.27561,53.2667,873568.8,77.2376,3038.96,27.0,39.047,5.968
5522.77,1983.34,0.35912,30.7379,784608.7,71.7601,2655.49,33.0,41.9583,12.625
5839.18,2277.49,0.39003,56.8943,814745.75,78.9263,2693.54,40.0,40.7925,3.635
6088.02,1659.23,0.27254,50.4367,847736.8,69.981,3315.32,55.0,39.2042,2.514
10295.8,3603.34,0.34998,92.9498,1478019.1,151.545,3695.98,91.0,36.4015,13.361
15307.4,3485.75,0.22771,197.09,2090031.5,253.117,5140.73,151.0,23.9574,2.916
14844.4,5359.05,0.36101,196.579,2045386.4,262.122,4747.98,55.0,28.8834,2.643
11085.7,3778.72,0.34086,94.3582,1555174.5,143.455,6533.4,108.0,31.6855,16.372
8001.83,2162.25,0.27021,92.9305,1122433.9,113.844,3557.61,95.0,30.9771,2.029
19377.1,6378.16,0.32915,251.838,2673543.0,318.066,5476.33,79.0,23.3317,3.886
10431.7,3846.94,0.36877,135.02,1368498.5,198.203,4562.86,175.0,30.6638,2.199
13099.9,4191.48,0.31996,157.419,1854122.6,234.485,4416.26,99.0,30.0245,2.391
8841.04,1719.34,0.19447,83.7295,1271385.8,118.414,4035.76,105.0,34.9864,1.512
10112.6,3292.34,0.32556,110.867,1445122.1,137.865,3861.08,76.0,34.8147,4.494
12232.9,4225.68,0.34543,154.162,1708996.6,201.901,4923.02,128.0,28.2234,3.452
12443.4,4824.94,0.38775,163.274,1707903.6,189.807,4872.85,146.0,28.6723,6.62
9276.2,3089.83,0.33309,95.8313,1297331.0,136.845,4182.12,40.0,34.3137,1.855
8117.38,2327.87,0.28677,91.1126,1107245.8,114.615,3222.37,83.0,38.6953,1.639
6344.88,1560.16,0.24589,65.5504,882744.44,83.3258,2794.17,87.0,39.7244,9.126
6482.57,1869.01,0.28831,53.3877,881811.8,88.42,2846.3,49.0,41.3634,15.091
10968.5,3568.06,0.3253,104.157,1512204.2,169.107,4689.0,14.0,33.9068,5.191
10467.0,3441.57,0.3288,99.4276,1435282.6,133.86,3481.49,54.0,35.8902,14.035
10699.7,3919.3,0.36629,91.4674,1512839.5,149.395,4522.38,122.0,31.2634,13.139
5541.83,1502.43,0.2711,53.7662,770782.6,73.5731,3102.99,45.0,40.2868,14.32
6935.2,2514.14,0.36251,66.2475,947136.8,100.202,3550.01,54.0,36.5085,15.464
5270.16,1367.51,0.25948,49.2142,693287.8,81.3754,2595.95,51.0,37.1786,13.509
8113.19,1669.74,0.2058,74.5623,1162532.2,110.385,4057.65,101.0,34.8721,1.019
10059.6,3989.92,0.39662,106.971,1411523.0,161.079,5071.29,51.0,30.2475,16.424
8714.6,3372.54,0.38699,91.3333,1244336.4,117.526,4061.77,31.0,35.0452,15.314
4723.37,1148.86,0.24322,40.4931,656299.7,47.9237,1845.41,38.0,44.1157,7.692
9490.54,3745.0,0.3946,87.1537,1331548.4,141.226,3353.57,67.0,37.8877,14.845
13039.0,3748.73,0.2875,163.669,1814803.5,203.372,4747.69,104.0,29.0329,8.244
7952.25,2615.64,0.32891,89.5927,1109445.4,117.215,3083.62,24.0,46.5464,3.013
8881.93,2195.52,0.24718,103.083,1247231.0,149.793,3806.84,15.0,34.2969,0.511
8322.52,3042.13,0.36552,80.9526,1151125.2,116.81,3963.34,30.0,34.4137,14.67
14053.5,5483.78,0.3902,190.44,1921989.4,232.419,4891.25,119.0,28.788,10.547
7187.86,2312.65,0.32174,56.8647,1027566.9,87.759,3371.13,43.0,39.9474,13.622
6944.03,1876.56,0.27024,72.1624,938807.25,92.7649,3007.25,24.0,38.9032,1.85
6050.89,1497.31,0.24745,46.6554,846396.9,84.7045,3384.41,25.0,40.4607,2.848
8345.21,2639.07,0.31623,59.9985,1165349.4,116.745,3019.65,32.0,35.6262,7.986
7676.4,2687.4,0.35008,62.6826,1033195.56,109.185,3324.7,36.0,38.6249,5.352
14562.6,5321.89,0.36544,168.702,2050844.8,257.411,5114.32,96.0,23.32,6.409
6382.23,1787.08,0.28,71.078,894494.94,84.091,2798.34,80.0,39.5305,10.847
5162.77,1403.62,0.27187,43.6567,723649.25,61.0308,1882.78,28.0,44.0145,4.926
7983.62,2705.49,0.33888,52.5791,1077309.2,117.362,2880.1,39.0,39.5942,9.233
23068.2,8003.02,0.34692,248.801,3077512.2,378.503,6419.42,312.0,21.0169,3.245
8839.67,2527.54,0.28593,93.392,1190549.6,124.462,3349.03,124.0,38.7495,13.879
11547.8,2996.49,0.25948,149.339,1536800.1,175.887,4414.74,64.0,24.3502,2.504
8343.98,1971.68,0.23629,88.5282,1174434.0,123.628,4123.24,89.0,34.2247,15.706
13663.1,4152.59,0.30392,154.583,1900050.1,228.596,5438.81,88.0,26.7641,6.449
15700.1,6023.68,0.38367,151.213,2138281.5,239.955,4581.28,68.0,29.8605,20.72
7205.82,2274.39,0.31563,63.8461,959839.9,106.799,3259.43,49.0,36.1611,16.108
6210.46,1598.29,0.25735,59.0569,848164.3,79.4575,3099.58,33.0,39.3444,13.118
8718.89,1958.27,0.2246,95.9654,1221632.0,122.105,3893.79,47.0,32.9705,2.605
11114.8,3918.73,0.35256,113.639,1596123.2,158.149,4571.06,100.0,31.7002,20.234
6091.87,1487.29,0.24414,55.8046,860108.94,71.6577,2969.62,29.0,39.9275,6.983
8174.16,2288.14,0.27992,84.7202,1110438.2,116.243,3247.87,87.0,38.603,1.701
6468.29,1360.81,0.21038,52.1205,882788.25,78.9741,2730.7,28.0,40.722,6.435
13437.6,5244.61,0.39029,188.659,1796864.9,247.199,4143.11,89.0,31.629,19.406
17729.8,5404.64,0.30483,221.261,2515388.5,286.907,5628.89,116.0,21.6257,2.434
10389.2,5000.84,0.48134,88.369,1460809.2,171.897,3391.8,89.0,35.2925,18.914
6358.73,1973.9,0.31042,61.423,836250.9,97.6856,2960.33,5.0,39.8058,15.907
5820.97,1871.82,0.32156,56.231,774294.25,92.6353,2673.27,39.0,41.0164,6.411
19050.1,5540.72,0.29084,203.349,2637353.5,294.889,6212.58,241.0,19.4636,9.546
10189.2,3083.25,0.30259,68.9355,1470219.2,127.218,3560.7,76.0,37.213,12.652
6634.94,1743.56,0.26278,53.5842,904989.1,82.0695,2788.21,34.0,42.1116,14.356
5562.24,1457.15,0.26197,52.9642,769658.9,76.4358,2790.42,45.0,42.0169,10.181
9576.23,2244.27,0.23435,113.463,1326025.5,135.803,4192.34,56.0,34.1433,1.753
12131.8,2822.31,0.23263,143.719,1692638.6,195.592,4106.41,69.0,32.4407,1.883
8782.33,3595.33,0.40938,107.018,1178305.9,141.826,3582.77,67.0,36.8466,15.652
8202.84,2597.43,0.31665,67.092,1121743.6,107.983,4041.34,48.0,36.1195,8.059
8013.5,2743.69,0.34238,85.619,1143127.2,142.015,3884.79,89.0,35.1941,17.309
7214.75,1720.41,0.23845,52.4575,1027829.44,71.4935,3415.15,21.0,38.7339,10.614
15909.6,5449.58,0.34253,185.373,2215167.0,255.981,6673.63,202.0,28.1935,2.449
8641.21,2979.17,0.34476,65.1683,1206174.2,121.233,5538.67,70.0,36.0918,17.0
9266.99,3307.4,0.3569,86.0671,1268477.5,126.825,4310.18,34.0,35.6888,17.462
7547.18,2701.73,0.35797,64.7492,990598.5,110.74,3476.2,60.0,46.5464,12.171
6203.64,1565.1,0.25228,67.7452,872600.9,79.4623,3168.43,17.0,38.47,2.043
7650.22,2418.75,0.31616,70.0034,1040703.44,102.538,3419.04,74.0,36.7581,3.045
12518.6,4783.52,0.38211,120.291,1750265.2,189.745,4782.89,108.0,32.7691,18.562
8872.79,2294.53,0.2586,101.558,1246966.4,130.072,3225.83,4.0,36.9839,0.507
11863.5,2538.59,0.21398,151.917,1642690.1,180.467,4111.83,73.0,32.1273,2.222
7271.6,2901.83,0.39906,79.3227,970230.6,120.157,3485.01,59.0,36.4959,13.132
8009.91,2584.41,0.32265,74.1567,1084158.8,117.749,3288.18,67.0,37.7169,18.002
6665.39,1910.03,0.28655,55.4754,930936.5,82.93,3396.4,5.0,38.1439,10.146
8242.12,2819.71,0.3421,78.3617,1092038.2,129.686,3392.81,66.0,37.2831,11.873
20788.8,6549.1,0.31503,187.349,2876370.8,290.483,6774.46,49.0,28.4449,11.998
7120.4,1998.89,0.28072,70.7033,980312.4,88.0545,3414.58,10.0,38.2815,0.0
20397.6,5885.52,0.28853,250.76,2784025.0,310.958,5590.73,207.0,23.6907,4.906
6445.79,2332.26,0.36182,61.2554,902291.25,90.4335,2756.88,46.0,40.1682,2.629
9310.94,2728.45,0.29303,77.5583,1266280.1,121.588,3753.61,106.0,34.0848,16.036
12603.0,4140.77,0.32855,145.848,1753275.6,264.67,4889.63,78.0,28.7571,11.842
8652.25,3086.32,0.3567,84.0991,1179645.1,122.748,4281.22,37.0,35.8633,5.141
12459.0,3346.07,0.26856,149.101,1768908.9,174.407,4800.94,34.0,28.927,2.241
7491.32,2167.14,0.28928,86.7376,1003975.5,94.8546,3492.19,35.0,37.0353,13.276
3733.16,520.33,0.13938,34.8084,513608.22,41.6992,1726.28,6.0,44.5297,9.168
7583.66,1653.06,0.21797,66.5826,1096394.6,76.7612,2766.23,31.0,39.749,4.65
9199.7,2696.06,0.29305,107.895,1271934.0,149.339,3607.01,25.0,34.4937,3.87
7656.07,1706.49,0.22289,70.6254,1111782.6,90.1798,3084.83,18.0,37.8973,1.931
11523.3,3205.43,0.27816,105.189,1546587.0,149.713,4944.35,67.0,30.3241,16.376
11862.0,3710.45,0.3128,149.817,1660425.2,205.791,5200.51,177.0,29.1439,17.744
7539.19,2658.35,0.3526,62.6265,1023225.75,107.523,3630.61,52.0,37.3948,11.467
7174.23,2668.06,0.37189,63.8012,1041258.56,96.8569,3226.8,28.0,39.3928,1.482
7720.88,1582.15,0.20491,74.718,1039619.3,117.323,3513.26,34.0,36.3446,1.524
16288.7,5063.36,0.31085,191.028,2198431.5,261.487,5427.16,191.0,24.5456,3.213
7752.71,2153.02,0.27771,69.4407,1113357.8,108.787,3008.01,22.0,38.1102,2.801
7136.22,2645.28,0.37068,64.1673,1032920.2,93.2759,3213.99,28.0,34.6186,1.655
13665.3,3360.48,0.24591,207.235,1864498.8,243.77,5060.86,113.0,26.3298,4.1
15825.8,4904.94,0.30993,215.551,2198591.0,248.48,5341.16,260.0,24.6718,1.824
6990.58,2099.9,0.30038,74.401,951583.0,91.2327,2903.65,122.0,37.4532,2.363
6482.74,2076.23,0.32027,56.2998,894594.8,97.1031,3615.8,72.0,37.1154,1.363
5951.04,1680.57,0.28239,55.8486,836458.1,80.7306,3011.04,35.0,39.6574,13.3
17303.4,4913.13,0.28394,184.552,2337435.5,262.539,5432.55,194.0,24.3526,2.671
13167.1,3225.1,0.24493,162.836,1846719.0,180.034,4615.36,45.0,29.9262,1.186
8390.82,2656.09,0.31654,98.9836,1146886.2,146.574,3260.86,8.0,36.588,1.949
22603.0,8267.95,0.36578,235.118,3118946.8,329.721,6453.56,111.0,18.085,10.681
6337.07,1341.32,0.21166,53.2559,868521.75,88.3713,2798.68,26.0,40.5403,1.285
18124.8,4466.3,0.24641,187.349,2496692.5,224.699,5317.36,68.0,25.3031,17.928
9074.21,2870.3,0.31631,83.3219,1241086.9,112.909,4196.02,16.0,34.3762,8.858
13048.3,4587.36,0.35156,130.924,1851871.8,185.085,5430.17,51.0,26.7617,14.259
8738.65,2291.62,0.26223,91.4499,1243157.5,125.144,4045.33,165.0,33.418,1.173
10729.4,3046.91,0.28397,127.939,1497870.2,174.344,4656.31,74.0,29.7637,1.987
10791.5,3052.99,0.2829,130.811,1531994.6,169.277,4429.36,41.0,31.6719,3.225
4642.78,1541.41,0.332,33.6373,658510.8,50.8776,1444.22,42.0,44.151,9.574
8244.95,2318.37,0.28118,89.8987,1115862.1,118.688,3233.92,83.0,38.6511,1.824
8575.5,2267.25,0.26438,102.751,1176429.0,107.341,3882.0,27.0,33.7957,2.326
18528.7,5581.14,0.30121,201.955,2611362.0,243.93,5761.47,161.0,22.3329,20.376
10805.9,3079.12,0.28494,119.847,1477045.2,170.989,3869.65,26.0,33.1632,3.451
8136.16,2732.63,0.33586,88.8753,1148988.0,101.277,3494.21,27.0,36.2371,10.266
8646.61,2118.56,0.24501,85.6835,1213906.4,124.75,4056.2,170.0,33.5005,1.229
5669.75,1287.0,0.22699,70.8054,791851.56,71.2244,3061.41,17.0,39.1394,1.539
15497.4,5283.67,0.34093,217.37,2158034.5,250.671,5324.97,295.0,24.3855,2.065
17944.9,5718.74,0.31868,207.939,2508018.5,272.141,5868.02,216.0,20.0469,15.411
6311.93,2111.75,0.33456,65.4602,813631.0,102.635,3161.76,69.0,37.8368,14.827
7697.74,2418.86,0.31422,70.6975,1086317.5,99.021,3410.9,40.0,36.6817,4.366
23397.1,5581.73,0.23856,316.78,3232492.2,406.848,6224.04,163.0,19.8404,0.974
10104.8,2742.57,0.27141,115.783,1390112.9,139.05,4176.21,132.0,32.9489,2.713
8422.71,2791.6,0.33143,96.2925,1096955.9,148.183,3825.54,72.0,36.5172,17.178
16352.0,3660.09,0.22383,204.703,2304363.5,255.237,5543.2,94.0,23.6969,2.109
4114.76,685.71,0.16664,37.7669,547784.56,50.9765,2448.92,15.0,43.8339,10.521
18195.9,4909.5,0.26981,245.583,2510188.0,292.217,5399.74,230.0,21.8698,4.813
6225.04,1462.34,0.23491,54.7117,825820.25,74.4527,3318.83,46.0,38.9854,5.773
10847.3,3174.12,0.29261,101.047,1533099.6,153.593,3759.53,112.0,34.8433,3.439
9829.66,3270.31,0.33269,87.7727,1394641.9,153.667,4150.64,6.0,34.0535,2.944
10137.5,2492.64,0.24588,100.774,1455881.9,122.719,3639.84,127.0,35.4487,2.145
12586.5,3191.77,0.25358,152.522,1753757.6,209.319,4786.68,60.0,28.6729,2.636
13589.6,4543.8,0.33435,152.875,1889706.6,181.122,5131.86,48.0,27.2273,4.164
7231.17,3622.55,0.50096,58.0247,993591.7,117.573,4029.41,50.0,36.1005,16.963
4076.47,900.1,0.2208,40.9962,556812.5,58.1297,2137.25,32.0,43.4023,9.702
19440.0,7792.36,0.40084,154.788,2659977.5,337.291,8128.49,51.0,31.5585,2.918
8242.99,2667.51,0.3236,94.716,1089817.0,135.47,4138.15,43.0,34.4224,17.308
10112.6,3292.34,0.32556,110.867,1445122.1,137.865,3861.08,76.0,34.8147,4.494
12463.9,3183.23,0.25539,168.192,1741452.9,195.705,4690.21,110.0,29.3282,2.685
12375.5,4757.45,0.38442,111.672,1694190.1,180.06,4781.93,67.0,30.7341,20.884
5081.95,1833.24,0.36073,41.029,686281.94,74.1005,3296.8,12.0,41.129,10.015
15661.3,5225.39,0.33364,220.223,2176146.8,240.455,5345.21,221.0,24.5627,1.699
7691.4,1773.17,0.23053,96.9387,1039798.0,119.92,3354.62,10.0,37.5835,1.247
10362.8,2688.87,0.25947,114.738,1444130.4,130.939,4275.8,55.0,33.5613,2.02
5194.28,2134.08,0.41085,35.3136,737997.44,69.0665,2575.47,39.0,42.762,2.351
13177.1,3917.47,0.29729,113.286,1771139.6,179.648,4698.25,55.0,34.1886,3.339
11277.0,2824.08,0.25042,139.572,1602841.8,155.158,4089.34,133.0,32.381,3.055
6432.89,2181.85,0.33917,58.1643,929198.3,94.2295,2356.94,101.0,42.0705,10.289
9110.89,2762.57,0.30321,73.4944,1288411.9,121.326,4335.92,23.0,34.4487,9.193
4202.05,744.71,0.17722,39.6896,554911.25,59.5054,2569.43,10.0,43.4913,2.006
8633.25,2621.88,0.30369,76.1539,1144904.4,129.772,3302.71,17.0,36.8518,3.376
7510.53,2240.0,0.29824,75.4024,994989.9,98.8814,3369.46,84.0,37.5219,3.336
13327.9,3149.54,0.23631,172.923,1882137.6,220.793,4801.42,85.0,27.8612,3.874
9120.02,2881.76,0.31598,77.8694,1220279.5,124.438,3342.6,98.0,35.051,16.932
11287.0,3460.68,0.3066,116.254,1612033.9,139.464,3869.71,84.0,34.7388,2.335
5256.25,1117.69,0.21264,46.1213,752997.06,69.6537,2852.34,58.0,36.6235,1.085
3997.92,1244.64,0.31132,35.2436,547227.56,50.3295,1433.98,16.0,46.5464,1.669
16657.0,5040.28,0.30259,198.335,2218533.0,266.278,5214.32,197.0,25.5868,3.067
16651.3,5057.59,0.30373,212.343,2192695.2,253.135,6217.21,250.0,21.4198,2.241
11876.7,4125.09,0.34732,92.4816,1642876.8,182.755,4339.91,62.0,31.6656,20.794
5676.75,2788.76,0.49125,50.3779,780795.1,95.8132,2684.41,72.0,40.3413,13.147
7336.05,2591.67,0.35327,84.6987,1063318.9,118.789,3442.76,26.0,37.3675,4.218
4402.45,1300.61,0.29542,32.4814,627086.1,52.9135,2073.72,50.0,44.2376,8.402
12519.6,3993.95,0.31901,125.385,1690023.0,171.524,4228.5,10.0,31.1026,11.656
9247.6,3154.95,0.34116,93.4521,1335417.2,127.329,3998.93,24.0,34.7842,11.291
16762.2,6647.69,0.39658,129.774,2379042.5,232.746,7821.03,145.0,29.9499,20.74
13120.0,4638.38,0.35353,184.734,1772765.9,247.093,4405.81,146.0,32.1956,19.093
12090.0,2838.46,0.23477,152.843,1690723.6,193.41,4167.69,60.0,31.354,1.901
7999.63,3059.21,0.38241,89.4743,1078991.4,154.19,3673.07,60.0,35.6615,10.084
8106.38,3099.22,0.38231,80.6523,1163280.9,120.837,3298.92,35.0,37.6259,2.636
9478.24,2461.55,0.2597,106.802,1347667.0,149.842,3885.47,43.0,32.8429,2.221
3933.7,1198.75,0.30473,35.6612,537722.06,49.1291,1402.81,17.0,44.3142,1.538
9368.53,2714.74,0.28977,93.9807,1316828.6,130.421,3759.29,29.0,35.603,4.526
11682.1,3587.79,0.30711,140.255,1597870.0,179.919,4479.34,86.0,31.3151,3.175
18016.5,6570.46,0.36469,172.739,2468427.5,288.533,5816.04,134.0,22.4403,11.484
16536.6,5540.56,0.33504,216.958,2298903.2,258.969,5463.52,287.0,23.8273,1.54
21286.2,6536.43,0.30707,245.894,2966734.5,318.957,5587.36,73.0,23.1025,3.299
8897.64,4162.16,0.46778,86.3838,1244139.9,175.593,4275.84,107.0,33.0287,20.462
12069.2,3660.18,0.30326,142.95,1677785.0,195.605,4402.47,39.0,30.9894,2.799
5804.13,1556.89,0.26823,52.9614,800786.56,72.1842,2482.19,18.0,41.5495,7.676
8234.47,2346.43,0.28495,89.9094,1130107.5,97.8085,3755.61,27.0,33.8744,14.223
21616.5,8051.16,0.37245,193.422,3013874.2,369.852,16874.02,144.0,27.0266,3.174
11595.2,4310.8,0.37177,96.9626,1643653.0,147.903,4152.53,51.0,32.5247,15.594
7946.35,3154.86,0.39702,52.2859,1101516.4,131.775,3810.87,70.0,37.0918,17.62
14580.3,4128.07,0.28312,137.347,2032474.4,186.95,4812.4,54.0,28.2098,20.031
6832.67,1518.3,0.22221,95.185,939346.25,88.2659,2951.68,29.0,37.5402,7.087
3592.45,1405.34,0.39119,24.758,495129.7,46.4867,1475.12,6.0,45.4007,5.873
13084.3,3647.28,0.27875,161.562,1816008.1,199.706,5101.04,63.0,28.4415,2.101
7710.56,2127.65,0.27593,63.2082,1063171.2,114.164,3738.7,24.0,37.5151,1.287
9926.37,3050.43,0.3073,87.8424,1349480.1,126.31,4140.75,64.0,35.5167,2.877
6363.48,1148.39,0.18046,59.1834,866702.9,88.4502,3101.68,53.0,38.9029,4.824
4237.16,1390.57,0.32818,31.2115,606552.8,51.2163,2002.12,50.0,44.9245,6.855
6107.61,2095.28,0.34306,57.5546,854829.56,90.5906,3550.41,27.0,37.1233,0.0
7824.86,2300.86,0.29404,60.1131,1081418.4,108.058,3569.24,31.0,37.4044,8.157
4754.13,963.74,0.20271,46.3356,665571.06,60.5912,2785.42,13.0,42.1188,2.164
5562.11,1926.92,0.34643,52.1237,727242.56,73.8118,2253.6,19.0,42.7473,13.811
12982.8,4506.99,0.34715,129.375,1880151.4,202.485,4842.43,136.0,27.8861,20.929
6631.52,1565.38,0.23605,61.1312,943412.4,75.4482,3264.46,40.0,40.6895,14.495
8130.69,2475.34,0.30444,89.8315,1109176.1,139.092,3574.13,30.0,35.7461,4.61
12064.2,4074.2,0.3377,133.043,1656730.5,184.896,3806.95,49.0,32.8393,15.415
9928.98,2961.95,0.29831,121.428,1366603.8,144.885,4171.31,127.0,32.9426,2.259
5858.71,943.19,0.16098,50.7957,767992.3,68.3359,2842.75,52.0,38.2281,5.271
16323.5,5535.12,0.33908,189.162,2327989.0,279.726,5119.87,123.0,25.4139,5.386
14861.2,6288.06,0.42311,232.257,2019158.5,327.064,5078.7,282.0,25.5982,20.0
5822.63,1398.03,0.2401,55.436,820342.9,88.2718,2840.59,7.0,40.383,12.256
8097.82,2300.45,0.28408,67.132,1128480.2,91.0345,3527.68,37.0,37.268,17.927
7966.14,2366.99,0.29713,61.9637,1139447.5,100.076,3114.79,22.0,38.3533,15.985
5854.15,2284.08,0.39016,55.9909,780585.94,91.1309,2868.71,71.0,40.1728,15.569
17101.9,4977.68,0.29106,221.729,2364557.8,309.047,4823.8,163.0,26.8637,5.288
7496.91,2697.86,0.35986,72.5561,1056580.2,102.234,2842.25,33.0,39.0524,10.685
11340.2,4380.67,0.38629,89.9483,1583809.8,170.281,4239.87,27.0,34.6851,13.917
8538.14,2668.38,0.31252,59.8675,1201414.4,111.193,2946.7,8.0,37.8822,12.674
16381.3,4813.06,0.29381,251.564,2258113.2,267.824,4809.44,280.0,27.3615,5.444
4006.69,818.86,0.20437,42.0054,543209.25,58.4383,2575.2,13.0,42.6478,13.351
6265.26,1728.96,0.27595,66.5637,869720.4,88.3243,2859.46,81.0,39.507,9.655
14782.8,4508.2,0.30496,192.642,2046195.6,250.482,5063.89,100.0,26.2124,7.6
10958.1,3788.41,0.34571,103.557,1533021.8,141.031,3981.35,43.0,33.5522,15.173
7069.72,2549.7,0.36065,66.2801,973415.5,134.424,3178.93,44.0,36.5519,19.471
10305.1,2380.06,0.23095,150.428,1379448.4,154.916,4389.15,57.0,31.4395,2.458
13182.0,4215.07,0.31975,111.747,1919360.9,160.596,4877.16,95.0,32.8005,18.254
12059.5,3357.5,0.27841,148.279,1629867.1,199.112,4535.55,68.0,31.2861,5.464
15842.1,5056.52,0.31918,176.541,2180753.0,243.089,5432.98,224.0,27.3372,2.239
6999.06,2232.7,0.31899,68.4992,977205.56,95.2186,3566.66,39.0,38.1988,2.282
13328.8,3451.61,0.25895,142.382,1861572.2,168.576,5010.08,29.0,28.6746,3.901
10831.9,2467.33,0.22778,144.762,1533389.9,160.529,4626.06,29.0,26.4243,1.684
22743.2,5630.03,0.24754,343.077,3106194.8,385.351,6226.14,129.0,19.8176,1.096
17112.2,5008.54,0.29268,212.467,2370757.8,262.141,5859.02,250.0,20.8212,10.02
11394.0,2802.31,0.24594,130.328,1579410.2,174.924,4678.64,176.0,28.8298,0.91
11015.8,2859.14,0.25954,150.989,1556655.1,157.088,4117.59,126.0,32.4563,2.596
16479.3,5275.93,0.32015,187.823,2322734.0,252.472,4753.06,39.0,27.6264,6.368
5684.32,1405.06,0.24718,56.3528,791552.44,68.3233,3164.26,61.0,38.9398,2.763
7028.2,1774.78,0.25252,64.1417,968368.6,88.4979,3241.93,47.0,36.5163,17.727
9211.27,2959.47,0.32128,106.898,1296842.5,134.893,3602.58,19.0,35.5698,2.67
7228.75,2087.32,0.28875,55.3355,1023432.6,102.698,3776.74,27.0,38.7967,11.711
17987.8,6626.17,0.36837,203.773,2360687.0,251.65,5969.79,85.0,24.1932,19.411
15145.4,3587.0,0.23683,189.634,2084054.9,266.962,5093.05,171.0,24.3949,1.978
13986.3,3522.66,0.25186,200.502,1898531.1,207.401,4617.45,180.0,28.8487,1.71
6516.53,1874.68,0.28768,63.1528,896365.2,101.971,3125.58,44.0,38.8363,9.904
4738.39,1556.1,0.3284,47.6437,661715.9,78.8528,2195.32,65.0,42.2017,11.66
6818.27,2021.77,0.29652,62.1636,945420.75,89.0238,2656.47,29.0,40.0184,3.258
4682.83,1635.61,0.34927,34.8794,665037.56,60.8056,2594.31,53.0,43.162,11.191
15913.1,5104.43,0.32076,168.545,2214046.2,242.529,4684.67,73.0,30.0459,2.695
13872.1,4816.6,0.34721,159.004,1963499.1,215.4,5782.35,96.0,25.0407,1.958
6486.27,1525.28,0.23515,70.0673,853939.06,100.062,3404.72,75.0,38.1254,1.423
9064.02,2389.02,0.26357,73.8467,1230118.4,101.197,4049.03,90.0,33.9215,13.139
7335.75,2470.49,0.33677,66.2461,988809.25,100.029,3140.61,18.0,41.527,1.758
6032.68,1324.17,0.21949,48.6941,868068.7,77.5055,2886.32,49.0,39.7528,1.799
5429.1,1575.46,0.29018,47.458,754171.6,74.0363,3095.15,16.0,40.4887,1.937
9621.64,2840.02,0.29517,118.415,1326573.2,147.987,4151.34,131.0,32.6297,2.4
14957.0,4273.59,0.28572,179.38,2086399.8,229.285,5392.85,175.0,24.6054,1.743
12600.1,4920.95,0.39054,140.193,1761581.8,195.997,5243.39,109.0,28.4465,19.594
7164.58,2060.26,0.28756,59.9335,1021270.1,87.9009,3087.56,41.0,38.3988,15.954
7567.65,1861.07,0.24592,67.3103,1038976.4,103.677,3807.0,24.0,35.61,1.801
7315.11,1672.03,0.22857,55.9098,999965.4,87.2113,2825.91,36.0,39.9254,15.857
4569.05,1647.75,0.36063,82.117,555102.9,93.867,1718.73,68.0,44.273,12.045
5964.37,1822.43,0.30555,68.2534,831362.1,86.3693,3038.3,39.0,40.087,1.699
6299.75,1276.71,0.20266,71.0771,835676.4,89.9744,3311.93,77.0,38.7903,1.602
7995.43,2180.37,0.2727,92.0161,1127167.1,112.549,3534.68,97.0,36.9861,1.904
7521.83,1891.34,0.25144,62.1076,1057839.9,83.1755,3904.27,41.0,38.8829,16.16
10503.1,3724.26,0.35458,73.209,1406654.0,167.851,10076.45,65.0,37.0332,16.809
6282.4,1630.85,0.25959,54.852,876912.0,76.1141,3357.92,55.0,38.762,2.39
7612.09,1291.69,0.16968,65.1597,1059016.9,72.1159,2756.56,16.0,39.9654,8.654
7868.6,2740.85,0.34832,63.8217,1054235.0,118.635,4020.44,46.0,36.422,15.714
5775.94,1400.44,0.24246,52.3847,752175.1,88.3228,3738.6,24.0,40.3994,2.151
4135.43,1204.85,0.29134,35.9192,552285.0,50.3041,1417.33,29.0,46.5464,12.342
13792.0,3833.2,0.27792,179.05,1941977.0,224.324,4507.16,33.0,29.6197,2.754
11305.3,4308.58,0.38111,155.541,1560340.2,272.578,4493.2,139.0,30.7654,19.621
7156.09,2203.49,0.30791,73.8899,983742.3,113.702,3078.59,79.0,39.0884,0.803
6236.25,2400.09,0.38486,77.3357,851602.7,99.3871,3509.21,22.0,36.8838,13.755
5894.83,1775.56,0.3012,50.9617,845911.7,85.3552,2917.12,7.0,35.03,8.189
6355.44,1990.6,0.31321,55.7306,881189.44,92.5597,3386.78,73.0,36.7848,1.184
7998.11,2299.55,0.28751,85.1507,1150466.2,114.432,3856.41,41.0,35.3767,2.409
16788.7,5483.99,0.32664,184.34,2335620.2,279.795,5604.02,98.0,23.6274,7.301
9795.11,3528.67,0.36024,88.7001,1329078.5,136.273,4076.05,49.0,37.3634,18.191
10656.4,2410.9,0.22623,106.999,1505422.9,146.351,4549.79,45.0,32.2113,1.365
6098.88,2005.94,0.3289,60.7873,847364.06,91.0192,2671.85,41.0,40.6867,1.754
10014.5,2309.44,0.2306,126.852,1387922.2,161.088,4593.52,74.0,30.1942,1.211
15102.3,3933.26,0.26044,187.246,2134417.0,215.498,5695.16,68.0,23.015,1.245
10950.7,3870.44,0.35344,125.748,1527882.9,183.075,4142.74,42.0,30.9308,2.244
16996.6,4538.21,0.267,212.879,2336270.5,279.045,5685.98,197.0,22.1797,2.065
6517.99,1792.57,0.27501,63.6268,879685.7,78.2504,3364.35,45.0,38.7058,10.885
6790.4,2202.12,0.32429,60.6676,960796.25,80.9509,2318.82,73.0,40.8372,3.476
4967.33,1159.33,0.23339,35.8317,676380.1,57.8753,2176.8,17.0,42.4309,12.259
8523.22,2527.51,0.29654,60.8086,1186167.5,115.785,3800.35,50.0,36.1579,11.69
15123.2,4544.89,0.30052,173.085,2097360.5,238.848,3909.22,176.0,33.0092,20.436
6805.47,1339.23,0.19678,64.767,921816.2,74.472,3329.51,55.0,38.8695,5.271
14440.7,4286.51,0.29683,181.476,2000207.0,246.009,5412.09,154.0,24.2755,1.746
6055.29,1990.37,0.32869,58.0768,838768.06,83.681,2866.12,68.0,40.5181,12.999
10314.6,3353.32,0.3251,116.567,1455591.0,167.637,4238.05,51.0,33.6643,3.584
13276.2,3860.29,0.29076,162.779,1835140.6,214.822,4890.19,80.0,27.8725,3.493
5459.27,1736.06,0.318,62.6115,696172.25,95.7932,2793.53,31.0,36.3261,15.249
8335.77,2881.7,0.3457,67.1543,1175379.5,121.272,4133.66,40.0,35.7784,16.182
8977.44,2598.57,0.28945,96.3065,1229411.6,99.6737,3878.03,12.0,35.0767,20.132
12143.8,3169.09,0.26096,155.286,1734584.4,159.043,4722.79,41.0,28.313,2.315
6503.89,2204.36,0.33892,58.991,891463.44,87.8488,3227.5,46.0,38.7148,7.107
7772.16,2946.46,0.3791,59.6711,1086943.2,115.307,3296.21,17.0,38.915,11.969
14544.0,4570.94,0.31428,181.064,2022823.6,244.479,5352.18,156.0,24.3649,1.565
7971.28,1514.78,0.19002,76.9458,1120805.9,101.765,3768.58,10.0,29.1456,1.872
15118.7,3591.51,0.23755,144.178,2126697.5,265.409,4350.31,138.0,30.8704,16.593
5169.96,1417.36,0.27415,43.6898,754867.0,65.4501,2568.18,55.0,42.3996,9.524
9690.04,3739.26,0.38588,67.779,1309023.4,149.14,4983.4,53.0,33.6722,7.491
8516.05,3583.82,0.42083,78.8678,1157196.4,131.573,3364.04,37.0,37.6029,14.209
16427.2,6757.24,0.41134,180.21,2288087.5,267.199,5544.47,141.0,23.55,19.769
7962.88,2104.31,0.26426,74.6786,1073985.0,98.614,3707.02,82.0,36.5893,15.929
11433.4,4175.9,0.36523,105.93,1588118.2,183.487,4295.4,97.0,32.376,19.446
10176.3,2666.43,0.26202,125.496,1457071.4,163.567,4393.21,35.0,31.5271,2.648
16825.7,6973.03,0.41442,160.102,2297531.8,256.384,5493.13,125.0,23.8474,17.81
17905.7,7811.86,0.43627,135.477,2475901.5,302.206,14751.56,129.0,31.8479,11.414
12682.5,3810.44,0.30044,171.783,1782785.6,205.779,4692.94,112.0,29.1924,2.396
5533.35,2050.83,0.37063,55.5777,771317.06,80.0147,2507.07,55.0,41.8429,11.977
8921.4,3119.01,0.3496,85.3133,1221965.1,123.953,4004.51,30.0,36.3893,3.431
7464.87,1832.07,0.24542,59.7991,1060643.5,98.4717,2784.15,30.0,39.1898,6.355
8771.16,2538.46,0.2894,95.6131,1227011.8,122.547,4675.79,36.0,33.1906,2.588
12606.9,5021.9,0.39834,74.2201,1735071.6,180.223,4357.39,102.0,31.0892,6.568
18106.7,5598.9,0.30921,260.119,2486892.8,254.699,4916.64,260.0,26.5468,4.206
10242.1,4081.32,0.39848,89.7774,1454993.5,151.35,4193.85,2.0,36.1008,7.262
9599.75,3157.48,0.32891,68.5666,1343951.1,120.209,3858.04,61.0,33.8134,18.358
11504.0,2736.7,0.23789,133.273,1601524.8,175.66,4686.27,165.0,28.7707,0.974
14680.5,3785.65,0.25786,211.74,2022242.1,257.652,5102.64,170.0,25.2146,3.06
7669.73,1997.79,0.26047,82.9295,1079245.5,103.878,3451.66,24.0,35.9631,10.784
9637.42,3280.82,0.34042,88.023,1367617.0,136.525,3744.9,44.0,36.3971,11.07
7043.19,2315.57,0.32876,64.4453,1017572.06,90.162,3650.67,84.0,46.5464,12.796
14063.4,3965.69,0.28198,173.782,1946551.4,230.757,5295.12,156.0,25.0604,2.176
6404.89,1633.7,0.25507,52.1058,896896.1,76.2758,3461.01,60.0,39.3008,2.322
4317.07,854.6,0.19795,40.2203,568657.3,61.0276,2591.28,11.0,43.3766,2.217
7451.63,2239.09,0.30048,73.3106,982432.4,107.626,3756.98,53.0,35.538,8.018
6443.97,1581.51,0.24542,49.2765,908977.94,80.6497,3325.86,52.0,38.8321,2.325
7277.33,1846.47,0.25372,77.0281,962403.0,103.783,3292.25,92.0,35.5861,14.705
9369.1,2406.23,0.25682,108.642,1334028.2,145.521,3883.61,43.0,33.5904,2.197
10273.2,3379.13,0.32892,128.162,1379290.0,167.5,4028.18,37.0,33.5846,1.487
6879.33,2019.57,0.29357,67.0235,956127.5,94.6788,3072.68,30.0,37.4207,4.826
5882.58,1301.55,0.22125,67.1265,814067.94,74.1959,2834.23,67.0,39.2781,7.769
10549.4,3920.22,0.3716,126.062,1425892.8,195.34,4552.7,154.0,30.6517,4.216
13730.0,3041.27,0.2215,162.551,1882414.4,222.691,4773.67,23.0,28.6926,3.099
15116.6,5966.11,0.39467,194.463,1997487.1,241.704,4298.0,108.0,30.7502,4.085
11280.1,3362.3,0.29807,108.047,1552056.9,159.762,4254.97,13.0,31.6929,4.369
11405.6,3185.27,0.27927,139.472,1585333.0,162.411,4217.11,27.0,32.0422,3.181
13498.3,4891.72,0.36239,134.184,1903160.2,202.475,5127.22,158.0,27.4918,17.89
6151.78,1529.05,0.24855,52.374,858793.5,73.5477,3319.1,56.0,39.3326,2.182
12141.4,3607.1,0.29709,99.1867,1676786.0,162.176,4446.81,65.0,31.5993,18.96
9197.35,2890.35,0.31425,82.079,1255899.5,114.815,4209.33,16.0,36.4391,8.784
9681.09,2387.87,0.24665,104.973,1319662.6,144.4,4098.0,38.0,33.5538,1.993
9692.74,2670.2,0.27548,118.125,1326040.5,144.677,4159.78,135.0,32.8579,2.059
14695.5,5045.24,0.34331,186.22,2054683.9,259.922,5375.35,152.0,24.2979,1.414
5964.78,1387.78,0.23266,45.1664,837075.75,60.1403,2515.92,14.0,42.0863,8.48
9332.2,1937.75,0.20764,101.172,1303496.6,133.207,3646.45,26.0,35.0233,1.455
4886.26,976.24,0.19979,45.9085,697145.44,53.8117,2191.6,82.0,42.8238,0.666
7871.4,2675.65,0.33992,95.4412,1051054.0,116.04,4296.27,107.0,33.3933,3.177
12839.2,3413.92,0.26589,154.964,1780016.2,180.919,4577.12,20.0,30.185,2.529
10610.0,2632.95,0.24815,144.572,1432805.2,186.991,4124.92,62.0,32.5025,2.15
4132.16,780.65,0.18892,38.2914,551332.75,49.8649,2420.91,21.0,44.5865,3.04
6108.38,1260.52,0.20635,56.2396,833802.3,80.7476,2800.22,21.0,40.8274,1.305
4049.62,1407.6,0.34758,35.6804,556342.6,53.2773,1417.15,25.0,44.2909,1.845
7760.26,2299.18,0.29627,73.3685,1046577.7,106.374,3739.04,91.0,36.3877,12.226
9499.95,1197.03,0.126,96.0669,1344478.6,104.625,4031.45,58.0,33.3016,18.353
9019.6,2218.87,0.246,83.7105,1292823.4,124.161,3900.78,9.0,34.4611,1.898
10183.7,2527.45,0.24818,100.53,1376800.4,118.663,4268.41,29.0,33.6986,17.439
16767.1,5031.76,0.30009,190.16,2307398.5,238.605,5273.51,178.0,25.8732,17.984
10500.5,2275.8,0.21673,94.3829,1385058.1,166.617,3825.25,96.0,33.5194,3.801
11298.4,3728.76,0.33002,155.616,1633274.6,204.473,4541.26,172.0,30.0983,16.532
18766.2,4868.32,0.25941,223.762,2542383.2,265.826,4978.72,114.0,26.5551,8.007
13936.4,4799.08,0.34435,156.335,1954406.6,225.575,5732.08,69.0,24.778,1.614
11171.6,2857.27,0.25576,115.089,1492247.8,154.141,4354.57,31.0,33.4816,1.476
8541.77,2637.22,0.30874,70.9104,1159128.0,122.009,4463.03,64.0,36.5183,5.772
5902.04,1501.69,0.25443,51.8873,767560.06,95.3136,3625.17,15.0,41.1022,1.712
5532.92,1642.12,0.29679,41.0083,758559.1,71.1391,2636.7,55.0,41.7086,4.405
10116.2,2632.51,0.26022,105.792,1401021.8,129.832,4462.9,76.0,31.9865,18.288
8958.13,2225.49,0.24843,80.0963,1266951.2,117.467,4027.85,76.0,27.2694,3.672
29601.9,10441.2,0.35272,187.222,4172679.5,414.919,6585.6,147.0,23.0526,19.804
8709.24,1887.74,0.21675,99.5792,1215149.0,109.839,4070.09,43.0,34.4458,2.866
7315.52,1438.02,0.19657,71.1287,1039305.4,74.9379,2871.87,60.0,39.1628,14.414
7344.04,2202.21,0.29986,42.4865,995320.5,116.737,3836.37,26.0,37.3598,10.793
9586.36,1559.86,0.16271,91.4744,1357667.2,123.635,3662.61,65.0,35.5088,19.211
6114.27,2038.54,0.3334,58.8799,856147.06,96.4403,3330.99,74.0,38.6155,1.342
14139.3,4487.72,0.31739,198.215,1901451.0,245.657,4584.18,65.0,28.9524,2.964
6921.28,1849.44,0.26721,58.5933,987976.5,80.917,3375.62,41.0,39.2583,11.014
9547.64,2874.22,0.30103,56.7606,1298134.9,135.559,4530.32,29.0,37.8951,13.362
9301.19,2073.71,0.22295,86.2525,1321541.8,116.751,3974.27,93.0,35.5635,8.173
14666.9,4743.42,0.3234,171.681,2125307.5,262.55,4935.87,95.0,28.3463,4.463
9161.81,2542.46,0.2775,79.5031,1287384.8,114.954,3473.47,40.0,37.5787,6.914
6817.42,2444.8,0.35861,59.0824,940828.7,104.551,3876.58,72.0,35.8944,1.162
5842.58,1876.77,0.32122,51.8001,804408.3,75.207,2633.39,46.0,41.2558,10.268
8540.89,2021.37,0.23666,84.7115,1206703.8,118.57,3247.51,21.0,37.4521,13.993
5146.33,1408.38,0.27366,50.57,651980.6,74.534,2150.29,37.0,43.0195,3.002
3982.52,1252.6,0.31452,35.1437,544739.06,51.9044,1391.25,17.0,44.3116,2.028
13239.4,3560.27,0.26891,163.211,1853788.6,217.984,4987.45,196.0,27.3156,2.009
6075.46,2062.44,0.33947,57.577,845096.5,88.3202,2704.7,42.0,40.3816,1.448
4327.53,1564.78,0.36158,24.5634,596888.56,56.4428,1676.26,12.0,44.4219,11.574
15949.5,5544.68,0.34763,237.45,2196003.5,259.081,5330.79,144.0,23.3737,2.24
5091.71,1723.05,0.3384,36.4965,718456.44,61.7937,1960.2,10.0,43.9991,4.14
6341.81,1511.7,0.23837,71.1012,890176.6,73.979,2861.37,80.0,36.7356,9.956
12279.3,3710.12,0.30214,150.368,1704135.9,175.0,4356.02,38.0,30.7722,3.04
12960.2,3140.54,0.24232,190.137,1687844.1,216.493,4868.16,104.0,28.3566,6.855
9429.25,3271.49,0.34695,121.495,1233744.4,182.256,4445.06,187.0,31.2477,2.512
10534.5,3260.26,0.30948,114.06,1546625.9,164.206,5900.92,81.0,25.9706,18.295
6709.77,1720.06,0.25635,74.2753,915210.44,87.8078,2944.46,106.0,37.7218,3.906
4344.66,1212.31,0.27903,46.7617,602420.1,57.3548,2102.92,20.0,43.3725,2.861
15494.0,5874.55,0.37914,197.171,2121532.0,246.73,5124.21,118.0,27.1633,19.505
6225.39,901.92,0.14487,47.1178,880029.2,72.4851,2692.99,1.0,42.1223,0.602
12158.4,3631.71,0.29869,132.223,1719861.5,174.254,4416.54,77.0,29.3956,3.422
11474.3,2461.67,0.21453,143.324,1521723.6,162.925,4528.86,52.0,27.3036,2.492
16341.0,4704.61,0.2879,211.221,2282095.5,270.826,5806.44,233.0,21.958,9.932
8410.03,2374.35,0.28232,72.6614,1168804.2,103.16,3469.7,38.0,30.5847,8.439
14344.8,5586.78,0.38946,111.573,1961368.4,228.452,4770.49,96.0,28.92,18.148
10202.3,4017.61,0.39379,70.3134,1403990.5,153.87,3924.51,60.0,34.3918,18.186
7349.43,2664.04,0.36248,77.8604,1016389.94,122.728,3530.06,50.0,36.3322,14.565
8766.37,1859.77,0.21214,95.3257,1233177.5,117.346,3951.84,57.0,34.0407,3.081
7335.84,2646.56,0.36077,52.3165,1035480.0,92.6516,3692.77,57.0,37.2493,13.502
11147.6,4461.19,0.40019,97.012,1559399.2,147.128,4467.8,50.0,35.6929,10.287
13092.7,4027.29,0.30759,135.619,1825371.8,171.521,4255.17,28.0,31.7234,3.201
6746.8,1850.18,0.27423,72.6635,902413.1,101.257,3438.37,77.0,37.912,1.597
9912.96,2722.63,0.27465,106.568,1408132.5,148.325,3954.14,42.0,32.8657,1.923
8318.26,2668.5,0.3208,70.3988,1142284.6,126.218,4386.3,45.0,35.9003,14.531
8970.25,2485.11,0.27703,86.8823,1284307.6,119.204,4130.11,11.0,33.7708,1.824
7360.94,1865.68,0.25345,69.482,1026860.8,90.1459,3320.56,30.0,37.6117,4.758
21575.1,6919.4,0.32071,250.99,3012284.0,340.964,5524.85,73.0,23.1244,3.61
9084.07,3743.14,0.41205,64.4992,1237054.0,139.19,3407.63,55.0,35.4418,16.7
9637.36,3052.54,0.31674,85.9542,1358087.4,145.384,3930.1,3.0,34.9369,2.213
11506.2,3702.6,0.32179,124.775,1626179.1,163.378,4489.17,57.0,32.1147,3.36
6582.15,2413.51,0.36667,47.159,931692.6,94.8784,3228.29,71.0,36.6822,14.051
4712.17,896.87,0.19033,42.2184,652048.8,60.0501,2589.32,28.0,42.4922,10.417
6017.84,1993.92,0.33133,67.2614,806205.06,95.1141,3041.41,45.0,39.5865,16.36
5824.42,1546.75,0.26556,62.9548,731176.7,87.5363,3087.34,21.0,39.4611,2.127
5983.89,1835.12,0.30667,56.7501,815743.8,86.7074,2936.96,35.0,40.259,7.008
16076.4,5969.45,0.37131,180.365,2248610.5,269.704,5463.94,220.0,27.4036,2.683
6863.27,1102.47,0.16063,57.2058,950719.56,69.8315,3233.81,43.0,38.2202,5.43
7451.28,1594.11,0.21393,53.9161,1055342.1,75.5691,3385.7,18.0,38.5136,9.293
12430.1,4382.14,0.35254,113.421,1746348.4,190.754,3815.64,122.0,35.8221,18.588
15393.1,3903.56,0.25359,156.022,2171017.2,177.346,5201.42,26.0,26.9924,19.346
6283.88,2578.67,0.41036,64.8344,858715.5,93.0663,3309.82,61.0,37.9493,14.664
25889.1,11787.1,0.45529,204.159,3392471.5,470.897,17643.5,137.0,26.5693,6.987
8043.75,2438.87,0.3032,92.7312,1137564.6,108.257,3873.88,44.0,35.2947,3.047
6140.95,1647.58,0.26829,66.5815,881958.5,73.5653,3079.07,16.0,38.9194,2.603
6344.07,2287.52,0.36057,68.6693,859670.7,85.2636,3255.51,46.0,40.5084,3.433
6590.82,2066.31,0.31351,66.6322,927368.75,82.9868,3342.63,47.0,38.5937,12.698
6423.49,1805.43,0.28106,39.0951,887407.56,84.0207,4109.03,40.0,38.3727,16.564
13197.1,4686.69,0.35513,154.819,1842868.5,185.217,5142.95,43.0,27.4319,5.96
8516.81,2487.5,0.29206,64.7472,1193889.8,101.788,3096.77,39.0,37.8246,16.803
9240.57,3421.68,0.37028,68.4674,1326444.1,125.055,3102.91,65.0,38.1044,14.812
5812.27,1197.0,0.20594,52.6594,804666.56,75.769,2714.16,17.0,40.5738,1.465
5896.08,1658.8,0.28133,55.9283,795893.4,79.9876,2485.42,41.0,41.5999,11.358
9368.85,2161.19,0.23067,112.404,1300420.4,133.039,4244.83,54.0,34.0735,1.603
6504.69,1601.23,0.24616,55.802,867365.75,77.8755,3240.31,33.0,38.6035,6.147
6277.44,2105.75,0.33544,52.1113,834948.06,98.9654,3686.06,27.0,38.9371,1.776
7089.7,2178.7,0.3073,61.4976,962060.7,103.324,3155.44,23.0,40.2471,1.473
8814.64,2640.43,0.29955,83.6875,1259261.0,129.194,3777.37,3.0,34.9195,1.808
9901.4,3572.48,0.3608,95.6073,1389712.0,121.791,3662.38,70.0,35.0237,17.101
9804.81,3503.62,0.35733,67.6503,1377538.0,127.463,3631.48,20.0,37.4295,15.932
7216.41,2067.26,0.28646,66.406,998251.8,93.4171,3070.77,45.0,39.6491,1.998
7556.19,1786.7,0.23645,74.2907,1100632.0,94.5577,3033.41,13.0,38.0379,1.731
15694.1,5880.94,0.37472,158.859,2163490.8,256.946,5873.52,89.0,25.4236,5.693
11095.7,5538.36,0.49914,120.09,1517034.6,191.954,5692.47,96.0,28.6858,19.212
8464.01,2237.17,0.26431,93.0695,1219305.0,114.045,3884.51,100.0,34.6616,3.721
13826.2,4744.26,0.34313,156.818,1954847.8,212.28,5807.97,77.0,25.185,1.896
5831.38,1660.57,0.28476,66.6064,733868.4,89.3994,3093.11,16.0,39.6109,2.286
8098.02,3113.8,0.38451,65.6714,1033500.7,136.424,3295.44,70.0,39.2319,14.287
8627.86,2585.93,0.29971,92.68,1219504.1,115.26,3629.49,96.0,36.9032,2.169
8200.17,2215.1,0.27012,52.1773,1127267.9,101.64,3699.09,28.0,36.8582,13.179
16089.3,4373.52,0.27182,250.401,2204687.0,277.223,4773.2,295.0,27.8838,4.395
8504.77,2686.04,0.31582,77.7885,1202893.6,112.068,3819.55,76.0,35.632,8.48
5915.43,1244.81,0.21043,53.6944,832139.06,74.6944,2871.16,21.0,40.1597,4.54
7773.78,1968.28,0.25319,83.5777,1051239.2,120.99,3614.61,36.0,35.8442,1.62
8747.78,2552.72,0.29181,97.2563,1176924.9,126.368,3367.17,69.0,38.175,3.587
7119.07,2314.29,0.32508,63.1327,997238.94,88.0945,4059.93,71.0,37.1855,6.257
5181.03,985.12,0.19013,52.9516,732501.44,69.4558,2850.19,58.0,40.3408,1.199
9402.76,2859.36,0.30409,75.1175,1345767.6,104.884,3459.77,28.0,34.1493,12.915
7601.2,2177.86,0.28651,63.9468,1079072.1,93.023,22838.07,26.0,38.1045,16.173
4434.31,1240.47,0.27974,39.6605,607529.25,60.7182,1449.88,9.0,44.3539,6.533
4360.13,764.03,0.17523,40.9535,577084.44,66.375,2566.61,11.0,43.3399,2.212
14447.7,4597.25,0.31819,163.191,1976289.8,235.326,4929.85,212.0,28.3011,20.009
6898.59,1740.99,0.25236,65.0289,967917.8,87.9018,3627.31,23.0,37.6718,2.321
9342.45,2634.83,0.28202,96.0805,1325565.0,138.202,4127.48,164.0,32.8535,1.442
7185.4,2194.34,0.30538,64.9233,989583.56,100.924,3192.63,45.0,40.12,2.302
5552.93,1798.49,0.32388,75.1676,756898.3,85.5067,3021.62,35.0,40.4788,4.168
7993.39,1956.5,0.24476,78.3568,1136374.4,123.05,4166.37,101.0,34.4169,1.738
18618.1,5639.46,0.3029,238.461,2555699.8,302.914,5469.22,291.0,26.8523,3.558
10957.1,3973.2,0.36261,128.082,1530021.4,200.334,4384.74,78.0,32.603,6.663
15824.9,4696.65,0.29678,171.946,2248176.2,204.011,5959.77,176.0,28.1296,15.287
16916.8,4376.49,0.2587,173.295,2299595.2,209.35,5237.54,185.0,27.1735,17.491
5961.09,2136.86,0.35846,51.1827,840075.44,89.325,2511.24,94.0,41.0245,11.611
4933.69,1402.56,0.28428,46.4274,630017.7,70.3331,1992.87,27.0,42.569,11.497
9227.86,3582.5,0.38822,83.257,1286803.4,128.214,4181.31,40.0,35.8033,13.358
6816.15,1964.34,0.28818,64.6954,935826.56,93.0009,3084.5,51.0,41.0188,2.302
5312.31,2148.32,0.4044,44.487,768241.06,85.9719,2439.84,46.0,42.2362,10.597
7111.49,2702.14,0.37996,64.2193,1030424.2,96.2617,3279.66,30.0,46.5464,11.885
6109.24,1530.45,0.25051,67.6245,867405.25,79.5884,3093.3,11.0,38.9665,1.503
15667.2,5344.57,0.34113,178.636,2188901.2,269.109,5445.17,81.0,25.0806,6.596
9174.88,3467.86,0.37797,41.0506,1294182.6,117.502,2668.91,65.0,39.1774,13.129
5252.1,1190.17,0.2266,40.6437,720259.25,78.8304,3050.87,30.0,41.2713,15.036
7749.38,2399.8,0.30967,114.172,1063554.8,138.49,3663.06,59.0,35.8273,3.417
6326.33,1649.61,0.26075,53.1269,889807.7,76.9762,3303.22,53.0,36.8519,13.716
10929.1,4529.06,0.4144,93.8278,1532998.6,165.413,3768.58,73.0,33.7784,17.168
4435.85,1085.13,0.24462,36.2514,616953.25,52.0357,1872.69,18.0,42.9134,1.059
8850.22,1975.68,0.22323,80.6509,1246218.4,104.741,4707.84,27.0,33.1204,2.262
8065.97,2557.39,0.31705,85.7994,1091752.9,107.355,4076.57,35.0,36.6056,14.932
7787.14,3409.39,0.43782,61.1739,1160943.2,107.748,3309.47,42.0,38.8813,1.881
9475.24,3094.32,0.32656,119.112,1333857.4,222.854,3821.26,123.0,35.2894,17.685
11589.0,3774.73,0.32571,118.569,1557060.4,162.795,4901.27,97.0,33.2163,15.327
10738.9,2026.05,0.18866,149.451,1472645.6,167.143,3995.08,73.0,32.7486,2.04
8384.45,2303.13,0.27469,92.5203,1182739.6,119.324,3561.81,96.0,36.8191,2.135
11712.5,3453.86,0.29488,161.218,1628068.2,203.923,4767.89,65.0,28.7676,3.597
6279.94,2042.89,0.3253,63.3485,882814.3,97.9424,3162.32,68.0,38.8775,14.897
6904.76,3100.9,0.44909,65.4283,945018.75,113.292,3217.24,63.0,38.2082,11.3
8778.14,2278.1,0.25951,87.0148,1241118.6,113.919,3898.84,115.0,35.7634,17.509
14063.4,3642.28,0.25899,195.728,1907754.0,214.433,4595.2,183.0,29.0845,1.967
8129.94,2706.73,0.33293,91.336,1154227.8,107.59,4032.89,25.0,36.256,2.343
4927.92,1447.63,0.29376,36.8497,699504.3,58.8175,2530.55,10.0,44.6456,2.216
13111.6,3786.7,0.2888,161.557,1804637.0,210.562,4791.94,139.0,28.6097,4.875
8696.95,4435.35,0.50998,89.3225,1229435.6,144.507,3692.38,49.0,33.6853,16.448
4452.53,953.41,0.21412,29.977,612923.25,51.6139,1965.89,52.0,44.4216,8.323
8847.63,2429.22,0.27456,98.3679,1187742.9,131.427,3591.46,12.0,36.7383,1.562
10940.1,2864.94,0.26187,135.455,1522050.1,175.915,4663.17,173.0,28.7887,0.76
8165.83,2092.93,0.2563,95.568,1090849.8,129.787,3393.7,15.0,36.8974,1.314
6373.6,1619.07,0.25402,65.4305,894051.1,70.2733,3644.79,76.0,38.9086,9.98
16925.2,7487.34,0.44237,133.178,2351092.8,290.309,14779.78,109.0,32.5543,11.249
3850.86,1113.28,0.28909,32.514,527627.5,46.6133,1396.15,17.0,44.3348,1.386
12628.3,3735.5,0.2958,158.852,1791728.6,200.206,4549.81,62.0,30.069,3.61
9844.74,2312.46,0.23489,125.714,1369293.8,157.133,4598.01,73.0,30.213,1.185
11175.7,2687.21,0.24045,149.814,1492955.8,164.218,4427.84,69.0,31.7016,2.751
9529.13,2483.35,0.2606,93.8905,1356863.1,136.064,3635.22,119.0,35.9808,2.577
12232.9,3552.37,0.29039,161.725,1714264.1,198.332,4565.08,65.0,30.1705,4.041
8357.03,2218.69,0.26548,89.3574,1180622.0,112.368,3581.94,19.0,36.7945,10.719
8222.98,2546.85,0.30972,93.3864,1169588.9,106.597,3989.8,25.0,35.6886,1.754
4899.1,1787.31,0.36482,51.53,670719.75,82.0707,2586.26,39.0,40.1163,9.359
15397.8,3383.99,0.21977,175.042,2109847.8,219.225,5276.24,148.0,26.5664,18.93
18100.1,5810.72,0.32103,182.486,2525926.5,244.835,5599.31,89.0,23.4601,10.226
15874.5,4927.55,0.3104,177.746,2206962.0,244.573,5467.62,158.0,24.308,1.912
6848.21,2213.02,0.32315,77.76,925583.3,90.255,3263.3,52.0,35.4868,15.221
9094.39,2840.86,0.31237,88.4037,1296976.8,130.669,3788.15,4.0,34.3688,1.731
23617.4,7148.41,0.30267,304.01,3293438.0,372.085,6291.07,92.0,17.1238,3.804
13649.5,3421.88,0.25069,184.026,1866762.2,210.817,4580.05,175.0,29.0721,1.655
13946.7,4378.5,0.31394,143.78,2017738.9,224.225,4810.73,58.0,29.8224,1.497
9649.4,3664.14,0.37972,63.9666,1272812.2,156.379,4662.19,58.0,33.9031,8.164
8017.17,2899.93,0.36171,71.3059,1126759.5,106.886,3094.32,36.0,37.9561,13.321
9045.43,2928.37,0.32374,62.316,1214856.4,130.522,4434.18,88.0,32.2817,4.26
10009.4,3990.15,0.39864,89.1554,1410915.1,146.846,3789.82,37.0,33.6107,2.801
13173.2,6091.05,0.46238,97.7493,1857226.8,199.255,3808.25,84.0,30.2045,14.528
11969.0,3253.89,0.27185,153.852,1680918.1,194.853,4750.91,64.0,28.3917,3.598
15836.5,5161.97,0.32595,228.272,2180272.2,270.404,5323.61,143.0,24.1039,2.245
7575.37,2720.38,0.3591,58.4477,1083714.6,102.21,4449.86,21.0,40.9776,11.846
6947.0,3051.5,0.43925,61.6201,984177.56,99.855,2555.29,83.0,39.7991,11.661
13126.6,5004.75,0.38126,98.31,1804859.4,166.768,10067.01,13.0,34.438,19.517
6939.54,1837.7,0.26481,64.0147,977380.9,73.0449,3972.68,77.0,38.3721,11.592
15007.2,5421.62,0.36126,183.088,2108923.0,250.835,4416.38,39.0,26.8353,2.072
15349.4,5282.87,0.34417,240.32,2078775.5,258.912,5422.79,125.0,23.6998,1.755
7949.2,2634.38,0.3314,69.18,1116054.9,92.0606,3476.83,49.0,37.1489,12.825
4391.93,999.28,0.22752,42.4658,597476.06,63.2825,2664.56,20.0,43.3106,10.953
12341.8,4494.82,0.36419,163.004,1694340.1,211.972,5089.83,87.0,26.9045,5.124
8643.95,3106.67,0.3594,89.5802,1226616.4,115.949,4030.67,27.0,34.5361,16.015
22947.3,8359.22,0.36427,199.078,3110357.2,353.203,7334.7,183.0,28.0022,20.416
13129.1,4018.93,0.3061,135.566,1859047.1,164.219,4842.84,59.0,29.1408,13.911
10458.1,3022.62,0.28902,113.929,1422588.0,164.809,3945.13,40.0,32.83,1.391
9779.4,2481.23,0.25372,104.376,1388460.1,154.388,3909.25,41.0,32.3553,2.296
6703.33,2298.37,0.34286,78.8565,922557.5,92.3416,3262.01,59.0,38.7753,1.428
10931.9,4468.9,0.40879,136.23,1454273.9,199.018,4551.73,188.0,30.2247,3.4
13220.3,4224.5,0.31954,158.334,1822624.1,191.747,4905.0,72.0,28.2003,3.527
7696.44,1829.8,0.23774,72.8425,1123438.6,92.4126,3055.67,15.0,37.9844,1.841
11315.8,2867.87,0.25343,126.358,1561377.2,160.699,4477.84,90.0,31.3718,1.836
20751.6,6630.97,0.31954,251.519,2890579.5,326.681,5597.28,76.0,22.2714,3.675
10340.0,3463.31,0.33494,96.6889,1424110.9,142.836,3788.44,25.0,34.8225,3.911
12363.1,3088.78,0.24983,111.424,1730702.0,143.512,4531.78,32.0,32.6055,18.038
11639.6,3491.61,0.29997,150.602,1681511.2,156.036,4158.48,123.0,32.279,2.643
5573.2,1454.83,0.26104,65.7943,695111.44,87.4715,3107.82,16.0,39.3339,2.236
9478.22,2346.4,0.24755,105.776,1336524.5,156.068,3831.67,13.0,34.2024,0.545
9778.26,2911.07,0.2977,97.3292,1376496.0,151.834,3781.37,61.0,34.2057,20.449
6817.91,1706.3,0.25026,88.156,952879.4,102.998,3422.8,88.0,36.7684,2.167
15436.7,5023.91,0.32545,172.951,2129764.2,262.848,4892.48,27.0,24.1032,2.635
13440.6,4534.12,0.33734,199.306,1831110.4,244.076,4538.86,37.0,29.0717,2.332
15675.8,5850.71,0.37323,187.248,2192280.0,260.056,4663.35,40.0,26.024,1.848
21304.7,5609.45,0.26329,181.414,2976716.2,275.853,5328.47,27.0,25.5281,20.145
8359.12,1661.63,0.19878,74.8535,1209211.6,100.911,3904.41,9.0,33.9952,1.268
5143.19,1232.63,0.23966,47.8474,667985.75,75.2046,3003.92,53.0,39.3049,6.035
6711.54,1918.31,0.28582,58.3721,913931.94,94.0306,3596.51,44.0,37.6895,9.164
5082.18,1325.21,0.26075,48.6892,710228.9,69.4885,2012.46,4.0,42.351,2.997
10638.0,3607.07,0.33907,93.1018,1442817.0,160.003,4701.24,92.0,31.4605,4.487
11067.5,4348.7,0.39292,102.461,1605118.4,191.031,4381.11,100.0,25.7713,19.711
11148.7,2923.89,0.26226,138.5,1562615.2,176.414,4722.05,174.0,28.5198,0.758
10526.1,3279.01,0.31151,111.385,1501118.1,126.2,3873.96,54.0,34.6395,1.748
5054.5,1573.97,0.31139,48.4859,708497.6,63.4728,2217.26,36.0,42.9365,2.108
14062.7,2804.22,0.1994,175.274,1997592.0,189.027,4040.18,142.0,32.1991,1.504
17812.8,4812.35,0.27016,185.408,2458403.2,236.279,5391.24,230.0,24.4541,8.755
5169.41,1693.47,0.32759,51.0105,716729.44,71.3385,2501.16,28.0,41.9527,4.24
18994.5,5830.48,0.30695,162.226,2731778.8,255.62,7506.62,34.0,24.3155,18.668
5413.69,1836.97,0.33931,53.2602,757544.7,74.3281,2510.76,48.0,41.8174,9.286
7320.95,1721.31,0.23512,83.8564,1013466.2,107.91,3835.84,17.0,36.1333,1.452
8104.24,2182.39,0.26928,70.0784,1166229.6,91.649,3247.71,50.0,38.0805,19.354
7954.36,2945.8,0.37033,68.1827,1126672.6,104.196,4281.96,62.0,33.1289,4.446
13943.3,4157.6,0.29817,146.342,1919964.6,202.263,4689.2,69.0,30.6675,4.464
14556.3,6590.4,0.45275,174.753,2028393.0,272.004,5233.32,145.0,25.6202,18.697
10891.9,5296.43,0.48627,91.3294,1518331.4,178.647,3916.77,51.0,35.4441,18.932
7939.58,1457.97,0.18363,76.306,1061488.4,96.4816,3353.98,48.0,41.3509,14.101
8940.56,2426.26,0.27137,90.2748,1233745.5,142.998,3300.44,9.0,36.3235,1.195
8097.37,3020.61,0.37303,67.9408,1102937.1,117.17,3493.96,52.0,39.0815,14.855
7204.8,2220.91,0.30825,70.3977,978480.1,101.989,3363.48,74.0,37.2362,3.67
6108.28,2004.75,0.3282,46.0924,850483.8,75.1586,2690.04,93.0,46.5464,0.0
5802.3,1362.89,0.23488,60.7036,790263.75,83.3143,3003.96,49.0,38.2173,6.226
10252.0,2253.9,0.21984,89.046,1429801.8,124.116,4809.8,34.0,32.8308,4.496
13781.7,2980.22,0.21624,169.877,1952401.0,221.758,4799.45,87.0,27.8352,3.772
12636.4,4349.52,0.3442,155.555,1718288.5,198.332,5283.67,254.0,30.7567,17.751
6256.69,2340.74,0.37411,79.6171,842183.44,107.011,3428.79,46.0,37.1895,13.4
12295.3,4506.3,0.3665,134.186,1736165.0,190.752,5667.91,148.0,24.4323,19.746
8406.52,3025.5,0.35989,98.4551,1183427.2,158.238,3802.07,105.0,34.5618,15.764
12602.4,4270.31,0.33884,119.877,1801485.1,174.011,4728.7,152.0,30.118,6.277
8184.87,2266.97,0.27697,87.2472,1129781.0,114.669,3109.5,21.0,35.7559,0.92
11051.6,3150.91,0.2851,100.816,1575153.9,140.46,4194.26,58.0,34.2751,3.739
18898.1,6151.19,0.32549,142.305,2581430.0,252.993,7048.63,98.0,31.7842,6.147
20043.5,8038.89,0.40107,181.82,2757796.5,343.203,9517.39,199.0,28.3596,11.66
8912.35,2426.4,0.27225,99.4618,1219017.5,128.957,3453.48,124.0,36.3272,1.563
8002.22,2059.79,0.2574,90.3829,1133217.6,114.91,3761.39,4.0,46.5464,1.878
18531.2,5328.58,0.28754,243.392,2502620.0,317.247,5741.87,336.0,21.2633,2.852
10017.3,2116.45,0.21127,95.6261,1398400.1,123.66,4272.72,33.0,31.1953,8.382
13580.7,4335.02,0.3192,179.908,1780742.0,249.892,4938.81,77.0,28.3683,5.872
5853.28,1947.59,0.33273,52.3365,808305.7,71.3147,2605.54,34.0,41.4664,3.976
7125.18,1623.06,0.22779,51.6749,989785.06,82.4646,3374.7,25.0,39.2373,3.598
13973.2,4443.43,0.31799,173.153,1932680.1,212.468,5230.28,187.0,27.2754,2.01
6691.79,2344.2,0.3503,78.5644,915934.6,94.8877,3200.88,56.0,38.5313,1.483
5062.26,1177.75,0.23265,50.5543,690556.9,77.84,2193.72,62.0,42.0365,15.682
13408.2,4063.22,0.30303,165.004,1860192.0,237.548,4378.33,82.0,28.7633,1.633
9611.45,2903.12,0.30204,96.2033,1332041.2,140.167,3889.46,28.0,34.9741,3.557
15127.0,4397.5,0.2907,211.277,2117602.8,248.187,5332.01,294.0,24.2649,1.428
8514.15,2007.56,0.23579,82.2853,1205274.6,107.161,3970.68,41.0,35.07,2.266
5426.59,1139.22,0.20993,56.1829,732915.0,90.3755,2717.15,25.0,41.7389,15.189
7360.87,2754.52,0.37421,76.3823,996885.3,108.39,3281.48,52.0,37.4538,16.884
4799.92,1507.01,0.31396,43.3602,656306.6,62.7304,1893.72,14.0,43.6304,2.058
8536.98,2209.32,0.25879,98.5743,1203961.1,107.278,4056.23,109.0,33.7111,3.996
6516.01,2166.76,0.33252,61.85,866349.56,93.2615,3070.96,64.0,38.5258,15.212
5828.73,1826.57,0.31337,67.6316,810192.06,80.2179,3107.92,41.0,40.1813,1.528
12042.8,5159.46,0.42842,99.9821,1694193.8,190.966,6470.35,80.0,26.792,20.598
15720.8,4950.06,0.31487,165.548,2140967.2,241.4,4979.89,175.0,26.8153,18.849
8926.61,2248.1,0.25184,97.4284,1253465.0,130.433,3810.17,50.0,34.8653,2.957
10168.6,2983.89,0.29344,104.07,1429689.2,158.033,3953.88,41.0,33.2893,2.522
16040.1,4360.61,0.27185,185.901,2138867.0,249.415,5280.11,133.0,25.2257,16.996
5329.15,1468.3,0.27552,58.1561,707570.06,81.5956,2670.94,27.0,41.1903,4.517
7727.55,2035.25,0.26337,65.7288,1032133.7,95.4738,4345.07,66.0,35.3347,14.586
15151.0,4426.75,0.29217,187.551,2103960.2,230.021,5641.44,140.0,22.7575,0.796
15965.6,5010.97,0.31386,172.428,2286310.0,223.728,5256.12,56.0,25.3162,16.106
8010.68,2891.03,0.36089,63.2963,1083624.2,133.326,3012.04,32.0,38.2521,15.0
9309.11,2982.79,0.32041,77.6322,1274421.8,114.097,3693.17,51.0,35.867,9.03
13447.9,4117.3,0.30616,152.849,1841773.1,199.292,4568.4,47.0,29.8877,3.933
6951.54,2205.42,0.31725,60.613,975371.56,91.6178,2775.15,49.0,40.4584,3.459
6405.1,2281.97,0.35627,79.1991,773763.5,123.854,2052.94,102.0,41.491,4.271
4379.45,1460.58,0.3335,35.0242,602399.6,54.7164,1441.5,19.0,44.4085,1.658
8698.94,1816.85,0.20885,80.7603,1238999.8,102.178,3937.28,15.0,34.9603,0.982
6449.28,3018.3,0.468,57.5539,896009.3,113.814,3043.47,69.0,39.558,14.201
7714.34,2082.73,0.26998,88.2652,1082917.2,102.531,3797.85,42.0,35.0961,2.273
8182.73,2393.94,0.29256,79.2944,1155785.6,110.031,3880.23,40.0,35.4189,4.104
9582.69,2733.39,0.28524,105.106,1322245.8,129.439,4032.79,14.0,33.9543,2.092
5026.23,1119.91,0.22281,50.2017,663905.75,71.8249,3319.51,22.0,41.0898,2.512
14554.3,4692.86,0.32243,180.669,1991413.8,224.169,4801.77,87.0,29.3731,10.235
7780.59,3026.18,0.38893,68.7685,1114851.4,101.76,4232.71,66.0,36.6093,15.872
15268.5,5569.07,0.36474,118.963,2210817.5,220.445,4848.04,147.0,32.1202,19.293
6854.48,1066.98,0.15566,73.3778,932232.56,87.1999,3226.19,39.0,38.5088,18.222
8895.51,2721.57,0.30594,79.7926,1215235.2,123.321,3958.31,100.0,33.0396,16.967
6648.66,2561.4,0.38525,55.9728,922893.0,101.431,3208.07,63.0,38.9315,12.94
10828.3,3559.12,0.32868,93.4792,1499801.8,180.55,5049.51,75.0,33.7546,18.294
18598.5,6937.77,0.37302,205.137,2678521.5,323.72,5366.66,242.0,24.0359,7.486
5670.11,1168.32,0.20604,51.3969,797565.94,66.206,2912.94,35.0,31.3235,3.742
6458.74,1301.76,0.20155,56.11,899567.8,79.1109,2819.25,20.0,40.5967,1.361
9523.89,2576.63,0.27054,100.66,1305954.5,160.851,4147.87,78.0,33.082,0.606
9039.78,4436.38,0.49076,65.8241,1323145.5,136.225,4410.94,37.0,38.8045,17.389
16680.3,6209.75,0.37228,192.849,2336585.5,229.561,5025.07,114.0,27.196,18.885
8935.93,2921.46,0.32693,103.212,1241368.2,135.406,3666.71,32.0,33.7689,2.538
9385.23,2181.17,0.2324,99.0595,1282710.6,145.49,3980.77,37.0,34.0539,2.176
11112.0,3165.72,0.28489,131.578,1550963.6,173.37,4539.98,65.0,31.4716,3.26
8584.94,2944.68,0.343,72.8309,1212450.0,112.117,3412.93,26.0,36.2436,15.415
6060.6,1082.95,0.17868,55.2299,838926.94,66.4159,3059.37,12.0,39.4828,3.734
9266.77,2239.34,0.24165,97.3484,1290538.5,119.524,4098.72,34.0,34.3678,2.192
7333.41,1634.11,0.22283,55.1931,1020255.7,70.787,3039.77,30.0,37.952,13.056
14147.6,3293.33,0.23278,199.608,1956392.2,248.854,4935.07,125.0,26.5857,3.241
14196.9,4255.45,0.29974,158.951,1948981.5,214.017,5222.38,12.0,30.7174,16.209
9156.15,2603.74,0.28437,85.4919,1312660.1,118.161,4050.08,13.0,34.8022,1.832
7774.08,1806.49,0.23237,99.0269,1058056.9,116.182,3317.19,119.0,36.6119,1.537
20977.8,7814.79,0.37252,161.645,2885357.0,302.584,5642.8,115.0,25.6301,5.306
5044.41,2036.1,0.40363,35.0788,711534.75,65.6392,2590.22,38.0,42.7774,2.8
15265.9,5585.11,0.36585,191.376,2018907.9,249.302,5257.18,81.0,26.1054,6.27
13208.9,5054.95,0.38269,166.574,1835939.6,239.394,4956.47,159.0,27.433,20.79
3355.07,863.53,0.25738,39.9965,479250.3,41.5982,1706.02,31.0,44.8121,10.805
9986.22,2782.54,0.27863,110.823,1406424.0,154.634,4031.11,36.0,31.1667,1.959
6975.9,1950.05,0.27954,66.3273,956228.5,93.3078,3153.29,46.0,46.5464,1.793
7854.77,1633.57,0.20797,61.8366,1077905.1,82.3129,2991.04,54.0,39.2976,14.644
7991.02,2184.97,0.27342,72.7503,1113836.1,104.224,3996.69,16.0,34.7107,4.342
12139.9,3933.86,0.32404,137.94,1710912.8,172.122,4228.63,29.0,31.1647,3.118
11001.7,3051.29,0.27734,92.529,1514809.2,136.249,3993.76,179.0,33.5635,17.809
10420.8,3046.03,0.2923,134.208,1466554.6,177.652,4235.04,56.0,32.4708,1.713
22046.9,7183.42,0.32582,198.231,3078971.0,354.767,6340.82,233.0,21.7441,6.01
7606.51,1749.05,0.22994,89.519,1053786.4,94.1719,3791.7,40.0,35.9349,0.0
11928.6,3711.12,0.31111,148.264,1687228.9,208.988,4851.94,37.0,30.4257,12.642
27827.1,9582.47,0.34435,246.405,3833945.0,452.554,11348.16,190.0,21.9557,5.397
7239.21,1980.37,0.27356,74.2953,985164.6,100.013,3509.17,79.0,37.8653,3.041
8083.94,1574.48,0.19476,70.2116,1090260.4,96.0632,3536.62,43.0,34.0849,11.073
8626.96,3902.0,0.4523,77.8291,1182498.8,139.247,3554.41,36.0,36.582,16.959
8447.09,2770.29,0.32795,100.639,1081275.0,154.783,3556.56,81.0,37.0411,16.42
6258.38,2357.42,0.37668,77.3523,849992.3,96.3092,3307.2,52.0,38.1323,1.687
9149.47,1476.02,0.16132,97.4619,1298580.9,122.419,3927.0,43.0,35.3043,0.839
19284.3,5450.86,0.28265,247.94,2686447.2,306.552,5452.12,228.0,27.1908,6.471
13839.7,5351.24,0.38665,202.758,1887905.1,249.885,4554.75,39.0,29.0669,4.248
17092.3,5376.28,0.31454,189.729,2347604.8,232.187,5500.4,86.0,24.0064,5.775
13074.7,3983.89,0.3047,170.746,1811235.2,220.049,4730.86,122.0,28.9182,4.311
14042.8,4261.27,0.30344,157.192,1929550.6,207.343,5169.32,9.0,30.3215,16.326
6907.49,2438.91,0.35308,40.2037,923624.06,124.848,2628.26,32.0,42.9961,19.589
7178.49,2067.07,0.28795,67.0835,1003921.44,98.066,3164.64,30.0,37.5921,4.522
14982.7,4671.45,0.31178,189.329,2085875.6,246.772,4425.89,23.0,30.6541,3.316
10733.2,3667.21,0.34166,130.934,1496558.1,181.205,4101.97,49.0,31.0382,2.105
6749.01,1489.71,0.22073,58.7411,922174.2,77.2753,3043.02,35.0,39.4994,3.401
14000.6,4003.62,0.28596,155.465,2019050.9,204.628,5132.94,99.0,27.4597,2.778
15319.5,4848.67,0.3165,218.189,2120810.8,249.767,5325.96,269.0,24.8342,3.035
13557.9,4136.4,0.30509,157.075,1867939.2,217.154,4909.16,71.0,28.2322,3.893
8014.5,2157.66,0.26921,72.783,1059108.8,107.834,3555.39,54.0,36.3858,14.59
7889.56,2965.27,0.37584,76.6879,1080352.5,118.559,3221.09,76.0,38.3332,13.72
9207.01,2109.66,0.22913,109.057,1277311.8,133.871,4173.02,56.0,34.0452,1.432
6097.77,1653.49,0.27116,40.3338,840040.3,92.9316,3763.36,27.0,37.9665,16.555
3468.14,1308.27,0.37722,25.8533,478682.9,47.2354,1466.29,7.0,45.9323,6.19
13532.8,4770.03,0.35247,154.856,1897082.9,183.173,5259.75,42.0,25.7655,4.108
8299.06,2496.43,0.3008,69.5769,1119026.1,124.024,4232.72,56.0,34.9148,6.379
17144.1,6270.65,0.36576,194.862,2424093.0,278.055,4961.65,108.0,26.8071,4.586
8552.9,2040.76,0.2386,66.6184,1155871.6,111.073,3964.09,53.0,35.7271,14.752
9528.23,2048.08,0.21494,101.376,1323914.1,136.092,3707.15,27.0,33.7825,1.55
19684.3,6687.43,0.33973,257.243,2734433.2,328.036,5447.83,92.0,23.8391,3.88
12777.3,5833.67,0.45656,162.608,1750121.4,238.741,5076.51,145.0,27.8165,18.731
7428.28,1321.62,0.17791,67.3034,1022400.1,89.7048,3453.72,25.0,36.2366,7.901
14993.7,3831.26,0.25552,187.695,2119200.0,215.236,5693.44,66.0,22.9604,1.303
9888.51,4125.16,0.41716,94.9511,1422273.8,137.383,4251.19,35.0,38.5421,13.777
4970.57,1591.33,0.32015,46.1906,719330.1,63.3246,2425.47,41.0,42.5899,7.364
16157.2,5415.91,0.3352,156.795,2325520.5,233.2,5790.34,163.0,24.8325,11.347
14958.5,3828.99,0.25597,191.592,2114837.8,211.148,14911.05,97.0,26.2378,2.725
8777.97,2185.29,0.24895,81.8578,1228821.8,113.388,4697.25,29.0,33.1388,1.736
16326.3,3714.53,0.22751,216.994,2288743.5,258.934,5574.41,91.0,23.5623,2.218
8969.55,3686.69,0.41102,86.928,1255348.4,132.702,3789.93,118.0,34.5728,3.781
23397.1,5581.73,0.23856,316.78,3232492.2,406.848,6224.04,163.0,19.8519,0.974
16790.9,5956.31,0.35473,205.402,2390731.2,274.268,5102.0,106.0,24.8472,5.77
3999.34,1390.89,0.34777,23.5944,546613.0,47.1675,1306.0,15.0,44.2909,9.186
14572.4,3852.54,0.26437,195.019,1983792.1,216.518,4614.77,183.0,28.9701,1.604
13117.4,3488.3,0.26592,158.17,1854638.4,201.79,4811.13,64.0,28.3768,2.993
8677.16,2277.27,0.26244,100.361,1188483.2,120.621,3818.68,35.0,34.0219,3.065
8038.47,1408.64,0.17523,62.1192,1126907.8,89.1238,2969.74,30.0,38.4898,12.834
9721.42,3785.47,0.38939,92.9793,1368139.4,138.86,3618.66,7.0,36.5702,18.029
9159.73,2217.56,0.24209,100.811,1291931.1,127.172,3855.43,54.0,34.856,2.985
12114.6,2183.14,0.1802,146.602,1694747.2,160.368,4655.04,152.0,29.6538,1.609
9417.76,3838.12,0.40754,84.7584,1317213.9,132.919,3826.17,108.0,34.3509,4.218
9603.2,2592.64,0.26997,86.3587,1300334.8,129.014,3816.99,44.0,35.1097,2.202
4712.21,1404.6,0.29807,44.8963,641683.06,57.5186,1990.52,16.0,42.8321,9.816
8791.92,2528.32,0.28757,77.5369,1228130.8,109.975,4322.21,61.0,34.1523,2.82
14112.4,4325.41,0.30649,158.399,1935220.9,208.161,5557.55,10.0,30.8434,5.985
9493.52,2156.73,0.22717,107.16,1309969.4,136.827,4263.03,51.0,34.0202,1.888
16592.7,4191.98,0.25264,188.699,2349998.8,217.124,5229.53,239.0,25.8697,5.969
5912.12,1871.14,0.31649,52.0006,821725.0,78.0231,2718.58,19.0,40.7737,3.243
6514.18,1316.64,0.20211,65.1014,875625.8,84.8597,3106.85,44.0,37.5214,5.893
11687.0,4019.05,0.34389,144.668,1637404.5,175.793,4823.21,43.0,27.8355,3.902
9169.01,2835.97,0.30929,102.61,1290647.9,114.267,3353.67,49.0,36.1311,13.169
7539.13,2074.38,0.27514,66.4865,1036541.7,106.387,3637.24,24.0,37.1953,1.35
6417.61,913.16,0.14228,70.3298,860305.8,95.7243,2575.98,60.0,38.0218,18.839
7843.89,2879.49,0.36709,82.8298,1101703.9,119.06,3460.71,58.0,36.2948,6.241
4324.01,784.06,0.18132,37.0203,598013.75,52.2707,2365.54,26.0,42.1063,11.636
6991.25,2375.12,0.33972,86.3364,988132.44,119.259,3532.16,83.0,30.6037,14.352
5064.15,1406.3,0.27769,41.7074,696669.5,57.4713,1970.93,9.0,43.0277,11.974
14153.9,3155.92,0.22297,206.608,1974983.5,225.761,4956.77,123.0,25.9994,2.17
4376.95,747.41,0.17076,39.2546,577148.44,64.4894,2562.81,11.0,43.5166,2.365
8791.92,2528.32,0.28757,77.5369,1228130.8,109.975,4322.21,61.0,34.1523,2.82
6853.17,2227.04,0.32496,63.8151,964516.4,84.5767,2894.84,62.0,38.3507,15.551
15396.3,6054.28,0.39322,121.693,2214309.8,212.152,4907.36,113.0,28.8054,15.795
6966.21,1969.05,0.28265,79.51,969507.06,203.46,2775.13,93.0,39.2836,18.463
6857.45,2048.52,0.29872,63.1877,925149.9,102.366,4033.66,58.0,36.7431,17.323
6473.25,2142.95,0.33104,58.4985,885977.1,95.9263,2657.09,12.0,39.2003,4.734
9730.81,2836.67,0.29151,97.574,1302931.1,132.716,4254.3,49.0,33.4493,15.852
8849.37,4047.59,0.45738,66.5651,1273488.4,131.862,3315.63,54.0,38.1665,13.434
4453.95,1373.32,0.30833,46.6669,604808.7,75.8596,2198.53,61.0,43.2403,5.951
18476.2,5008.56,0.27108,178.739,2608080.0,230.834,5739.89,64.0,23.0575,14.189
11119.7,3046.61,0.27398,144.828,1589694.0,157.971,4110.11,130.0,32.1963,2.327
7676.7,2205.21,0.28726,70.7611,1045269.0,107.27,3469.48,79.0,37.4551,2.525
6693.05,2406.63,0.35957,81.538,911766.8,95.8337,3288.88,60.0,38.5471,1.498
6452.53,1315.44,0.20386,61.9463,891658.6,77.4171,3268.78,28.0,38.0263,4.869
16097.7,5157.42,0.32038,175.047,2182688.2,247.36,4454.26,133.0,30.177,20.861
11283.6,2750.73,0.24378,132.398,1532413.5,161.077,4070.49,24.0,34.5549,3.346
8728.93,3205.76,0.36725,70.0594,1217792.2,131.109,4187.89,24.0,37.5168,14.289
6974.88,2531.39,0.36292,58.5714,929635.06,105.278,3021.44,35.0,39.7834,13.441
16733.4,6088.38,0.36384,133.856,2382250.0,244.839,6468.15,57.0,24.3735,8.811
7659.54,2055.88,0.2684,86.6093,1039356.1,118.015,3513.16,41.0,36.4478,1.836
12178.9,3893.46,0.31968,168.83,1721985.9,212.393,4638.08,101.0,29.4849,2.763
8336.88,3689.27,0.44252,64.3579,1240847.6,120.143,3611.01,37.0,38.1053,1.123
9348.41,4423.6,0.47319,98.1741,1319815.6,149.153,3513.09,65.0,34.174,16.674
10660.0,4553.23,0.42713,94.3496,1479627.1,161.227,4306.29,80.0,36.5453,15.44
13485.0,4865.44,0.3608,124.891,1915672.4,192.423,4730.32,128.0,29.7819,4.222
11316.8,2949.09,0.26059,153.001,1505566.6,169.955,4724.36,65.0,29.5432,3.361
8985.16,3189.27,0.35494,97.6268,1231497.5,124.568,3917.38,39.0,34.5329,3.839
9939.41,2690.92,0.27073,107.159,1392783.1,141.433,4203.77,64.0,33.0523,4.477
6121.05,2095.73,0.34238,38.4643,845969.9,84.6182,3123.0,14.0,42.0814,20.837
15378.3,4668.19,0.30355,183.392,2124162.5,258.953,5211.67,105.0,26.0021,7.696
14682.4,6172.93,0.42043,188.2,1926088.8,272.5,5032.61,66.0,27.7358,5.864
10263.8,3414.31,0.33265,110.045,1407120.5,151.363,4642.62,39.0,32.0462,16.502
14457.0,3591.01,0.24839,196.296,1997762.8,252.998,4952.37,128.0,26.9584,3.02
6869.71,1744.65,0.25396,68.2048,979062.1,87.7165,2873.08,55.0,40.0184,16.173
8616.21,3254.49,0.37771,64.2734,1238833.9,122.941,4700.52,69.0,39.42,17.213
6039.48,883.54,0.14629,46.5279,847818.4,74.4158,2734.94,1.0,42.2922,0.835
14628.8,3222.0,0.22025,170.777,2065902.8,226.278,4908.51,96.0,23.4124,6.078
12177.6,3248.71,0.26677,137.531,1703137.9,168.402,4376.5,49.0,30.4285,4.43
14688.3,4483.06,0.30521,203.101,2040295.2,253.156,5284.15,287.0,24.6943,1.982
7735.99,1611.99,0.20837,67.5533,1072833.5,96.1521,3274.38,67.0,38.4507,14.504
8556.3,2056.59,0.24035,97.554,1196470.5,132.613,3484.99,34.0,34.8646,1.183
6195.03,2100.24,0.33902,51.766,861958.56,84.8521,2499.22,88.0,40.829,12.009
8709.89,2445.19,0.28073,90.4932,1220456.6,111.43,4239.5,47.0,36.2998,3.133
8250.25,2202.89,0.267,92.1992,1164270.0,115.222,3540.42,90.0,36.9667,1.854
9544.42,3563.1,0.37331,91.1501,1258401.4,148.338,3660.4,52.0,35.6765,1.815
10573.3,2538.82,0.24011,133.225,1471624.2,168.339,4688.82,173.0,28.6904,0.605
8440.41,2874.08,0.34051,76.737,1185376.6,134.92,3293.39,100.0,37.6562,12.439
5044.55,1369.9,0.27156,45.9709,668855.56,66.3886,2117.71,33.0,43.3136,11.939
12513.8,3192.37,0.2551,163.007,1750488.1,195.894,4785.42,68.0,29.2144,3.277
11502.7,4399.12,0.38244,86.0343,1531287.4,177.945,3781.22,67.0,35.1441,19.235
6300.47,1856.22,0.29461,61.941,869214.5,92.4821,3027.68,71.0,39.7112,15.708
8249.18,2938.06,0.35616,74.2309,1154783.9,117.533,3423.31,67.0,37.6935,14.381
9653.62,2457.44,0.25456,113.192,1348364.6,149.886,4172.42,52.0,33.9804,3.298
6048.71,1962.37,0.32442,72.8905,840233.5,87.4004,3037.19,35.0,40.2338,1.632
13541.2,3287.75,0.24279,153.061,1862441.6,230.199,4695.22,196.0,25.2651,9.88
8639.55,2882.57,0.33364,86.2824,1187409.1,133.901,3502.29,118.0,36.9007,16.281
5588.99,1312.81,0.23489,64.6512,794211.2,63.2853,3449.4,50.0,40.0113,11.061
5248.09,1034.22,0.19706,45.1423,763931.1,62.8563,2192.38,78.0,42.827,0.689
5686.6,1559.2,0.27418,63.0926,714907.2,88.5745,2964.57,24.0,39.8677,4.02
5553.09,952.31,0.17149,51.5363,763153.0,60.6975,3033.47,24.0,39.7241,3.688
20140.3,6640.4,0.3297,242.826,2791964.0,334.965,5521.41,82.0,23.208,3.405
14655.4,5168.54,0.35267,116.813,2023007.5,243.461,5431.45,176.0,24.3822,20.726
15678.5,4357.09,0.2779,170.533,2216808.5,235.59,5128.71,187.0,21.4393,16.997
12948.5,4111.01,0.31748,136.615,1834317.4,167.618,4811.0,54.0,28.8901,14.467
16638.7,4320.47,0.25966,249.886,2256212.2,255.324,4887.69,283.0,24.4038,4.204
9896.16,3558.88,0.35962,89.3136,1411319.2,142.59,3677.39,10.0,34.815,3.178
10836.8,3019.84,0.27866,104.378,1536711.6,159.089,4108.29,40.0,33.4115,2.002
6857.15,2076.29,0.30279,71.7503,945748.1,94.754,3683.66,35.0,36.6623,1.852
6676.9,1982.5,0.29691,67.9168,957526.44,85.478,3151.38,14.0,38.3076,2.133
12599.1,4060.4,0.32227,124.044,1797230.0,172.071,4736.01,149.0,30.1708,4.71
8276.39,2459.35,0.29715,93.2562,1173317.4,117.04,3554.69,89.0,36.9569,1.947
10435.3,2710.98,0.25978,117.728,1459353.0,151.332,4331.79,53.0,32.9962,3.808
8659.55,2787.89,0.32194,74.0985,1190623.2,111.959,3884.9,54.0,35.5893,14.858
14170.5,3520.75,0.24845,186.407,1937925.8,214.666,4581.39,179.0,28.9962,1.697
13469.1,3815.98,0.28331,154.645,1928437.2,200.726,5131.63,98.0,27.458,2.834
9616.69,2531.34,0.26322,106.602,1353974.9,145.263,3953.29,41.0,33.1992,1.486
7122.4,2401.91,0.33723,48.2351,992605.5,113.649,4083.72,66.0,37.4637,16.225
10131.6,4110.64,0.40572,94.1619,1369527.8,138.132,4603.62,58.0,35.1253,14.207
12725.7,3929.6,0.30879,137.125,1734195.1,180.463,4507.58,114.0,30.965,4.556
15466.9,5023.73,0.3248,157.702,2125886.2,242.02,5561.98,184.0,25.7894,1.393
4309.52,403.5,0.09362,41.98,597646.94,45.9088,2133.76,24.0,42.922,12.55
11389.2,4436.11,0.3895,130.693,1607733.8,184.658,4967.33,144.0,28.7787,12.193
4623.29,1529.03,0.33072,34.8264,659090.5,52.5972,1707.61,39.0,42.7225,1.57
22678.8,8791.58,0.38765,204.456,2953196.2,404.795,9656.55,223.0,29.3157,6.301
7556.42,1935.99,0.2562,63.857,1039008.7,94.5782,3400.75,35.0,38.3422,9.611
8180.9,1952.23,0.23863,82.8109,1159661.9,95.4433,3878.13,39.0,35.7933,2.562
11139.2,2877.95,0.25836,160.809,1569291.5,185.833,4644.17,55.0,29.5903,1.071
11733.2,3123.46,0.2662,150.457,1667349.4,160.234,4681.36,26.0,28.7679,1.657
7857.71,2758.59,0.35106,77.7374,1106554.1,117.045,3297.26,40.0,37.6772,2.574
18874.5,6904.72,0.36582,183.762,2601365.8,320.333,6009.23,229.0,25.7866,5.267
20232.7,6940.15,0.34301,198.274,2789564.0,282.787,5890.83,125.0,46.5464,1.046
8208.62,2464.12,0.30018,94.9909,1112155.4,119.122,3242.56,80.0,38.6185,1.783
9646.72,2658.85,0.27562,122.241,1327254.9,134.587,4137.89,125.0,32.8847,2.154
6522.93,1523.47,0.23355,68.5272,952934.8,70.2364,2570.25,59.0,40.8656,11.24
5842.87,1547.0,0.26476,41.0877,792751.56,98.2257,2641.86,25.0,41.1094,14.559
14776.6,5784.87,0.39148,137.163,1991906.2,221.348,5248.65,169.0,27.8182,15.313
14109.1,4390.73,0.31119,169.359,1941129.1,230.399,4872.07,112.0,27.8931,4.43
9495.31,2369.44,0.24953,111.393,1312604.1,137.965,4165.68,65.0,34.3732,1.901
9376.39,3345.89,0.35684,95.1856,1317323.9,137.169,4255.06,104.0,34.4955,3.414
7907.33,2571.92,0.32525,70.9786,1106286.0,107.374,3292.33,35.0,35.4709,5.657
8250.42,1490.89,0.1807,61.846,1158534.5,80.9804,3155.9,28.0,37.2468,15.254
9151.76,2989.12,0.32661,75.1311,1276222.4,122.215,3841.22,44.0,36.6089,14.293
15422.9,5125.44,0.33232,195.299,2021376.0,223.797,4361.07,107.0,30.3764,2.456
10116.7,3407.9,0.33685,107.848,1418329.6,172.275,4331.89,71.0,33.1013,4.01
8617.61,2435.59,0.28262,62.8206,1207117.4,114.864,3775.24,18.0,38.9999,16.813
12002.4,3159.3,0.26322,126.211,1635252.9,182.111,4084.49,58.0,32.2156,1.655
5149.12,1096.08,0.21286,43.4732,715966.3,60.736,2249.74,12.0,42.6579,2.693
4123.54,1305.72,0.31665,33.011,565739.9,51.5455,1408.32,17.0,44.318,1.438
14865.9,6395.73,0.43022,137.069,2050653.0,218.23,5019.19,143.0,28.0092,18.275
7121.59,2038.54,0.28624,75.8224,970321.7,115.524,3090.07,80.0,39.0529,1.271
6784.33,2174.42,0.3205,65.8559,889887.94,94.5778,3574.01,67.0,38.1179,4.322
13978.0,4314.64,0.30867,158.701,1909332.4,208.029,5034.57,13.0,30.7357,17.131
15952.2,5897.69,0.36971,192.547,2190665.5,250.532,5725.59,127.0,26.4775,11.714
8093.34,2775.46,0.34293,82.3487,1097782.8,119.927,3732.92,31.0,36.9306,5.879
7848.37,3010.99,0.38364,72.3824,1084803.2,123.427,3716.69,88.0,37.0057,14.029
6915.82,1745.89,0.25244,63.2617,941654.1,94.7772,3126.91,30.0,39.3972,11.055
18692.4,5542.9,0.29653,178.381,2545214.0,245.283,5736.75,71.0,29.9417,17.861
9891.58,3382.32,0.34193,100.244,1381561.6,116.983,3854.82,49.0,36.4455,13.963
16539.5,4418.48,0.26714,231.969,2366938.0,272.527,5553.59,113.0,22.1043,2.476
9597.57,2626.21,0.27363,105.326,1361944.9,150.7,3923.37,43.0,32.1234,2.179
6563.42,2244.05,0.3419,59.2136,915722.9,94.8402,3761.99,68.0,37.2397,2.313
8322.55,2374.71,0.28533,101.844,1154011.2,138.444,3179.89,5.0,37.3163,0.985
12548.0,3862.96,0.30785,129.689,1791895.6,173.794,4661.06,48.0,32.4578,2.97
7638.49,2589.2,0.33896,66.6847,1091956.0,112.175,3763.83,23.0,36.263,18.158
9457.21,2780.06,0.29396,108.691,1315959.5,120.732,3441.19,53.0,32.7701,14.534
8276.95,2376.63,0.28713,58.4006,1202582.8,106.17,2862.03,68.0,40.3559,13.88
5010.37,1204.23,0.24034,42.9414,705254.9,71.1799,2723.07,20.0,40.606,2.666
8940.84,1220.14,0.13646,75.4786,1199817.5,97.142,3718.17,27.0,36.0972,16.142
13972.5,4199.38,0.30054,180.768,1952614.2,241.294,4529.77,23.0,29.496,2.709
7219.14,1984.29,0.27486,92.8343,1000327.44,102.376,3969.29,22.0,35.8239,1.557
6584.62,1826.31,0.27735,55.3738,942745.56,92.8921,2466.9,60.0,41.8732,9.781
12185.1,3043.81,0.24979,129.642,1659338.6,153.304,3962.98,228.0,32.4712,2.408
14364.1,4595.46,0.31992,162.292,1984351.2,225.05,5525.96,201.0,26.9079,1.781
8916.5,2422.94,0.27173,97.9933,1251592.0,131.422,4099.2,57.0,33.6099,3.197
5715.89,1590.57,0.27827,44.9007,786823.3,91.1605,2942.86,56.0,41.8876,12.588
8698.01,2412.76,0.27739,79.1721,1219403.9,105.191,4243.35,62.0,33.5942,2.801
7771.84,3008.38,0.38708,58.314,1121341.5,114.888,4982.36,23.0,37.5297,13.402
10286.6,2647.96,0.25741,144.443,1442437.6,154.571,4018.33,124.0,28.5199,3.531
5789.56,1918.3,0.33133,63.6182,805886.5,86.8374,3317.91,66.0,38.6489,1.565
8802.84,2568.89,0.29182,77.041,1227946.5,112.392,4260.31,60.0,34.4086,8.89
8691.5,2123.72,0.24434,98.2145,1243138.9,125.125,3736.44,47.0,33.3177,3.224
9380.24,2470.82,0.2634,125.07,1303313.4,132.107,4307.92,60.0,33.1222,4.291
10799.9,3367.31,0.31179,123.924,1434902.4,164.543,4053.62,49.0,33.7073,1.802
7787.71,1558.35,0.2001,74.7961,1093255.8,82.1524,3225.93,23.0,35.3611,16.754
4361.32,1781.22,0.40841,43.5122,613615.3,72.3618,2155.63,31.0,44.1991,8.544
7379.15,2388.1,0.32362,56.4118,1003781.75,115.179,3371.66,24.0,38.6982,5.991
11141.4,2979.55,0.26743,147.261,1588697.0,154.354,4130.78,125.0,32.4554,2.584
8072.4,2570.41,0.31841,97.7585,1010039.1,147.596,3451.01,103.0,37.4559,16.935
8633.04,3925.61,0.45471,88.991,1175918.1,141.138,3662.66,50.0,35.7943,13.819
13181.7,4173.15,0.31658,160.52,1839125.8,218.885,4821.94,112.0,28.3822,3.894
12318.6,2523.64,0.20486,150.493,1676780.5,193.993,4861.05,139.0,29.8583,0.631
5747.86,741.73,0.12904,51.9508,806565.94,63.7991,2710.46,2.0,42.5354,1.078
6994.17,2069.18,0.29584,76.6953,950624.9,111.024,3102.6,81.0,39.1972,1.157
5274.18,2511.65,0.47621,51.8725,767729.4,78.7513,3203.98,100.0,41.3402,14.488
6927.79,1996.83,0.28823,66.705,971446.56,89.3009,3642.86,31.0,37.7235,1.874
9244.76,3198.31,0.34595,83.7002,1293201.8,139.479,4011.98,37.0,37.0134,16.887
8732.09,1922.34,0.22014,94.0654,1175073.5,117.182,3988.52,36.0,35.8413,4.925
8969.74,1985.95,0.2214,90.6179,1224185.5,138.173,3842.71,79.0,34.1753,20.314
13668.1,5496.72,0.40215,113.102,1940642.8,221.303,4111.4,31.0,31.7228,16.371
13025.8,3644.17,0.27976,141.515,1762689.5,165.827,4624.78,95.0,30.2462,12.696
8308.59,2467.05,0.29692,70.0305,1136931.8,127.038,5314.43,69.0,31.1075,15.863
5278.12,1795.97,0.34026,42.2711,702866.5,87.3816,3355.56,26.0,42.6358,11.152
4106.97,1210.9,0.29484,33.8059,561082.2,51.5306,1399.61,32.0,44.4197,11.547
25192.6,8601.04,0.34141,253.796,3517912.5,399.59,8055.64,207.0,21.3034,7.488
7222.87,2878.52,0.39852,62.8152,1064177.4,96.6136,3217.36,30.0,38.8525,1.308
10242.3,3342.53,0.32634,82.3728,1429470.0,146.952,3869.35,33.0,33.8068,3.615
4215.24,1250.05,0.29655,33.7698,579038.8,48.698,1408.76,19.0,44.2712,1.612
14538.0,2922.44,0.20102,170.136,2061941.8,205.103,4051.35,133.0,32.2136,1.471
11941.0,3842.58,0.32179,154.242,1676457.2,155.824,5074.2,39.0,27.7879,3.522
11322.0,4274.73,0.37755,124.958,1553921.8,193.41,4228.5,21.0,33.718,3.374
6437.43,1840.74,0.28594,61.6685,897784.0,94.5444,3259.32,44.0,37.9003,12.831
17995.3,6408.23,0.3561,211.243,2550051.2,311.197,5779.1,99.0,27.8034,3.566
13116.3,4841.71,0.36913,132.457,1867211.1,186.239,4921.02,57.0,24.9483,16.844
6465.64,1848.57,0.2859,79.8502,905340.4,93.7876,3115.97,72.0,39.0724,0.0
7710.3,2309.09,0.29948,88.0987,1037341.25,119.334,3657.71,39.0,36.9585,4.515
15317.4,3883.4,0.25352,198.524,2140544.2,248.042,5031.22,123.0,26.7428,2.47
5788.57,1543.64,0.26667,54.8114,765522.06,88.2981,3777.96,29.0,40.6824,7.187
7843.82,2064.54,0.2632,69.7084,1043329.3,102.487,3896.0,82.0,35.6865,16.08
6994.14,1714.22,0.24509,72.4987,966368.8,89.5195,3129.83,32.0,38.5716,11.768
3692.2,1274.58,0.3452,25.0955,503273.4,43.241,1384.41,4.0,45.5044,2.708
7486.64,1899.37,0.2537,61.2478,1029286.94,105.563,3690.01,25.0,46.5464,1.13
10404.8,3071.93,0.29524,94.0502,1478250.0,138.039,4196.28,105.0,33.2094,4.911
8837.37,1927.58,0.21811,83.7019,1254054.4,122.374,3535.35,11.0,36.4596,3.039
12399.8,4438.76,0.35797,83.3195,1719529.0,192.648,4386.53,9.0,33.2685,12.547
4592.38,962.69,0.20962,36.5487,640093.0,45.9681,1787.96,37.0,44.1943,8.312
7295.53,3212.04,0.44027,83.3108,897424.7,135.652,2439.11,118.0,39.766,9.361
12073.1,2169.97,0.17973,150.493,1645405.6,191.715,4858.16,140.0,29.7802,0.632
10953.2,2643.88,0.24137,120.956,1500822.2,181.175,3891.58,70.0,33.1558,1.4
12527.0,4380.22,0.34966,149.002,1737947.4,167.044,5177.23,47.0,29.5978,6.036
4386.29,787.23,0.17947,43.1506,596322.1,55.7755,2599.9,11.0,43.1378,2.306
13990.5,4406.25,0.31494,160.051,1932731.9,220.04,5282.47,202.0,26.996,1.664
14502.5,4097.21,0.28251,129.669,2023978.8,193.931,4740.16,77.0,29.548,3.464
10527.7,3904.59,0.37088,94.8861,1452753.4,144.088,3490.54,61.0,34.8163,16.02
7658.42,1605.05,0.20957,77.3816,1070937.9,97.7153,3073.76,29.0,37.9729,13.756
8780.92,3112.46,0.35445,65.8165,1237186.4,122.736,5429.09,68.0,39.0313,17.13
15848.6,4953.11,0.31252,178.51,2211739.8,243.142,5408.45,149.0,23.3816,2.004
10410.3,2940.66,0.28247,101.688,1458915.1,141.719,4162.0,42.0,35.1579,4.735
7911.67,3317.93,0.41937,50.1982,1110728.2,127.536,3724.74,58.0,36.5476,16.7
11575.9,2348.21,0.20285,148.792,1623866.2,180.732,4611.04,54.0,29.9508,0.962
6305.8,2089.68,0.33139,53.2528,857635.8,86.6005,3214.77,22.0,39.8893,12.236
6152.73,2271.58,0.36919,56.039,885079.06,91.5652,3198.75,23.0,39.6903,12.789
6627.47,1799.65,0.27154,59.8485,923474.4,102.329,3268.16,43.0,38.0766,14.843
16222.1,6221.66,0.38352,185.255,2216438.5,262.023,5022.63,140.0,28.2142,11.874
12297.5,3591.79,0.29207,157.358,1711274.6,215.998,4781.87,70.0,28.2977,3.37
13112.5,3618.96,0.27599,154.427,1827131.1,209.729,4942.95,189.0,28.7416,2.267
4009.37,1068.45,0.26648,33.6545,574113.3,47.0027,1769.09,12.0,44.5055,2.018
6415.36,2392.73,0.37296,36.0568,893243.0,93.7924,2292.62,34.0,44.4648,8.382
8841.2,2321.26,0.26255,106.633,1197891.8,155.267,4013.43,41.0,34.1942,5.819
9885.71,2983.8,0.30182,116.655,1401236.2,154.984,4220.77,59.0,33.7845,3.895
8291.51,2203.91,0.2658,75.3826,1202131.5,105.686,3123.84,20.0,38.011,1.85
5795.01,1743.8,0.30091,71.1473,810872.5,84.8449,3042.38,34.0,40.2244,1.664
5186.63,1563.67,0.30148,43.5,715174.6,63.5444,2018.13,11.0,43.2338,2.376
18840.8,6846.74,0.36339,302.945,2497284.0,233.199,8276.05,82.0,24.0361,3.308
7740.96,3072.15,0.39686,78.1296,1097775.6,119.723,3331.02,46.0,37.9053,2.738
7930.57,3114.79,0.39275,89.6422,1050832.2,121.254,3496.48,33.0,37.6169,13.895
6512.22,2357.29,0.36197,69.4239,873476.25,112.922,3251.01,45.0,38.5589,13.385
22973.6,5560.78,0.24205,310.919,3167368.0,411.178,6244.37,147.0,19.8445,1.002
8352.28,1664.81,0.19932,80.1154,1153947.8,118.508,3847.18,41.0,35.7656,10.93
20527.4,7168.87,0.34923,177.68,2856423.8,283.211,5939.1,201.0,21.0565,19.915
7605.44,2605.7,0.34261,52.8207,1063300.1,97.2454,3773.09,61.0,38.5897,13.704
13785.9,4419.37,0.32057,160.904,1898797.5,217.586,5263.11,200.0,26.982,1.761
4961.92,1196.68,0.24117,42.7135,691343.1,51.0388,2479.14,50.0,41.7802,10.211
8638.09,3088.65,0.35756,80.7819,1227271.6,140.531,3907.66,98.0,35.0323,17.462
13687.4,3380.94,0.24701,170.164,1963536.2,204.971,4719.86,116.0,29.0172,18.036
4942.78,1556.84,0.31497,33.4876,681635.2,66.7916,1980.28,13.0,42.982,15.68
8070.0,2425.21,0.30052,61.2628,1147960.4,97.6025,2931.66,8.0,37.7841,12.967
9131.3,2017.24,0.22091,95.1973,1289429.5,130.354,3746.94,50.0,34.1814,14.826
8317.8,2071.67,0.24906,47.3304,1151995.8,95.1929,3757.25,42.0,36.9225,13.989
15931.1,3872.89,0.2431,165.255,2230645.2,235.143,5062.54,83.0,27.0274,2.335
9358.84,2946.6,0.31484,93.6623,1298315.5,108.284,4421.62,31.0,32.5135,14.105
17561.9,6125.68,0.3488,160.812,2478083.8,292.72,5980.73,124.0,29.9113,3.854
6996.74,1537.22,0.2197,54.7027,982762.8,83.9526,3270.45,40.0,35.3645,12.463
8980.13,4073.65,0.45362,91.5481,1312575.2,152.084,3835.86,37.0,34.5711,18.704
5940.99,1877.29,0.31598,53.0745,812595.44,83.0601,3176.66,13.0,39.4498,7.993
6518.7,1354.43,0.20777,62.1217,864848.94,82.1725,3164.1,29.0,38.8462,2.673
11371.3,3754.07,0.33013,129.153,1584647.1,181.191,4159.33,47.0,31.2595,2.107
4465.18,1584.48,0.35485,43.2269,593204.75,72.4785,2563.1,24.0,43.5357,8.046
9618.7,2184.78,0.22713,113.367,1345968.0,130.115,4179.04,62.0,34.6957,2.052
8606.26,2249.92,0.26142,84.0936,1221330.2,105.616,3831.16,76.0,35.0806,3.829
8685.71,3529.09,0.4063,59.1735,1185609.0,132.89,3650.08,82.0,35.4713,4.024
14887.5,3597.65,0.24165,210.673,2060535.8,245.193,5013.58,123.0,26.4598,2.6
5169.41,1693.47,0.32759,51.0105,716729.44,71.3385,2501.16,28.0,41.9527,4.24
9975.62,2734.99,0.27416,102.738,1367834.2,143.631,3614.8,121.0,34.3019,1.558
6799.4,1466.21,0.21563,63.4879,975815.3,63.7438,3517.96,50.0,39.9967,15.455
11501.3,2706.85,0.23535,102.345,1688295.9,138.94,4793.21,93.0,29.9716,15.511
8847.68,2465.46,0.27865,103.951,1223082.6,139.082,3277.71,5.0,36.7565,0.999
9403.8,2327.6,0.24751,73.4336,1308363.2,106.478,3549.17,52.0,35.8808,15.046
8377.2,2221.58,0.26519,83.2141,1184715.4,112.266,4037.34,41.0,34.3329,2.62
23203.9,5667.15,0.24423,334.525,3186500.5,398.152,6224.62,163.0,19.8509,0.96
10783.5,3055.2,0.28332,133.8,1484009.8,144.988,4908.85,76.0,29.4376,3.524
10910.2,4532.82,0.41546,56.005,1551424.5,174.91,4561.65,64.0,36.8158,17.729
7612.6,2825.4,0.37114,64.3454,1035358.5,119.843,3072.32,56.0,38.8197,14.941
10751.5,3385.47,0.31488,137.889,1493282.0,172.74,4263.72,86.0,31.0757,6.23
16722.6,5825.3,0.34834,182.331,2317522.2,275.377,5952.52,227.0,25.1701,18.155
5586.11,1950.21,0.34911,51.0197,783641.3,87.9168,2653.91,96.0,40.8295,12.869
7886.1,2508.78,0.31812,67.5195,1123330.4,112.27,3841.88,4.0,35.7123,9.439
10107.5,3202.35,0.31682,74.0228,1416809.2,133.276,4259.75,35.0,36.939,19.044
15510.2,3372.16,0.21741,197.941,2119445.5,264.497,5175.96,144.0,24.5216,3.079
15127.2,4591.94,0.30355,210.949,2095977.0,254.543,5349.15,285.0,25.0989,1.948
11581.5,3189.17,0.27536,130.547,1597223.9,161.436,3909.78,22.0,33.6182,3.329
15374.9,5612.96,0.36507,106.933,2107502.2,249.833,5433.05,116.0,25.9545,17.811
5850.06,1913.22,0.32704,59.05,774618.75,92.9983,2713.76,58.0,40.9398,8.783
8419.72,2264.25,0.26892,73.3211,1205532.2,128.274,4105.77,93.0,34.5929,1.815
15862.7,4556.51,0.28724,217.136,2207430.2,286.548,5609.07,99.0,23.2566,2.434
4897.32,1317.32,0.26898,46.2216,681481.8,59.3432,1913.54,19.0,43.6384,2.46
6903.85,2228.54,0.32279,72.1704,934029.8,111.328,3088.17,78.0,39.0346,1.166
8609.46,2487.08,0.28887,96.524,1179550.5,149.451,3257.52,14.0,36.5349,1.408
10408.3,3083.42,0.29624,95.0473,1412832.2,154.422,3972.46,121.0,33.273,2.658
16792.7,3978.72,0.23693,193.273,2366168.0,264.599,5666.99,95.0,23.0586,1.419
7029.98,2023.48,0.28783,79.18,951970.94,112.337,3080.87,82.0,39.1668,1.273
6368.49,2042.97,0.32079,71.7072,850796.56,84.4864,2867.45,61.0,39.3075,9.633
10962.1,3681.73,0.33585,112.966,1533246.2,168.272,4530.28,76.0,33.8859,3.531
8100.93,3523.65,0.43496,65.1182,1150530.5,105.22,2649.26,75.0,39.3037,8.557
12645.0,5524.64,0.4369,94.4414,1769699.9,184.968,4513.72,90.0,31.405,16.32
8073.43,2624.69,0.3251,40.6676,1127914.0,120.096,3853.92,23.0,35.9353,14.399
6871.1,2005.1,0.29181,59.7432,948100.56,99.7946,3368.09,53.0,37.8866,13.232
13878.7,4771.17,0.34377,171.389,2028817.8,254.578,4871.11,76.0,27.5438,2.948
7909.73,3253.26,0.41129,77.6181,1114353.8,119.069,3309.5,45.0,37.7136,2.79
8499.37,2226.23,0.26192,87.8221,1209799.0,114.845,3913.21,4.0,34.2141,1.906
5935.78,1789.11,0.30141,29.602,833649.25,64.806,2478.22,22.0,41.7354,8.32
11625.5,3114.39,0.26789,132.63,1604071.5,169.464,4515.45,100.0,46.5464,1.921
8953.51,2155.02,0.24068,86.833,1266309.2,111.779,4583.04,27.0,33.5859,2.626
8714.87,2858.29,0.32797,95.7218,1191803.8,115.864,3715.57,40.0,34.9142,2.424
5706.16,2177.72,0.38164,56.2296,792581.9,81.0143,2628.0,40.0,40.8879,6.646
6668.71,2992.61,0.44875,86.8247,824593.25,125.747,2130.33,117.0,41.1194,4.084
10584.8,3376.85,0.31902,97.4672,1469611.9,145.278,3822.64,29.0,34.651,3.123
20591.4,6081.35,0.29533,172.395,2940823.8,257.856,7195.22,63.0,20.1568,19.645
7021.14,2243.72,0.31956,58.4799,953896.0,105.335,3097.53,100.0,38.1761,6.357
6844.29,2791.26,0.40782,49.0322,949677.44,99.7857,3319.61,35.0,39.3545,3.349
10112.7,3069.59,0.30353,96.9004,1407928.8,138.867,3386.82,69.0,36.6773,16.806
10113.9,3119.92,0.30847,117.155,1354310.0,191.414,3747.64,90.0,34.3699,9.525
9128.57,2535.74,0.27778,76.5916,1233928.9,117.462,4186.18,100.0,33.4761,15.798
5776.44,932.75,0.16147,52.6004,812233.9,69.7478,2671.95,1.0,42.3043,1.247
12604.3,3872.0,0.30719,152.12,1780116.5,229.318,4295.74,83.0,31.1248,1.634
5228.46,1590.64,0.30422,54.2176,699965.7,89.7416,2639.19,5.0,40.3244,11.286
11391.5,3773.2,0.33122,127.533,1558397.0,160.543,4773.77,70.0,30.1131,4.88
11339.8,2774.7,0.24468,135.987,1582676.0,168.222,4702.43,173.0,28.6369,0.805
6854.4,2116.36,0.30875,69.1854,928127.6,100.686,3046.34,45.0,38.9111,11.163
12698.3,3756.21,0.2958,95.3158,1752216.6,144.046,4447.15,163.0,31.6141,14.74
14196.1,3475.05,0.24478,202.127,1985917.8,249.582,4924.91,140.0,27.0144,3.099
20606.8,6838.1,0.33183,250.371,2866923.8,339.157,5540.7,69.0,22.9512,3.734
7238.3,2047.03,0.2828,58.2481,948708.0,113.53,3202.2,41.0,39.4436,0.0
7300.53,2341.09,0.32067,53.4348,1024650.5,108.792,3755.89,49.0,40.4115,16.264
9563.48,3547.66,0.37095,92.4773,1328037.5,143.009,3873.74,106.0,34.7838,16.446
7768.28,2601.71,0.33491,51.0232,1050370.5,112.884,3118.42,29.0,38.649,11.664
13778.3,4940.09,0.35854,159.458,1890093.8,220.303,4801.83,159.0,28.7883,15.347
14667.7,4056.88,0.27658,173.477,2061736.1,236.896,4605.67,17.0,29.2665,2.775
11608.0,3726.67,0.32104,132.411,1633535.5,188.124,4322.31,61.0,32.3175,1.502
6167.5,1505.97,0.24417,70.459,873789.44,71.6531,2844.07,76.0,39.6974,7.305
7806.43,1930.87,0.24734,70.8319,1092326.5,100.948,3905.44,47.0,35.5338,4.737
7741.74,1410.63,0.18221,62.6124,1059616.2,88.6632,3628.25,33.0,36.5069,6.471
6066.24,2374.18,0.39137,63.5707,781954.56,100.093,3225.34,5.0,38.1403,16.905
6276.7,1159.64,0.18475,62.8163,877941.6,73.696,3395.78,71.0,39.6153,11.151
9244.18,3287.43,0.35562,91.6607,1292936.6,133.416,3716.11,33.0,35.1431,3.805
8145.54,2537.75,0.31155,81.2741,1130691.4,114.407,3781.77,36.0,36.464,15.37
15075.4,4265.39,0.28293,173.483,2068578.9,249.766,4999.6,33.0,27.9421,3.408
15051.2,3556.13,0.23626,204.137,2085674.4,246.231,4989.82,129.0,26.0949,2.466
9773.12,3342.35,0.34199,103.737,1349971.0,141.621,4057.73,29.0,33.7439,2.783
12131.7,3126.4,0.2577,160.564,1708908.8,208.25,4956.36,199.0,28.0559,1.959
8623.13,2587.02,0.3,92.8254,1223502.9,122.688,3546.87,89.0,36.9422,2.064
7096.01,1811.24,0.25524,64.8444,995063.3,97.1987,3298.07,22.0,39.1888,13.189
10878.9,4136.15,0.38019,89.2056,1540176.2,156.312,3487.15,48.0,34.7877,15.549
5106.79,1215.64,0.23804,54.2418,677841.56,78.1379,3245.29,28.0,41.1064,13.273
11077.8,2661.63,0.24026,156.189,1558732.4,183.1,4683.75,54.0,29.4426,1.298
6006.83,916.36,0.15255,49.5047,843755.5,72.98,2749.38,1.0,41.7245,0.637
22771.3,7039.69,0.30914,315.611,3143441.8,374.362,6283.2,107.0,17.6111,3.372
9218.55,3334.96,0.36176,76.0205,1258537.1,132.03,3903.68,96.0,33.8806,8.238
10182.9,3302.79,0.32434,94.2643,1435421.1,138.955,3776.54,92.0,34.1019,14.103
8264.74,1814.7,0.21957,66.2312,1166334.5,98.1557,4020.05,16.0,46.5464,4.645
7083.31,2009.78,0.28373,52.7707,993159.75,89.3865,3359.21,34.0,38.445,11.507
5151.15,1975.91,0.38358,36.9294,723613.7,65.8889,3647.49,13.0,44.4907,19.549
16418.2,5625.25,0.34262,181.53,2295215.0,256.924,5560.03,186.0,26.4941,2.527
8131.96,2581.04,0.31739,65.108,1183955.4,104.327,3033.41,29.0,38.6249,16.045
7501.43,1822.67,0.24297,56.9845,979987.2,87.7884,3023.39,54.0,38.3025,16.341
7431.55,1499.84,0.20182,70.2917,1001655.3,92.1607,3325.69,75.0,36.3136,14.771
14832.6,6164.22,0.41558,82.6568,2003376.4,252.171,20981.17,47.0,35.1973,3.343
5753.7,1769.95,0.30761,52.9032,803116.1,82.7575,2605.65,20.0,41.1772,3.191
8304.93,2652.78,0.31942,92.6295,1175445.4,108.997,3126.05,53.0,36.1349,13.625
15567.8,4983.39,0.3201,183.779,2091160.2,310.074,5853.52,106.0,24.1486,19.71
16422.7,5590.23,0.34039,154.036,2248596.8,235.378,5029.34,76.0,27.478,5.649
17538.8,5790.56,0.33015,176.807,2470155.2,258.88,4894.96,28.0,26.7471,5.79
5416.97,796.5,0.14703,49.3036,762492.25,61.9543,2687.71,4.0,42.2353,1.621
10182.8,4145.56,0.40711,91.4825,1419069.8,148.906,4996.73,82.0,36.8096,18.829
9040.72,3209.02,0.35495,76.1399,1258729.2,114.146,4402.77,25.0,35.9339,8.109
11858.3,2015.55,0.16996,147.469,1668258.1,159.089,4619.31,157.0,29.5929,1.666
9380.64,2194.21,0.2339,110.639,1299206.0,132.951,4172.28,58.0,34.121,1.668
9486.63,3554.95,0.37473,92.6562,1355003.0,128.649,3544.47,26.0,33.8636,14.425
8247.13,3717.73,0.45079,65.1588,1161080.8,127.865,2679.11,64.0,38.821,14.701
7062.75,2597.52,0.36777,50.5164,1035734.9,90.8709,3181.87,15.0,39.0712,14.325
9615.18,2342.28,0.2436,92.9448,1318362.2,138.962,4143.27,48.0,34.2729,6.166
5248.09,1034.22,0.19706,45.1423,763931.1,62.8563,2192.38,78.0,42.8356,0.689
3969.53,1226.1,0.30887,33.995,540091.7,50.064,1399.62,32.0,44.4197,11.418
5834.33,2056.09,0.35241,55.9595,804411.2,81.4572,2616.05,53.0,40.8938,7.915
9340.68,3569.55,0.38215,78.2225,1262441.9,140.866,4071.87,72.0,33.6269,14.16
8407.95,2381.09,0.28319,96.6407,1200509.0,113.99,3565.99,91.0,36.851,2.085
7013.31,2047.99,0.29201,70.2725,953209.5,113.628,3103.47,79.0,38.974,0.877
4703.06,1879.04,0.39953,33.5346,655612.2,66.3681,2297.2,40.0,43.0403,10.748
10165.3,2638.91,0.25959,129.076,1451375.9,151.461,4254.66,46.0,32.6009,2.65
6567.67,2291.56,0.34891,56.1751,896355.75,96.5347,3232.89,9.0,39.7599,6.525
5208.82,1160.54,0.2228,49.8345,745147.8,67.5148,2849.41,58.0,40.2901,1.668
12954.8,4462.7,0.34448,157.529,1805893.6,181.398,5198.34,37.0,27.7993,4.246
5778.56,1858.99,0.3217,35.9259,779395.3,79.9454,2533.38,22.0,42.6334,14.675
10152.4,2587.66,0.25488,96.4387,1391221.2,122.005,5089.08,40.0,31.621,9.116
13008.9,4330.08,0.33285,130.043,1863099.5,174.034,4743.88,141.0,30.2662,6.195
13017.7,3480.46,0.26736,155.559,1820339.9,230.156,4324.76,77.0,30.4784,1.555
5634.43,1148.41,0.20382,56.011,773784.0,74.7264,2693.17,18.0,40.2625,1.089
14759.0,3970.87,0.26904,210.623,2023737.8,261.069,5102.07,172.0,25.328,2.877
4721.73,1372.38,0.29065,43.6849,659437.2,64.9637,2160.11,26.0,42.9557,1.917
13577.6,3425.38,0.25228,192.786,1858492.0,209.847,4577.27,172.0,29.0576,1.668
6854.46,1744.84,0.25455,76.9314,939054.1,87.9047,2988.8,112.0,38.3012,12.624
7747.81,1828.78,0.23603,73.6734,1073275.6,87.9383,3376.0,67.0,37.6939,15.412
6261.66,1541.51,0.24618,52.0743,876908.94,74.6685,3066.6,9.0,39.6188,5.057
17632.3,6623.33,0.37563,188.882,2420526.0,285.336,6162.64,211.0,26.0264,15.166
16031.4,4800.38,0.29943,189.456,2136961.5,253.073,5415.95,191.0,24.8118,2.671
5896.28,1727.32,0.29295,41.3504,825838.2,71.0637,2790.81,51.0,37.6165,11.158
3757.1,725.68,0.19314,32.1393,538167.94,36.9342,1109.71,38.0,45.0473,20.44
7977.67,1904.22,0.23869,58.8249,1105123.0,101.2,3519.9,41.0,36.8534,8.783
7326.74,1604.71,0.21902,56.2081,1046544.7,76.4939,3265.35,27.0,39.1447,5.814
7205.32,2139.84,0.29698,79.6357,976986.5,111.238,3083.71,85.0,39.1285,1.486
7626.01,2198.16,0.28824,53.7062,1039610.44,99.6243,3362.67,28.0,38.0607,13.479
8924.23,2685.74,0.30094,82.7731,1258104.6,135.782,3807.64,4.0,34.0916,2.067
11841.8,3356.49,0.28344,142.009,1571154.2,190.243,4505.58,60.0,29.4432,4.636
5623.9,1748.99,0.31099,44.6587,727493.9,90.9327,2219.37,43.0,43.8566,13.612
7977.55,2081.36,0.2609,73.4712,1092699.0,105.39,3476.26,44.0,36.2645,9.182
9921.73,2831.49,0.28538,106.645,1401378.1,158.812,3951.16,40.0,33.455,1.728
17057.2,5922.61,0.34722,153.439,2363920.5,243.82,5789.1,137.0,20.1342,18.026
16951.1,3955.28,0.23333,181.77,2330875.2,227.954,5417.7,160.0,26.1555,19.515
6345.17,1437.89,0.22661,52.9868,891149.94,74.3375,3361.09,58.0,37.1564,1.584
6000.43,2684.22,0.44733,55.6496,854600.8,95.3532,2655.42,23.0,40.7996,5.474
11357.8,3334.54,0.29359,107.29,1619342.0,171.118,4476.74,53.0,34.2094,4.02
6312.2,2090.99,0.33126,57.861,874945.2,88.8614,2705.58,43.0,40.4513,2.228
9738.58,3720.54,0.38204,104.077,1402206.5,155.657,4283.85,79.0,27.222,17.531
7495.5,2329.12,0.31073,60.296,1069412.4,101.724,4069.24,53.0,38.8251,14.588
7131.17,1718.36,0.24096,56.4327,973793.56,93.4859,3208.27,33.0,37.8968,15.257
6033.32,1744.96,0.28922,55.3963,806312.8,92.1885,2699.2,51.0,37.5622,14.91
5954.86,2068.37,0.34734,74.2564,824498.25,88.5359,3047.71,31.0,40.1934,1.918
10090.1,3248.51,0.32195,98.1711,1378442.6,135.944,3823.72,20.0,34.6633,3.014
8819.04,2702.28,0.30641,91.7411,1237202.2,136.052,3712.56,23.0,35.7875,3.172
6876.34,1650.6,0.24004,83.2229,944997.4,111.814,3771.21,30.0,35.6755,1.623
7097.06,1712.61,0.24131,68.9451,944750.3,83.3518,3130.82,39.0,38.044,9.712
5712.29,1469.41,0.25723,32.4791,764516.56,80.5841,2997.57,68.0,40.3633,10.488
14230.4,4300.19,0.30218,156.057,1939120.8,213.098,5464.25,11.0,30.4193,6.723
7496.34,1796.89,0.2397,53.8322,1050258.6,93.3935,3528.44,24.0,37.2382,5.296
11245.6,3228.35,0.28707,131.116,1552645.6,149.721,4924.35,78.0,29.2023,3.435
7649.24,2021.13,0.26422,55.9637,1075592.6,79.7111,3398.11,29.0,38.1886,16.326
5952.65,2125.42,0.35705,71.5715,825978.1,89.9742,3048.0,35.0,40.1986,1.765
8493.93,3658.4,0.4307,80.7255,1202937.5,138.344,3407.53,41.0,37.1324,2.988
5113.9,1831.45,0.35813,36.816,715972.56,75.8518,1925.99,22.0,43.3572,12.96
5769.29,1634.94,0.28338,56.9748,769460.0,89.6317,2705.28,33.0,40.9975,4.505
19561.2,6470.3,0.33077,212.832,2684496.2,317.139,6171.69,227.0,21.2631,10.636
11002.9,3864.68,0.35124,99.1767,1534331.8,133.061,3982.5,50.0,35.0999,15.989
7447.78,2360.25,0.3169,72.1312,1037280.3,102.891,3227.65,30.0,37.9422,10.391
9220.5,2981.32,0.32333,68.0064,1356576.5,109.083,2919.02,71.0,38.6571,15.476
8524.79,2377.97,0.27894,74.6155,1143410.0,98.2582,3682.31,100.0,34.0432,14.513
6986.09,1515.62,0.21694,75.031,1007938.3,77.4739,2561.75,57.0,40.4618,14.851
9491.38,2743.14,0.28901,131.941,1349275.9,162.193,4314.69,45.0,32.6257,3.573
9483.98,2528.58,0.26661,91.2059,1324912.6,131.768,4168.36,110.0,33.2335,15.887
11859.7,3162.65,0.26667,149.541,1693637.5,178.959,4678.15,24.0,28.9805,1.736
12872.9,5512.71,0.42824,183.88,1694835.4,268.579,3895.07,156.0,32.4223,20.623
15401.6,4704.55,0.30545,213.766,2140349.5,245.429,5329.91,290.0,24.6542,1.885
5078.5,1922.42,0.37854,43.9892,724392.7,83.1232,2535.02,47.0,42.5985,10.782
3836.19,1447.79,0.3774,38.5201,519245.0,56.3902,1409.99,19.0,44.1132,2.167
21541.0,6389.26,0.2966,311.831,2965372.0,348.949,6346.78,92.0,17.3663,2.688
9494.25,3485.14,0.36707,91.9879,1367463.5,116.154,3757.24,50.0,35.3561,14.027
9749.7,3319.89,0.34051,94.7539,1350974.9,133.785,3486.36,49.0,32.2059,16.812
7392.56,1757.05,0.23767,63.6068,1007580.8,97.4895,3528.36,26.0,37.6265,1.622
15846.2,3166.34,0.19981,176.317,2251790.5,220.436,4986.27,83.0,26.6914,3.396
7060.4,2145.07,0.30381,70.5681,974841.2,96.9307,3110.09,25.0,38.4583,7.66
14488.8,3468.36,0.23938,176.998,2038926.8,216.873,5694.16,67.0,23.8612,1.568
14986.0,4532.93,0.30247,180.113,2120770.5,238.435,4465.26,32.0,29.5141,2.658
5654.58,2023.7,0.35788,45.2581,827913.4,80.8919,2584.68,45.0,42.8401,10.482
6698.51,1913.88,0.28571,58.3047,929584.4,92.2892,3082.96,60.0,39.4623,5.297
8436.05,2138.14,0.25345,98.3222,1164338.1,101.958,3444.38,46.0,35.6652,11.413
7782.44,2310.92,0.29694,80.3229,1037589.9,121.279,3276.01,22.0,37.5311,17.094
13707.3,2907.59,0.21211,163.941,1856184.9,201.567,4840.32,97.0,28.0062,2.476
15565.8,5061.95,0.32519,177.804,2149380.8,256.649,5397.51,163.0,24.1134,2.604
6976.29,1888.25,0.27066,69.865,960253.3,96.5846,2883.9,21.0,46.5464,8.341
6291.45,1396.61,0.22198,54.9148,868703.7,84.1784,2843.14,17.0,40.1061,1.255
14515.2,4452.34,0.30673,151.49,2017106.5,224.853,5256.7,193.0,27.0557,1.222
7715.48,2788.02,0.36135,83.0101,1059965.5,117.625,3866.12,55.0,36.0542,14.586
7885.09,2494.73,0.31638,65.6851,1063255.0,101.366,3640.55,46.0,36.4585,15.165
4289.77,782.41,0.18238,36.9484,573599.6,58.9062,2605.24,12.0,43.4804,9.209
17233.5,5599.64,0.32492,173.304,2465899.5,264.362,5343.22,175.0,26.2006,20.158
14225.1,3994.71,0.28082,162.829,1955564.4,241.916,4816.37,35.0,28.0555,3.129
7239.83,1787.68,0.24692,55.422,993288.3,86.0537,2778.16,31.0,39.951,13.949
5701.75,816.12,0.14313,56.5951,778681.75,61.938,2323.81,17.0,40.8209,14.149
6687.29,1991.92,0.29786,64.1596,921849.75,70.8677,3267.31,41.0,38.3971,10.483
12239.9,3499.32,0.28589,161.673,1715118.8,222.062,4750.15,77.0,22.9182,3.457
6988.72,1755.13,0.25113,59.0199,930437.2,90.8245,3407.57,60.0,38.272,15.775
15276.2,6094.42,0.39894,187.678,2044488.0,285.614,5703.18,79.0,27.596,4.956
9229.9,1976.71,0.21416,98.9041,1278984.6,131.259,3681.86,20.0,33.8601,2.002
5468.41,1669.75,0.30534,54.8949,753955.1,73.1558,3095.3,18.0,40.0044,8.362
13104.7,3740.1,0.2854,155.565,1814541.8,190.47,4009.32,156.0,32.0878,20.845
8217.11,2414.99,0.29389,82.6557,1161480.1,124.913,3673.69,16.0,34.6603,2.096
9497.67,3213.3,0.33832,89.6832,1354034.9,130.662,3569.26,10.0,35.4511,3.029
6943.57,3115.28,0.44865,81.9431,949130.9,125.125,3863.52,84.0,35.8895,17.503
5311.7,1166.33,0.21957,51.1397,739550.44,66.6829,3111.46,60.0,39.9728,1.823
14845.7,5196.15,0.35001,153.277,2096187.9,198.387,4988.99,95.0,28.8068,15.988
9441.75,2560.08,0.27114,113.44,1342154.0,161.213,3758.11,26.0,34.3038,2.917
4247.65,1479.76,0.34837,34.6515,590620.5,59.9271,1873.33,50.0,44.1004,12.015
9320.36,2779.64,0.29823,89.8136,1297387.8,121.828,3601.02,57.0,33.53,9.192
7382.47,1578.44,0.2138,83.1477,1007311.75,89.0515,3246.79,43.0,38.921,11.857
16034.7,4038.16,0.25183,219.723,2277838.0,279.536,5585.34,126.0,21.9574,2.379
10004.0,2082.41,0.20815,94.6851,1370587.2,130.063,4427.15,48.0,32.7031,2.303
12889.4,3941.38,0.30578,133.566,1797446.0,167.51,4714.55,77.0,29.8781,20.42
9278.14,3068.42,0.33071,79.6423,1295147.1,123.186,3922.5,73.0,34.6391,13.002
8042.46,2703.91,0.3362,54.4871,1111174.5,108.986,4194.55,62.0,35.0156,19.86
5876.17,1910.75,0.32516,54.8898,812113.0,79.4903,3122.03,10.0,39.3627,8.505
9236.76,2757.31,0.29851,89.2188,1317480.6,131.157,3982.2,5.0,36.1715,2.058
4910.44,952.84,0.19404,40.6678,679027.1,55.7219,2541.87,47.0,42.691,13.702
10580.5,2826.53,0.26714,142.223,1423261.6,170.623,4380.34,68.0,30.8525,2.64
7379.32,2515.87,0.34093,76.2432,1022914.8,104.187,3748.72,27.0,36.1927,2.089
9635.91,3212.28,0.33336,96.7172,1339902.6,139.426,3618.89,13.0,35.324,2.469
10584.2,3030.3,0.2863,113.892,1456639.4,144.612,4552.89,79.0,30.0011,18.898
23438.1,6979.22,0.29777,312.328,3238836.8,346.046,6335.77,82.0,17.6263,3.442
11103.4,3177.29,0.28615,138.397,1481692.4,161.684,4539.29,69.0,30.6013,3.192
12845.3,4355.69,0.33908,151.526,1796814.4,163.541,5132.0,30.0,27.4188,3.819
6898.59,1740.99,0.25236,65.0289,967917.8,87.9018,3627.31,23.0,37.6709,2.321
8629.88,2495.53,0.28917,66.1795,1188145.5,109.389,3850.56,57.0,36.2333,12.445
5656.3,1273.3,0.22511,52.5704,795561.4,65.5354,3169.66,55.0,39.5279,2.337
4727.39,806.84,0.17067,44.8019,629621.5,65.6135,2346.72,72.0,37.2246,12.748
8010.57,2056.05,0.25666,84.519,1102084.2,112.631,3100.55,21.0,38.029,0.644
6943.49,1263.08,0.1819,73.3465,932401.75,98.1917,3212.68,28.0,38.2709,18.757
17900.4,3796.55,0.21209,211.278,2422806.8,294.766,5570.67,188.0,22.8681,3.201
9117.91,3428.44,0.37601,91.8674,1260285.0,133.225,3858.84,70.0,34.3249,15.902
7609.36,2163.86,0.28436,71.3277,1031780.25,102.288,3375.77,74.0,37.1291,3.891
16789.2,4461.58,0.26574,182.787,2318024.0,217.761,4126.64,126.0,31.7237,2.572
7716.9,2201.28,0.28525,64.2039,1060178.0,103.189,3849.84,33.0,36.1991,11.78
3622.05,959.51,0.2649,35.3647,511052.16,43.6535,1788.7,12.0,44.5204,1.144
18308.2,6752.24,0.3688,127.885,2649837.5,279.829,13743.8,90.0,29.5034,15.938
9427.13,2617.05,0.2776,108.841,1267569.5,149.606,4092.74,46.0,33.6152,1.926
11405.8,1868.62,0.16383,149.985,1596250.2,170.545,4577.8,144.0,28.9177,2.561
8932.89,2586.56,0.28955,73.7919,1236392.4,108.566,3626.31,53.0,37.3342,8.78
8386.31,2237.14,0.26676,91.296,1186975.2,103.463,3745.9,44.0,35.9504,2.056
11525.2,2431.91,0.211,146.028,1623973.9,184.903,4540.22,49.0,30.4605,0.956
12560.1,4018.71,0.31995,133.563,1825226.1,172.863,4765.18,61.0,28.6661,17.485
7787.21,2379.84,0.3056,71.858,1050201.4,110.784,3657.07,58.0,37.1975,2.929
19109.1,7237.9,0.37876,201.998,2643906.5,322.042,5938.54,168.0,22.603,16.066
9307.78,3302.36,0.35479,131.136,1223444.8,180.599,4420.39,173.0,46.5464,2.702
9230.66,2308.94,0.25013,131.828,1224777.4,143.972,3777.96,96.0,33.8388,3.044
9073.78,2146.79,0.23659,84.74,1274759.9,110.935,4706.13,27.0,32.9773,1.807
6965.94,2430.41,0.34889,47.7784,950064.4,99.0562,2589.82,2.0,42.4567,0.0
4838.68,1270.27,0.26252,30.0661,694577.5,56.0416,2196.8,45.0,43.7876,6.599
6509.93,1660.95,0.25514,54.4757,911552.5,76.3365,3393.81,55.0,39.0239,2.284
9845.68,2656.35,0.26979,111.836,1373393.0,161.535,4154.69,51.0,34.0096,3.71
9543.74,2107.7,0.22084,114.514,1325456.0,129.626,4267.78,58.0,34.1068,1.956
14541.9,4123.6,0.28356,142.802,2037725.5,189.6,4807.26,70.0,28.5188,2.746
9852.62,3379.31,0.34298,91.1937,1401074.5,142.897,3617.46,12.0,35.227,3.293
6918.02,2195.03,0.31729,64.9868,966214.06,96.9897,3630.63,32.0,37.0818,2.157
10518.2,2710.62,0.2577,110.633,1481084.6,157.72,4362.36,42.0,33.5038,3.176
15790.7,4850.97,0.3072,150.784,2149158.8,231.588,5234.37,35.0,27.0089,4.697
6263.78,2082.76,0.3325,41.8777,872116.94,82.3806,3084.92,46.0,41.7795,11.837
16649.8,3617.37,0.21726,204.408,2303388.0,238.389,5295.8,171.0,24.715,3.218
9444.17,3398.59,0.35986,81.1268,1349731.8,138.844,4178.97,17.0,34.6585,3.866
3303.31,1250.39,0.37852,24.8616,444547.38,45.3394,1407.15,23.0,45.1789,5.472
10723.2,3354.42,0.31281,105.864,1492697.9,169.846,4225.09,130.0,33.0283,20.217
17507.3,5104.79,0.29158,224.469,2427592.2,281.121,5785.31,201.0,21.6859,2.563
5677.22,1467.59,0.2585,55.1484,776986.06,67.8141,2436.58,25.0,40.7587,13.145
5955.81,2017.05,0.33866,63.6694,793840.0,89.6477,2795.33,32.0,40.3834,4.561
15011.8,4857.59,0.32358,133.937,2151207.2,173.787,5889.1,80.0,24.1224,19.892
7115.3,2193.89,0.30833,58.2815,966062.0,98.4137,2660.51,15.0,39.8046,11.473
11117.7,4307.91,0.38748,109.615,1513813.6,159.045,4403.39,59.0,33.4013,5.72
7351.11,2373.55,0.32288,66.1919,1023259.2,106.596,3166.72,38.0,37.1785,15.879
4475.16,1451.72,0.32439,33.5853,625802.25,57.0182,2062.93,49.0,44.005,7.765
5258.51,1349.37,0.2566,39.8785,725664.1,61.3337,1848.09,40.0,43.8282,7.876
8647.05,2600.18,0.3007,93.0759,1221221.6,122.994,3562.84,87.0,36.7727,2.156
12189.1,4011.52,0.3291,108.481,1685325.8,163.226,4863.15,60.0,30.1407,18.796
7280.72,1776.16,0.24395,72.5792,1009754.94,90.4179,3173.9,40.0,36.0444,11.526
12535.0,3363.41,0.26832,150.489,1780066.8,165.823,4768.48,33.0,29.0634,2.287
8190.18,2775.0,0.33882,74.1989,1118822.8,110.275,3587.18,89.0,37.1336,8.879
3977.54,1063.06,0.26726,36.4462,566458.7,46.6855,1779.59,12.0,44.3202,1.973
11969.8,4869.3,0.40679,98.8399,1709947.0,169.967,4159.93,69.0,33.2994,14.785
4096.54,1279.01,0.31221,31.9972,583706.44,44.8851,1250.29,48.0,45.0146,16.164
8560.75,3077.66,0.3595,88.5939,1228261.0,138.63,3431.77,53.0,37.0003,9.058
6709.61,1607.12,0.23952,70.2739,889814.9,94.7046,3468.43,82.0,37.7936,1.354
11937.3,4531.16,0.37957,132.59,1716041.1,174.766,4585.36,152.0,29.6958,19.818
13475.4,4814.93,0.35731,168.55,1877843.5,227.605,4644.75,99.0,29.7563,7.19
15437.9,3199.04,0.20721,160.311,2114423.5,183.033,5049.89,121.0,26.6712,5.974
5776.58,1650.69,0.28575,38.8613,790742.25,97.6315,3180.48,25.0,42.508,11.709
8774.8,3371.69,0.38424,82.737,1176535.1,139.392,3901.29,47.0,35.9282,14.63
10589.0,3232.61,0.30528,86.0674,1498293.5,126.024,5936.56,15.0,35.7249,2.725
9018.38,2971.18,0.32945,81.0263,1302139.1,126.424,3524.7,24.0,37.1114,4.69
10536.1,2468.96,0.23433,105.694,1485382.8,150.191,4435.38,71.0,33.1865,3.894
12449.2,3818.64,0.30673,130.286,1735610.8,161.239,4990.91,154.0,29.242,16.083
5850.03,1561.78,0.26696,52.3648,806940.8,80.6402,2605.86,9.0,40.6062,2.938
19465.2,6945.81,0.35683,161.775,2773858.5,310.842,11890.29,74.0,29.4709,6.265
17333.1,5117.68,0.29525,218.458,2409204.8,293.208,5696.06,202.0,22.0792,2.084
5292.77,1173.86,0.22178,51.8935,703221.06,81.4148,3393.16,19.0,40.1861,1.969
7678.51,1848.9,0.24078,66.3659,1014921.5,94.4415,3432.94,21.0,37.6312,9.187
6213.28,1696.75,0.27308,56.2727,895443.75,79.5531,3240.6,51.0,40.0171,10.864
9769.83,4307.0,0.44084,99.1007,1391235.4,144.314,3702.96,25.0,32.982,18.512
13707.4,4167.78,0.30405,134.595,1859206.8,181.959,5115.5,106.0,30.7958,2.496
8974.85,3042.33,0.33898,81.5477,1247907.5,117.935,4242.56,24.0,36.5878,11.863
10281.0,5367.75,0.5221,89.5286,1273123.2,199.835,2680.21,96.0,39.1805,10.774
4401.27,1708.12,0.38809,25.4148,607318.5,59.1508,2175.47,3.0,43.8272,14.28
8776.96,2729.52,0.31098,92.2712,1241082.6,120.471,3943.11,93.0,33.351,7.667
18017.4,5759.33,0.31965,189.022,2518208.8,264.221,5330.7,43.0,24.819,8.005
11451.4,3956.38,0.34549,66.6363,1535619.9,185.837,5106.38,53.0,32.9871,20.705
9747.62,1899.19,0.19483,102.757,1385631.4,131.909,4257.06,42.0,33.6311,0.933
8722.48,2014.83,0.23099,91.5544,1205830.8,97.8821,3677.74,34.0,36.9832,9.176
7459.93,3204.24,0.42952,81.56,1051047.6,118.604,3300.99,45.0,37.4841,2.878
12566.8,3384.48,0.26931,151.837,1784932.2,166.483,4767.64,33.0,28.7144,2.286
8651.57,3004.45,0.34727,64.1022,1132139.9,129.888,3748.5,77.0,37.8997,16.975
14618.6,3455.1,0.23634,210.8,2007647.6,257.635,5101.77,162.0,24.1358,2.834
11281.1,3868.83,0.34294,100.143,1574393.1,159.31,4750.48,81.0,32.0267,16.84
12139.6,3171.64,0.26126,146.41,1692752.6,206.999,4842.6,55.0,28.4423,2.21
21294.2,8546.85,0.40136,239.774,2852053.2,318.646,6469.87,137.0,25.8602,2.143
5617.97,1596.66,0.2842,72.8765,751073.56,117.973,3196.38,50.0,39.4137,8.755
5951.18,1072.75,0.18025,52.5518,824301.8,67.6442,3039.67,20.0,40.8141,4.61
7515.54,2023.69,0.26926,86.6679,1048288.1,125.418,3146.77,5.0,37.3368,0.925
9503.16,3332.64,0.35068,94.7782,1312316.5,123.775,3363.35,70.0,35.9913,15.464
13578.9,5496.39,0.40477,122.951,1900605.0,232.286,4331.03,80.0,30.6912,17.24
7617.28,1919.8,0.25203,62.977,1011981.06,90.336,3671.72,24.0,36.9759,5.866
12490.5,3724.79,0.2982,152.152,1756998.4,222.819,4627.51,89.0,29.6725,4.146
7452.61,1885.04,0.25293,63.8227,1002566.8,89.437,3670.31,23.0,38.0223,13.752
12406.4,4760.36,0.3837,144.998,1732762.2,238.616,4673.3,52.0,29.2586,5.986
6826.59,2253.55,0.33011,63.6192,920745.2,101.29,3137.77,18.0,39.8857,1.484
19955.0,5764.04,0.28885,172.921,2859462.5,249.402,6288.21,55.0,23.8356,18.098
15134.0,5470.33,0.36145,180.699,2120009.5,240.461,5387.11,211.0,27.5919,2.157
14945.2,4279.9,0.28637,167.606,2051833.8,244.922,4647.67,147.0,29.3335,6.085
8317.08,2217.99,0.26667,78.7085,1092211.6,103.407,3185.51,75.0,38.3466,5.39
10346.7,1628.59,0.1574,131.476,1442958.1,158.473,4602.96,144.0,30.3283,1.763
10874.4,3832.28,0.35241,98.9705,1514365.2,167.045,5214.85,51.0,32.6706,1.827
9029.85,2723.71,0.30163,80.0291,1258044.6,118.59,4283.33,62.0,34.2562,1.956
11726.3,2818.55,0.24036,142.74,1627545.6,189.779,4049.02,69.0,31.8643,2.048
9947.75,3074.03,0.30901,101.872,1362100.4,140.569,3678.36,126.0,34.6218,1.773
4226.66,1316.98,0.31158,35.54,577902.75,53.1854,1400.29,31.0,44.3545,11.792
7454.64,2736.8,0.36712,71.8245,1048430.25,99.9672,3746.69,32.0,38.7151,17.079
4281.39,893.89,0.20878,42.5086,584381.06,68.2177,2586.11,12.0,43.0544,2.238
9131.48,2811.91,0.30793,92.1178,1285732.6,138.759,3856.01,27.0,35.083,3.014
12488.6,4500.17,0.36034,99.3193,1756863.9,186.163,5725.09,153.0,34.3985,18.669
5794.99,1771.97,0.30577,37.6207,795941.0,75.5434,2694.36,5.0,41.1624,14.85
8385.56,3040.36,0.36257,80.4505,1151863.4,127.314,3854.23,32.0,35.4738,7.575
8672.13,3109.66,0.35858,95.5233,1180041.1,141.333,3803.4,55.0,36.1631,18.664
10664.4,4596.37,0.431,82.9963,1504697.0,165.668,3447.65,39.0,35.7535,18.272
12618.6,3124.32,0.24759,192.207,1722019.0,200.358,4567.2,175.0,28.8358,1.864
7246.31,2320.56,0.32024,64.113,1027207.94,88.8338,4094.83,51.0,39.9934,16.848
8236.81,2436.26,0.29577,95.3715,1114334.6,131.38,3971.9,39.0,35.1941,4.616
5927.24,1914.58,0.32301,51.49,830200.06,82.0637,2540.4,45.0,41.4087,11.504
14158.6,6443.61,0.4551,179.234,1860534.9,268.669,4136.02,88.0,31.2561,18.291
16555.1,5041.07,0.3045,194.332,2217917.8,260.089,5281.26,184.0,25.1116,2.91
11627.3,4392.66,0.37778,141.863,1519825.9,197.758,4639.78,189.0,31.5716,3.877
6852.3,2395.32,0.34956,62.4096,921176.5,100.448,3080.09,52.0,40.3979,1.933
13667.9,3069.98,0.22461,174.95,1935575.0,221.345,4809.83,86.0,27.5826,3.981
11583.6,2924.67,0.25248,118.77,1610789.2,148.652,4060.07,139.0,33.3601,15.593
8133.0,3443.44,0.42339,65.4221,1183572.1,117.073,3445.03,43.0,37.8797,10.797
7732.0,2033.85,0.26304,79.6994,1027638.9,101.366,3571.55,90.0,36.3961,16.153
14588.1,4673.09,0.32033,197.752,2061171.5,237.528,5215.66,137.0,25.0752,2.489
9819.46,2677.1,0.27263,102.594,1343786.2,163.273,4152.09,70.0,33.1106,0.658
7783.34,1498.88,0.19257,71.4064,1094783.8,98.3168,3794.35,10.0,34.5285,1.512
7319.95,1099.38,0.15018,67.3972,1021437.3,92.3974,3443.73,86.0,37.5226,16.597
6726.48,1758.05,0.26136,64.3372,923636.3,89.2541,3083.52,52.0,39.5346,1.851
19192.6,6312.87,0.32892,197.175,2596786.0,265.211,6574.06,188.0,20.5079,18.892
8540.72,2752.91,0.32232,73.7856,1182749.2,118.442,3206.94,103.0,36.4315,11.761
9113.94,3347.89,0.36733,87.7574,1214933.0,140.385,3647.5,50.0,35.828,0.957
8233.23,1483.95,0.18023,77.8319,1166483.5,109.104,3931.66,91.0,35.4616,2.757
5224.38,1013.58,0.194,45.8792,735629.6,61.6058,2796.72,16.0,40.7446,1.921
7368.97,2298.65,0.31193,83.3489,988125.44,127.309,3348.38,26.0,34.4351,14.904
4813.16,1007.35,0.20929,46.6613,686311.8,57.9128,2184.35,80.0,42.8044,0.75
10559.7,3927.37,0.37192,66.7113,1501943.4,151.464,4970.38,15.0,34.5704,12.959
8228.41,1904.36,0.23143,71.3929,1149071.4,97.9325,3316.81,17.0,35.6617,10.032
8392.08,2096.69,0.24984,74.6349,1161404.0,97.6373,4029.44,19.0,34.2528,1.996
6707.34,1901.69,0.28352,57.4265,944738.2,89.4525,3166.71,30.0,38.42,13.688
7677.63,2198.58,0.28636,65.0041,1062210.8,99.9468,3403.56,41.0,37.435,10.534
11106.4,2964.83,0.26694,133.525,1529577.4,168.349,4424.15,93.0,31.6812,2.065
12655.4,4357.74,0.34433,110.615,1829891.5,162.653,4751.64,107.0,32.8419,20.044
17041.6,5687.69,0.33375,197.843,2433575.0,283.935,5336.68,137.0,24.4144,9.084
11072.7,3367.67,0.30414,101.011,1532094.8,153.267,4336.41,24.0,33.3796,5.287
8614.63,2765.29,0.32099,99.5435,1169355.0,108.818,4152.32,14.0,34.3526,7.066
5780.2,1451.9,0.25118,65.5691,726724.2,81.0119,3099.78,17.0,40.1506,2.38
5494.3,1625.49,0.29585,45.0351,760868.8,60.8914,1954.2,23.0,43.4404,6.512
9855.62,3113.14,0.31587,102.935,1335340.0,143.339,3708.37,23.0,36.7884,4.041
7961.29,2224.12,0.27936,83.6478,1087654.6,116.831,3202.96,80.0,38.7743,1.702
6468.92,1765.58,0.27293,60.5383,896111.4,83.5685,2665.95,10.0,40.0517,13.358
7534.67,2489.31,0.33038,78.0785,1050736.8,100.182,3826.18,35.0,36.1733,2.398
8890.12,2607.86,0.29334,76.6423,1243654.0,112.291,4034.13,61.0,34.0285,5.441
14091.7,5918.16,0.41997,186.648,1884695.8,275.939,5093.18,161.0,28.3736,18.43
8910.79,2603.64,0.29218,99.4803,1211588.0,140.465,3453.83,125.0,28.7873,1.504
21044.0,7816.37,0.37142,166.364,2894346.5,334.354,11926.37,82.0,29.0805,8.669
6206.92,2727.43,0.43941,55.0218,865494.0,87.1944,2912.16,47.0,39.5116,11.19
7235.18,1625.52,0.22466,62.8764,966341.1,93.338,3310.59,39.0,38.9118,10.058
11674.4,4194.69,0.3593,148.954,1577937.9,225.179,4114.93,125.0,31.5843,18.473
7303.07,2048.96,0.28056,52.9901,1009788.9,94.9938,3763.07,38.0,37.7859,10.03
8002.24,2198.46,0.27473,78.5607,1093242.2,120.727,3211.52,82.0,38.7105,1.676
5887.02,1016.23,0.17262,55.4912,782311.06,71.2523,2677.99,40.0,40.7072,17.362
9053.87,2321.34,0.25639,99.4895,1217490.2,127.83,3626.94,19.0,36.2376,1.659
8072.05,2004.83,0.24836,84.9219,1122504.9,108.583,3927.86,45.0,36.0794,1.64
4320.79,2141.68,0.49566,58.5773,557677.1,120.147,1606.64,113.0,43.8994,14.24
16150.4,6309.07,0.39064,194.92,2251582.8,250.169,5496.2,126.0,25.4478,18.84
14982.8,3750.16,0.25029,187.983,2116549.2,211.132,5704.06,64.0,22.9061,1.296
7529.54,2555.4,0.33938,54.2935,1053167.4,108.157,2951.05,7.0,41.5833,13.576
7437.78,2788.2,0.37486,59.0093,996711.25,113.934,3749.64,84.0,40.9481,17.165
14500.7,4149.06,0.28612,188.928,2009304.1,224.308,5591.38,141.0,22.8253,1.101
11008.6,3078.2,0.27961,126.939,1549570.6,173.491,4233.62,54.0,32.5097,1.414
9879.29,2947.01,0.2983,100.919,1351086.5,148.906,4086.31,117.0,33.0008,4.591
4799.98,1064.87,0.22184,43.6176,672636.4,65.4072,2705.04,13.0,40.7808,3.658
13475.4,4950.53,0.36737,141.34,1851485.8,206.781,4555.78,111.0,30.6031,9.985
14005.2,4170.02,0.29774,153.252,1914928.2,207.787,5337.43,10.0,30.7331,5.531
8568.84,2997.39,0.3498,63.7597,1164490.4,123.17,3823.51,49.0,35.95,13.082
12509.0,3150.04,0.25182,97.3712,1747572.2,135.21,4464.29,46.0,31.6479,15.918
9635.98,2770.3,0.28749,72.4483,1355382.1,119.771,3699.25,55.0,37.7071,18.2
9771.81,2522.82,0.25817,110.872,1350221.9,137.596,4378.91,53.0,34.1271,3.625
17629.8,4337.37,0.24602,171.89,2547278.2,206.916,4735.64,121.0,28.457,14.142
8888.04,2424.05,0.27273,85.183,1206606.6,118.512,3834.28,31.0,34.9522,2.066
6862.44,1448.13,0.21102,56.6265,895736.3,78.8686,3149.7,42.0,38.1107,15.705
18481.5,5952.97,0.3221,261.179,2505697.8,327.159,5738.62,331.0,21.0974,2.659
15489.8,5432.76,0.35073,184.414,2152730.5,253.764,4592.46,37.0,25.1283,1.557
5356.78,862.88,0.16108,51.8973,737020.2,56.0803,2993.99,25.0,39.7161,3.928
9784.78,2765.66,0.28264,101.879,1361347.4,146.895,4335.41,102.0,32.0138,14.956
4207.92,1332.17,0.31658,34.7781,578000.94,51.8128,1394.49,32.0,44.4306,11.433
7552.68,2096.41,0.27757,65.5123,1036673.8,108.506,3589.85,27.0,35.9483,1.629
13804.1,4532.7,0.32835,166.93,1989687.8,254.369,4931.43,81.0,26.8914,3.951
7049.21,2233.63,0.31686,52.6495,988428.4,106.121,3264.68,1.0,40.3723,13.044
14091.3,5598.01,0.39726,131.506,2007385.1,190.298,5281.87,136.0,27.3675,18.5
8559.28,2603.96,0.30422,55.5903,1163334.5,117.12,4016.91,23.0,35.7693,16.597
4628.14,1599.5,0.3456,32.8091,623664.56,65.2844,1422.47,29.0,44.339,11.268
8977.87,2352.72,0.26205,98.5001,1246989.4,119.244,4543.02,133.0,33.6701,14.518
9018.74,2626.66,0.29124,96.2533,1273800.2,137.722,3660.96,83.0,34.7518,18.957
9778.05,2941.17,0.30079,101.453,1342956.4,159.29,4165.98,69.0,33.2019,0.85
6416.29,1542.37,0.24038,59.8776,914459.4,77.9701,3219.01,35.0,40.0769,14.311
5748.12,2009.37,0.34956,48.4646,798572.44,97.4278,2382.46,84.0,41.8764,11.813
4205.7,1337.56,0.31803,37.2903,607023.7,51.7708,1894.83,14.0,43.7228,2.404
13906.6,3730.79,0.26827,191.78,1948310.9,208.502,5681.87,57.0,23.0383,1.37
15837.0,3079.87,0.19447,206.244,2175602.5,242.716,5172.46,158.0,24.9971,2.74
5957.86,1686.68,0.2831,63.9308,819393.44,72.2799,3125.14,26.0,38.9197,2.956
7862.52,2317.24,0.29471,69.3464,1057912.1,107.096,4485.42,66.0,33.8283,16.601
8569.51,2095.52,0.24453,85.6867,1215084.0,118.469,3889.37,73.0,34.4689,5.233
4436.34,1256.18,0.28315,39.6884,608964.6,61.4119,1454.56,9.0,44.2993,6.308
7248.21,1954.77,0.26969,82.2257,968862.7,120.566,3454.84,40.0,36.8157,2.026
5124.68,1993.98,0.38909,36.0571,724467.4,70.9098,2135.64,18.0,43.2911,13.04
5660.99,2265.97,0.40027,47.4437,814422.9,79.6901,2736.08,43.0,41.8444,12.215
8310.24,2829.77,0.34051,57.7894,1185580.6,108.349,3706.49,43.0,38.4216,5.557
11687.1,3675.4,0.31448,131.716,1651963.6,230.802,4668.24,151.0,31.1713,19.62
10899.7,3805.51,0.34913,134.06,1519824.6,182.038,4286.69,55.0,32.3955,1.639
6812.3,2314.03,0.33968,53.7101,956841.3,100.468,2902.25,32.0,39.388,14.052
17554.1,5646.19,0.32164,229.628,2447697.5,293.052,5727.13,199.0,21.8953,2.14
23397.1,5581.73,0.23856,316.78,3232492.2,406.848,6224.04,163.0,19.4262,0.974
5207.26,1584.45,0.30427,45.8825,718514.1,65.4175,1935.67,21.0,43.5189,2.108
5889.13,1410.02,0.23942,67.6706,805432.1,78.6082,3290.19,45.0,38.6743,5.023
9187.14,2848.16,0.31001,86.1419,1231157.6,145.224,4043.83,34.0,34.8849,1.787
6520.13,1345.98,0.20643,48.9001,940870.7,72.1401,2418.3,73.0,42.0832,3.943
9181.06,3343.28,0.36414,89.1905,1223677.8,140.489,3783.87,55.0,35.9708,1.441
15437.9,5936.43,0.38453,184.715,2143910.2,255.682,4382.36,54.0,26.259,3.288
13178.9,4526.18,0.34344,132.412,1837431.8,181.629,4387.34,44.0,31.1643,6.384
7918.46,2462.13,0.31093,67.1615,1105159.6,104.144,3279.6,65.0,35.9615,16.348
16529.9,7117.54,0.43058,175.573,2308524.5,267.592,5149.56,116.0,27.3836,17.829
5633.85,1740.74,0.30897,51.1379,722080.2,90.6867,2792.62,54.0,40.7832,16.53
11315.7,4089.4,0.36139,130.309,1587009.5,193.125,4433.67,82.0,32.2119,6.229
7172.24,2387.91,0.33293,79.1104,977725.7,103.112,3271.29,94.0,32.5277,10.462
23035.1,6506.94,0.28247,295.321,3160692.0,379.577,6316.01,93.0,17.7421,3.277
5876.46,1261.76,0.21471,62.202,798689.2,82.055,2976.34,28.0,38.2382,3.297
11693.8,3950.78,0.33785,127.475,1660446.8,174.519,4973.15,141.0,25.2243,15.054
6708.63,1965.73,0.29301,56.623,907576.7,95.3366,3246.19,37.0,37.0177,15.936
10881.3,3994.22,0.36707,137.706,1455273.0,203.84,3986.72,131.0,33.0769,18.16
18205.1,6320.87,0.3472,167.177,2549308.0,281.846,7383.45,181.0,24.9849,15.82
8493.91,2645.01,0.3114,61.0815,1172744.6,106.665,3528.41,52.0,35.8412,19.262
7411.7,2170.14,0.29279,66.0647,930536.8,111.398,3137.68,33.0,39.4062,3.113
6963.13,3047.37,0.43764,56.2356,1003958.1,104.336,2985.0,62.0,39.9878,15.391
6653.3,1827.32,0.27464,53.4037,874389.94,83.9578,2956.02,55.0,38.6541,14.937
17222.2,5773.81,0.33525,190.935,2345874.2,284.308,6117.26,198.0,23.0282,2.728
5341.21,1507.92,0.28231,47.8001,764482.06,69.6372,2297.75,51.0,42.6184,12.114
9580.52,3446.84,0.35977,84.2779,1302261.5,133.231,4487.61,39.0,32.9018,16.31
6181.41,1468.61,0.23758,56.7308,848112.75,79.4366,2765.16,30.0,40.3172,2.748
5222.18,2127.94,0.40748,35.4165,740293.06,69.8252,2586.57,39.0,42.7498,2.364
5986.26,2116.27,0.35352,56.6217,827753.4,79.6633,2609.7,31.0,41.0765,13.095
7035.35,3034.16,0.43127,84.3236,865811.94,134.016,2153.86,127.0,40.9802,6.047
10563.9,3334.36,0.31563,98.307,1464452.2,139.11,3888.3,23.0,34.3692,3.522
5078.62,1759.17,0.34638,43.7723,708844.8,58.5043,3150.14,74.0,41.1957,13.209
15536.8,5684.67,0.36588,191.423,2214351.0,274.458,5111.11,111.0,28.3579,4.005
6141.58,2151.32,0.35028,58.7769,866826.94,86.2522,2625.9,48.0,40.8553,2.239
5667.6,1749.41,0.30866,44.1651,788704.1,73.9875,2221.37,3.0,42.066,13.668
9809.01,3567.0,0.36364,67.5887,1429552.2,126.652,3085.66,59.0,38.6296,11.829
12972.3,4783.96,0.36878,103.984,1821692.1,187.493,4914.85,111.0,35.6459,17.674
14539.2,3583.57,0.24647,199.153,2008673.5,250.206,5039.25,150.0,25.3118,2.561
13711.1,3935.25,0.28701,179.547,1990202.5,250.742,4842.63,90.0,19.1507,3.283
15433.1,4940.6,0.32013,154.824,2175035.8,240.428,5122.42,126.0,27.7036,19.443
10465.4,3698.2,0.35337,60.9841,1471482.2,151.293,3554.48,28.0,34.9895,17.569
9192.67,3553.48,0.38655,72.524,1261506.5,144.482,4157.21,24.0,33.7181,16.632
8570.38,2625.33,0.30632,75.131,1175422.1,109.475,3335.97,14.0,37.4719,7.244
14047.3,4211.82,0.29983,181.365,1984348.4,234.904,4399.5,20.0,30.2572,3.049
12097.4,3346.61,0.27663,158.855,1704381.9,198.069,4557.65,72.0,30.1305,3.701
15435.1,5955.27,0.38582,118.649,2092702.5,263.316,4447.0,142.0,29.7035,5.557
12166.2,4318.56,0.35496,152.377,1703619.1,192.35,4926.28,64.0,29.7802,19.128
8384.78,2317.88,0.27643,59.1172,1159021.0,111.075,3737.89,53.0,36.4884,10.542
12584.5,3426.57,0.27228,153.784,1755524.4,213.738,4822.98,56.0,28.465,2.675
6906.61,2101.38,0.30425,69.3129,965120.9,90.2285,3123.2,60.0,39.2035,11.453
9470.42,3105.09,0.32787,108.163,1313176.5,158.542,3972.14,86.0,33.0337,15.747
5454.69,1653.26,0.30308,48.4776,772641.94,62.9663,2052.17,11.0,42.1555,6.922
4790.82,1706.45,0.35619,36.5865,681065.94,57.9765,2483.27,19.0,43.5863,11.996
5654.34,1681.08,0.2973,55.772,754178.5,88.8938,2643.6,29.0,41.1886,4.348
14083.9,3835.78,0.27235,127.841,1963190.4,188.488,4695.42,77.0,29.2313,3.668
6024.62,1298.16,0.21547,70.9681,840187.1,76.4868,2769.82,78.0,39.6353,8.331
10371.7,3599.45,0.34704,89.7238,1468697.1,149.279,3799.87,81.0,36.6075,9.169
8636.45,2410.48,0.2791,83.4464,1240462.0,118.516,3980.91,42.0,35.187,2.874
7843.34,1840.71,0.23468,61.582,1113048.0,92.9627,3304.01,31.0,36.677,14.099
4816.15,1842.47,0.38256,34.4457,688037.25,59.6624,2221.79,41.0,42.5464,2.495
9385.09,3698.8,0.39411,65.8051,1292594.0,133.995,2947.54,79.0,38.0487,17.923
14334.8,4521.94,0.31545,179.592,1983764.6,271.231,5084.89,114.0,26.0061,7.224
10669.6,3963.74,0.37149,90.6187,1504999.1,154.547,4159.76,7.0,34.6854,7.055
9931.0,2577.04,0.25949,127.527,1412222.4,153.362,4267.1,34.0,32.3211,2.261
8336.44,2967.29,0.35594,77.2406,1130130.5,116.427,4365.03,102.0,37.4929,14.194
10837.9,5442.02,0.50212,85.5839,1512076.4,169.999,4149.77,93.0,33.2734,19.197
11234.0,4849.34,0.43166,92.4527,1572755.6,179.369,3849.97,45.0,34.911,16.363
16463.6,5351.54,0.32505,178.057,2286412.5,258.804,5538.16,139.0,23.8591,1.951
11637.8,3159.61,0.27149,132.282,1609504.6,161.68,4475.04,96.0,31.3094,1.817
5089.76,1773.14,0.34837,51.562,671574.56,82.2035,2399.34,66.0,41.8664,6.891
8323.55,2577.81,0.3097,95.7163,1181883.1,119.518,3545.21,89.0,36.9001,2.021
9309.94,3032.47,0.32572,107.147,1306492.9,133.278,3608.18,13.0,35.4867,2.89
6502.32,2082.17,0.32021,60.731,908189.44,92.8139,2693.98,42.0,40.6516,1.758
15251.6,4765.07,0.31243,192.888,2046953.6,256.093,5101.7,214.0,26.3119,2.483
8171.67,1884.1,0.23056,82.3182,1179858.4,104.874,3893.75,12.0,35.0333,1.627
16472.5,5283.39,0.32074,213.365,2281668.8,251.262,5420.72,286.0,24.0454,1.901
13386.6,5043.76,0.37677,152.634,1869036.0,205.357,5009.27,90.0,29.5581,19.276
18377.8,6018.31,0.32747,151.359,2460849.0,322.033,4809.84,190.0,27.271,8.208
4465.91,1270.19,0.28441,39.6365,618025.8,54.7655,1935.43,34.0,44.0048,13.586
14374.3,4858.15,0.33797,160.733,2039497.1,235.579,4685.72,129.0,24.6737,13.885
20224.5,8134.86,0.40222,120.47,2766807.0,342.715,22397.0,115.0,32.7162,2.486
8747.88,2268.59,0.25933,96.5817,1209507.0,110.385,3367.26,27.0,35.998,12.33
5835.95,2230.52,0.3822,42.244,807272.4,96.2814,2909.71,66.0,37.0566,15.684
13876.1,3964.62,0.28571,162.64,1989499.0,228.383,4559.79,51.0,26.4972,3.63
13572.5,3522.46,0.25952,134.566,1893792.1,161.54,4863.75,82.0,30.6188,2.499
6944.88,1760.61,0.25351,76.0069,942305.44,87.6687,2945.62,96.0,37.805,5.869
11203.6,3763.55,0.33592,81.9168,1565110.0,155.616,5257.61,16.0,30.6283,3.803
4051.99,1169.29,0.28857,35.09,555777.4,48.8489,1375.29,17.0,44.1726,1.586
5330.62,1150.23,0.21577,44.001,721301.5,75.7083,2768.89,56.0,40.9061,13.088
7952.36,3209.61,0.4036,80.9907,1121286.8,113.479,3255.69,34.0,37.9986,5.247
8151.18,2159.54,0.26493,73.0144,1196273.6,104.047,3125.75,27.0,37.4982,1.88
7108.48,2992.32,0.42095,45.159,1017257.4,105.723,2739.04,21.0,41.6957,13.528
7605.29,2178.1,0.28639,93.923,1025537.4,141.485,3827.5,77.0,28.0543,15.831
4095.09,1243.95,0.30376,33.028,557023.1,50.918,1399.17,32.0,44.4204,11.552
9053.23,1475.88,0.16302,85.0565,1261243.9,103.184,4245.86,48.0,33.173,3.547
8023.08,2115.9,0.26372,94.3886,1095948.1,126.852,3393.91,123.0,35.0741,1.531
6284.78,2127.24,0.33847,63.3478,827056.7,93.4045,2653.84,29.0,39.6228,2.438
14030.0,6267.45,0.44671,127.139,1941666.4,235.805,5082.68,97.0,22.5556,17.15
13614.3,3796.36,0.27885,172.157,1879564.4,197.959,5100.57,64.0,26.6874,2.073
13296.7,3302.62,0.24837,167.331,1875766.6,216.147,5040.71,196.0,27.5696,2.184
18206.5,5727.66,0.31459,263.841,2476575.5,244.51,4959.33,273.0,26.4335,4.038
10796.5,3542.38,0.3281,90.496,1471576.5,148.266,4168.13,127.0,32.9226,3.949
14991.4,5519.49,0.36817,166.544,2159364.2,246.92,4576.6,72.0,27.7711,5.342
6210.5,1588.85,0.25583,72.7375,824054.4,87.9253,3428.49,79.0,37.8184,1.223
14536.9,4650.94,0.31994,157.584,2045057.8,233.303,5274.44,84.0,25.874,3.78
8666.31,2029.86,0.23422,85.0371,1233457.5,106.419,4659.12,30.0,33.1586,2.671
13572.7,4367.12,0.32175,129.408,1938954.1,173.408,5372.81,56.0,26.5197,17.64
15164.3,4816.02,0.31758,154.882,2163022.8,194.349,5664.34,37.0,26.1449,10.395
8347.63,1933.19,0.23158,70.2765,1147347.4,108.191,3624.63,25.0,37.5048,11.269
7577.47,2057.83,0.27157,73.0222,1054543.2,97.0368,3234.08,46.0,37.5397,13.888
7914.59,2179.61,0.27539,88.8108,1085437.1,111.92,3099.92,21.0,37.6554,0.6
16537.6,4337.94,0.2623,179.096,2307630.2,221.842,4225.74,138.0,31.2541,1.56
11427.1,3563.05,0.3118,81.8048,1526845.0,145.534,3928.29,130.0,32.6685,3.976
6071.19,2421.85,0.3989,70.6954,804545.5,99.7327,3650.2,133.0,39.0275,14.135
6780.19,1497.17,0.22081,54.1657,941117.3,80.2363,2833.12,20.0,40.2462,10.251
6577.24,1260.38,0.19162,61.5735,941088.56,69.4578,2786.77,40.0,40.7943,16.299
8784.74,2361.71,0.26884,95.1654,1204279.6,148.015,3255.18,12.0,36.6163,1.652
5201.62,997.05,0.19168,42.7931,751676.6,61.1715,2188.85,79.0,42.8024,0.683
13428.0,3991.91,0.29728,167.551,1892633.4,230.849,4375.25,80.0,29.8621,1.687
7638.24,2424.28,0.31738,73.2116,1060454.6,102.369,3214.36,10.0,38.2646,2.82
7931.03,2071.5,0.26118,65.1151,1054262.5,94.822,3685.97,21.0,38.0331,4.78
4823.43,845.54,0.17529,43.8344,693395.2,55.4612,2182.85,80.0,42.8217,0.739
4183.73,1256.66,0.30036,36.4069,569686.44,52.8901,1400.41,17.0,44.4069,1.68
11552.0,2460.31,0.21297,141.456,1613755.8,181.613,4621.39,140.0,28.5706,2.102
9380.33,2715.39,0.28947,71.8843,1253948.5,128.04,3334.63,45.0,38.8746,19.168
5659.65,2125.2,0.3755,51.8772,764048.6,89.7438,2398.48,32.0,38.5085,12.813
6465.97,1932.57,0.29888,59.1186,907968.4,77.9638,3561.68,49.0,38.9391,10.705
4485.07,879.77,0.19615,35.0417,608496.1,56.869,1478.99,14.0,43.9129,9.308
9127.4,2354.09,0.25791,87.7647,1296952.0,116.349,4102.1,10.0,33.6495,1.954
11180.3,4656.41,0.41648,137.967,1513632.6,201.7,4622.04,180.0,29.7386,3.854
21438.8,5900.22,0.27521,294.009,2937565.8,328.279,6570.75,287.0,18.6422,1.52
5869.41,1612.68,0.27476,49.8987,843616.44,76.0584,2463.18,49.0,42.1972,4.691
12276.3,4378.62,0.35667,97.667,1727691.8,169.046,4683.3,96.0,30.9709,19.738
18180.7,5069.35,0.27883,177.441,2483589.8,229.139,5963.59,148.0,26.6251,20.127
6785.26,3286.07,0.48429,57.3404,942519.9,102.501,3144.83,50.0,38.8272,14.618
11299.1,3202.08,0.28339,113.226,1602461.0,151.283,3990.27,178.0,33.3485,19.233
13370.1,5174.29,0.387,129.272,1773900.8,208.709,4726.86,69.0,33.5362,10.401
10843.7,3004.85,0.2771,130.781,1481329.1,152.306,4874.11,74.0,29.2281,3.53
5926.79,1344.2,0.2268,56.4155,807750.7,80.3748,2724.96,19.0,40.5328,1.101
9522.43,3451.77,0.36248,118.433,1324414.0,163.916,4154.42,70.0,32.6988,7.015
4952.53,923.86,0.18654,47.0276,714967.2,56.8426,2189.18,80.0,42.7872,0.641
16194.2,3960.2,0.24454,216.007,2265650.5,266.773,5650.22,94.0,23.2622,1.556
15050.5,4641.8,0.30841,191.307,2072754.2,267.382,5141.71,93.0,23.8098,7.171
8279.98,4783.27,0.57769,89.128,1049580.9,162.204,2249.19,87.0,40.5635,14.038
8030.68,2295.79,0.28587,82.813,1079895.1,101.613,3692.12,31.0,36.0513,14.777
5830.85,1705.94,0.29257,58.6404,787533.9,104.963,3501.34,36.0,40.9011,1.744
9027.41,2507.76,0.27779,86.0714,1294472.8,116.659,4099.58,13.0,33.5447,1.862
18329.4,5999.49,0.32731,241.028,2512123.0,252.906,5643.77,133.0,22.8371,2.249
11868.9,4074.52,0.34329,162.195,1693104.8,215.258,4604.93,167.0,30.0359,16.097
6666.25,1925.41,0.28882,61.3556,937586.25,78.3235,3560.17,45.0,39.3197,10.593
8239.97,1844.58,0.22385,94.5493,1119194.2,100.898,3984.64,117.0,34.6455,4.85
12669.4,2628.04,0.20743,168.112,1713235.9,214.13,4704.87,95.0,28.8901,1.74
4715.7,1379.51,0.29253,46.3653,645458.9,60.2966,2118.49,14.0,41.6194,2.844
5125.02,1068.86,0.20855,45.158,731263.5,68.4043,2847.96,58.0,40.1873,0.981
6016.46,968.11,0.16091,54.1132,842403.2,62.441,3004.82,15.0,39.5784,7.104
10504.3,3596.13,0.34234,97.18,1438462.5,119.507,6972.22,12.0,37.0146,20.629
14545.9,3960.45,0.27227,189.651,1988334.6,220.717,4608.56,179.0,28.902,1.809
4933.69,1402.56,0.28428,46.4274,630017.7,70.3331,1992.87,27.0,42.569,11.497
14612.5,5462.82,0.37384,198.577,2011631.4,238.275,5102.39,125.0,27.3063,19.108
21480.1,6211.24,0.28916,308.988,2917030.8,301.364,6620.86,295.0,18.5439,1.598
6153.43,1393.57,0.22647,68.57,859808.4,78.835,2829.8,74.0,39.4128,7.635
4180.68,1290.25,0.30862,35.1387,576070.56,50.3245,1382.27,32.0,44.5042,11.473
18730.5,6761.55,0.36099,203.145,2590184.8,296.4,6045.29,42.0,24.2788,20.091
10689.4,3705.09,0.34661,98.1637,1463243.0,121.719,4679.25,16.0,37.4394,15.934
4838.01,798.76,0.1651,46.9915,599126.7,64.9104,1983.82,37.0,43.0105,2.482
8989.42,1959.74,0.218,107.738,1224082.1,137.293,4006.27,39.0,34.1986,2.064
10906.1,5244.79,0.4809,84.7569,1343147.6,196.593,2485.5,73.0,39.7332,17.496
8732.44,3120.84,0.35738,74.1686,1189866.4,113.764,3813.2,39.0,34.2949,16.004
13989.3,5075.44,0.3628,199.345,1809811.8,253.035,5208.07,73.0,27.7404,5.057
8154.55,1814.83,0.22255,88.723,1111184.9,85.2906,4136.87,18.0,32.832,5.903
10780.5,3921.4,0.36374,137.428,1435603.5,196.679,3916.05,131.0,33.3186,18.339
13013.8,3971.51,0.30517,176.523,1817275.2,194.143,4637.55,104.0,29.5065,3.649
12080.5,3301.84,0.27331,113.106,1727543.6,149.642,3987.7,151.0,35.5758,18.561
17954.4,4198.28,0.23383,210.796,2548672.0,269.165,5670.29,100.0,22.9975,1.554
8161.9,3058.43,0.37472,88.898,1170590.9,126.073,3536.27,42.0,31.893,14.814
7422.88,2461.03,0.33154,59.3865,968031.2,123.79,3427.7,22.0,37.1081,15.036
7717.38,2058.54,0.26674,69.9242,1097381.1,89.972,3765.81,30.0,34.6352,20.139
6521.96,1706.06,0.26158,69.6504,860826.1,95.0981,3437.69,77.0,37.9354,1.478
21882.3,7072.54,0.3232,253.22,2932037.5,340.319,6140.64,295.0,20.0177,3.179
18809.3,5003.08,0.26598,161.986,2730517.5,263.653,5057.86,150.0,26.8728,19.19
8799.24,3746.4,0.42576,82.8604,1224362.5,133.579,3493.92,59.0,37.3089,10.824
6966.04,2063.33,0.29619,71.2109,937548.5,87.1943,3060.51,19.0,38.6242,2.05
25449.1,9545.59,0.37508,250.404,3398616.8,341.677,7144.69,119.0,19.7893,18.359
8467.84,2718.8,0.32107,93.5707,1187044.1,98.321,3663.08,28.0,36.7945,10.882
10958.1,3193.38,0.29141,127.579,1511528.5,145.882,4907.07,69.0,29.3976,3.35
6947.96,2169.8,0.31229,66.1387,936904.3,95.1056,3104.86,22.0,40.2148,1.665
7955.1,1696.17,0.21321,82.5768,1080487.0,113.729,3691.33,34.0,35.9737,13.661
7751.64,2925.16,0.37736,70.6148,1094450.9,108.331,3041.63,34.0,39.2918,11.927
6909.69,2220.75,0.32139,62.6095,932145.0,100.237,3147.35,15.0,40.138,1.117
5912.21,1715.63,0.29018,54.8317,790455.94,90.563,2924.13,40.0,39.724,10.208
18293.1,5161.85,0.28217,217.157,2489173.2,278.974,6241.6,210.0,21.3118,10.122
5733.03,979.74,0.17089,54.3494,816273.4,69.7994,2872.05,46.0,39.5973,9.662
8712.87,2016.94,0.23148,66.9153,1248758.1,91.8831,3308.67,69.0,34.9559,19.876
5622.83,1319.15,0.2346,49.7828,810614.56,71.9084,2848.89,58.0,40.2331,1.373
18613.3,5906.83,0.31734,266.57,2522865.0,308.105,5721.71,306.0,21.5107,2.388
9275.43,3752.19,0.40453,75.0291,1312566.2,123.517,5212.23,38.0,34.4216,20.832
13823.1,4488.26,0.32469,154.61,1988188.0,230.827,4567.99,66.0,27.7585,4.078
9575.82,2523.82,0.26356,109.518,1347827.6,152.403,4277.3,52.0,33.3064,2.978
13438.0,4366.95,0.32497,174.281,1859260.2,217.825,4733.99,111.0,28.9815,3.576
6225.65,2517.63,0.40439,53.0694,865930.0,96.6215,3142.88,41.0,40.0951,6.52
8227.12,2418.52,0.29396,99.3576,1116431.0,119.291,3472.77,25.0,36.7758,1.971
12157.4,3362.64,0.27659,157.92,1730675.2,179.943,4795.8,27.0,28.8983,2.453
8104.31,2792.16,0.34452,84.3707,1118192.0,109.914,3670.02,41.0,37.3316,5.798
6213.1,2002.97,0.32237,54.2725,865883.44,85.6002,2707.49,43.0,40.8574,2.495
5081.34,1500.92,0.29537,47.6105,706053.06,62.4266,1959.3,15.0,43.8182,2.245
6910.41,1976.13,0.28596,76.8169,941342.75,105.47,3342.31,59.0,38.1871,14.385
9680.5,2779.16,0.28708,107.569,1330392.4,157.286,4184.14,72.0,32.8675,0.889
4551.48,1165.98,0.25617,40.1406,638226.2,50.8679,1837.52,16.0,43.6527,8.419
9695.73,2541.87,0.26216,100.183,1382115.1,152.25,3894.4,41.0,33.5747,2.056
13766.3,4173.84,0.30319,153.822,1882576.6,206.427,4744.39,28.0,30.7789,18.007
6626.73,2337.14,0.35268,49.1027,927422.6,90.1674,3196.73,22.0,39.4787,11.927
18434.4,8066.22,0.43756,209.705,2582321.2,306.398,4917.59,137.0,26.5862,14.798
6419.71,1729.61,0.26942,58.1412,878942.75,83.998,2586.41,12.0,40.1009,3.691
4923.53,1022.48,0.20767,45.2851,710870.2,59.3901,2184.27,79.0,46.5464,0.704
6922.74,1901.29,0.27464,59.879,975328.94,89.4946,3177.11,97.0,37.804,2.883
7163.89,2019.46,0.28189,66.2084,987516.0,93.2108,3322.17,33.0,38.6658,11.101
8529.34,2273.55,0.26655,92.6481,1104842.1,134.779,4118.92,106.0,33.9494,17.707
12126.2,2265.48,0.18682,144.134,1654516.1,195.509,4677.03,137.0,30.1115,0.72
6940.23,1934.37,0.27871,68.1115,934359.8,95.2032,2979.0,20.0,39.0932,2.07
9944.91,3084.88,0.31019,99.3131,1421556.4,135.733,4104.0,106.0,33.4199,4.612
4529.99,897.92,0.19821,40.5246,598227.25,71.1787,2584.3,11.0,43.3352,2.059
5604.39,1346.71,0.24029,44.792,801700.2,64.4125,2388.61,11.0,41.9277,2.696
15571.6,4327.73,0.27792,161.118,2201237.8,188.949,5767.59,155.0,25.53,11.418
18993.3,6079.47,0.32008,225.962,2611303.8,302.412,4928.19,136.0,26.493,8.854
4656.54,1704.51,0.36604,43.4106,627866.0,62.024,1973.11,40.0,44.0623,8.266
11678.4,4019.37,0.34417,149.421,1629349.1,164.206,4205.09,128.0,30.1621,16.014
9118.35,2871.88,0.31495,79.8949,1235523.4,115.941,3814.96,95.0,34.5771,8.654
7954.46,1861.51,0.23402,56.8486,1117678.8,91.6894,3552.59,21.0,37.911,8.815
8828.96,4194.65,0.4751,90.0973,1107302.8,153.647,2546.4,114.0,39.0335,14.61
8060.68,2226.81,0.27625,88.8793,1103320.0,101.368,3742.74,19.0,36.7602,11.921
10452.2,3303.79,0.31608,103.224,1423924.1,133.993,3599.24,25.0,34.8913,5.268
13988.5,4830.43,0.34531,163.611,1979210.6,193.777,5218.09,36.0,28.0685,10.775
7060.6,2289.81,0.3243,59.3158,964287.6,106.327,3037.62,101.0,38.4062,6.095
4836.16,1936.75,0.40047,45.2243,707031.94,69.4598,2461.73,54.0,42.4191,10.922
5873.84,1157.57,0.19707,51.3863,808513.9,75.0692,2661.97,18.0,40.1758,1.008
12773.3,4093.77,0.32049,164.949,1798069.9,210.855,4829.5,50.0,25.666,3.481
7383.36,2532.32,0.34297,60.5654,974468.5,113.731,3110.79,30.0,37.1495,6.344
7408.01,1636.0,0.22084,67.4799,1078959.4,92.0884,3005.59,14.0,38.137,1.231
8630.16,2342.26,0.2714,77.272,1208154.1,100.062,4188.12,61.0,36.2424,9.07
6317.83,1561.44,0.24714,61.0944,825179.75,82.5747,2668.41,41.0,38.8188,3.697
12046.5,3034.39,0.25188,133.938,1630933.2,152.132,4091.74,230.0,31.8105,3.101
6723.29,1837.39,0.27328,63.6112,890481.94,94.8006,3304.91,47.0,36.7062,9.298
11485.1,2540.94,0.22123,146.736,1520848.4,168.803,4387.86,77.0,34.1319,15.035
4287.74,1719.63,0.40105,45.349,608059.0,71.1206,2251.79,31.0,43.6147,9.896
6828.55,1907.46,0.27933,59.8139,948528.56,83.447,3163.19,23.0,38.6262,4.752
11561.4,3864.56,0.33426,145.375,1575367.5,187.857,4801.2,100.0,29.0505,19.026
10697.0,3759.35,0.35143,94.1382,1468978.8,135.459,3516.01,50.0,33.4233,14.269
8332.74,2323.37,0.27882,71.3058,1096003.6,120.661,3215.49,46.0,37.9129,17.081
14253.0,4333.12,0.30401,188.646,1924417.8,250.77,5165.37,193.0,26.0815,2.639
14084.4,4328.2,0.3073,158.201,1971617.9,234.535,4470.0,95.0,29.7776,2.07
10710.0,2750.95,0.25685,143.378,1453122.9,171.739,4433.98,45.0,30.9592,2.525
10757.9,3272.9,0.30423,103.523,1551310.2,155.849,4234.3,159.0,29.5805,18.074
7806.57,2589.7,0.33173,80.7883,1078711.8,112.946,3804.81,31.0,35.638,2.606
10576.1,2730.66,0.25819,119.385,1433126.6,183.789,3903.09,80.0,33.002,1.564
6237.84,1767.98,0.28342,68.9692,894891.0,80.8742,3084.8,8.0,38.964,2.097
3968.1,1151.99,0.29031,35.1717,541813.75,48.7487,1395.4,17.0,44.3206,1.402
10684.1,3837.87,0.35921,131.361,1501491.8,197.962,4373.16,77.0,32.6835,7.079
24873.0,7186.49,0.28892,229.263,3477949.2,325.378,6460.38,294.0,18.2776,19.809
9490.09,2931.14,0.30886,97.6559,1319534.0,123.984,4773.71,152.0,30.6599,14.352
5750.26,1581.57,0.27504,63.0623,721187.4,92.1442,3115.2,21.0,39.4062,2.409
14323.7,4711.32,0.32891,166.743,1998315.2,228.358,5133.82,171.0,28.2306,2.745
9360.94,2627.84,0.28072,70.2637,1289345.5,128.363,4169.26,89.0,34.0898,3.896
5691.61,1432.63,0.2517,42.9643,810354.75,67.0316,2595.03,10.0,41.4675,3.113
5546.93,1669.01,0.30088,50.3509,781969.7,73.4788,2461.72,98.0,41.4035,11.854
8163.52,2155.35,0.26402,79.6137,1163035.1,106.347,3925.11,38.0,35.09,2.206
4417.3,1377.96,0.31194,32.1088,634490.8,57.3672,1333.26,40.0,42.7567,15.531
12573.2,3242.95,0.25792,139.818,1763347.6,168.917,4669.14,55.0,29.9565,15.537
8849.53,2411.54,0.2725,80.2369,1233092.5,107.861,4254.74,61.0,34.1287,1.948
9025.42,1786.25,0.19791,93.5302,1247144.8,114.323,4305.4,128.0,33.2394,12.896
9286.36,2002.22,0.2156,110.697,1287954.8,123.848,4215.28,55.0,33.9629,1.724
13308.6,6274.03,0.47142,107.41,1817807.1,220.164,5176.59,123.0,29.8842,18.056
17917.4,5855.32,0.32679,190.362,2496426.0,255.042,5428.52,139.0,26.2944,14.966
13339.7,3300.02,0.24738,187.812,1818067.2,209.535,4575.92,182.0,29.0509,1.487
5100.49,1627.28,0.31904,56.2695,706682.44,68.8805,2557.48,35.0,41.6125,3.765
8523.72,2259.04,0.26502,70.9632,1161600.6,114.678,3724.81,44.0,35.6615,14.95
4893.39,948.89,0.19391,47.0717,701675.94,56.7465,2190.3,80.0,42.776,0.727
7441.31,2339.63,0.31441,71.8371,1012429.1,105.404,3351.61,71.0,37.756,3.944
8196.01,2211.01,0.26976,80.6357,1172482.1,106.0,3159.22,21.0,37.2101,5.196
8594.43,2480.39,0.2886,64.4688,1208622.6,114.132,3710.71,21.0,36.9353,16.266
8871.36,2555.33,0.28804,57.7497,1238500.0,102.097,3534.01,61.0,38.2055,15.728
6997.45,2009.47,0.28717,71.5286,951025.7,111.463,3106.89,79.0,38.962,0.893
7940.51,2870.3,0.36147,69.1227,1111650.1,110.193,3500.76,23.0,33.724,13.695
9859.99,2072.25,0.21016,90.9641,1384186.0,120.135,4024.6,160.0,34.3542,4.8
13918.0,4586.4,0.32953,197.034,1889344.4,245.299,4527.72,30.0,46.5464,1.8
7860.34,1823.48,0.23198,72.6491,1144378.1,99.7779,3014.86,15.0,38.177,1.148
9745.61,2898.32,0.29739,103.066,1364210.2,140.553,4948.98,43.0,32.5255,2.603
7531.07,2094.11,0.27806,81.5899,1017990.6,128.164,3510.98,39.0,36.3983,1.596
14842.5,5259.68,0.35436,108.821,2149147.0,204.767,5020.19,113.0,28.9569,19.539
9089.72,2646.82,0.29118,70.8321,1260816.0,118.357,3658.7,62.0,36.1663,15.318
8394.61,2432.71,0.28979,93.5105,1107468.2,107.578,3701.2,23.0,37.4495,11.656
12117.7,3920.86,0.32356,104.167,1739356.1,170.987,4423.91,127.0,32.7817,18.658
7700.53,2779.55,0.36095,74.3757,1045997.5,107.569,3295.83,23.0,35.2298,16.898
9033.0,3121.92,0.34561,98.6895,1203257.4,132.244,3373.5,78.0,37.9849,2.72
11239.9,5446.5,0.48456,142.793,1534032.2,209.843,4610.68,164.0,30.6525,20.742
11018.8,3648.59,0.33112,131.704,1579434.6,180.593,4394.56,39.0,32.5598,3.416
7624.08,1520.68,0.19945,67.5444,987870.94,92.6597,3261.14,17.0,38.7338,10.177
6311.92,1890.18,0.29946,65.2446,863046.3,103.877,3438.75,41.0,37.5186,9.424
8440.33,2493.04,0.29537,99.5867,1193190.0,117.8,3577.36,91.0,36.7809,2.095
18606.5,4324.26,0.2324,239.39,2614538.2,268.298,5572.03,93.0,23.5666,2.392
19592.2,6045.56,0.30856,261.116,2650540.8,318.36,5703.54,323.0,21.4701,2.665
8423.48,3121.56,0.37057,65.9652,1214696.8,123.294,3435.83,24.0,36.7436,16.473
9950.98,3637.88,0.36558,88.9358,1376314.1,136.864,3812.48,49.0,34.7681,11.011
6814.18,1479.05,0.21705,87.7385,953075.3,88.755,3008.46,22.0,38.2436,9.752
15299.7,4785.36,0.31277,212.206,2104232.5,237.597,5315.55,259.0,46.5464,3.038
5692.23,1253.99,0.22029,47.682,801512.94,56.1643,2379.61,18.0,42.7421,7.87
10009.9,2936.81,0.29339,112.565,1412359.9,158.313,4227.43,49.0,33.3372,3.099
6936.07,2159.5,0.31134,72.8845,959635.6,85.796,2942.28,19.0,39.548,10.377
7199.18,2405.06,0.33407,52.8504,975577.06,101.323,2781.63,40.0,40.4899,8.052
17652.2,5168.88,0.29281,213.959,2415526.5,298.636,5719.89,231.0,22.0462,12.022
7380.64,1861.48,0.25221,90.578,1024316.9,107.865,3834.34,20.0,35.1951,1.513
6123.48,1067.3,0.17429,55.8421,842108.8,75.9804,2295.23,33.0,42.3127,15.428
9567.57,3369.04,0.35213,66.0416,1358085.8,126.67,3901.28,13.0,35.4807,14.346
8641.24,2972.12,0.34394,77.2308,1167270.0,127.507,4114.57,62.0,33.339,19.661
9957.39,2721.01,0.27326,72.6132,1384805.5,118.335,3817.03,37.0,34.8904,14.517
9879.53,2622.65,0.26546,92.9436,1394539.6,121.614,4143.31,112.0,33.7305,4.606
16960.6,4968.74,0.29295,237.732,2419874.5,281.218,5570.47,108.0,21.8568,3.237
17844.9,5221.82,0.29262,223.131,2492159.0,286.777,5898.21,183.0,21.0983,2.562
14296.9,4866.14,0.34036,182.04,2011680.6,231.964,4999.04,154.0,27.2469,17.777
9212.03,3587.01,0.38938,93.061,1301683.9,134.481,3644.28,95.0,36.3121,2.353
4152.9,1254.33,0.30203,42.4988,560065.25,66.0061,2532.62,10.0,42.7145,11.67
7968.19,1895.29,0.23785,61.6284,1130726.0,76.4596,3426.23,34.0,37.5896,12.14
9006.52,3072.01,0.34108,95.8021,1251265.6,129.675,4256.49,108.0,34.0731,17.756
4191.54,1342.89,0.32038,36.9744,569339.9,51.4928,1433.93,32.0,43.8953,11.602
13676.4,4322.07,0.31602,168.39,1888529.5,211.467,5214.07,198.0,27.3306,1.375
12099.7,3314.05,0.27389,134.973,1664273.4,166.04,4541.28,97.0,31.2702,1.971
7661.83,2590.37,0.33808,87.2654,1076590.2,118.055,3119.78,25.0,36.8387,1.788
6075.63,1808.29,0.29763,57.101,830767.9,84.3117,3318.22,40.0,38.4434,7.19
7658.25,2159.83,0.28202,90.3305,1058485.6,108.351,3706.58,21.0,34.5576,15.58
12126.4,3922.62,0.32347,115.215,1709852.0,150.86,4705.56,148.0,30.0386,16.583
9549.51,2216.47,0.2321,123.168,1310347.1,155.552,4594.94,72.0,30.2421,1.25
6481.22,2882.65,0.44476,60.3344,932435.56,112.483,3163.2,79.0,39.0678,13.543
7870.13,1924.25,0.2445,86.4391,1097994.9,121.546,3145.23,4.0,37.4437,0.742
6552.16,1787.24,0.27277,60.9096,909876.06,92.3011,2212.93,90.0,41.1098,14.932
15991.4,4630.29,0.28954,184.246,2209003.2,244.778,5498.47,191.0,27.3242,3.08
7450.84,1960.64,0.26314,77.5894,1033258.3,92.8096,3345.1,27.0,31.9085,10.023
6902.28,1669.43,0.24186,65.0597,943698.0,89.9387,3088.91,31.0,39.9066,8.145
16919.6,6369.79,0.37647,197.896,2364199.2,303.81,5478.84,131.0,22.819,7.53
4964.44,1679.66,0.33833,57.7359,654951.56,84.0609,3042.06,68.0,39.8465,13.851
16355.3,4642.41,0.28384,170.167,2240506.2,227.205,4826.49,44.0,27.9208,17.234
8053.04,2629.09,0.32647,65.4323,1112016.9,110.342,2930.84,97.0,38.6123,17.898
7677.77,3548.1,0.46212,81.4507,932775.25,138.648,2316.07,75.0,40.5953,16.64
10861.3,5237.82,0.48224,89.6828,1502056.8,174.556,3974.0,47.0,35.8377,18.99
5811.82,1053.23,0.18122,52.5591,799977.1,65.2332,3034.98,24.0,39.7659,4.07
4424.27,926.25,0.20935,43.8131,599526.56,69.3538,2628.67,12.0,42.9126,2.366
11758.0,4754.37,0.40435,95.7568,1628648.5,189.266,3883.65,88.0,33.3861,15.692
9492.02,4264.1,0.44922,93.0933,1380680.9,139.522,3962.0,43.0,35.6645,12.431
5280.68,1415.18,0.26799,45.9347,750970.6,67.4672,2069.2,2.0,42.3876,5.812
7702.53,2137.73,0.27753,70.4606,1061714.9,107.102,3213.87,33.0,36.6741,4.184
7943.72,1347.21,0.16959,62.6157,1123797.2,89.1332,2838.04,31.0,39.1137,7.573
5793.09,1419.29,0.24499,53.2759,749112.2,95.4382,3764.4,15.0,40.4925,1.649
10046.3,3016.73,0.30028,88.3881,1428309.9,135.718,4151.63,104.0,33.1323,5.302
9559.34,3373.03,0.35285,91.9346,1359952.8,140.95,3454.51,41.0,35.3342,14.868
6419.14,1466.38,0.22843,55.9144,839035.2,74.8455,2913.67,44.0,39.424,19.025
5736.36,1485.93,0.25903,58.5192,755562.06,86.1421,3440.21,15.0,40.2848,2.308
11835.4,4704.58,0.3975,169.513,1581617.1,265.582,4511.83,97.0,30.1317,6.362
15970.5,6062.8,0.37962,127.939,2278256.8,238.101,5341.53,110.0,26.2153,6.64
8582.98,3319.38,0.38673,63.458,1151883.1,136.513,5504.21,73.0,33.7788,20.929
5763.01,2631.92,0.45669,43.9029,806695.06,95.2938,2806.11,39.0,42.2325,12.112
8018.96,2149.75,0.26808,84.5737,1096186.9,114.558,3099.6,21.0,37.7252,3.023
8476.42,2816.08,0.33222,91.5422,1135999.2,124.734,3390.86,80.0,37.9454,2.564
8951.49,2362.0,0.26386,68.5996,1241952.6,113.948,3967.88,66.0,35.1983,15.399
11239.3,3339.58,0.29713,113.219,1627411.9,152.582,4590.08,105.0,30.6478,17.602
8095.02,1840.02,0.2273,83.696,1144279.6,101.782,3848.41,11.0,33.9779,2.609
5969.38,1864.98,0.31242,54.1436,817825.2,83.9695,3174.73,12.0,39.5579,7.999
5077.42,1892.84,0.37279,51.9099,695010.06,76.3348,2445.52,64.0,41.6492,9.629
11485.4,3637.9,0.31674,128.292,1597605.4,176.544,4164.65,47.0,30.9731,2.179
14160.9,3847.45,0.27169,181.953,1990340.6,235.389,4922.73,88.0,26.9287,5.253
5061.25,1288.44,0.25456,50.6824,650637.06,57.6994,2114.81,21.0,43.1286,6.731
8618.7,2136.07,0.24784,87.1449,1185539.6,142.282,3198.85,11.0,36.7779,1.823
8776.75,2488.07,0.28348,88.0479,1248246.1,114.107,3939.04,11.0,34.2233,1.906
9033.77,3103.36,0.34352,89.9325,1259461.5,116.945,3314.35,50.0,36.4196,14.93
4644.32,839.2,0.18069,42.1945,627070.75,68.6349,2666.72,12.0,42.9256,2.541
8283.02,2276.46,0.27483,71.5612,1112125.9,111.001,3447.61,47.0,35.6823,4.771
7486.98,2002.03,0.2674,63.3353,1056585.8,91.2175,3088.8,41.0,38.0503,13.045
9251.05,1824.97,0.19727,81.1756,1298145.2,110.194,4335.51,71.0,33.4258,14.022
4992.65,1573.03,0.31506,44.0011,692468.3,62.9266,1854.22,39.0,43.4815,7.759
8015.47,3864.48,0.48212,88.7908,970865.75,156.212,2192.91,113.0,40.8831,14.885
14984.7,4796.13,0.32006,199.047,1997409.5,232.398,5079.43,192.0,26.4705,2.71
21859.3,8009.56,0.36641,193.756,3044210.5,374.635,17294.64,146.0,26.9305,1.046
5513.83,1740.08,0.31558,57.841,755842.1,72.4957,3192.13,9.0,39.6089,8.148
8113.49,2394.24,0.29509,70.8827,1115261.2,118.244,4152.15,79.0,34.2186,10.652
11855.2,4252.34,0.35868,151.301,1663682.8,182.907,4913.04,48.0,28.7989,5.236
6915.07,2111.78,0.30538,72.4671,960607.7,99.8273,2873.77,16.0,39.3816,9.607
10899.6,4207.57,0.38602,137.096,1476126.5,191.504,4528.87,182.0,29.9147,3.948
6000.62,2319.01,0.38646,24.9016,819052.7,87.5305,2217.94,41.0,42.6012,10.092
9474.49,3332.64,0.35174,96.4106,1341996.8,125.821,3705.13,90.0,36.2492,14.388
6635.41,1660.97,0.25031,66.8816,907723.1,92.0824,3281.09,37.0,36.4292,1.797
21486.1,8624.85,0.40141,189.965,2975684.8,387.825,8273.93,148.0,23.1973,8.003
13251.3,4789.8,0.36145,172.057,1838413.4,215.432,4858.66,96.0,28.1414,4.96
12957.2,4140.1,0.31952,145.545,1813436.5,184.884,5151.02,36.0,28.7284,3.499
11524.5,3924.64,0.34054,130.7,1619223.9,177.636,4150.41,39.0,30.9534,2.153
9564.58,3377.62,0.35313,114.483,1329115.2,171.901,4251.78,66.0,33.2698,4.758
17285.3,4653.85,0.26923,175.74,2526627.5,252.709,4843.18,124.0,28.8754,17.664
8002.38,2660.62,0.33247,49.3284,1133303.8,114.513,3469.7,12.0,37.4659,16.6
9295.9,2623.66,0.28223,80.6374,1316074.0,123.005,4233.37,77.0,33.0851,5.0
15529.5,5463.33,0.3518,188.917,2151195.0,222.77,5370.85,147.0,26.3961,19.699
8347.62,2374.75,0.28448,67.1897,1107478.4,104.42,3935.5,21.0,34.0381,12.561
12628.9,3970.11,0.31436,175.804,1799689.2,210.943,4529.28,43.0,46.5464,2.211
9305.3,2340.14,0.25148,96.9159,1270609.4,156.918,4092.67,77.0,33.4879,1.262
7984.12,2476.59,0.31018,71.123,1129406.6,109.827,3726.03,1.0,36.1828,8.925
9132.84,2157.23,0.2362,80.9771,1305228.8,105.323,3955.78,12.0,34.7632,1.874
10820.4,4619.85,0.42695,102.501,1518944.9,153.839,3781.07,39.0,34.6541,19.443
8909.92,2573.21,0.2888,88.229,1229166.6,108.468,4092.86,38.0,30.6493,18.273
16528.3,3665.47,0.22176,214.389,2333249.2,258.277,5551.76,98.0,23.6585,2.092
7350.79,3122.3,0.42475,46.9238,1021918.25,117.487,2300.82,15.0,40.7778,13.382
12089.8,2261.12,0.18702,141.339,1702519.2,173.185,4674.6,136.0,29.7818,1.93
8545.47,2543.67,0.29766,66.8178,1211806.8,98.3838,3575.5,20.0,40.0575,8.263
16252.2,4650.34,0.28613,168.492,2322892.2,249.288,5277.23,230.0,21.668,6.97
8502.36,2232.16,0.26253,70.0463,1150978.4,111.385,4367.5,81.0,36.46,11.446
7304.79,2021.55,0.27674,63.1197,1001473.0,96.6195,3205.75,41.0,39.5535,6.999
8574.35,3597.24,0.41953,79.95,1185721.6,138.595,3703.2,111.0,35.119,3.363
3620.51,1303.39,0.36,25.6829,495275.53,45.5509,1446.34,16.0,45.5846,9.75
16252.4,6241.7,0.38404,168.228,2262902.2,253.466,5903.81,140.0,25.5296,19.867
9574.12,2296.28,0.23984,86.3844,1340716.5,118.626,4660.2,35.0,33.1762,4.43
16004.4,3297.08,0.20601,184.957,2249565.5,202.863,4066.78,138.0,32.0449,1.919
9642.38,2292.32,0.23773,106.271,1345291.4,126.765,4424.12,61.0,32.9018,4.186
10304.7,3224.31,0.31289,118.978,1470957.6,137.959,3944.37,58.0,34.5535,3.32
14047.6,3302.07,0.23506,187.146,1980952.6,201.586,4120.76,131.0,31.7495,1.788
7207.08,2439.93,0.33854,73.7125,966321.9,111.142,3148.17,18.0,38.5816,12.767
9733.48,3268.84,0.33583,122.392,1290840.2,172.597,4453.89,179.0,30.9537,1.445
14166.8,6574.64,0.46408,160.259,1966465.5,232.267,5573.85,141.0,25.8111,20.055
7740.09,2133.17,0.2756,62.5877,1084029.1,96.6164,3141.89,96.0,37.8941,2.368
15375.4,7549.06,0.49098,211.199,2078911.2,305.485,5162.05,183.0,25.6345,20.857
9059.46,1913.74,0.21124,84.4677,1244810.8,110.192,3869.49,42.0,35.1526,13.16
11181.4,5491.33,0.49111,92.4893,1577480.0,180.488,4028.91,63.0,34.7775,13.959
17042.6,4527.14,0.26563,240.057,2338412.0,283.515,4750.04,134.0,27.5917,4.918
14527.8,2691.81,0.18528,176.877,2028984.5,226.276,4685.18,26.0,28.5746,1.303
15221.0,4291.47,0.28194,186.17,2117606.2,227.083,5623.55,141.0,22.7488,0.732
21032.4,6777.24,0.32222,163.871,2930149.5,264.966,6592.38,128.0,46.5464,14.171
6760.23,2233.42,0.33037,67.8961,950977.8,80.7905,2893.48,74.0,38.3722,15.168
5478.63,2008.24,0.36655,52.9668,764535.7,86.0252,2406.08,31.0,42.1122,12.536
6370.2,2487.01,0.39041,64.0392,828383.7,102.931,2860.48,58.0,40.3066,12.265
12379.4,3332.45,0.26919,131.763,1748946.8,168.147,4515.16,70.0,31.0486,4.308
22355.5,7345.57,0.32857,276.3,3006992.8,329.242,5946.87,335.0,21.5101,2.812
13284.0,4828.06,0.36344,157.672,1877664.5,224.066,5550.37,77.0,25.5557,2.288
10374.3,3906.0,0.3765,85.926,1417941.9,153.376,4691.59,38.0,37.7771,4.593
9481.91,2655.78,0.28008,93.8823,1339913.5,139.662,4231.16,165.0,32.1824,1.342
13790.3,3460.2,0.25091,178.747,1887449.4,229.352,4750.65,39.0,30.1681,3.049
11389.3,2916.62,0.25608,147.8,1513050.5,181.798,4428.48,52.0,29.7271,2.859
14679.5,5105.6,0.3478,153.187,2075331.4,213.294,5271.17,63.0,26.9376,18.425
9166.66,2478.21,0.27035,107.839,1276213.4,120.785,3232.54,4.0,36.9469,0.511
5687.79,1843.74,0.32415,45.1042,786438.2,64.7075,2076.31,15.0,42.1056,10.994
11162.3,4841.26,0.43371,90.6494,1490988.6,159.967,5103.7,44.0,36.235,15.762
7627.26,2649.22,0.34733,75.2504,1082102.0,98.0315,3210.52,19.0,38.23,12.583
17250.7,6794.96,0.39389,183.893,2423937.0,272.484,4851.94,141.0,27.8274,18.499
8503.27,2338.89,0.27505,79.9922,1211659.0,123.136,4114.89,93.0,34.4904,1.222
12299.1,3757.91,0.30554,148.922,1729439.5,161.964,5159.92,35.0,27.3902,4.288
12535.1,3753.6,0.29944,142.889,1722612.1,216.635,3938.17,121.0,32.6122,18.294
16724.2,4390.53,0.26252,224.324,2346934.2,273.026,5682.03,89.0,23.0081,1.502
14169.0,5064.08,0.3574,178.638,1929303.2,241.452,5105.77,117.0,26.2482,10.112
6707.06,2386.4,0.3558,58.263,935605.7,98.6575,3771.65,76.0,36.4216,1.464
14851.7,4237.49,0.28532,174.314,2045192.1,231.662,4958.52,119.0,29.1472,5.635
9496.46,2251.69,0.2371,82.8116,1348727.5,123.824,3919.65,33.0,34.5176,2.345
6654.74,1625.23,0.24422,64.0063,962026.94,68.1551,3423.4,46.0,39.7226,11.371
7241.26,2844.17,0.39277,63.1762,1059795.4,102.243,3214.2,30.0,38.7278,1.317
6094.06,1288.31,0.2114,57.741,843519.56,78.3385,2740.12,18.0,40.7233,1.11
5494.31,1769.07,0.32198,39.7867,773389.56,73.2635,2744.66,51.0,40.9522,5.372
11895.8,5247.41,0.44111,109.411,1617701.4,190.824,5376.16,90.0,30.5327,16.412
8440.54,2640.28,0.3128,65.7063,1129825.0,119.703,3965.51,53.0,35.6785,17.458
16602.0,4784.99,0.28821,207.32,2295953.5,279.354,5791.73,242.0,20.6463,9.134
7793.79,1523.23,0.19544,76.5002,1098245.8,97.8453,3722.04,13.0,34.5372,1.812
5900.09,1917.72,0.32503,38.816,815546.1,69.8857,2513.37,51.0,41.9893,13.339
6383.93,1228.54,0.19244,55.0556,895224.7,65.7043,3058.76,19.0,39.5791,4.836
5358.34,1922.91,0.35886,41.736,765514.25,75.2711,2538.04,36.0,41.0746,12.509
9076.95,3689.68,0.40648,100.531,1242079.2,176.627,3668.55,130.0,34.8231,19.252
7932.35,1984.0,0.25011,71.4167,1082787.9,109.378,3896.92,60.0,36.3042,11.194
16980.7,7086.05,0.4173,184.904,2331400.5,273.969,5701.71,192.0,25.3224,19.568
18284.0,6988.27,0.3822,194.382,2608431.0,278.38,5832.68,83.0,25.6155,20.127
9514.01,3281.83,0.34494,96.3093,1285318.9,135.279,3411.61,86.0,37.9097,2.67
10402.6,4690.69,0.45091,63.4645,1467415.4,163.219,3985.98,73.0,35.0165,20.354
13709.8,4373.85,0.31903,167.452,1897607.1,213.416,5166.96,192.0,27.6107,2.044
14272.6,4820.59,0.33775,178.19,1960562.6,251.174,5487.36,131.0,24.1261,4.199
8995.15,3958.72,0.44009,71.3431,1241416.5,144.733,6298.91,44.0,36.3041,5.07
6455.94,2121.48,0.3286,41.6401,873133.4,89.6367,2867.26,72.0,39.0751,8.475
8263.37,2516.83,0.30457,94.1182,1116169.2,115.899,3274.95,78.0,38.514,1.751
6120.38,2213.15,0.3616,62.3198,809597.7,103.612,2685.08,55.0,38.7638,17.106
4843.8,1549.68,0.31993,45.326,684027.94,66.5513,2116.76,38.0,43.078,3.669
8794.96,2473.07,0.28119,82.2803,1254167.9,117.309,4141.32,41.0,35.3121,2.074
11681.0,3311.66,0.2835,144.714,1576894.5,169.392,4468.85,87.0,30.9464,3.146
7684.94,2243.87,0.29198,60.9245,1062822.0,108.854,3612.82,42.0,37.0319,8.562
7761.65,2239.75,0.28856,71.6464,1081099.4,104.043,3363.71,52.0,37.9621,9.728
9779.19,3634.34,0.37164,94.0395,1387086.0,133.243,3518.37,66.0,35.3311,13.713
12324.2,4732.02,0.38396,79.4942,1652715.9,190.652,4337.8,65.0,32.1366,20.452
17684.6,6051.0,0.34216,211.124,2473654.8,290.282,5825.2,219.0,19.9232,15.593
7592.37,1664.49,0.21923,73.0753,1014819.8,99.4355,2969.76,36.0,36.6742,12.438
4392.52,1373.8,0.31275,33.1102,608254.75,51.4336,2172.64,43.0,43.6589,7.679
7675.46,2043.81,0.26627,67.5841,1056278.2,107.315,3720.93,23.0,36.9249,1.243
15400.1,5331.76,0.34621,100.601,2137973.5,220.966,4756.92,104.0,29.9015,18.655
5128.68,1454.35,0.28357,46.4847,704896.7,65.9805,1967.27,18.0,43.5556,1.895
5575.25,2022.32,0.36273,52.8099,758309.3,83.6238,2626.17,56.0,41.334,8.785
8469.1,3041.58,0.35913,52.4698,1191710.5,123.378,4558.4,10.0,38.473,18.457
8769.95,2145.55,0.24464,96.5333,1215217.8,129.657,3287.39,4.0,36.9298,0.782
7808.65,2116.06,0.27098,86.4309,1068827.6,105.423,3109.64,21.0,37.6876,0.637
21231.4,5844.49,0.27527,299.731,2862086.8,307.428,6549.53,278.0,18.7442,2.025
16054.5,3565.71,0.2221,204.905,2259372.5,256.661,5569.53,88.0,23.5565,2.002
6115.3,1650.78,0.26994,53.1783,834695.6,73.6332,2376.0,35.0,38.3474,13.864
16044.4,4559.61,0.28418,149.372,2260626.8,178.961,5206.39,65.0,27.5809,3.695
10313.8,2374.52,0.23022,154.351,1370441.1,159.543,4380.63,62.0,31.4739,10.816
6666.03,1420.97,0.21316,52.145,935272.8,68.1992,3417.4,19.0,39.369,12.914
5193.68,1412.04,0.27187,56.1925,686235.1,80.4921,2675.69,30.0,41.0779,3.81
5483.74,1153.48,0.21034,58.1199,742926.06,94.2657,2776.72,21.0,46.5464,15.492
8332.61,2487.95,0.29857,85.5382,1144664.8,139.98,3699.87,79.0,37.0086,14.318
10557.3,2651.6,0.25116,145.219,1485378.9,152.202,4102.18,138.0,32.4841,2.811
5930.43,1035.77,0.17465,53.1342,822508.9,64.4706,2969.31,20.0,40.3072,3.845
13485.7,4986.17,0.36973,137.629,1916634.9,202.63,4712.8,55.0,29.9547,5.569
7523.1,2667.92,0.35463,74.4559,1074620.5,114.773,3374.34,72.0,38.4556,17.358
6654.38,1517.78,0.22808,65.7608,888898.0,100.628,3294.39,45.0,38.9205,13.285
5328.77,1585.21,0.29748,59.7993,721532.1,78.2235,2821.37,46.0,39.8448,7.024
5233.69,2031.85,0.38822,33.767,742449.44,67.9476,2541.16,39.0,42.7544,4.332
8860.29,3326.02,0.37538,64.1586,1170278.8,135.225,5102.42,41.0,34.862,5.782
7734.6,3329.31,0.43044,68.9565,1087904.6,108.074,3537.92,97.0,36.6634,17.33
10545.3,3062.04,0.29037,123.344,1427499.4,163.368,4024.47,38.0,33.5266,1.521
7951.15,2059.19,0.25898,84.5136,1123621.5,100.805,3928.6,36.0,35.5356,2.389
5942.66,1448.36,0.24372,63.614,825993.25,80.901,2102.95,61.0,42.0209,4.633
8132.15,2435.57,0.29949,88.0697,1084274.6,130.581,3538.57,42.0,36.1264,3.128
9221.73,2296.94,0.24907,75.762,1304268.5,142.881,3847.0,70.0,36.7606,16.281
11890.5,5471.81,0.46018,90.9198,1616011.1,186.303,5659.64,46.0,38.0031,16.978
10715.6,4036.24,0.37666,74.4084,1499754.2,143.089,4636.8,40.0,35.059,20.906
6725.44,1894.88,0.28174,67.1862,925297.25,85.0587,3047.92,47.0,37.6595,2.215
12999.0,3768.94,0.28994,157.265,1820959.1,234.039,4367.1,71.0,29.765,1.542
8891.29,2676.58,0.30103,81.3122,1218364.8,124.695,5128.99,47.0,32.6186,19.895
7498.43,2112.95,0.28178,65.2805,1071879.5,96.4908,3538.52,10.0,34.8952,14.064
6440.87,2507.66,0.38933,65.4223,873587.0,89.0335,3218.92,48.0,38.3044,6.107
3880.72,1234.4,0.31808,34.5201,530948.2,49.2131,1394.75,17.0,44.338,1.534
5250.48,1376.82,0.26222,41.5118,732886.5,74.6019,2802.96,27.0,40.5653,15.723
6549.18,1988.6,0.30364,66.5806,882565.9,93.2167,2994.93,19.0,38.9746,1.78
19311.9,6048.87,0.31321,252.539,2634254.8,297.546,5017.46,266.0,26.079,6.619
5774.71,1387.51,0.24027,48.4222,794609.25,78.7418,2299.87,66.0,42.1862,12.414
22927.2,6635.19,0.2894,306.947,3162040.5,355.975,6288.22,105.0,18.1155,3.313
10109.6,4014.69,0.39711,103.086,1397039.2,166.962,4462.98,75.0,31.8343,18.565
8591.09,1652.63,0.19236,77.5905,1232994.2,108.257,3731.26,17.0,35.02,2.969
7086.91,2825.97,0.39875,46.233,974473.1,104.536,3145.16,39.0,43.4822,16.672
7426.71,2786.12,0.37514,83.9741,1017893.4,101.649,3863.25,27.0,35.6215,2.09
7133.85,2285.43,0.32036,64.161,1033485.56,88.5247,4687.9,40.0,37.8587,11.255
4171.19,1278.3,0.30645,35.1181,574450.75,51.9648,1384.12,32.0,44.4941,11.428
16253.9,4776.3,0.29385,186.98,2177536.5,250.304,5291.77,202.0,25.2682,2.509
11495.6,3620.67,0.31496,159.743,1604851.9,214.155,4845.09,71.0,28.0685,3.719
6656.88,2194.43,0.32964,55.4783,887392.7,99.0874,2552.36,26.0,41.702,10.047
6596.91,1662.5,0.25201,54.609,947565.94,80.4029,3288.79,21.0,39.2865,12.115
9676.53,2889.11,0.29856,92.1281,1377450.0,129.27,4096.4,100.0,33.5351,6.113
8870.19,2174.14,0.2451,96.5594,1251988.8,115.748,3831.35,56.0,33.4813,3.237
8332.8,2836.64,0.34041,61.1424,1196261.9,107.917,4115.42,38.0,38.1242,17.125
8122.19,3527.72,0.43433,67.4702,1161688.5,118.109,3815.66,80.0,34.9783,17.748
13656.9,4862.85,0.35607,132.048,1918966.1,208.958,4312.56,39.0,31.4653,7.086
15498.3,3885.69,0.25071,235.565,2102474.8,261.565,4765.99,281.0,27.3873,5.125
9221.05,2424.47,0.26292,66.7706,1262808.8,129.137,4343.92,46.0,35.7898,6.054
9440.47,3296.6,0.34919,87.0048,1277397.8,146.424,3991.14,17.0,34.1492,18.781
9797.55,2419.16,0.24691,142.103,1382717.0,156.051,4153.45,116.0,32.2402,2.527
4194.18,787.95,0.18786,39.8799,555087.7,64.809,2559.43,11.0,43.2953,2.033
6128.36,1960.89,0.31996,66.6143,834939.06,90.6465,3624.59,70.0,34.8459,16.832
11330.2,3237.86,0.28577,105.257,1555912.6,129.078,4988.0,34.0,30.7888,13.576
10113.7,4458.04,0.44079,106.078,1434641.2,143.943,3633.5,40.0,33.3365,19.221
11858.0,1988.9,0.16772,146.148,1666672.1,161.342,4664.45,146.0,29.4997,1.47
17929.9,3851.75,0.21482,212.507,2439970.5,282.755,5592.61,175.0,22.8019,2.846
23699.8,6201.86,0.26168,319.165,3251421.8,416.557,6241.86,134.0,19.7445,1.022
7047.35,2423.06,0.34382,62.4715,956750.5,103.038,2612.66,76.0,39.9759,16.973
6874.5,1570.67,0.22847,57.216,897510.9,87.5679,2892.21,53.0,46.5464,6.066
11674.8,2742.85,0.23493,121.41,1605241.4,162.45,4075.46,27.0,34.8455,3.294
8959.5,3510.67,0.39183,87.4072,1257819.2,139.07,4064.38,33.0,34.8929,10.318
10660.9,4350.45,0.40807,73.1291,1508864.8,153.208,4404.96,89.0,33.9124,15.871
3874.68,1188.35,0.30669,32.9223,525588.7,51.4976,1367.45,32.0,44.4447,10.858
6258.08,1894.17,0.30267,68.3568,867298.25,81.2962,2868.14,106.0,39.0491,4.31
9540.51,2552.82,0.26757,121.869,1304576.8,143.468,4153.63,131.0,32.9265,2.394
12566.3,4553.24,0.36233,139.979,1748284.9,187.998,4470.62,50.0,30.9425,4.658
9851.65,2476.96,0.25142,98.7315,1378160.0,127.454,4522.54,35.0,32.1246,2.346
11844.7,3311.12,0.27954,156.662,1652737.8,203.13,4599.24,70.0,29.9517,4.142
10717.7,3269.26,0.30503,123.301,1424673.8,161.218,4112.33,55.0,33.5932,1.603
16284.3,5507.19,0.33819,156.881,2268103.0,246.943,5117.44,108.0,26.5823,5.022
6097.31,921.56,0.15114,48.9204,855049.94,75.5036,2762.42,1.0,42.4794,0.543
14698.4,5358.49,0.36456,173.493,2139164.2,294.517,5244.45,88.0,25.7484,4.844
10894.0,3791.59,0.34804,79.7204,1556523.1,148.178,5582.0,36.0,37.6182,10.009
9834.7,2702.65,0.2748,83.5905,1412884.2,134.266,4748.56,94.0,31.9973,1.753
8080.88,2940.49,0.36388,59.5337,1118415.6,130.421,3616.78,40.0,36.7264,16.138
6462.94,1475.79,0.22834,50.1673,939516.3,70.8064,2454.03,61.0,41.867,9.029
11452.6,3068.67,0.26794,132.325,1594637.8,165.902,4996.26,72.0,29.9456,3.539
9599.12,2883.8,0.30042,112.515,1324309.5,150.823,4146.68,136.0,32.7925,2.496
6813.44,1647.0,0.24172,65.1742,946164.25,94.8033,3209.87,37.0,36.9986,7.642
4453.57,877.87,0.19711,39.9556,589291.2,58.3396,2590.48,14.0,43.4969,7.462
4848.68,867.24,0.17886,44.6144,697093.25,55.8604,2186.03,80.0,42.8228,0.725
9384.02,2445.68,0.26062,96.4208,1278923.2,93.3419,4285.19,15.0,33.9001,8.786
10677.3,3473.91,0.32535,93.8791,1518653.9,151.115,4831.28,98.0,33.4861,4.243
5035.11,1340.74,0.26627,37.0881,682721.6,79.0474,2426.17,27.0,41.3206,12.916
6789.79,1825.91,0.26891,66.4279,911924.4,97.9025,3187.7,38.0,38.9914,10.594
8369.89,2695.15,0.322,89.011,1130585.4,125.859,4246.85,114.0,33.378,2.434
9323.32,2106.99,0.22599,106.068,1276915.8,141.153,4022.1,43.0,34.0019,2.009
11978.2,4115.75,0.3436,78.8931,1646692.2,180.326,3982.67,63.0,34.3622,15.333
5633.31,1216.9,0.21601,55.3641,792355.0,70.939,2868.46,20.0,40.1964,0.0
8424.73,2921.88,0.34682,93.1914,1191777.1,122.754,3206.75,25.0,37.5499,2.443
8125.16,2271.78,0.27959,86.2044,1115409.9,107.227,3697.54,116.0,35.4158,16.415
12445.9,3909.29,0.3141,171.764,1811046.5,251.309,4767.99,89.0,25.5217,3.452
9741.52,3842.98,0.39449,90.4177,1316590.6,155.075,3946.91,60.0,38.4754,10.908
9273.65,3490.63,0.3764,82.2397,1260244.8,129.5,4031.81,24.0,35.3507,12.377
9516.32,2999.8,0.31522,77.5399,1265029.8,132.852,3744.71,56.0,35.4003,14.569
11734.9,2274.54,0.19382,135.096,1588899.2,194.426,4791.5,29.0,29.826,0.0
14398.1,3951.26,0.27442,179.914,2031569.8,223.772,4486.61,18.0,29.9617,2.681
6122.87,1579.54,0.25797,50.3172,799853.75,96.6881,3592.07,16.0,39.9237,1.707
9413.22,2295.75,0.24388,88.1962,1350331.9,116.696,4057.57,91.0,34.9538,2.508
7039.21,2181.01,0.30983,72.5927,1032257.3,84.1222,3400.16,30.0,38.9741,16.934
14366.5,4264.03,0.2968,187.401,2007145.6,234.082,4424.26,64.0,27.3459,3.397
12273.0,2559.16,0.20851,144.772,1744913.8,182.159,4613.04,54.0,29.9342,0.955
6626.3,1860.3,0.28074,69.6744,903930.06,85.6583,3053.76,52.0,38.4664,1.937
17086.3,5514.63,0.32275,186.971,2444590.8,283.152,5381.08,133.0,25.0615,8.984
8109.42,2800.03,0.34528,64.2752,1118954.5,109.461,3484.87,73.0,36.803,15.221
7673.65,1881.9,0.24524,60.567,1082040.4,85.2157,3339.52,32.0,38.5768,12.242
7088.55,2565.55,0.36192,62.8156,1030632.06,96.3782,3234.41,31.0,39.0672,1.327
8214.53,2999.05,0.36509,65.7991,1097380.6,135.632,4030.68,59.0,35.618,6.951
9187.27,2318.88,0.2524,83.9249,1316575.9,110.922,4101.88,95.0,34.5548,1.842
15033.9,4110.6,0.27342,256.016,2040635.8,262.647,4846.82,280.0,27.2225,3.978
8190.56,2068.93,0.25259,84.7412,1159903.0,108.817,4001.47,46.0,34.8769,2.211
15951.7,4486.49,0.28125,211.238,2207746.8,266.528,5231.37,185.0,25.148,3.428
6924.38,2021.79,0.29198,72.8656,928056.44,95.2836,2948.26,97.0,38.8469,1.829
7900.73,2323.07,0.29403,93.7084,1096545.2,111.774,3093.23,21.0,38.1987,0.814
8807.01,2274.17,0.25822,84.1675,1182191.1,122.275,3764.45,38.0,34.6644,2.011
10153.1,2641.62,0.26017,104.064,1437597.6,133.433,4564.99,51.0,31.775,4.035
13585.6,3638.02,0.26778,187.144,1847916.2,216.244,4601.09,180.0,29.3517,1.89
8243.24,2532.0,0.30716,96.2443,1168381.2,115.599,3560.8,89.0,36.8477,2.272
12940.4,3574.23,0.2762,155.73,1798504.8,233.979,4391.7,83.0,29.9077,1.588
11545.4,3141.54,0.2721,146.128,1600828.9,184.302,4342.78,19.0,30.981,2.299
8268.51,3377.47,0.40847,63.5814,1218626.8,114.725,3553.67,37.0,37.0229,1.182
9210.75,2409.21,0.26156,72.362,1256591.6,121.484,3780.46,39.0,35.3156,4.121
8747.44,2771.11,0.31679,72.975,1193768.1,116.217,4412.93,84.0,35.1438,19.094
13007.7,3515.7,0.27027,134.446,1807637.9,166.563,4600.43,56.0,30.6744,3.191
12836.7,3459.77,0.26952,150.328,1829404.0,199.337,4824.46,177.0,29.3767,14.864
7685.05,2828.02,0.36798,51.9482,1007293.06,121.178,3883.94,58.0,36.9987,15.818
11096.5,3668.48,0.33059,94.5199,1579449.2,151.716,4746.48,11.0,35.17,2.525
6002.51,2059.6,0.34312,60.149,787340.2,100.221,2712.01,5.0,40.2786,14.429
8163.4,1878.97,0.23017,74.0312,1192149.6,98.5346,3081.55,20.0,37.8084,1.483
5877.13,1009.62,0.17178,53.0776,808702.0,66.6376,3052.71,20.0,39.6317,4.185
7733.38,2587.41,0.33457,63.1407,1071678.4,100.918,3272.79,106.0,37.0864,16.617
12196.6,3134.56,0.257,150.222,1744085.0,171.981,4721.9,26.0,29.2118,1.749
7537.19,1491.56,0.19789,62.7929,1053027.8,84.4852,2910.1,41.0,32.7951,11.731
9347.72,3121.2,0.33389,111.222,1269359.9,173.453,3720.62,16.0,32.9592,2.079
7559.25,2035.05,0.26921,88.6294,1046891.6,116.88,3764.61,93.0,34.8764,3.838
6402.21,2009.12,0.31381,54.4206,886475.94,94.452,3603.38,72.0,37.1237,1.417
15028.8,3601.53,0.23964,214.448,2077005.1,241.84,5009.19,126.0,26.7914,2.911
14722.9,2500.82,0.16985,174.306,2056006.4,211.52,4698.85,34.0,28.5309,1.294
3820.29,1014.67,0.2656,33.6537,542329.3,46.7376,1769.12,11.0,44.4546,2.206
13033.4,4490.32,0.34452,156.323,1813992.0,168.64,5200.78,41.0,27.6078,4.361
10242.3,2572.27,0.25114,121.527,1438120.6,142.701,4383.35,53.0,32.9502,4.195
10492.8,3114.65,0.29683,100.448,1510680.8,151.753,4231.02,157.0,32.7934,18.05
20978.0,5738.58,0.27355,295.847,2871945.0,313.06,6547.3,289.0,18.7237,1.751
13262.3,3984.82,0.30046,108.879,1833986.1,172.268,4966.6,87.0,25.6852,16.668
11264.4,2800.34,0.2486,135.919,1560549.6,173.831,4657.59,168.0,28.6917,1.007
13921.3,5256.49,0.37758,164.012,1941145.2,209.539,4969.04,68.0,27.4586,5.248
12284.5,3169.07,0.25797,155.959,1703823.8,199.168,4194.91,69.0,31.7219,1.955
5037.61,1101.23,0.2186,44.353,709915.25,62.9441,2733.0,16.0,41.9498,2.954
4095.09,1243.95,0.30376,33.028,557023.1,50.918,1399.17,32.0,44.4204,11.552
15957.2,4575.5,0.28673,193.479,2100543.2,236.861,5929.8,247.0,20.0922,3.539
7496.95,2158.23,0.28788,82.1673,1084605.5,102.291,3397.01,59.0,37.7782,4.191
9812.4,2327.59,0.2372,87.9273,1369692.6,120.623,4806.8,30.0,32.6022,5.391
12277.8,3506.26,0.28557,156.932,1693915.1,177.892,4365.9,37.0,30.987,3.308
12205.0,2628.58,0.21536,153.057,1658406.9,220.158,4559.64,113.0,29.8773,2.269
12404.6,4484.85,0.36154,119.361,1800071.8,176.741,4019.34,155.0,34.7289,17.045
20016.8,6110.84,0.30528,191.214,2855718.2,275.978,6111.75,226.0,22.8445,18.669
16790.4,5111.85,0.30445,107.423,2417448.8,197.016,6732.76,84.0,25.7628,19.901
14264.5,4396.38,0.3082,154.129,2029609.5,234.887,5029.21,46.0,27.5961,18.559
7645.98,2092.18,0.27363,76.367,1013900.8,110.756,3582.48,28.0,37.0784,18.824
9434.11,2699.42,0.28613,85.5126,1329403.1,124.702,4164.3,42.0,34.9624,1.572
16354.8,7488.6,0.45788,125.466,2268082.5,249.64,4620.95,93.0,28.3041,17.584
12571.0,4145.14,0.32973,123.737,1773445.1,162.507,5113.06,151.0,27.9886,15.3
11862.6,2817.75,0.23753,149.415,1587896.8,179.633,4510.74,60.0,24.4228,4.312
11800.7,4508.42,0.38204,98.7653,1661911.5,151.315,4193.88,31.0,32.8598,11.907
8689.28,2036.59,0.23437,73.1912,1211609.8,101.837,3959.12,72.0,35.4685,14.778
7199.38,2608.42,0.36231,64.6654,1050754.0,92.6375,3212.27,30.0,38.8222,1.43
10146.4,2743.38,0.27037,97.1487,1432729.8,120.225,4149.5,103.0,33.3428,4.353
8171.52,2746.53,0.33611,83.5421,1155028.6,125.786,3500.78,36.0,37.1642,7.341
14464.2,3924.8,0.27134,175.72,1975185.2,241.258,4829.29,29.0,28.091,2.857
7336.12,2816.63,0.38394,66.1351,1052268.9,99.9295,4331.03,54.0,36.2138,13.648
8614.83,2210.99,0.25664,85.5114,1180210.1,118.424,3725.69,36.0,35.526,1.87
9017.08,2640.87,0.29287,76.6562,1255613.0,115.043,4306.55,61.0,33.976,2.807
9964.21,2913.45,0.29239,99.3416,1380774.4,146.671,3714.57,121.0,35.0446,1.171
14343.7,4122.93,0.28743,205.575,1987776.2,242.81,5334.93,289.0,24.7508,2.108
12127.7,3182.99,0.26245,162.887,1714154.1,203.84,4708.79,66.0,28.6727,3.338
5948.94,1876.28,0.31539,47.2192,762171.44,91.2352,2893.69,45.0,40.2273,16.506
5838.06,1789.87,0.30658,68.9772,808724.3,82.803,3047.4,36.0,40.2415,1.642
6401.42,1780.88,0.2782,54.4927,871267.3,81.8501,2625.2,8.0,40.1823,4.161
7587.41,2063.42,0.27195,67.1856,1004279.2,100.719,3284.71,16.0,37.7521,6.72
17075.5,4307.43,0.25225,231.548,2352724.8,290.594,5199.4,201.0,25.0304,4.393
9056.72,2304.38,0.25443,88.8668,1223703.8,120.644,3768.46,40.0,35.0394,1.866
23203.8,8872.24,0.38236,175.613,3199231.2,398.476,14960.24,124.0,22.8428,10.737
10370.1,3776.11,0.36413,119.711,1470142.0,169.478,3730.85,137.0,36.1417,17.454
7390.33,1773.66,0.23999,58.7325,1028201.6,90.0794,3131.1,19.0,38.6019,13.87
5186.9,1539.75,0.29685,40.9543,713771.8,69.2401,2562.85,48.0,36.7074,17.09
10153.9,3039.75,0.29936,110.922,1394441.9,135.151,4388.05,109.0,29.7557,20.276
15626.4,4607.14,0.29483,209.59,2054821.8,241.667,6264.35,255.0,21.5324,2.49
6842.89,1927.67,0.2817,69.0171,983105.6,85.9222,3164.33,19.0,38.8937,2.632
14868.5,5477.53,0.36839,138.805,2127371.8,201.638,5323.2,81.0,25.441,18.154
3900.21,1203.07,0.30846,35.213,532363.9,49.6825,1400.66,17.0,44.3176,1.528
7126.99,1633.85,0.22924,87.4854,993086.2,104.35,3863.95,17.0,35.9846,1.298
13297.8,2867.19,0.21561,168.37,1812033.8,205.162,4747.6,94.0,28.6233,1.809
7825.98,1608.38,0.20551,74.2263,1118699.5,109.392,4046.02,104.0,34.936,1.095
4480.52,1259.39,0.28108,36.2936,592486.6,55.0484,1418.69,33.0,44.4497,12.098
12589.5,3411.49,0.27097,155.253,1795466.1,182.344,4796.51,44.0,28.4068,1.951
4196.93,1320.2,0.31456,31.512,583620.6,51.1797,1359.08,59.0,44.1479,9.574
7449.02,2438.22,0.32732,74.8399,1034482.94,102.48,3759.46,28.0,36.2624,2.255
17710.6,5023.2,0.28362,228.524,2506679.0,264.536,5607.29,124.0,21.7949,3.979
10376.2,2613.88,0.25191,127.337,1434676.1,160.093,4635.26,73.0,29.0425,1.688
13924.2,3925.89,0.28194,176.131,1960131.0,235.084,4498.43,19.0,29.8553,2.879
18206.1,6358.37,0.34924,152.628,2502164.8,259.386,6323.5,129.0,21.7099,17.014
16151.4,5002.35,0.30971,111.602,2306456.2,206.885,5894.27,97.0,26.6913,17.868
8073.04,2562.97,0.31747,66.9819,1079662.6,103.618,3372.95,80.0,38.3034,15.364
7853.1,2854.25,0.36345,67.8368,1060831.2,116.86,3687.38,40.0,36.8266,16.118
9879.68,3807.8,0.38541,68.7983,1398318.9,138.751,5417.88,63.0,30.0262,16.105
7786.3,2470.25,0.31725,73.6619,1050355.5,108.12,3109.34,115.0,36.0948,1.942
8840.63,2507.31,0.28361,89.0498,1250413.4,133.948,4075.5,167.0,33.5171,1.212
12989.9,4015.73,0.30914,152.471,1795215.8,224.683,4466.28,84.0,30.6518,5.019
4687.3,1481.59,0.31608,25.1673,645508.6,61.3361,1994.52,22.0,42.0838,11.547
6541.19,1309.31,0.20016,55.0229,937373.8,68.7832,3511.46,51.0,39.7619,13.188
15663.3,5377.34,0.3433,194.054,2043078.8,233.169,4412.28,105.0,30.0414,3.291
8384.56,2268.04,0.2705,70.927,1200348.2,95.2923,3232.42,68.0,38.2675,18.591
7319.36,2275.83,0.31093,61.6531,985347.4,97.2618,2760.85,58.0,38.4591,14.606
9560.52,2523.3,0.26392,100.531,1307220.4,154.797,4166.02,67.0,33.5116,0.964
14068.2,4633.91,0.32938,163.688,1963918.0,238.815,4718.46,12.0,25.7339,0.0
9395.12,2360.69,0.25126,93.8747,1304165.2,118.035,3914.94,18.0,34.156,2.285
4470.14,1381.41,0.30903,34.6622,603905.2,59.5927,2519.93,36.0,41.578,11.586
4270.02,1635.57,0.38303,26.3752,596076.6,56.2058,1789.22,11.0,43.9148,10.518
4638.33,1280.67,0.2761,45.3874,660283.9,65.7433,2435.99,47.0,42.4604,7.429
8324.1,2552.58,0.30664,98.1492,1123521.9,126.184,3260.23,77.0,38.5114,2.337
10108.7,3181.79,0.31475,83.3939,1427625.9,138.222,4211.69,74.0,33.7974,14.439
8721.2,2451.89,0.28114,99.4435,1208142.1,145.212,3262.04,17.0,36.3615,1.226
16439.8,6229.64,0.37893,178.296,2257655.5,267.86,5916.12,149.0,26.8871,15.2
8554.1,2440.26,0.28527,88.5963,1155737.2,129.453,3892.27,49.0,34.2397,17.048
6688.4,2347.36,0.35095,78.3576,904373.6,99.6922,3272.27,53.0,38.4553,1.145
20506.9,6460.54,0.31504,238.455,2810493.2,291.793,5809.66,172.0,21.3846,4.674
9867.49,3099.98,0.31416,84.5678,1389098.0,131.072,3721.92,81.0,36.3194,13.795
18515.7,5956.8,0.32171,248.03,2520924.5,325.441,5734.46,319.0,20.0723,2.619
9550.36,2617.94,0.27411,88.4349,1362533.9,132.866,4888.44,34.0,32.4787,4.819
4651.11,1147.19,0.24664,39.7154,617951.0,66.0155,2683.99,14.0,44.0927,8.368
4287.5,848.04,0.19779,41.0436,570565.9,53.7457,2591.75,11.0,43.7566,2.673
15800.1,4795.11,0.30348,191.352,2138199.5,239.714,5202.19,215.0,25.676,2.912
3844.62,1271.04,0.3306,33.3444,532512.3,49.4768,1358.16,24.0,44.5214,1.501
5435.86,1339.57,0.24643,50.2276,797929.2,60.9472,2210.89,74.0,42.7741,3.47
10169.9,1985.34,0.19521,95.7779,1428321.6,121.754,3999.94,59.0,33.3032,18.713
6401.0,1791.32,0.27985,69.4968,914159.0,80.4041,3105.76,14.0,38.3207,2.168
7576.59,1818.44,0.24,63.7178,993463.94,92.1581,3341.01,53.0,39.7612,14.19
4044.76,1224.91,0.30283,34.5872,550491.4,49.4594,1395.99,32.0,44.5104,11.366
8741.04,2579.44,0.29509,90.1708,1241534.2,109.904,4078.17,24.0,35.5293,3.014
8275.81,1994.56,0.24101,85.7942,1171395.8,109.772,3806.55,2.0,33.9999,1.915
8338.13,1979.44,0.23739,99.0214,1158165.1,130.921,3537.69,34.0,34.8074,1.95
16307.5,4891.05,0.29992,146.423,2313100.2,192.731,5319.08,55.0,26.9032,3.696
8077.73,2846.93,0.35244,66.8449,1172989.8,115.262,3057.69,57.0,36.8777,15.745
19103.0,5393.49,0.28233,293.006,2571461.0,302.083,6562.92,287.0,18.6621,2.179
15970.7,5447.32,0.34108,217.007,2235156.2,266.476,5371.69,291.0,24.3068,1.856
11712.2,3348.26,0.28587,136.308,1606779.5,153.349,4490.99,98.0,31.3001,2.296
15040.9,6318.23,0.42006,201.011,2066481.0,268.132,5243.17,154.0,25.281,12.764
14585.2,4184.7,0.28691,180.246,2023856.9,240.174,4483.46,18.0,30.0203,3.885
12327.0,4068.64,0.33005,95.0032,1753759.9,153.308,4549.67,93.0,31.3214,17.469
4791.93,874.09,0.1824,45.8055,689491.7,56.5552,2185.5,78.0,42.7959,0.724
23818.5,7657.03,0.32147,304.064,3314572.5,408.065,7043.33,108.0,16.06,0.0
15191.9,5103.05,0.3359,180.264,1983513.5,224.963,4226.99,88.0,31.0792,3.962
9748.68,3641.85,0.37357,79.4329,1405827.5,139.313,4228.69,30.0,36.9958,3.669
9066.37,2377.6,0.26224,93.7477,1233205.2,102.151,3967.64,16.0,32.2159,10.238
9714.99,2950.13,0.30366,93.8491,1290987.4,131.838,4416.45,47.0,32.1356,17.111
7646.54,2037.57,0.26646,63.1476,1064418.8,102.209,3022.07,30.0,38.9429,16.892
7326.91,1866.63,0.25476,71.6651,972484.4,101.945,3437.85,77.0,37.3204,3.164
12409.4,3633.87,0.29283,136.931,1702687.8,179.213,4542.53,117.0,31.6014,4.458
7708.32,2775.02,0.36,79.1392,1057535.6,117.859,3370.44,20.0,37.2617,15.076
16137.1,5387.71,0.33387,217.116,2245523.8,266.173,5330.49,286.0,24.6094,2.155
8593.27,1795.09,0.20889,64.9609,1193715.6,91.0103,3403.85,46.0,37.5178,15.423
4309.89,923.51,0.21427,40.9865,569417.8,65.5727,2572.25,10.0,43.4022,2.099
22990.0,5356.68,0.233,319.133,3168455.2,405.399,6216.66,165.0,19.8248,0.972
9149.62,1822.77,0.19921,81.3042,1312576.1,109.767,3520.89,10.0,35.315,5.503
12312.8,3687.35,0.29947,161.483,1739265.4,205.436,4702.45,56.0,28.7528,3.448
6937.52,2736.25,0.39441,81.1189,1003283.0,116.642,3214.74,58.0,31.7842,15.038
6151.47,1654.08,0.26889,52.2718,838867.56,91.1611,2410.73,34.0,41.6066,14.68
8936.76,2361.05,0.26419,90.0799,1253111.1,139.738,4037.71,165.0,33.5502,1.49
8188.93,2335.82,0.28524,75.3571,1127158.4,113.445,3751.87,39.0,34.9705,3.868
6470.97,2299.22,0.35531,51.8224,904339.2,101.835,2494.71,65.0,40.8078,11.247
18448.1,4763.68,0.25822,194.69,2542695.5,229.249,5789.25,102.0,22.1983,18.966
20867.5,6061.66,0.29048,293.924,2857113.8,327.987,6506.21,289.0,18.8175,20.28
6603.56,1844.58,0.27933,66.1115,924273.25,88.8816,2954.19,97.0,38.7235,2.863
11158.4,2645.29,0.23706,112.239,1577057.4,155.788,4337.25,62.0,33.0024,4.596
8496.27,1653.32,0.19459,97.1873,1185221.6,118.947,3995.07,38.0,34.9442,2.494
6186.41,2548.2,0.4119,77.4946,760039.9,130.104,2080.17,70.0,46.5464,0.0
15815.3,4649.46,0.29398,212.206,2189271.2,275.12,5110.72,150.0,26.969,3.8
21842.0,6371.84,0.29172,291.712,2954038.2,329.449,6654.26,288.0,18.7456,1.452
9404.15,3220.28,0.34243,100.363,1304896.2,143.094,4242.56,40.0,34.2236,1.406
10725.2,4110.33,0.38324,90.7222,1498315.9,150.475,4293.21,93.0,32.5272,17.574
6225.9,2240.02,0.35979,59.4181,885960.0,75.815,3310.64,57.0,38.9704,2.771
7730.67,2883.18,0.37295,79.739,1046442.75,113.811,3478.3,51.0,36.7343,10.039
5355.97,1862.38,0.34772,39.3716,743326.6,67.2599,2249.55,51.0,42.988,13.605
5369.38,1850.61,0.34465,42.7601,719938.7,74.3148,3562.51,24.0,43.1403,13.029
4907.88,1581.62,0.32226,37.1983,684299.0,71.5582,2456.65,35.0,42.0834,11.651
8165.64,2284.72,0.27979,70.8055,1173919.6,97.6364,2970.31,66.0,39.0365,16.213
4727.44,1521.2,0.32178,20.8594,636971.4,59.0797,1975.27,41.0,43.4731,10.433
10917.1,3301.52,0.30241,98.7991,1499052.4,163.146,4370.47,34.0,32.9355,5.125
5949.41,2409.75,0.40504,54.6421,808740.9,98.1214,2718.34,64.0,40.4007,3.795
9815.49,3638.26,0.37066,86.9373,1317664.8,159.866,3698.35,21.0,35.1287,17.395
14117.1,5044.67,0.35734,154.123,2036720.1,223.361,5859.45,77.0,25.0816,1.71
7540.66,2858.63,0.37909,69.5598,1058591.9,119.126,3557.9,22.0,36.363,16.843
12078.8,2869.43,0.23755,157.837,1707586.8,194.859,4548.86,105.0,30.2094,2.593
9559.25,2792.97,0.29217,119.752,1343724.0,160.305,4258.59,51.0,33.1964,4.013
12145.7,2964.73,0.24409,87.745,1692410.9,158.077,4299.22,150.0,32.4502,4.124
15353.4,4635.15,0.30189,166.278,2110972.8,262.127,4635.94,87.0,29.2581,2.519
7044.63,1563.59,0.22195,48.9548,1007183.6,100.897,3418.11,79.0,37.9753,10.799
16730.1,5405.1,0.32307,163.763,2378976.2,250.998,5332.76,54.0,28.827,3.53
8251.76,3083.8,0.37371,75.7319,1125023.2,105.714,3160.14,11.0,33.4927,7.726
5198.45,992.84,0.19098,43.265,748385.4,60.4451,2202.57,79.0,42.7663,0.761
8463.57,1890.01,0.22331,81.6124,1194357.9,100.217,3832.19,10.0,34.2998,2.378
5464.47,1628.08,0.29793,44.0423,707715.1,73.9402,2087.51,29.0,43.0005,9.193
7892.17,2191.45,0.27767,67.0635,1129491.1,94.7024,3034.25,61.0,39.0899,15.03
8989.26,3143.54,0.34969,95.9135,1273015.6,126.631,3524.65,109.0,36.1345,12.789
13632.9,4741.73,0.34781,165.161,1926939.4,242.5,4476.24,110.0,29.7074,7.415
8445.41,2265.02,0.26819,88.3161,1197000.0,117.904,3380.94,10.0,36.4801,2.249
14863.6,5605.46,0.37712,200.273,1980156.0,259.149,5166.57,73.0,27.014,5.578
7898.41,1815.42,0.22984,62.7776,1141512.0,79.1254,3221.81,29.0,37.8419,13.028
19406.2,7289.43,0.37562,224.355,2622600.2,320.257,6301.51,151.0,23.5844,1.947
6346.61,1377.83,0.21709,69.9863,895429.8,76.8567,2859.14,74.0,39.4901,6.893
6441.56,1823.23,0.28304,55.3007,887560.44,83.8207,2472.25,42.0,40.0079,13.931
7215.96,2828.98,0.39204,75.855,1001167.2,116.945,3296.11,41.0,37.0932,2.701
7898.76,2502.79,0.31685,90.4168,1115079.0,116.878,3163.48,20.0,36.8387,1.723
4735.82,673.61,0.14223,37.8183,649268.56,52.8891,2273.39,34.0,43.6507,10.59
10239.7,3100.52,0.30279,90.303,1445020.0,139.622,4074.26,76.0,33.429,5.835
9097.72,2168.38,0.23834,85.6922,1288403.2,118.354,4706.05,26.0,32.9224,1.75
12094.3,3567.88,0.295,154.651,1692399.2,199.243,4603.33,130.0,29.8699,20.227
8606.89,2328.5,0.27053,84.8809,1207288.1,113.199,4103.7,50.0,34.8948,1.514
9197.43,3224.81,0.35062,61.5245,1304702.4,135.269,6202.93,53.0,36.8067,12.145
9012.28,3512.31,0.38972,78.8114,1222712.2,133.842,3700.49,96.0,34.3095,10.305
7833.96,3242.03,0.41384,66.6115,1076247.2,124.494,3062.44,109.0,38.0186,16.358
8103.83,1576.99,0.19459,71.864,1136109.6,91.0121,3189.41,46.0,38.7648,13.875
11591.8,2959.89,0.25534,153.098,1622966.0,149.425,4064.98,133.0,32.6218,3.387
12359.9,3780.63,0.30587,96.2507,1716097.1,169.787,4633.9,76.0,33.327,15.503
7057.16,1879.22,0.26628,79.9471,973715.6,85.7856,3092.44,108.0,37.8151,1.692
7906.94,2525.65,0.31942,70.1652,1076678.4,102.591,4071.29,57.0,33.79,5.336
10553.4,2729.63,0.25864,100.362,1479031.9,157.875,3838.43,22.0,33.7273,1.357
5945.21,1462.66,0.24602,62.5783,751198.06,87.0415,3089.75,25.0,38.767,3.482
19744.9,4905.69,0.24845,183.338,2825560.2,243.322,6603.95,225.0,22.657,6.439
6119.36,1833.5,0.29962,62.3594,831666.6,91.3161,3303.96,78.0,39.1547,12.493
8506.7,2913.6,0.3425,36.9261,1166889.8,123.38,3917.31,40.0,37.1718,14.537
10127.5,3119.6,0.30803,126.001,1395885.0,172.861,3911.88,31.0,32.5969,3.182
8579.71,2290.75,0.26699,119.991,1164358.1,130.106,4057.75,111.0,33.5585,3.043
10264.9,3461.58,0.33722,129.192,1396167.1,155.269,4883.48,76.0,29.4944,4.432
5906.66,2201.21,0.37266,61.8584,802049.75,93.6336,2944.34,82.0,40.3516,15.019
11599.1,3077.98,0.26536,133.709,1601964.0,162.173,4479.75,95.0,31.3123,1.785
9567.41,2767.99,0.28931,95.6546,1329981.5,123.889,3829.85,41.0,34.6965,2.861
3556.73,1368.97,0.38489,24.438,489658.25,46.8953,1450.35,6.0,45.0034,8.103
14704.3,4587.66,0.31199,158.143,2044901.5,228.856,5230.35,194.0,27.2192,1.39
22590.4,5556.73,0.24597,288.281,3114370.5,417.669,6229.66,149.0,19.9707,0.94
16363.1,5902.28,0.3607,183.523,2340366.0,242.717,4935.81,58.0,26.4303,6.978
5851.86,746.0,0.12748,51.1293,829288.5,72.2485,2675.72,2.0,42.2287,0.65
16608.6,4296.01,0.25866,231.305,2352451.8,261.698,5536.75,92.0,22.1898,2.253
3944.94,1244.61,0.31549,35.5967,536835.3,48.0621,1387.1,32.0,44.4332,11.557
9604.55,2692.97,0.28038,103.54,1361342.5,153.85,3941.05,38.0,33.2612,1.951
8798.19,2167.4,0.24634,85.8395,1215425.5,99.023,4349.96,44.0,34.9056,16.326
6138.53,2123.93,0.34599,55.8145,837962.1,88.1507,3164.89,23.0,39.4474,7.849
17863.6,6466.64,0.362,246.209,2459844.5,253.799,5551.47,118.0,24.2649,2.424
8646.41,2574.14,0.29771,52.0932,1173611.8,114.639,3889.6,26.0,36.0445,14.744
11735.6,4119.37,0.35101,126.296,1689517.9,172.858,4421.1,140.0,31.578,4.302
11856.1,2255.34,0.19022,150.803,1674603.5,165.755,4641.57,143.0,29.72,1.523
6788.41,1851.65,0.27276,62.0968,926550.4,74.8887,3175.67,37.0,38.9801,9.993
11449.7,2671.95,0.23336,126.608,1607668.4,156.963,4506.08,25.0,32.5327,0.0
6914.85,1848.62,0.26734,69.3784,925260.0,95.2485,2991.72,24.0,39.0721,1.878
6697.7,2298.36,0.34315,54.0767,863524.7,112.123,2866.62,57.0,39.0331,13.302
7699.47,2585.57,0.33581,86.9688,1065619.4,149.293,3930.64,38.0,35.9629,16.25
7883.95,1550.18,0.19662,87.7127,1054740.1,132.535,3723.44,114.0,35.8688,15.584
10151.5,3326.52,0.32768,131.25,1358186.0,163.767,4009.27,42.0,33.9836,2.181
10615.0,2428.28,0.22875,139.227,1407978.9,165.354,4431.36,46.0,30.4462,2.231
14557.8,6305.81,0.43315,180.547,2028368.8,262.473,4490.33,114.0,29.4323,20.071
7857.03,2562.98,0.3262,68.674,1083276.8,100.929,3501.53,46.0,39.5825,1.963
22683.6,5372.52,0.23684,332.611,3116281.8,398.693,6219.53,159.0,19.6889,1.029
6430.26,1774.28,0.27592,60.0959,873419.2,71.9162,3182.98,34.0,38.8424,3.203
5144.27,1055.46,0.20517,44.4302,721948.7,64.79,2637.28,15.0,42.1243,3.178
18193.8,6625.55,0.36416,185.595,2573288.5,280.565,5754.46,149.0,22.3641,2.81
11146.8,3778.38,0.33896,100.662,1555946.4,145.078,4329.79,86.0,28.0151,15.852
5659.65,1531.82,0.27065,66.8567,709443.1,87.7321,3103.6,16.0,39.4007,3.069
13209.7,3282.74,0.2485,184.006,1807352.2,209.676,4508.84,174.0,27.4767,1.8
7129.56,2543.03,0.35668,61.7316,995097.3,109.815,3149.72,18.0,39.1866,15.317
11322.3,3389.15,0.29933,110.022,1623774.6,138.465,4544.87,54.0,32.5724,17.608
4357.55,1551.23,0.35598,34.689,600948.5,55.0709,1442.93,51.0,43.5816,10.735
11820.1,4536.88,0.38382,166.027,1603032.5,206.788,4827.21,115.0,28.1422,20.93
28404.9,9964.75,0.35081,256.593,3864242.8,374.858,6472.06,251.0,23.4022,20.151
14080.2,3798.02,0.26974,161.243,1982708.8,210.495,5288.91,204.0,26.3259,3.805
18392.1,5107.95,0.27772,252.07,2452832.2,307.482,5648.37,314.0,21.8104,3.099
11241.2,4306.59,0.3831,85.6042,1568938.8,179.103,4492.69,94.0,31.5592,18.206
12320.6,3282.55,0.26642,165.35,1749752.8,196.128,4675.33,118.0,29.3926,2.741
6756.48,1992.18,0.29485,65.5468,929087.2,92.6253,3520.74,77.0,38.2624,9.354
3887.93,759.5,0.19534,32.0467,539989.5,45.8818,1720.76,12.0,46.5464,4.272
5988.49,1743.58,0.29115,56.1665,811300.5,83.1527,2933.73,36.0,40.3114,7.546
7955.67,3007.87,0.37807,66.3883,1129246.1,105.673,2627.87,80.0,39.1729,6.162
20034.3,5897.52,0.29437,171.463,2811147.2,242.586,5752.02,148.0,22.3928,20.557
6801.51,2025.88,0.29785,64.9321,919720.2,90.6151,3041.83,36.0,41.0789,2.209
4946.44,914.06,0.18479,54.5566,662834.44,67.0525,2301.76,22.0,41.9554,12.5
5735.71,1959.72,0.34166,62.8267,797432.1,86.8689,3324.21,66.0,37.7451,1.527
10601.4,2413.43,0.22765,130.282,1435439.5,148.553,3707.16,16.0,34.4336,2.556
4289.13,1538.04,0.35859,37.4609,589427.0,61.0208,1658.86,44.0,44.3571,12.997
7404.23,2377.13,0.32105,52.6182,1055296.5,97.7406,4198.7,14.0,38.9642,14.783
9026.33,2812.27,0.31156,95.8874,1213023.8,133.245,3438.9,21.0,34.0525,2.488
9681.9,2389.99,0.24685,104.989,1320008.1,144.406,4096.82,38.0,33.5111,1.995
6181.04,1477.74,0.23907,66.4028,876411.2,76.2301,3450.2,27.0,30.8459,16.391
5288.24,1328.67,0.25124,44.1199,766209.75,62.7209,2378.31,24.0,42.3698,3.139
9120.99,1908.39,0.20923,81.5866,1291536.2,110.65,4724.58,29.0,32.9606,1.732
4721.51,1294.33,0.27413,37.6492,637389.06,53.965,2030.21,41.0,43.1588,11.008
14260.7,4583.8,0.32142,168.763,1961558.1,248.548,4856.14,32.0,27.8587,3.405
8639.37,2464.09,0.28521,72.9916,1213319.6,103.154,3481.97,34.0,34.2702,14.169
4743.68,894.05,0.18847,45.6783,680356.8,53.6537,2185.54,78.0,42.8376,0.677
5418.4,1965.94,0.36282,45.7249,783277.6,69.4959,3467.14,40.0,41.9094,8.253
6653.24,1752.68,0.26343,52.5083,905951.8,81.8929,2598.2,22.0,41.0232,6.45
14934.8,5292.17,0.35435,72.2744,2052113.8,214.596,14893.84,54.0,34.1139,15.506
14737.3,4159.32,0.28223,178.08,2074218.4,236.781,4585.41,29.0,29.5685,2.476
5511.69,1051.88,0.19084,44.9248,776569.44,59.6211,2800.3,15.0,40.8106,2.921
5529.29,1328.35,0.24023,54.2832,786166.8,69.511,2529.32,48.0,46.5464,0.0
13120.5,3987.25,0.30389,135.301,1819418.4,171.545,4783.51,162.0,27.9817,18.644
12493.4,3995.05,0.31977,114.5,1668178.1,159.529,4906.74,98.0,34.134,15.769
7557.25,1706.62,0.22582,67.4677,996984.4,95.7866,3378.97,18.0,38.6377,15.286
11039.2,2856.06,0.25871,153.126,1562816.8,164.72,4701.34,28.0,29.2482,2.022
9902.38,2484.18,0.25086,131.461,1367200.8,156.368,4653.1,75.0,29.9129,1.984
13274.3,3989.12,0.30051,169.746,1855447.6,198.644,5089.76,67.0,26.6638,2.165
11006.3,3860.26,0.35073,93.3746,1511659.8,159.364,4559.36,104.0,31.2455,16.263
9792.49,3911.92,0.39948,96.0546,1350077.2,138.742,3666.04,45.0,35.898,19.571
19439.1,7889.69,0.40586,148.322,2668748.2,306.129,5243.57,70.0,30.2099,12.222
14161.8,4376.42,0.30902,168.415,1934412.0,224.191,4867.46,120.0,28.7124,4.824
7910.48,2986.6,0.37754,71.8027,1051780.1,129.382,3549.97,52.0,36.053,7.554
14405.3,3181.47,0.22085,208.7,1994666.9,245.224,4989.57,135.0,26.5601,3.01
19110.4,6766.67,0.35408,171.645,2667069.2,316.021,6365.07,156.0,46.5464,2.139
23372.6,5394.91,0.23082,318.199,3217489.0,398.729,6234.09,154.0,19.8235,0.936
13056.7,2714.13,0.20787,170.194,1759440.2,218.602,4809.38,101.0,28.174,1.762
12875.8,3598.58,0.27948,154.594,1762274.6,186.257,4488.5,31.0,30.477,2.413
6522.32,1689.15,0.25897,55.4602,902238.4,79.7217,2601.61,28.0,41.2343,14.746
10632.8,3645.47,0.34285,124.445,1437998.6,190.171,3740.54,33.0,33.2004,2.634
14741.4,4975.1,0.33749,155.985,2005187.4,221.769,5476.04,17.0,30.7288,6.628
8029.6,1729.12,0.21534,77.9293,1145353.4,109.797,4060.92,100.0,34.8486,0.909
5070.76,1437.27,0.28344,46.8142,704572.25,61.9561,1952.1,14.0,43.4178,1.975
8657.95,2217.82,0.25615,107.231,1168983.5,146.623,3981.34,39.0,34.1118,5.707
8386.61,2168.74,0.25859,86.2001,1198745.0,120.117,3429.39,39.0,35.5907,16.529
13482.4,4085.48,0.30302,152.952,1880747.1,197.554,4931.09,85.0,27.9319,5.629
12039.7,5250.33,0.43608,89.9698,1647722.6,207.418,3987.1,90.0,35.0749,19.224
19699.2,5675.12,0.28808,254.719,2631981.2,253.382,5185.21,273.0,24.5145,4.399
13475.4,4814.93,0.35731,168.55,1877843.5,227.605,4644.75,99.0,29.7563,7.19
7725.9,1890.41,0.24468,59.1627,1061217.6,94.815,2723.57,36.0,40.9783,5.744
7283.29,2521.9,0.34625,65.3974,1031261.8,98.3672,4108.49,55.0,37.5005,6.331
9204.5,3168.67,0.34425,81.4933,1242516.9,137.087,4147.54,29.0,34.9595,15.365
13791.8,5624.08,0.40778,162.119,1912445.8,243.42,4907.14,102.0,27.9138,9.43
7098.65,1693.1,0.23851,71.1661,943646.2,101.383,3560.09,69.0,37.3047,1.818
9297.99,3276.87,0.35242,83.9687,1258467.1,134.686,4323.93,27.0,33.5728,3.408
21313.2,6216.46,0.29167,178.147,3045214.8,263.171,6222.12,196.0,20.9266,12.08
8298.01,3253.6,0.39209,80.3295,1110514.0,115.028,3227.27,61.0,36.59,14.291
6243.05,749.59,0.12006,48.1814,875823.5,62.2076,2841.7,42.0,41.135,12.004
9340.47,3024.03,0.32375,72.8915,1307500.4,120.51,4572.9,33.0,36.4241,18.943
10605.3,4331.0,0.40838,90.6229,1502130.4,140.507,4414.34,59.0,32.6522,15.549
10808.7,3807.06,0.35222,103.474,1497679.5,154.616,5081.6,68.0,33.2789,19.114
8898.95,3052.55,0.34302,92.9212,1255886.0,130.787,3766.6,17.0,34.99,4.133
9561.35,3221.08,0.33688,88.0917,1361383.5,135.288,3573.93,8.0,35.438,2.938
7673.29,1992.05,0.2596,65.5745,1112040.5,98.2884,2983.8,41.0,38.9907,16.291
14815.4,4603.73,0.31073,181.645,2039652.8,226.514,5023.95,89.0,29.2868,9.672
5256.2,1204.29,0.22911,39.8721,746370.6,56.5572,1802.2,36.0,44.1288,12.708
13663.2,4772.62,0.3493,190.951,1867150.1,247.856,4554.2,42.0,28.8962,2.114
9407.44,3888.25,0.41331,84.408,1312359.0,141.646,3722.55,118.0,34.8769,4.587
7753.25,2373.81,0.30616,81.9837,1063700.8,94.5649,4061.1,27.0,36.2125,15.569
5209.84,1413.64,0.27134,36.645,715231.7,69.6893,2065.77,8.0,42.533,12.807
7335.25,1328.22,0.18107,69.891,1017101.94,88.3955,3351.64,49.0,37.7065,14.584
5457.99,1051.33,0.19262,49.845,752027.25,68.6438,2239.61,34.0,42.4366,6.488
17152.4,5574.22,0.32498,188.187,2296624.0,267.77,5409.78,191.0,24.4404,2.731
12213.5,5392.93,0.44155,131.379,1697786.8,211.495,4656.17,111.0,32.3888,18.988
4000.26,1087.13,0.27176,33.732,569494.4,46.039,1773.46,12.0,44.4875,1.73
10158.7,3329.86,0.32778,89.0421,1433756.2,128.181,4319.22,86.0,35.3506,10.321
6726.68,2116.77,0.31468,53.802,962982.1,99.7861,3159.91,44.0,37.7607,9.491
9571.44,2731.75,0.2854,91.7409,1308174.2,121.607,3842.53,40.0,35.808,14.081
12569.6,4344.86,0.34566,161.623,1770806.4,229.854,4668.37,115.0,29.2512,6.49
5221.99,1185.71,0.22706,49.6333,684886.94,82.8132,3233.14,10.0,41.2496,1.839
8563.6,3368.66,0.39336,99.1507,1140749.4,152.099,3828.4,111.0,36.2848,17.994
11632.1,2977.45,0.25596,121.037,1584071.8,157.647,3930.99,225.0,32.7067,2.151
10853.7,3434.39,0.31642,97.9811,1459931.9,152.482,4321.72,56.0,36.2471,13.858
9514.37,2756.3,0.28969,130.395,1342067.6,159.009,4390.91,37.0,31.7877,2.632
10414.6,2730.06,0.26213,153.39,1471957.1,148.16,4129.2,131.0,31.1566,17.469
11983.9,3455.57,0.28835,127.037,1705213.9,173.058,4463.94,48.0,30.7803,3.281
7798.68,2736.47,0.35088,71.3688,1061020.8,117.22,3406.85,68.0,37.3129,4.989
8133.45,3373.65,0.41478,81.9226,1077854.8,170.05,3464.41,70.0,37.3908,14.989
5023.05,1935.98,0.38541,34.5384,716065.94,64.7059,2116.74,38.0,42.6835,2.298
7792.87,2334.03,0.2995,69.2817,1059443.8,104.714,3480.27,85.0,33.9837,2.76
9507.44,3762.15,0.3957,88.7331,1345951.9,139.647,3527.23,32.0,34.6822,14.923
9514.76,2508.56,0.26364,119.814,1308243.1,134.979,4161.09,117.0,30.695,2.19
4969.74,1813.48,0.3649,33.8673,689923.25,67.3884,2281.24,46.0,43.4625,8.091
7761.95,1991.96,0.25663,55.1816,1089226.0,94.5088,3516.26,33.0,37.861,12.458
14651.6,4123.89,0.28146,211.187,2020752.2,268.445,5078.15,170.0,25.1442,2.949
16105.5,5567.55,0.34569,158.788,2242949.5,269.946,5629.78,135.0,24.5979,19.001
7842.36,1985.09,0.25312,69.4305,1129218.6,89.3848,3029.5,58.0,35.6299,15.962
7735.49,1695.23,0.21914,66.8065,1109515.2,77.8995,3064.82,40.0,37.2152,11.181
7921.94,2569.2,0.32431,99.7456,1067507.0,122.542,3288.13,79.0,38.3737,1.773
14404.0,3224.72,0.22387,203.978,2020184.6,248.273,4946.61,122.0,25.9791,1.712
10714.5,3918.42,0.36571,98.3293,1468411.6,151.02,4389.29,52.0,31.8731,18.743
6610.55,1825.33,0.27612,67.801,887106.7,90.875,2993.36,20.0,39.0706,2.012
13021.4,4251.03,0.32646,121.221,1829554.2,200.241,6934.51,75.0,28.9006,10.307
6125.29,892.72,0.14574,51.0668,849056.44,63.2456,2781.69,44.0,41.4317,10.743
18159.6,6344.95,0.34939,255.324,2346777.2,232.293,15180.75,179.0,28.4705,4.074
11625.5,4129.21,0.35518,125.902,1585368.4,200.173,4088.82,34.0,31.9269,3.723
7124.17,1914.7,0.26876,66.6195,901844.44,99.6297,3120.14,29.0,37.2343,3.73
5006.57,1375.4,0.27471,35.6967,679994.2,66.0137,1948.27,30.0,43.0161,14.259
4319.47,844.4,0.19548,39.8435,573065.2,65.425,2570.32,12.0,43.4484,2.152
12066.1,2835.62,0.235,143.475,1655349.6,175.24,4448.03,17.0,30.7236,1.592
7415.45,2326.8,0.31377,64.7646,1069496.6,96.5453,2850.74,35.0,38.2829,17.218
7111.99,1657.14,0.233,67.4296,990478.1,82.9556,2889.86,17.0,39.2839,13.56
5543.2,1364.52,0.24616,49.2237,790418.4,72.4513,2853.45,58.0,39.5253,1.509
6717.09,2117.06,0.31517,65.7757,909102.4,97.9365,3092.37,18.0,40.1377,1.564
8852.41,2940.04,0.33211,69.6341,1165681.0,126.896,4637.69,64.0,33.8275,12.322
10736.8,3136.31,0.2921,120.578,1439176.0,165.799,4128.69,33.0,33.1544,1.64
10628.7,4282.08,0.40287,86.6071,1502462.6,160.053,3870.92,41.0,34.5579,17.376
5307.82,1676.65,0.31588,38.9041,732601.1,62.8569,2284.79,51.0,42.8832,13.79
15178.2,4785.04,0.31525,208.384,2110255.0,254.454,5330.03,289.0,24.6892,1.61
6127.81,1652.89,0.26973,49.7654,780158.1,117.396,2539.69,79.0,41.7886,12.526
12422.1,2873.82,0.23134,143.999,1713788.2,204.44,4242.91,67.0,31.4678,2.035
6076.25,1240.07,0.20408,54.8139,831175.44,76.2011,2902.04,17.0,46.5464,0.0
9044.53,4154.88,0.45938,64.952,1286270.5,131.238,2981.02,62.0,37.6801,16.044
5714.47,738.9,0.1293,49.6307,807400.1,69.2465,2699.15,2.0,42.1077,1.141
5853.68,2028.56,0.34654,74.906,807939.56,86.0887,3043.02,36.0,39.7585,1.918
9505.62,2338.77,0.24604,110.064,1312856.8,137.548,4173.84,58.0,34.2083,1.977
14667.2,5194.97,0.35418,189.739,2009243.8,261.025,4641.24,46.0,28.965,2.298
5306.73,2309.31,0.43516,40.7302,745910.5,89.8767,2622.44,38.0,40.8788,11.228
9922.31,3488.23,0.35155,98.3747,1400124.0,139.581,3702.96,13.0,33.9934,2.388
4803.16,1071.38,0.22305,45.1229,670151.6,57.0827,1933.6,12.0,43.3501,11.501
6597.18,1679.5,0.25457,57.5928,950414.6,86.7329,2386.75,26.0,40.825,10.345
8680.29,2284.07,0.26313,92.2594,1225728.1,128.411,4063.61,164.0,33.3362,1.338
13208.2,3632.8,0.27504,165.79,1857195.6,195.466,4634.99,48.0,29.7985,1.522
6626.49,2175.57,0.32831,62.1423,954291.44,99.9181,2470.31,57.0,40.9255,15.341
16584.2,5892.85,0.35532,198.645,2233837.0,239.353,5407.45,151.0,24.1655,10.889
21278.6,5842.31,0.27456,289.455,2892438.0,321.505,6603.69,279.0,18.7297,1.627
8087.7,2399.44,0.29667,65.1826,1121400.6,112.969,3508.12,20.0,38.2184,18.702
9362.6,3472.63,0.3709,103.37,1290197.1,157.337,4365.36,50.0,33.7149,2.225
7281.07,2764.88,0.37973,62.765,996338.9,130.591,4258.73,83.0,34.5311,3.045
20742.4,7922.77,0.38196,214.465,2753519.0,318.634,6967.95,200.0,22.8015,19.739
8097.82,2300.45,0.28408,67.132,1128480.2,91.0345,3527.68,37.0,36.7983,17.927
7652.61,2597.28,0.33939,82.4163,1070859.1,132.396,3261.55,94.0,37.7611,14.938
8498.09,3282.02,0.3862,91.6857,1195294.9,136.416,3355.0,70.0,34.8258,18.201
7397.23,2628.67,0.35535,60.2524,1037534.56,97.6881,3509.1,58.0,36.9001,9.538
17035.9,4712.99,0.27665,228.055,2365497.0,275.116,5707.32,196.0,22.0228,1.971
9140.86,3407.64,0.37279,96.0522,1286979.4,117.437,3892.57,40.0,36.8503,14.821
12914.9,3673.14,0.28441,156.414,1783899.6,226.556,4440.28,80.0,31.205,1.613
7396.45,2451.71,0.33147,64.2228,1029583.4,93.9954,3349.16,25.0,38.4351,16.786
15965.4,4508.2,0.28237,238.228,2204925.2,280.146,4743.13,286.0,27.6867,4.581
8111.72,2362.16,0.2912,95.8504,1145433.5,112.521,3546.21,93.0,36.8345,2.155
7848.69,2814.13,0.35854,69.4373,1060209.1,110.639,4161.36,67.0,32.2311,14.809
9248.01,3603.72,0.38967,94.5549,1328243.9,138.444,3542.36,50.0,38.9012,16.119
9144.81,4272.63,0.46721,67.6266,1346514.5,132.558,4800.7,28.0,33.5966,19.976
7339.34,1839.46,0.25063,53.6011,1010633.6,90.7308,2642.6,37.0,40.4934,12.669
17243.2,5186.63,0.30079,180.422,2427821.8,257.855,4726.1,97.0,28.6857,20.968
6024.58,1499.35,0.24887,56.3728,821359.9,82.7743,2476.56,28.0,39.8988,13.479
7583.33,2505.11,0.33034,70.8269,1033261.56,106.711,4078.32,68.0,35.3231,6.534
15262.2,3371.06,0.22087,193.304,2090143.0,255.451,5128.75,166.0,24.3949,1.936
5091.75,1650.17,0.32408,41.2495,677501.94,73.031,3133.12,19.0,43.5991,9.031
18320.6,4925.59,0.26885,241.556,2519178.8,304.321,5268.14,209.0,24.3757,4.238
8799.66,2651.74,0.30134,57.0458,1193411.8,116.867,4483.56,29.0,34.9572,14.546
6396.03,2436.65,0.38096,73.3321,878212.06,96.3995,3069.01,40.0,40.2479,3.728
14751.4,4157.59,0.28184,197.178,2057502.2,222.528,5618.46,142.0,22.8367,1.046
15699.3,5576.13,0.35518,166.329,2246378.8,235.001,6314.63,63.0,21.5952,20.658
7329.1,2094.15,0.28573,79.0969,994072.3,116.601,3082.23,81.0,39.1424,1.216
17645.0,6395.36,0.36244,240.776,2417070.2,267.924,5557.23,147.0,22.7807,2.164
3985.5,1226.45,0.30772,33.7764,546193.4,48.6493,1385.55,17.0,44.3799,1.336
8551.47,2193.58,0.25651,85.3349,1213694.8,123.633,3693.05,94.0,36.5378,15.095
8025.84,2133.82,0.26586,85.4064,1105550.2,111.438,3108.92,22.0,37.6756,0.578
8508.33,2496.89,0.29346,87.2565,1169339.0,122.198,3319.83,21.0,36.8387,0.854
9321.53,3806.14,0.40831,68.2146,1315009.1,139.296,4068.36,23.0,38.3281,12.649
11643.8,3567.99,0.30642,140.563,1591833.4,178.885,4478.05,85.0,31.2369,3.181
9454.13,3404.2,0.36007,89.4701,1303523.0,139.039,3920.01,16.0,36.5254,14.509
6606.22,2142.96,0.32438,65.2948,937870.3,94.5624,3091.51,34.0,39.6844,9.117
15399.5,4853.63,0.31518,178.44,2136974.0,255.597,5420.21,156.0,24.7284,2.339
8443.45,2508.73,0.29712,75.431,1170595.5,118.473,3297.86,45.0,36.884,17.69
5142.18,1576.16,0.30651,40.8061,679138.5,70.2401,3082.91,14.0,42.5709,9.569
8589.12,3096.77,0.36054,83.6376,1153044.2,129.804,3470.09,37.0,37.3311,12.907
8805.52,2129.46,0.24183,92.7671,1228420.0,103.363,4237.89,108.0,29.4051,17.493
6487.19,1469.75,0.22656,59.2205,855008.44,85.7186,2972.95,40.0,39.4231,18.148
6151.08,1624.7,0.26413,41.2793,833134.44,90.4375,4061.16,20.0,39.8696,16.996
6981.62,1744.75,0.2499,55.7799,1007949.1,69.6855,3273.26,22.0,40.8082,15.745
6744.39,2660.74,0.39451,48.5841,946595.3,99.806,3486.33,30.0,39.8113,5.727
14953.7,4970.05,0.33236,238.052,2040399.5,260.104,5264.36,137.0,23.5671,2.292
9540.41,2723.66,0.28548,115.675,1340418.9,154.579,4192.62,37.0,33.6091,2.767
8430.44,3562.17,0.42253,86.3009,1172575.8,123.935,4113.51,42.0,33.019,12.858
7804.04,1992.05,0.25525,72.2631,1069911.6,94.2606,3643.11,96.0,35.4145,11.741
6803.12,2252.11,0.33104,58.9536,941777.4,95.7165,3725.86,72.0,38.9618,2.254
17556.8,7476.7,0.42585,130.807,2512582.0,258.101,6093.86,146.0,22.4331,19.981
12444.7,3356.4,0.2697,160.479,1792962.5,195.259,4651.52,93.0,30.1139,2.643
6884.02,1741.46,0.25297,73.3301,914070.94,103.545,3471.11,76.0,36.7419,1.902
7814.93,1983.93,0.25386,84.7036,1093861.9,105.571,3885.8,23.0,36.0209,1.559
14141.5,3580.67,0.2532,210.173,1960887.5,251.468,5061.71,164.0,25.3876,3.032
8416.42,2712.95,0.32234,67.1159,1144863.9,116.296,4009.1,51.0,35.4389,14.233
10792.9,2654.73,0.24597,137.156,1500355.0,170.709,4731.31,177.0,28.5891,0.697
7983.54,2091.18,0.26193,69.8594,1128460.1,96.3078,3313.06,21.0,35.4145,19.46
9268.32,2227.48,0.24033,99.9854,1295719.4,138.764,3662.93,12.0,33.9608,1.453
22472.2,5454.76,0.24273,333.414,3088609.8,398.453,6220.34,167.0,19.8343,0.985
7596.41,1748.33,0.23015,73.0492,1071393.4,83.2382,3050.39,38.0,36.6432,14.983
4650.63,1192.17,0.25634,30.7951,646943.0,53.1889,2172.91,52.0,43.7063,6.956
9166.46,2658.46,0.29002,107.629,1291171.2,117.454,3442.73,52.0,36.2144,11.514
11981.7,4139.0,0.34544,117.113,1680532.8,170.039,4614.26,76.0,31.9097,3.798
8012.19,1674.38,0.20897,66.5202,1139317.1,100.202,2522.73,47.0,40.6069,13.848
8994.6,2392.9,0.26603,90.6602,1259165.1,135.274,4125.78,170.0,32.8087,1.454
14719.7,3841.72,0.26099,170.593,2100684.5,209.164,4806.49,97.0,26.5045,18.891
9184.8,3005.1,0.32718,102.188,1278344.0,134.016,3652.38,14.0,35.1958,1.972
12356.5,3753.89,0.30379,144.514,1735446.6,167.2,5064.54,37.0,28.297,3.916
7875.56,2234.77,0.28376,63.5555,1100510.0,108.547,3360.83,89.0,36.9866,2.793
15413.4,5219.52,0.33863,199.284,2008970.5,221.392,4260.41,102.0,30.8907,3.197
5047.65,1880.73,0.37259,34.5601,728813.5,71.9778,1258.79,35.0,45.077,18.608
7470.22,3235.35,0.43309,53.7007,1040723.1,132.336,4688.51,63.0,38.5105,13.935
7344.83,2823.75,0.38445,78.7325,1047585.7,134.688,2806.7,46.0,33.445,13.714
19507.4,5969.35,0.306,154.667,2704130.5,246.314,6794.24,146.0,22.895,15.194
8176.68,2975.07,0.36384,74.1169,1118066.8,115.361,3548.6,100.0,37.2532,15.877
14966.3,6608.36,0.44154,97.2204,2102062.8,240.169,13572.62,75.0,35.4721,18.768
10160.2,2994.32,0.29471,86.3157,1362793.6,145.049,4084.24,21.0,34.0686,18.861
8277.9,1889.72,0.22828,113.971,1158503.8,117.075,3978.83,61.0,32.9587,4.504
10239.0,3163.24,0.30894,127.086,1374096.4,166.824,4033.17,36.0,33.5801,1.511
11679.0,4584.77,0.39256,135.907,1619824.8,181.62,4704.04,85.0,30.4981,13.601
8366.48,2464.29,0.29454,57.2637,1146117.1,116.59,3214.72,16.0,37.7588,9.225
8333.23,2008.65,0.24104,85.4837,1183214.0,103.553,3920.11,37.0,34.9422,2.299
12969.3,4649.53,0.3585,134.478,1767904.8,197.392,4027.96,151.0,31.8186,20.824
8289.07,2570.8,0.31014,100.837,1123820.6,137.365,3804.09,46.0,36.2408,13.351
6693.07,2383.21,0.35607,62.9831,918470.5,92.6733,3200.33,44.0,38.4096,6.438
11578.4,3626.69,0.31322,115.052,1608933.2,177.78,4211.05,34.0,30.7939,2.298
22255.9,8615.41,0.3871,182.82,3064213.5,357.718,15547.66,128.0,22.9648,13.604
10512.1,4224.41,0.40186,91.6952,1464778.6,155.431,4012.55,8.0,35.3575,8.754
11164.6,4081.4,0.36556,93.3492,1580222.9,161.446,5527.04,98.0,30.2709,13.15
7851.47,2190.24,0.27895,63.7244,1092900.9,103.729,3407.64,93.0,36.6739,1.892
7733.19,1781.38,0.23035,57.1942,1083085.2,87.9857,3546.2,18.0,37.8902,9.416
16240.1,5795.63,0.35687,182.287,2218216.2,257.963,5991.88,129.0,27.1052,14.851
9868.44,2414.91,0.24471,97.7024,1408358.4,150.446,3911.33,37.0,33.1189,2.191
5295.91,1790.31,0.33805,58.8792,688347.4,93.9897,3245.09,47.0,37.9955,7.454
9380.44,2650.42,0.28254,50.9242,1268554.8,125.352,3849.13,48.0,36.2618,14.847
10052.6,2968.9,0.29533,98.069,1415528.9,136.543,3699.17,124.0,35.1526,2.049
14552.9,5115.03,0.35147,198.038,1999325.5,246.977,4646.48,23.0,28.6267,2.676
4035.46,1208.51,0.29947,34.2434,551732.56,50.1688,1388.67,32.0,44.4616,11.139
12543.1,3493.67,0.27853,144.991,1756521.0,217.603,4555.96,80.0,29.9894,5.05
6709.91,1949.74,0.29057,58.1464,927492.25,78.6142,3250.79,38.0,38.5992,4.494
14621.4,3824.47,0.26156,195.478,1995536.2,207.766,4596.8,176.0,28.9364,1.749
4408.95,1052.11,0.23863,40.9786,590325.6,62.9867,2556.39,25.0,43.5811,10.971
14375.1,4289.19,0.29837,158.288,2043819.4,226.81,4892.96,48.0,29.6996,2.598
4778.0,1258.46,0.26338,42.4846,658022.44,59.2805,1867.19,20.0,43.4795,2.472
6920.21,3495.65,0.50513,74.9398,901725.06,146.683,3129.33,77.0,38.6249,15.73
7754.9,2422.5,0.31238,73.6154,1069616.1,101.641,3163.51,47.0,38.2839,10.956
13006.1,4420.61,0.33988,164.456,1813161.8,227.627,4840.68,82.0,28.635,3.828
7330.21,2151.8,0.29355,77.9005,991487.2,118.837,3060.62,83.0,39.3173,1.568
7016.89,1904.12,0.27136,70.99,982998.56,101.538,3277.41,81.0,38.6221,14.406
17843.3,5731.17,0.32119,207.934,2506146.8,252.298,4834.75,92.0,27.5672,3.769
7331.38,2520.8,0.34383,79.9839,1013276.1,101.999,3751.01,36.0,35.1597,1.978
10921.2,3626.33,0.33204,123.551,1471203.5,165.557,4031.54,53.0,32.3644,1.66
6172.3,2073.01,0.33585,69.4971,853462.5,89.2388,3060.06,35.0,40.3263,6.404
15821.8,4712.43,0.29784,189.824,2200416.2,226.268,5670.34,142.0,22.4735,0.895
22460.9,6827.08,0.30395,296.875,3048251.0,323.228,6645.86,271.0,18.7294,2.143
15241.4,3836.63,0.25172,181.029,2139672.5,238.722,4708.13,45.0,28.0752,1.627
9428.34,3600.82,0.38191,108.156,1315703.5,167.676,4068.41,81.0,33.2157,14.442
6373.92,1743.71,0.27356,61.0607,856953.3,81.061,3105.53,25.0,39.198,5.92
7807.53,2834.56,0.36305,67.3901,1095571.4,107.316,3914.13,66.0,37.5488,14.999
15685.0,5136.08,0.32745,182.367,2172173.5,234.489,6097.83,71.0,21.9756,13.167
7901.36,2319.62,0.29357,88.8173,1077800.4,119.225,4258.85,52.0,31.5772,16.543
5944.27,1521.19,0.2559,54.5403,783096.9,92.1132,3632.73,16.0,40.0288,1.639
5598.7,2039.61,0.3643,53.1696,793674.2,85.5863,2388.72,84.0,41.443,14.679
16502.0,3723.4,0.22563,211.488,2323055.5,245.634,5541.49,89.0,23.7056,2.279
12938.7,2754.68,0.2129,168.319,1752707.9,206.417,4777.36,104.0,28.4354,1.823
6106.72,2140.55,0.35052,63.2771,866351.25,84.3183,2262.27,76.0,41.0013,14.205
10508.2,2871.55,0.27326,95.9436,1500360.8,119.55,4174.65,100.0,33.4008,4.475
8702.22,3491.28,0.40119,71.6707,1215727.5,141.857,4097.44,29.0,34.6533,13.452
8805.47,2712.82,0.30808,93.7052,1247667.9,119.487,3929.16,93.0,33.9752,7.452
19170.2,6577.0,0.34308,292.522,2674072.8,383.125,19143.85,155.0,17.657,12.669
8984.83,2637.48,0.29354,104.29,1245616.0,123.548,3852.35,20.0,34.0598,2.355
5561.1,1780.16,0.3201,58.7316,764167.3,77.6959,3080.21,20.0,40.1133,6.062
22568.6,6873.37,0.30455,307.996,3113822.8,369.914,6303.32,102.0,17.7311,3.26
12251.4,4185.26,0.34161,101.135,1691323.6,168.991,5040.43,76.0,28.7322,16.117
10795.8,2676.62,0.24793,193.448,1509388.2,196.952,3892.28,149.0,33.1184,3.305
9127.86,2660.89,0.29151,98.7757,1249840.6,130.947,3617.63,112.0,34.1501,1.651
13168.5,3748.43,0.28465,126.927,1853524.0,161.48,5605.61,154.0,24.8991,11.734
14958.5,3828.99,0.25597,191.592,2114837.8,211.148,5699.27,67.0,27.4232,1.323
8412.05,2336.15,0.27771,53.9655,1153104.0,116.45,3333.51,33.0,41.7123,18.321
9052.45,2929.19,0.32357,83.4374,1287711.5,129.759,4276.93,87.0,34.0666,6.689
5105.41,1992.24,0.39022,34.4689,723215.0,66.5001,2578.15,38.0,42.7237,1.737
6999.32,2334.05,0.33346,62.8432,937333.75,98.1396,3737.67,71.0,38.0984,5.787
6735.96,1607.86,0.23869,60.4155,924843.94,82.7726,3081.89,23.0,38.7655,8.341
17266.5,5501.59,0.31862,205.256,2259496.5,270.262,6632.39,251.0,21.6471,3.038
7982.79,1740.49,0.21803,60.6466,1103243.0,89.3428,3623.34,41.0,41.043,0.0
5941.69,1608.25,0.27067,59.8822,802172.25,78.5753,3188.62,36.0,39.2894,6.237
14830.9,2959.24,0.19953,177.953,2057812.6,231.865,4731.12,34.0,28.3467,1.343
16170.0,4107.71,0.25403,179.794,2249372.0,214.017,4223.03,145.0,31.2849,1.631
6633.62,2971.07,0.44788,58.9577,916179.06,106.362,3179.29,87.0,38.7896,15.707
5505.22,1889.12,0.34315,45.3051,778061.8,75.871,2040.43,12.0,40.0919,6.093
9714.27,2637.41,0.27149,133.556,1376253.2,146.388,4435.33,58.0,31.7089,3.139
8996.89,3026.55,0.33639,91.4143,1199666.0,133.431,3731.97,51.0,36.0925,1.188
8086.41,1663.13,0.20566,78.3658,1163663.5,100.643,3910.05,15.0,34.9336,1.61
7598.47,3197.82,0.42085,52.1382,1064235.8,113.299,2922.47,61.0,39.0691,14.736
17907.7,6410.46,0.35797,196.075,2515976.2,292.739,4913.89,112.0,26.9911,9.832
8556.71,2637.92,0.30828,66.4389,1177085.6,130.079,4375.4,36.0,37.1889,3.545
5821.35,985.63,0.16931,52.2447,825197.0,67.1086,2726.57,1.0,42.0817,1.856
14930.1,5889.09,0.39444,197.128,1985507.9,266.999,5029.03,79.0,23.4944,9.367
18070.4,5647.19,0.31251,252.092,2455648.2,318.582,5771.68,320.0,20.7202,3.561
8524.52,1802.14,0.2114,83.9,1203232.2,104.94,4702.06,39.0,33.1206,2.552
7330.82,2495.67,0.34043,61.7533,1047710.06,101.371,3685.55,42.0,37.7644,14.316
15810.2,5233.58,0.33102,226.886,2187307.0,262.691,5338.61,279.0,24.7804,2.61
8485.83,2328.56,0.2744,117.61,1160638.2,135.931,4164.74,130.0,32.8037,2.153
7451.07,2530.41,0.3396,76.0769,1006571.06,125.058,3166.88,79.0,38.649,2.026
10801.9,4379.02,0.40539,99.939,1469081.0,172.879,3712.24,102.0,34.5147,19.56
10449.8,3047.55,0.29163,111.292,1498823.2,135.395,3861.62,57.0,34.7331,1.681
10419.4,4016.49,0.38548,66.1913,1436190.6,145.046,4130.0,53.0,36.4153,19.746
6460.06,2254.23,0.34894,54.7169,873203.75,94.1603,2878.04,30.0,39.6113,11.976
10507.2,2517.7,0.23961,124.559,1451637.8,175.234,3962.81,69.0,32.8705,1.686
7604.74,2439.32,0.32076,85.1877,1076478.4,119.472,3342.7,28.0,38.0759,5.343
8630.52,2458.32,0.28484,95.4877,1187139.8,151.265,3225.39,10.0,36.7779,1.72
6850.53,2164.57,0.31597,64.506,948384.25,90.4816,3927.94,73.0,37.7004,3.505
15139.4,4850.35,0.32037,214.205,2101558.5,251.992,5388.22,292.0,24.5716,1.341
9210.21,2652.7,0.28801,52.6173,1273311.4,136.33,4103.05,9.0,34.2299,13.201
4908.74,955.75,0.1947,42.534,663940.44,69.904,2638.29,13.0,42.813,2.32
14320.4,5316.55,0.37125,164.64,1965498.5,217.0,5126.32,144.0,26.6214,8.238
10504.3,3596.13,0.34234,97.18,1438462.5,119.507,6972.22,12.0,35.1392,20.116
5434.36,1999.69,0.36797,37.0595,753236.4,73.5163,2103.69,45.0,43.1289,10.946
10832.5,3710.96,0.34257,121.858,1448406.9,159.757,4974.59,94.0,32.4938,0.669
8550.78,2469.21,0.28877,82.5012,1177848.0,136.106,3786.59,55.0,32.679,10.551
6071.85,2079.57,0.34249,46.8058,839569.25,96.9818,2924.32,62.0,41.0677,13.574
15024.1,3890.08,0.25892,184.361,2119913.8,218.145,5697.0,63.0,22.9965,1.386
5945.62,1850.68,0.31126,51.1412,847288.9,79.787,2973.71,6.0,40.7371,9.276
7598.58,2023.41,0.26628,75.1513,1011979.06,98.13,3392.43,91.0,37.0598,3.24
15887.7,4036.1,0.25403,219.469,2210699.5,262.325,5220.81,152.0,25.2274,2.865
7619.6,1926.63,0.25285,63.2383,1047821.94,102.09,3808.85,22.0,37.8132,2.046
9350.45,4092.1,0.43763,85.2507,1316797.9,141.767,3708.67,123.0,34.9546,4.635
5991.65,2224.67,0.37129,47.3624,831145.6,85.6027,2587.34,85.0,40.6407,13.122
5917.96,1312.09,0.22171,52.2586,853730.94,80.7372,2282.52,28.0,41.1611,8.908
8777.89,2210.32,0.2518,97.4994,1233586.4,126.62,3240.61,4.0,36.8514,0.517
10391.0,2858.42,0.27508,95.1216,1391111.1,150.748,3698.36,21.0,36.6562,16.41
9528.0,3055.01,0.32063,89.9405,1353288.2,146.776,3978.08,6.0,34.8032,1.944
10635.2,3975.16,0.37377,71.3309,1442826.5,146.782,3736.37,44.0,35.2047,4.432
7146.37,2688.77,0.37624,49.6013,973303.25,108.605,4372.44,46.0,35.7149,18.295
6086.73,1188.46,0.19525,53.561,830411.25,67.3191,2481.84,39.0,41.3072,11.023
9290.0,3154.91,0.3396,108.93,1326631.1,169.546,3588.69,17.0,30.5906,6.641
10164.5,4434.48,0.43627,97.7567,1429561.8,152.502,3817.04,73.0,32.8364,16.462
7679.44,1802.24,0.23468,73.1963,1046603.44,92.0316,3559.49,84.0,35.2926,12.661
16391.5,4269.76,0.26048,210.434,2256424.0,273.342,5221.47,165.0,25.1604,2.473
6293.24,1852.2,0.29431,54.63,863113.6,87.5272,2777.66,26.0,40.2491,6.549
8895.55,2323.49,0.26119,93.0526,1255893.2,130.605,4075.2,163.0,33.3296,1.357
10661.1,3763.61,0.35302,102.548,1481112.1,155.676,5083.71,42.0,32.1668,1.904
11921.0,4470.21,0.37498,113.178,1650601.5,181.06,4499.12,52.0,31.9306,18.822
14697.0,4694.06,0.31938,171.766,2013367.6,266.931,4782.76,33.0,28.8157,2.904
9843.24,2956.07,0.30031,90.787,1326066.1,120.028,3805.86,37.0,34.8783,15.932
8367.68,1857.01,0.22192,84.2556,1192518.2,116.237,3990.11,94.0,35.2574,1.467
13203.9,4740.41,0.35901,155.607,1896487.1,222.272,4806.04,150.0,26.7865,14.845
6572.59,2336.52,0.35549,57.4107,921314.4,90.938,2852.84,55.0,40.5278,3.121
5971.28,1375.53,0.23035,42.2214,813818.06,89.4058,3025.82,27.0,40.179,15.353
6804.79,2636.18,0.3874,50.4035,957249.44,100.292,3512.05,31.0,39.7435,5.652
7314.53,2394.92,0.32741,86.1271,1019947.3,123.022,3437.28,72.0,35.8496,15.368
8508.96,2660.52,0.31267,76.2437,1156732.5,108.329,3934.79,91.0,31.6397,12.938
8250.17,2445.95,0.29647,92.7942,1168726.0,105.877,4036.83,26.0,35.2673,3.387
15777.4,5913.89,0.37483,190.498,2198291.8,252.811,5131.92,33.0,26.2916,2.562
8138.89,2555.55,0.31399,60.8142,1126830.1,109.831,3065.51,17.0,38.4158,11.56
8074.99,2251.28,0.27879,72.0787,1099466.8,111.435,3815.24,100.0,34.4545,10.574
5011.31,863.88,0.17238,44.1858,684311.7,57.1007,2571.4,10.0,43.6772,4.587
5590.64,1115.3,0.19949,48.6207,805366.1,70.4171,2857.05,57.0,40.1868,1.505
9824.98,3396.98,0.34574,104.468,1410121.0,156.7,3693.65,74.0,35.703,3.026
7330.9,3378.75,0.46089,66.3801,1075600.4,106.35,3309.44,37.0,38.2771,15.482
4775.67,941.25,0.19709,44.0088,687461.7,52.523,2186.11,80.0,42.8138,0.728
5241.14,1256.52,0.23974,41.4955,717190.2,67.19,2800.47,45.0,42.3331,12.744
10194.3,2131.09,0.20904,91.8302,1425345.6,119.454,4458.65,34.0,33.4044,3.527
10132.6,2217.46,0.21884,130.941,1434819.0,138.787,4266.89,49.0,32.3073,2.842
15338.7,4855.05,0.31652,187.558,2120760.0,263.341,5186.13,110.0,25.4163,7.681
14264.6,5626.21,0.39441,153.533,2020781.1,234.783,5568.53,24.0,26.5504,11.121
9250.46,2240.43,0.24219,104.47,1306903.0,155.588,3831.36,14.0,34.1175,0.529
5926.94,2004.95,0.33827,60.8825,805811.5,100.646,2704.99,27.0,41.1408,10.511
9355.43,2739.02,0.29277,90.576,1328187.4,131.49,3782.95,10.0,35.5309,2.589
21662.9,7495.0,0.34598,190.997,3082235.2,357.82,14808.46,101.0,26.8574,2.895
12383.6,5066.01,0.40909,95.7029,1718028.0,172.417,4123.46,57.0,34.1448,17.653
10484.3,3333.0,0.3179,115.224,1503035.2,133.793,3862.22,49.0,34.8005,2.335
10312.4,3301.83,0.32018,94.2025,1410110.4,114.395,4617.96,36.0,35.4198,20.727
13934.0,4031.86,0.28935,184.778,1974024.2,227.846,4552.62,28.0,30.0463,2.55
7511.68,1923.4,0.25605,56.7886,1071046.0,75.0305,3379.86,16.0,39.1348,5.072
9525.66,2459.39,0.25818,105.007,1359651.0,150.292,3914.78,41.0,32.4857,1.816
10559.8,2887.35,0.27342,95.0926,1492114.0,152.94,3628.27,107.0,35.9904,6.186
14935.1,3136.04,0.20997,165.04,2112462.5,213.76,4079.52,138.0,32.0197,1.4
14815.2,4512.66,0.30459,178.962,2030041.2,250.321,4857.21,34.0,28.1217,2.896
10819.5,2505.78,0.23159,96.1503,1520093.8,124.016,4065.5,48.0,33.2295,15.786
9461.51,2511.86,0.26548,112.315,1302568.4,140.723,4139.48,54.0,34.113,2.371
6909.65,2190.47,0.31701,81.8769,922996.0,111.783,3118.3,83.0,38.8181,1.495
11405.4,3372.7,0.29571,125.636,1622617.5,173.896,4402.43,52.0,30.388,5.037
5962.79,981.9,0.16467,54.8301,828240.25,58.7234,3007.86,16.0,39.9472,2.262
15193.9,4688.96,0.3086,188.452,2106191.8,254.791,5221.33,87.0,25.4913,5.34
15925.2,5006.03,0.31434,90.9374,2233008.5,212.003,4739.68,158.0,29.3406,16.66
12031.3,2313.39,0.19228,147.157,1696528.4,169.484,4692.59,151.0,29.8727,1.774
5204.55,822.66,0.15806,45.79,658731.44,69.4152,1965.3,39.0,43.8167,5.073
20096.4,6020.62,0.29958,244.817,2793418.0,314.829,5469.35,80.0,23.7539,3.249
5503.56,1323.03,0.24039,44.6948,786838.4,58.5922,2418.02,12.0,40.1785,2.195
5721.88,1506.66,0.26331,39.4574,785554.44,90.9412,3082.64,30.0,41.5452,11.486
5941.57,2867.64,0.48264,57.9143,844339.9,88.2454,2720.47,54.0,40.4738,11.031
12969.5,4499.38,0.34692,136.569,1794164.0,182.353,4534.12,48.0,31.4502,4.538
7725.75,2847.63,0.36858,65.7585,1058264.8,108.854,3371.67,103.0,36.9642,20.349
18853.8,7815.98,0.41455,194.131,2504269.5,329.655,5786.08,79.0,22.5388,5.242
4025.81,1206.57,0.2997,32.7381,555345.2,51.3178,1399.1,19.0,44.315,1.447
9896.8,3488.25,0.35246,94.0175,1379759.6,166.762,4471.67,96.0,32.5117,17.393
7451.52,1874.16,0.25151,71.9571,1019248.2,86.4892,3324.37,28.0,38.47,11.893
6201.62,2611.04,0.42102,56.2328,874502.9,87.4325,2681.54,33.0,40.7577,4.742
7027.76,2921.49,0.4157,71.8894,990557.3,103.805,3142.38,38.0,36.5017,5.064
4074.48,1301.24,0.31936,37.3653,548468.1,51.2057,1391.21,29.0,44.6544,11.302
12157.7,4273.87,0.35153,118.452,1687365.0,170.311,4759.36,109.0,32.6897,14.171
6513.68,1431.06,0.2197,59.524,895600.25,74.2538,3279.89,47.0,39.1545,12.919
12435.0,4299.6,0.34576,107.955,1722394.2,164.332,4921.3,82.0,29.2561,18.141
7513.58,1957.86,0.26057,73.7837,1028277.3,139.675,3511.59,38.0,37.6842,14.562
14945.6,3725.47,0.24926,204.762,2052061.1,260.693,5059.68,172.0,25.4996,2.668
11719.8,4683.57,0.39962,99.5675,1616309.0,191.299,4212.26,72.0,32.2797,19.764
16036.5,5019.83,0.31302,181.573,2114917.8,274.43,5293.11,162.0,25.2665,18.656
9985.64,2704.23,0.27081,92.2884,1335660.6,126.342,4547.64,49.0,34.1734,15.819
3936.34,946.62,0.24048,37.0357,536813.5,52.0058,1299.63,11.0,44.8724,6.738
13006.1,3635.6,0.27953,138.405,1776468.8,188.259,4997.82,64.0,27.2267,18.756
4179.99,959.19,0.22947,30.2784,590452.6,43.8961,1950.86,49.0,44.9507,7.822
5860.99,1612.01,0.27504,66.2391,795248.9,83.5623,2843.15,31.0,39.6895,12.853
7567.33,3297.88,0.4358,67.0208,1069465.8,115.504,3758.08,78.0,35.3999,18.087
18066.1,6933.49,0.38378,209.997,2366113.0,285.969,5459.81,202.0,22.6157,20.45
8649.38,2234.13,0.25829,68.0017,1227055.9,102.873,3401.62,23.0,37.1997,12.858
12143.0,3891.67,0.32048,150.645,1716232.4,168.664,5190.18,42.0,27.7906,3.897
9030.13,1980.89,0.21936,95.352,1283721.4,116.106,3820.14,52.0,35.0987,2.822
8855.73,2823.27,0.3188,63.0397,1254574.6,104.706,3628.21,38.0,35.5745,17.029
7944.26,1594.62,0.20072,76.1699,1127700.1,96.6964,3844.09,24.0,34.9336,1.724
4925.83,2049.38,0.41604,24.3886,670400.5,75.7029,2119.59,27.0,44.0257,11.151
10342.4,2830.21,0.27365,129.225,1433679.9,161.802,4661.34,70.0,30.2932,2.073
14939.8,4321.4,0.28925,176.923,2055325.4,233.956,4955.41,29.0,27.836,3.099
6990.47,1614.65,0.23097,68.1364,1014869.0,77.3379,2619.65,31.0,40.0393,3.981
11682.8,2983.76,0.25539,127.871,1602149.5,208.778,4219.9,59.0,31.8886,1.932
6875.98,1992.27,0.28974,64.3416,969560.44,90.8625,3597.79,31.0,38.0537,2.045
8235.47,2378.42,0.2888,98.0067,1163511.4,111.688,3546.13,99.0,36.9166,1.898
9839.61,4074.89,0.41413,75.9042,1350237.8,150.839,3419.98,36.0,36.2773,9.615
9889.14,2322.78,0.23488,121.87,1372701.5,160.722,4597.45,75.0,30.219,1.181
5759.51,1477.49,0.25653,61.1177,725385.8,88.0553,3092.7,16.0,39.425,2.179
8322.01,2144.2,0.25765,100.555,1133852.9,128.444,3397.54,9.0,35.7099,1.298
5068.06,1340.21,0.26444,41.7076,693324.1,62.9545,2572.4,38.0,41.8021,10.48
5784.03,1829.82,0.31635,57.9836,826579.4,78.6622,2579.09,67.0,41.3245,1.899
8045.42,2676.89,0.33272,69.0685,1105810.8,105.786,3510.08,43.0,39.5978,2.071
9927.06,2272.25,0.22889,97.3518,1361142.4,127.891,3712.55,20.0,36.4814,16.514
9536.81,3041.92,0.31896,89.5282,1296032.0,134.377,4401.18,124.0,32.6857,4.259
6039.84,1635.99,0.27086,66.8272,761398.9,86.3537,3077.07,24.0,40.0005,4.232
5917.03,1426.39,0.24106,54.6862,773503.9,78.7073,3091.39,31.0,38.8663,4.646
8980.65,3184.66,0.35461,95.5885,1284353.0,131.482,3761.56,29.0,34.9874,4.429
6016.79,1497.51,0.24888,50.705,841513.6,71.597,3321.46,58.0,39.2289,2.306
6543.42,2435.35,0.37218,59.1351,905337.5,92.1597,3276.77,35.0,38.3174,15.577
8073.53,2104.18,0.26062,78.5216,1158924.2,119.893,3882.72,92.0,35.7056,2.293
11697.6,3952.33,0.33787,120.866,1679329.2,166.22,4633.18,148.0,31.0466,5.602
8125.0,2098.17,0.25823,53.2743,1104978.6,99.1985,2882.99,37.0,38.3763,16.566
8478.45,2428.84,0.28647,90.6719,1167843.9,113.014,3841.69,23.0,37.3026,12.865
5204.68,1586.22,0.30476,46.2256,744488.2,82.7289,2146.34,64.0,43.4015,10.491
9886.97,3180.48,0.32168,165.75,1328538.8,201.841,4676.19,76.0,29.557,10.705
11672.1,4756.46,0.4075,113.837,1673414.9,177.501,5136.58,91.0,27.3348,16.585
9312.4,3185.34,0.34205,91.4233,1326771.6,140.679,3423.56,16.0,36.1276,3.835
7675.1,3422.25,0.44588,83.9916,1080999.2,145.919,3414.26,60.0,35.5835,14.131
4618.61,1417.15,0.30683,43.2296,674904.5,64.0172,2453.1,40.0,43.0482,11.301
11311.5,3158.16,0.27919,134.469,1538584.8,142.701,4523.98,90.0,30.7984,15.996
8317.18,1707.87,0.20534,75.4256,1159913.1,91.971,3288.79,33.0,37.1657,17.656
13437.4,4125.82,0.30704,169.988,1896305.4,213.492,5001.84,199.0,27.5569,2.738
9320.34,2755.82,0.29567,81.8144,1321768.8,121.056,4231.76,71.0,33.1256,5.046
11643.9,3405.29,0.29245,117.777,1695483.4,154.557,3683.93,156.0,36.014,19.741
17523.4,5768.89,0.32921,182.049,2463633.2,254.3,4950.42,39.0,29.185,6.143
7296.19,2217.55,0.30393,66.4315,1009463.25,94.8377,3090.01,75.0,38.0427,3.636
4008.79,1239.52,0.3092,34.6767,543780.25,51.4926,1380.14,30.0,44.4687,11.203
7421.38,1967.42,0.2651,66.2124,1022784.4,95.2164,3246.11,40.0,36.9208,4.318
6473.65,2014.42,0.31117,79.2776,877771.44,98.1491,3256.33,20.0,38.3499,7.18
8350.07,2074.08,0.24839,77.3664,1245456.5,140.358,4025.59,134.0,36.6378,15.546
10305.5,3361.5,0.32618,80.8694,1433346.9,148.867,3871.02,33.0,33.8975,3.469
14695.5,5476.76,0.37268,205.184,2002497.9,264.733,4652.68,46.0,28.5239,2.745
5655.35,1107.49,0.19583,38.5257,774863.25,64.4281,2081.83,22.0,42.3603,16.005
5854.02,1499.17,0.25609,64.0156,735479.0,87.6349,3102.71,19.0,39.4039,2.334
5249.25,735.02,0.14002,52.676,721989.4,56.9507,2876.95,11.0,39.8313,2.291
6043.52,2006.45,0.332,55.1354,840740.2,89.4978,2716.23,42.0,40.5621,1.488
4938.94,1762.43,0.35684,30.7705,689378.7,64.98,2169.86,40.0,43.6037,5.443
7585.76,3120.16,0.41131,57.7387,1068700.2,120.747,3118.79,61.0,39.5882,14.888
6386.48,2068.02,0.32381,41.5011,873581.44,76.8168,3322.31,60.0,38.3162,4.61
5565.44,1006.58,0.18086,52.6008,792290.3,66.1458,2656.03,2.0,40.955,8.989
12086.2,3110.89,0.25739,147.622,1727890.5,172.337,4716.9,24.0,29.2322,1.635
8329.2,2650.9,0.31826,73.933,1178945.5,120.829,3462.91,23.0,34.4556,17.752
9521.54,3199.97,0.33607,84.1949,1356429.4,134.295,3664.09,12.0,34.2672,3.711
3919.4,1261.93,0.32197,35.2567,533144.94,53.2049,1389.46,32.0,44.4666,11.2
7120.3,2070.73,0.29082,66.0349,1020817.3,99.5999,2764.15,59.0,39.9532,14.334
5520.72,1888.81,0.34213,53.4895,756855.5,75.0796,3047.31,8.0,39.4006,8.209
5828.65,1249.26,0.21433,45.2375,858409.7,70.4711,2356.08,73.0,42.2383,11.727
15380.1,6297.97,0.40948,184.589,2113059.2,273.942,5310.46,195.0,28.2354,17.357
16075.4,5715.88,0.35556,185.437,2120067.5,235.745,4341.75,117.0,30.4235,2.881
17622.8,6351.19,0.36039,236.08,2413991.8,275.115,5534.85,135.0,23.1814,1.911
10836.4,3073.61,0.28363,127.059,1535776.6,171.761,4411.37,61.0,32.2303,2.99
9103.15,2531.92,0.27813,97.0085,1249910.2,126.962,3505.92,30.0,36.4785,4.228
7435.49,2438.84,0.32799,88.3364,1000180.0,103.151,3331.08,38.0,38.0274,14.176
5233.39,2295.24,0.43857,48.55,749412.44,80.9533,2468.12,41.0,42.4588,0.0
5582.04,1008.57,0.18068,48.4528,799332.4,67.6073,2882.4,58.0,40.0029,1.112
15903.0,4626.66,0.29093,239.587,2195624.2,272.551,4769.06,279.0,27.8553,4.655
7718.83,2662.27,0.3449,77.9035,1069315.2,100.093,3887.77,27.0,36.6716,2.365
7163.37,2596.06,0.3624,98.8846,950944.75,134.5,3263.59,86.0,38.536,2.101
9143.07,3458.6,0.37827,87.0269,1282716.0,127.144,4212.84,44.0,35.5172,16.41
5890.85,2006.28,0.34057,66.2182,799593.6,79.8038,3076.39,75.0,39.5004,9.763
9472.19,2101.37,0.22184,109.082,1313186.4,132.373,4217.17,54.0,34.1422,1.552
9386.3,3067.08,0.32676,100.65,1317062.4,138.131,4210.8,40.0,34.2605,1.908
16385.8,5329.38,0.32524,235.333,2248649.0,267.904,5432.18,132.0,21.9697,1.854
13417.1,3262.23,0.24313,165.281,1831687.5,213.057,4857.87,120.0,27.8115,3.215
7114.25,1827.74,0.25691,72.0608,981826.56,96.7561,3478.18,68.0,37.7947,7.413
9172.31,2331.68,0.2542,82.235,1221239.4,240.438,3928.18,147.0,34.0786,16.623
4698.09,1553.92,0.33075,38.9119,647015.2,65.3861,1936.37,11.0,44.0607,12.227
5368.69,1794.72,0.33429,38.7821,742100.44,65.0351,2276.67,52.0,42.9122,13.71
8040.37,1492.89,0.18567,80.5598,1142957.1,93.3161,3875.15,19.0,34.9634,1.237
16836.7,5110.77,0.30354,238.314,2340965.0,294.767,4797.0,164.0,27.1881,6.45
6490.03,2019.74,0.3112,62.1038,868936.9,98.1589,3092.24,18.0,40.3599,1.135
4978.72,1607.68,0.32291,44.8531,725193.94,69.9457,2513.89,43.0,42.5307,11.428
9894.07,2008.65,0.20301,64.7613,1408876.1,101.075,4405.03,52.0,35.0134,19.372
4757.14,1203.65,0.25301,46.5645,648210.6,52.995,1845.01,13.0,43.7913,6.2
8481.95,2446.59,0.28844,92.6337,1198922.4,113.812,3634.84,93.0,36.8547,2.268
12278.5,3975.7,0.32379,134.432,1714899.8,185.367,4731.25,83.0,29.1192,4.26
18102.0,6087.23,0.33627,184.06,2470096.5,261.612,5497.72,115.0,24.1574,15.597
7406.83,2646.68,0.35732,55.3338,1047800.7,97.9522,3260.58,51.0,37.0323,14.256
5033.28,1180.96,0.23463,44.1157,708306.9,65.0957,2642.88,15.0,41.9159,3.502
11674.3,3999.27,0.34257,83.0774,1583559.2,179.191,4349.01,127.0,31.8277,3.346
7021.43,2601.68,0.37053,63.7445,997920.3,107.229,3625.58,72.0,33.1289,12.227
15318.0,4303.95,0.28097,212.16,2131112.5,272.412,5155.79,169.0,24.8524,3.746
5615.47,1848.15,0.32911,58.8157,804845.06,82.3223,2495.9,41.0,40.3972,1.782
4419.05,840.74,0.19025,45.5905,596697.4,65.1221,2588.04,11.0,46.5464,2.325
6981.78,1857.46,0.26604,57.9528,946530.94,95.9847,2767.84,28.0,40.9073,5.649
6281.53,2722.35,0.43338,65.5518,856431.1,96.0183,3257.39,61.0,38.1241,14.129
9245.25,4332.53,0.46862,89.7744,1308818.1,161.539,4248.22,102.0,36.8172,15.122
10636.5,3902.66,0.36691,92.1203,1508596.1,138.065,3794.63,4.0,36.0686,6.483
3926.54,1157.77,0.29485,35.0194,534838.4,50.008,1379.88,32.0,44.5265,11.219
7595.96,2163.73,0.28485,70.8468,1058389.1,100.808,3260.19,57.0,35.7581,15.204
16203.6,4948.92,0.30542,210.595,2143096.0,247.927,5991.77,255.0,21.263,2.48
8564.35,3306.1,0.38603,74.4204,1163475.5,107.833,3216.75,12.0,37.9265,7.843
13235.2,4786.1,0.36161,144.652,1843705.9,193.305,4755.97,43.0,32.4279,12.537
6215.46,1452.08,0.23362,57.0963,858300.9,77.205,2776.79,19.0,40.7544,1.819
7807.02,1992.65,0.25523,91.4334,1063081.5,120.057,3837.47,34.0,36.3131,3.853
9736.44,3040.62,0.31229,106.547,1381967.6,161.076,4162.81,97.0,33.2848,14.186
8183.34,2688.29,0.3285,71.6249,1101056.2,108.627,3551.86,86.0,36.8564,4.245
7906.1,1890.63,0.23913,95.0386,1104213.1,119.819,3199.65,5.0,37.742,0.505
6541.51,1578.4,0.24128,52.1442,918596.5,82.7669,2906.6,18.0,40.036,12.69
19960.7,5384.82,0.26977,302.466,2712234.8,306.732,6541.49,283.0,18.663,2.148
4367.97,688.39,0.15759,40.3983,583213.8,53.7961,2560.53,19.0,43.0186,6.034
8356.63,2323.07,0.27799,83.9072,1179213.9,112.975,4022.57,33.0,34.69,3.383
5712.8,1612.81,0.28231,59.4382,741389.2,112.607,2663.46,70.0,35.3177,15.34
13326.0,3775.62,0.28332,156.768,1847034.5,200.338,4811.87,180.0,26.9627,2.028
16934.4,5368.46,0.31701,192.645,2292983.8,286.372,5367.65,192.0,24.7388,3.108
8860.3,2434.29,0.27474,93.913,1206159.4,98.5012,3790.24,12.0,33.6979,19.337
18231.7,6157.16,0.33771,221.482,2494954.5,285.117,6073.42,116.0,21.3812,20.944
6566.67,1454.5,0.22149,55.2867,882447.75,82.0645,2666.41,34.0,41.4521,13.438
7427.32,2373.15,0.31951,61.636,1063611.1,96.5235,3816.89,68.0,39.4244,14.973
5489.16,1994.13,0.36328,48.6008,776062.94,76.137,2268.45,29.0,42.6504,1.958
8931.16,2588.79,0.28986,88.5249,1263013.6,128.562,3353.21,6.0,36.2291,2.876
12664.4,3565.55,0.28154,150.017,1758822.1,211.031,4836.54,59.0,28.5455,2.685
14382.1,3846.6,0.26745,189.074,1957401.8,253.505,5172.02,91.0,46.5464,4.79
6980.97,2514.66,0.36021,61.1236,988655.6,90.9393,2794.62,50.0,40.0774,2.362
4489.85,1236.43,0.27538,38.5931,621414.56,56.4443,2455.68,56.0,42.9532,12.165
7124.14,2892.21,0.40597,71.0924,952613.3,118.47,3098.76,63.0,38.5461,11.66
7014.14,3262.4,0.46511,63.6339,995488.5,103.543,2548.99,80.0,39.8458,11.812
8599.99,2533.28,0.29456,107.939,1188406.0,143.162,4035.52,103.0,32.8783,4.785
10236.4,4431.14,0.43288,94.461,1458380.8,145.424,4632.97,33.0,35.4694,15.852
11817.7,2977.77,0.25197,156.508,1683655.6,163.721,4711.3,24.0,28.988,1.577
5335.16,1745.79,0.32722,55.4202,732665.44,75.1226,3125.64,9.0,38.617,7.767
10774.3,4423.97,0.4106,130.977,1455920.1,207.701,4515.89,172.0,31.2078,7.021
7735.75,2683.65,0.34691,85.7999,1088147.0,140.235,3851.92,89.0,35.3505,16.401
9180.39,2764.44,0.30112,101.424,1255825.0,128.492,3827.65,30.0,33.667,3.606
17080.7,5485.88,0.32117,207.663,2244678.8,259.484,6160.79,236.0,22.0831,2.322
7674.37,2485.32,0.32384,78.4486,1064828.9,101.026,3731.93,34.0,36.3355,1.814
7944.05,2995.92,0.37712,79.7826,1134257.5,126.233,3351.63,32.0,30.3081,2.91
11798.4,3052.09,0.25868,151.102,1647504.2,188.656,4047.1,61.0,31.3007,2.061
14265.7,4133.96,0.28978,147.018,2030495.1,210.791,5537.5,78.0,25.9405,1.897
6213.33,1832.2,0.29488,54.7513,890975.0,91.2522,2402.75,21.0,36.1172,12.128
7871.06,3172.8,0.40309,62.333,1105061.6,130.254,3360.61,51.0,37.7307,14.543
7869.26,1887.23,0.23982,84.1792,1096496.1,111.478,3921.39,98.0,34.7233,4.405
14275.0,4166.71,0.29188,189.388,1900164.9,252.88,4887.87,209.0,28.0145,3.371
15560.7,4161.08,0.2674,193.512,2168859.8,218.567,4815.45,40.0,27.8317,5.529
21238.5,6128.98,0.28857,190.092,2982125.8,274.101,5299.42,54.0,24.66,10.239
9040.15,2137.45,0.23643,95.6242,1247337.2,92.3658,3577.44,17.0,36.7452,16.565
13223.8,4615.0,0.34899,99.4009,1805160.0,191.595,4783.08,143.0,28.7932,4.921
5804.35,1475.71,0.25424,60.763,735086.1,87.0904,3090.53,16.0,39.4637,2.1
11872.7,4757.63,0.40072,152.425,1639280.4,208.205,4949.61,72.0,28.1333,4.838
8215.46,1965.91,0.23929,89.9302,1144934.5,124.357,3211.65,4.0,37.0308,0.43
5415.21,791.2,0.1461,44.1216,767889.4,63.3264,2664.23,1.0,42.426,1.062
9961.21,4081.17,0.4097,87.1929,1355504.9,162.389,3847.14,31.0,35.5069,17.443
11875.2,2206.79,0.18583,153.925,1614004.0,192.691,4922.92,141.0,30.0154,0.545
13839.9,4681.39,0.33825,156.488,1904255.9,230.796,5344.16,194.0,30.208,1.787
14408.6,4553.56,0.31603,157.221,2002450.4,226.363,5264.41,194.0,27.0181,1.412
9392.65,2414.12,0.25702,99.8397,1323864.2,142.068,3529.7,34.0,34.4972,1.37
11202.3,2853.63,0.25473,134.095,1583069.2,174.313,4283.68,51.0,32.1949,1.367
16165.8,5183.23,0.32062,174.062,2343509.8,249.109,5623.73,208.0,23.2651,7.97
8666.99,3564.0,0.41121,77.295,1184460.6,134.285,3264.78,9.0,38.3709,10.163
5768.35,1685.18,0.29214,69.7914,797272.6,83.8455,3054.74,41.0,40.2349,1.47
15010.3,5798.61,0.3863,185.083,2078721.2,260.139,5211.96,213.0,27.8328,18.601
6449.08,2029.87,0.31475,50.9001,903563.3,91.3493,3626.17,33.0,38.2138,13.701
9075.23,2616.86,0.28835,84.3653,1266909.8,122.202,4091.53,76.0,34.1323,6.404
10229.5,3387.04,0.3311,89.3959,1376315.9,161.682,4018.89,7.0,34.3588,17.657
5280.59,1486.58,0.28151,50.5324,739854.5,63.9348,2335.46,15.0,42.4653,2.997
11997.8,2957.95,0.24654,131.744,1631975.2,155.455,3968.27,227.0,32.4904,2.514
8458.4,2229.68,0.2636,82.4704,1199298.4,115.673,3839.35,48.0,35.6553,2.781
8813.41,1560.66,0.17707,87.7026,1214707.9,111.919,4243.76,51.0,46.5464,0.0
4041.66,1304.87,0.32285,35.4629,547632.8,52.1289,1396.57,26.0,44.4299,11.638
3828.72,1183.28,0.30905,32.4458,523491.03,48.8024,1367.45,32.0,44.4986,12.709
22785.0,6618.46,0.29047,307.191,3122945.8,370.015,6255.23,110.0,17.8105,3.752
8409.56,3351.75,0.39856,80.8983,1190879.0,127.825,3350.46,35.0,36.8526,2.694
12687.4,4403.55,0.34708,161.657,1847992.4,267.351,4725.63,87.0,25.5275,3.272
9951.7,3725.66,0.37437,100.187,1308864.5,156.707,3353.29,74.0,38.3949,15.555
14544.3,5287.78,0.36356,164.211,2033943.4,270.46,4403.46,121.0,29.798,7.141
7946.43,1526.82,0.19213,78.7425,1115100.4,100.672,3815.45,13.0,34.3635,2.583
7936.2,2166.93,0.27304,58.2456,1113831.8,85.0608,3434.82,57.0,38.097,13.512
8226.2,2684.71,0.32636,81.4535,1127930.9,106.178,3642.85,5.0,36.3425,6.983
17151.8,4633.53,0.27014,227.611,2437826.2,283.541,5521.23,98.0,22.1946,2.747
8007.66,2932.93,0.36626,72.1612,1112712.9,110.928,3439.08,31.0,40.3448,5.914
5154.72,1221.92,0.23704,49.2993,669925.6,64.6544,2052.5,23.0,42.9404,7.256
12088.2,4682.88,0.38739,118.935,1741151.4,181.036,4928.9,81.0,28.7707,12.459
8231.42,2747.97,0.33383,63.2546,1129642.2,110.094,3335.49,39.0,38.6903,10.953
10742.2,2635.62,0.24535,125.441,1492831.0,167.088,4701.52,172.0,28.7641,0.58
10482.1,2958.15,0.2822,110.19,1473708.2,136.697,4256.97,71.0,33.4243,15.464
6849.23,1854.16,0.27071,70.1307,940941.3,84.8655,2934.96,22.0,39.1215,4.094
7727.93,1856.14,0.24018,77.6018,1030380.25,105.032,3120.14,62.0,35.5223,12.673
11562.7,3097.43,0.26788,127.735,1603835.5,181.069,4066.93,54.0,32.155,1.917
15077.5,5436.66,0.36058,170.394,2079987.5,220.736,5126.11,137.0,26.8426,9.173
5064.7,2186.39,0.43169,42.6637,756473.44,78.0556,2422.64,39.0,42.1047,12.816
14196.5,3971.34,0.27974,166.059,1998409.4,236.268,4494.14,19.0,31.1833,2.847
6337.15,1512.18,0.23862,53.9097,910676.56,62.2489,3278.58,25.0,39.0282,8.193
11953.6,2468.31,0.20649,144.727,1699122.9,180.846,4611.04,54.0,29.9508,0.948
6354.76,2175.12,0.34228,53.9669,896121.4,88.514,2405.36,83.0,41.4618,15.309
7147.59,1871.04,0.26177,74.8367,960526.9,97.2701,3611.72,85.0,36.3561,11.893
13654.8,4017.06,0.29418,173.756,1869430.2,221.101,4790.7,121.0,28.1857,4.335
15137.9,3998.71,0.26415,234.542,2059285.9,268.211,4741.95,285.0,27.8057,4.416
12019.5,3044.02,0.25325,135.213,1635807.1,154.792,3977.12,222.0,32.371,2.463
6636.91,1615.82,0.24345,62.399,909212.8,78.6418,3264.77,62.0,37.998,13.487
15053.1,3731.19,0.24786,176.638,2107247.5,209.49,3995.95,141.0,32.5317,1.506
7364.69,2457.38,0.33367,61.0069,1009997.8,103.113,3111.58,54.0,39.0989,13.223
9897.42,3947.75,0.39886,88.7641,1396488.6,147.687,3560.42,28.0,35.7163,13.6
8276.38,2678.81,0.32366,90.4689,1180318.9,124.828,3563.06,14.0,36.3236,2.91
15896.0,3601.49,0.22656,171.805,2303908.5,216.445,5461.09,227.0,25.2474,6.958
7069.33,1851.94,0.26196,76.3443,940855.4,91.7834,3451.05,20.0,37.6049,13.175
13616.6,4184.81,0.30733,134.038,1915204.6,185.732,4742.37,78.0,31.7981,3.897
14535.8,5243.66,0.36074,167.613,2023205.6,258.408,5129.11,66.0,27.0858,18.433
5862.09,1614.27,0.27537,52.7173,822257.2,79.8662,2612.27,74.0,40.3395,11.288
8352.27,1965.77,0.23535,76.167,1169838.6,109.242,3907.55,19.0,34.2319,2.07
5013.01,1732.42,0.34558,47.6819,702878.75,69.38,2191.87,38.0,43.0362,3.456
7958.77,1936.92,0.24336,97.1624,1112312.6,124.04,3225.91,4.0,36.9833,0.497
9334.1,2883.02,0.30886,79.7271,1279114.5,135.006,3818.92,70.0,37.6929,2.513
12571.9,3713.59,0.29538,160.602,1754533.0,212.059,4735.23,65.0,28.8852,3.729
7593.49,3136.18,0.413,80.2169,1073381.1,115.599,3304.91,44.0,37.2813,2.866
8205.61,1538.07,0.18744,77.5918,1167949.4,91.4069,3785.32,19.0,34.9317,1.209
7574.92,2659.49,0.35109,68.333,1038021.4,106.159,3199.14,14.0,37.0461,2.778
9430.39,3089.65,0.32762,99.9013,1257365.0,148.793,4345.75,54.0,33.4333,0.0
13303.0,4414.95,0.33187,157.006,1830263.5,192.418,4930.99,73.0,28.1245,2.322
4797.98,1596.37,0.33271,44.4948,671049.5,62.6198,1871.63,31.0,43.1468,6.853
14859.9,4180.02,0.28129,190.725,2065019.2,217.217,5632.1,139.0,22.7277,0.926
7482.59,2350.84,0.31417,54.3692,979074.06,128.839,5880.37,19.0,37.0017,15.087
8012.87,2493.62,0.3112,94.8372,1083942.0,129.607,3867.43,38.0,35.4204,5.115
7279.24,2233.47,0.30682,63.1571,1007231.5,101.773,3657.27,54.0,36.4232,14.059
5884.79,839.52,0.14265,48.2813,840145.6,68.4505,57974.83,1.0,42.3596,0.657
18822.5,6767.76,0.35955,154.192,2693320.5,306.523,11756.24,74.0,29.5168,5.35
3927.49,1175.59,0.29932,35.0861,537460.6,47.9047,1404.53,17.0,44.3581,1.357
7049.23,1759.56,0.24961,70.9951,950975.8,90.6771,3397.79,84.0,37.2515,2.081
7759.29,1944.6,0.25061,88.7195,1088343.5,124.043,3118.16,5.0,37.5934,0.656
11427.5,3308.39,0.28951,100.545,1604685.6,160.491,4183.01,122.0,35.4403,3.648
8759.2,2863.61,0.32692,69.6908,1158040.0,136.743,4444.72,70.0,33.1743,5.267
8383.67,2646.68,0.31569,91.1684,1127697.6,136.085,3981.74,40.0,35.6039,5.055
6349.78,1338.1,0.21073,70.9563,843437.0,91.026,3393.23,71.0,38.0076,1.938
8986.12,3181.4,0.35403,66.629,1283633.8,127.613,4683.62,67.0,37.8004,17.06
6453.45,1888.6,0.29264,60.0282,876045.25,85.3615,2999.56,26.0,40.4444,5.714
5856.88,2216.61,0.37846,66.0397,766918.44,96.3388,2730.72,36.0,40.6869,6.116
7131.33,2815.56,0.39481,64.9867,1007766.4,96.0641,4054.36,67.0,34.9419,3.643
15378.0,4691.62,0.30508,185.648,2044699.4,226.039,4322.39,111.0,30.5073,2.66
6248.72,2035.27,0.3257,58.8685,884354.6,86.5603,2716.59,41.0,40.4572,1.696
6685.83,2242.93,0.33547,59.4386,929281.25,100.075,3724.55,69.0,36.7597,1.368
14162.0,6153.85,0.43453,174.819,1978216.9,237.389,5420.27,204.0,24.8996,18.575
15024.7,3979.03,0.26483,192.921,2120367.8,213.001,5689.35,66.0,23.0314,1.249
9213.44,1663.65,0.18056,97.5919,1307036.8,133.201,4206.49,44.0,33.7967,0.731
12158.5,2548.1,0.20957,150.5,1712541.4,164.877,4744.61,156.0,29.6197,2.477
5539.12,1618.52,0.29219,46.7075,759650.75,73.863,2383.31,61.0,41.4588,11.943
8729.0,2470.2,0.28298,99.3585,1200538.1,123.4,3839.77,22.0,34.1587,2.204
7157.17,2937.67,0.41045,73.031,967946.4,117.458,3347.32,69.0,37.2687,9.357
13515.4,3511.73,0.25983,181.566,1848615.6,224.435,4558.82,174.0,24.1507,1.761
7129.78,2459.68,0.34498,59.1727,948301.75,116.52,3066.75,69.0,39.3824,13.656
7174.86,2089.05,0.29116,69.5435,1010819.8,100.394,3347.81,83.0,37.783,15.169
9854.5,3583.79,0.36367,101.992,1389399.1,132.954,3574.98,34.0,33.7196,13.652
8319.96,2510.81,0.30178,67.6949,1138728.0,104.614,3737.39,58.0,36.7905,6.458
7810.27,1973.36,0.25266,60.2431,1080175.2,94.6258,3688.54,31.0,36.2693,8.397
5789.55,1918.42,0.33135,63.594,805882.5,86.82,3317.9,66.0,38.6485,1.565
7322.36,2786.87,0.38059,82.5198,1004201.75,108.462,3574.55,71.0,36.0773,13.962
11451.2,2206.92,0.19272,141.879,1593923.6,162.398,4716.49,143.0,22.6096,2.172
7806.4,1636.29,0.2096,76.223,1115845.5,107.509,4042.71,104.0,34.945,1.042
9602.05,2657.36,0.27674,110.314,1308852.8,162.214,4159.58,78.0,33.2308,0.685
5885.08,1776.97,0.30194,65.6525,788747.94,83.0283,2787.4,37.0,40.5073,4.293
7404.08,2623.72,0.35436,49.9796,985374.06,114.927,3828.53,29.0,37.2058,18.495
9131.51,4252.9,0.46573,88.6487,1243644.5,164.309,3709.18,79.0,34.5006,16.634
18974.6,6407.65,0.33769,168.501,2671746.0,298.039,7442.72,194.0,24.7054,15.799
7482.68,2591.79,0.34637,64.9247,1061481.6,101.783,3265.66,21.0,38.6337,17.263
12350.3,4609.49,0.37322,114.787,1715384.6,194.222,4949.87,87.0,33.3228,19.255
7719.26,1302.1,0.16868,58.8326,1101819.8,89.9443,2480.37,50.0,40.7551,11.926
6001.6,1731.09,0.28843,55.7944,820445.06,84.6195,2455.92,27.0,40.7241,12.67
8319.54,1936.11,0.23271,87.2648,1174598.0,100.529,3958.51,30.0,34.3297,14.486
4954.37,1376.67,0.27786,47.3117,691375.6,59.1479,1992.72,12.0,44.0329,2.196
8123.86,3745.54,0.46105,55.889,1137067.4,125.327,3368.07,32.0,38.0887,7.468
21316.0,5735.67,0.26907,295.706,2889646.8,319.741,6582.99,280.0,18.7017,1.418
8813.38,2001.49,0.22709,102.361,1263553.8,121.976,3786.44,45.0,35.0456,3.389
13902.4,5239.88,0.3769,74.2981,1870425.6,203.721,4418.71,136.0,30.7253,9.988
21994.8,6299.94,0.28642,291.53,3020291.2,324.549,6636.34,293.0,18.581,1.571
15649.0,5051.36,0.32279,210.463,2185009.8,267.206,5382.87,284.0,24.4503,1.623
8476.16,2985.91,0.35227,82.1199,1123307.2,137.463,3639.64,65.0,36.2692,2.224
11573.7,3486.92,0.30127,102.297,1605676.5,146.567,4291.93,77.0,32.6463,14.01
17523.4,5768.89,0.32921,182.049,2463633.2,254.3,4950.42,39.0,28.299,6.143
19579.8,5768.17,0.29459,252.864,2686489.5,313.325,5585.86,191.0,25.5498,4.647
8471.38,2693.49,0.31795,67.5724,1161924.5,119.589,3315.21,59.0,46.5464,7.82
5537.4,1039.57,0.18773,51.2564,791113.5,71.672,2848.66,53.0,40.2898,1.436
6325.71,1824.45,0.28841,52.4329,830110.94,92.3969,2845.63,57.0,39.6363,14.736
10294.5,2580.53,0.25067,127.066,1424609.5,159.421,4635.93,74.0,29.6141,1.624
7967.89,2809.48,0.3526,65.7391,1122913.6,107.406,4081.38,68.0,36.9845,3.543
9056.31,2899.33,0.32014,88.7416,1273385.1,132.322,3368.52,22.0,38.9736,3.052
17715.8,4716.38,0.26622,223.631,2470991.0,269.284,5699.42,204.0,22.1067,2.071
15594.6,6361.34,0.40791,168.243,2133205.5,256.532,5179.8,152.0,27.3037,20.345
19348.0,7039.34,0.36382,226.336,2641978.8,309.827,5858.27,150.0,21.6292,5.428
9797.11,2384.76,0.24341,103.063,1396796.6,152.902,3822.45,13.0,34.2402,0.564
6844.59,2295.75,0.33541,70.9603,943280.4,90.2443,3715.35,36.0,36.4811,1.825
14386.6,3968.47,0.27584,176.07,1999060.0,234.628,5069.15,193.0,21.4382,20.785
9496.91,2449.85,0.25796,115.289,1324972.9,134.669,3715.44,65.0,35.5177,4.071
8414.54,1327.78,0.15779,85.6937,1177362.9,105.6,3972.89,54.0,35.2457,2.994
6952.69,1576.43,0.22673,67.1774,948324.7,90.008,3455.47,71.0,37.0912,8.699
18393.9,4997.41,0.27168,186.452,2615885.2,229.514,5700.22,233.0,25.8792,5.998
8718.94,2042.63,0.23427,101.214,1218571.9,134.653,3557.34,11.0,34.6299,0.835
13106.7,4107.15,0.31336,84.3975,1846412.1,171.0,5708.11,30.0,34.1598,17.306
13365.6,3517.29,0.26315,160.75,1870026.6,213.838,4409.65,69.0,29.9829,1.543
7225.48,2326.14,0.32193,61.831,1031804.56,89.7951,3891.15,40.0,37.0401,14.37
7559.87,2824.9,0.37367,62.6305,1079306.0,101.775,4060.94,64.0,37.1306,5.585
5961.54,842.62,0.14134,44.8672,835702.75,71.1133,2704.71,1.0,42.2256,1.061
19856.3,7542.5,0.37985,181.726,2756058.2,340.004,10660.29,107.0,24.845,4.098
15494.0,5281.32,0.34086,116.77,2203533.2,217.443,4670.64,153.0,32.3907,20.292
13313.5,3463.99,0.26018,155.329,1852923.5,214.119,4367.6,64.0,31.1912,1.511
14982.8,3750.16,0.25029,187.983,2116549.2,211.132,5704.06,64.0,23.1595,1.296
11580.5,4245.21,0.36658,97.9063,1631885.2,146.27,4529.59,56.0,36.4149,11.415
9489.92,3943.14,0.4155,97.8569,1349200.2,142.294,3543.71,103.0,34.7524,15.295
7801.4,2875.13,0.36854,54.4519,1042579.75,121.6,3129.72,39.0,41.1653,9.047
9336.08,4084.98,0.43754,84.349,1308532.0,145.429,3728.06,118.0,34.9091,3.138
9312.29,2601.95,0.27941,63.4388,1272400.5,144.762,3984.05,21.0,35.0183,4.448
9292.22,2937.21,0.31609,87.8955,1323630.4,120.673,4081.3,12.0,33.6317,1.991
6505.41,2051.37,0.31533,53.6257,945448.4,86.0233,3026.28,34.0,40.8982,14.047
8997.19,2826.49,0.31415,40.3539,1245769.1,119.099,3321.33,38.0,37.6233,13.263
6449.48,1581.29,0.24518,72.9097,848952.94,96.2237,3424.41,80.0,38.0503,1.312
8500.97,2084.0,0.24514,84.4129,1209062.5,112.461,3807.44,20.0,35.4612,3.459
9713.96,2806.77,0.28894,92.8397,1368619.5,118.977,4159.3,109.0,33.1355,5.421
9055.22,2985.33,0.32968,99.4134,1195139.2,143.074,3697.57,91.0,36.4116,17.184
9303.0,2920.12,0.31389,85.2219,1278164.1,131.766,3815.16,31.0,35.0089,2.241
7697.86,2638.06,0.3427,69.0924,1058500.2,105.5,3482.04,45.0,37.3632,1.783
22717.3,5643.82,0.24843,290.712,3140978.5,414.307,6215.94,151.0,19.9048,0.923
11880.3,3083.82,0.25957,145.822,1625437.2,178.364,4592.73,58.0,30.3635,3.236
14631.7,5206.18,0.35581,161.55,2013925.1,222.867,5116.68,134.0,26.9789,5.77
14956.7,3972.52,0.2656,187.625,2109679.2,209.74,5690.42,65.0,23.0557,1.224
7680.73,1920.31,0.25001,82.7299,1082635.8,118.122,4131.74,90.0,34.4946,1.73
12775.1,3281.06,0.25683,131.345,1740228.1,169.371,4069.27,216.0,31.8338,3.111
9036.08,3473.8,0.38443,86.956,1254059.8,124.95,4069.6,43.0,31.4639,8.566
6341.87,1349.9,0.21285,53.4803,873222.9,79.5892,3086.82,1.0,39.4584,13.448
8549.77,2043.45,0.239,103.841,1200855.2,119.17,3810.23,52.0,35.1555,2.889
12689.7,3533.5,0.27845,167.273,1778456.2,206.937,4864.79,75.0,28.6562,3.634
7969.78,2396.1,0.30064,88.4847,1146939.8,117.708,3641.99,15.0,33.6879,2.316
4320.64,1192.81,0.27607,41.1875,579944.8,60.6908,2486.93,18.0,43.359,7.814
14183.8,3879.34,0.2735,174.906,1951580.5,233.555,4936.64,123.0,26.0041,4.548
7082.88,2338.63,0.33018,63.5635,957218.3,101.218,3127.49,20.0,40.3614,1.524
5027.15,1133.12,0.2254,43.7824,718683.8,68.8155,2623.65,35.0,41.8739,8.465
6898.59,1740.99,0.25236,65.0289,967917.8,87.9018,3627.31,23.0,37.6978,2.321
9336.37,2078.3,0.2226,103.414,1267862.0,143.69,4024.37,32.0,46.5464,1.995
5501.76,2203.54,0.40051,50.4145,753772.8,92.8201,2674.04,54.0,40.4578,6.997
7822.45,2089.77,0.26715,83.8543,1105684.4,129.23,4154.66,95.0,34.2054,1.581
13294.3,4151.28,0.31226,116.506,1828754.9,169.485,4890.58,89.0,46.5464,2.006
6132.24,1381.12,0.22522,62.3151,827349.3,75.113,2939.02,28.0,39.2336,2.63
9809.77,2471.34,0.25192,90.3239,1370463.4,133.577,4098.26,51.0,34.2493,4.305
12244.8,3727.38,0.3044,108.032,1679548.6,178.054,4321.61,27.0,32.4314,5.248
10758.9,3625.85,0.337,118.688,1532811.4,176.799,4495.53,62.0,28.9496,18.89
4626.72,829.89,0.17936,42.5668,629043.75,61.9495,2628.86,13.0,43.0195,1.87
8738.51,3283.5,0.37575,87.7824,1186239.9,143.184,3513.9,15.0,36.1974,14.283
8843.39,2592.4,0.29314,80.8889,1218376.4,118.878,3677.37,39.0,36.7439,15.723
8266.35,2272.14,0.27486,93.8268,1171064.0,109.596,3528.07,101.0,36.975,1.936
8441.88,2008.05,0.23786,89.4945,1189051.1,112.542,3813.71,68.0,31.7864,4.75
13111.3,4469.9,0.34091,159.306,1826845.5,194.85,5094.45,141.0,27.1119,5.338
16386.4,5272.71,0.32177,183.119,2270665.8,279.003,5244.58,99.0,25.3001,6.974
6506.77,1630.58,0.25059,56.6535,861636.75,89.9064,2959.88,34.0,37.9355,17.641
10639.6,3160.7,0.29706,141.796,1520320.8,163.686,4112.07,128.0,32.3829,2.766
14025.7,4267.52,0.30426,213.975,1945762.0,241.302,5315.99,281.0,24.7053,1.791
5944.5,2095.27,0.35247,55.009,857143.56,89.5254,3106.94,86.0,39.4958,11.335
9222.59,2209.56,0.23958,82.8918,1300634.6,113.217,4812.3,25.0,32.7156,1.911
9016.57,2362.66,0.26203,83.2009,1251296.6,115.339,4523.92,47.0,33.331,2.035
5335.78,1691.56,0.31702,48.8488,748289.1,70.4112,2027.73,3.0,41.9398,4.098
9666.52,3657.68,0.37838,92.4646,1355616.1,156.358,3816.46,89.0,33.3911,4.085
7715.96,1797.69,0.23298,71.4034,1121545.4,97.257,3066.33,19.0,37.8591,1.637
3884.75,1113.51,0.28663,35.5277,531736.1,46.1365,1402.38,17.0,44.374,1.45
7846.75,3055.81,0.38943,76.9317,1114534.0,117.096,3290.01,41.0,37.7214,2.804
10456.9,3989.22,0.38149,90.1625,1412870.2,170.75,3928.54,23.0,33.9808,20.892
8419.96,2597.5,0.30849,89.8791,1198455.5,104.017,4009.9,21.0,35.0744,2.588
6626.39,2000.49,0.30189,63.9866,928933.2,82.6153,3862.82,81.0,36.7567,2.809
4698.03,1561.35,0.33234,32.484,671722.8,54.9592,1602.94,43.0,44.1479,4.591
12700.9,4100.14,0.32282,141.199,1771797.1,173.698,4335.22,38.0,30.6425,3.08
8780.47,2598.96,0.29599,98.588,1238322.2,139.122,3482.98,113.0,36.3035,5.84
9111.67,2900.66,0.31834,79.4101,1244253.0,118.367,3494.38,111.0,32.9773,5.765
14149.8,4683.0,0.33095,170.688,1937008.9,261.824,4763.57,31.0,28.4445,3.028
5385.43,2325.98,0.4319,51.4892,745762.0,79.7331,2252.85,19.0,42.5742,2.583
9614.0,2655.94,0.27625,105.874,1344686.0,146.018,3596.8,42.0,29.7193,3.955
8353.29,2457.25,0.29416,93.0116,1162642.4,124.065,4133.45,118.0,30.1398,17.839
6431.18,1525.13,0.23714,49.5475,881120.4,80.7015,2533.82,23.0,41.3462,4.503
11136.6,3313.02,0.29748,116.343,1581817.8,135.568,3828.46,72.0,34.964,2.428
14945.6,3725.47,0.24926,204.762,2052061.1,260.693,5059.68,172.0,25.6458,2.668
7680.19,2828.07,0.36822,78.9968,1085773.1,113.801,3243.77,45.0,38.1308,3.598
6531.2,2384.09,0.36503,62.533,948910.94,86.0684,3138.0,30.0,38.8759,1.608
13323.1,3672.6,0.27565,113.702,1854828.8,165.907,4427.99,139.0,31.5214,17.003
7162.71,2259.97,0.31551,55.0311,1026263.9,102.638,2634.46,79.0,40.2949,12.554
5759.51,1477.49,0.25653,61.1177,725385.8,88.0553,3092.7,16.0,39.4605,2.123
13902.0,3904.31,0.28084,156.21,1935025.9,236.006,4452.84,82.0,29.7514,1.564
21956.6,8804.77,0.401,200.08,3035667.5,340.2,7555.69,117.0,24.8433,20.297
17747.7,4843.8,0.27292,229.735,2469995.8,277.015,5718.5,202.0,21.8964,2.513
13300.6,3977.89,0.29907,137.741,1853711.6,177.32,4265.41,45.0,31.6966,3.131
7600.68,2064.29,0.27159,68.3067,1005402.7,97.2197,3384.38,15.0,38.509,6.566
7751.04,1636.88,0.21118,84.6982,1009275.1,130.076,3861.46,99.0,35.319,14.685
6342.55,1959.93,0.30901,62.835,877266.94,77.3244,3253.49,45.0,38.5979,3.764
8220.52,1934.94,0.23537,84.5377,1160641.4,106.813,3900.51,41.0,35.4232,2.453
9399.52,2560.18,0.27237,101.499,1285314.4,160.404,4138.61,76.0,33.1749,0.617
7645.99,2433.41,0.31825,67.9056,1033335.8,109.598,3760.89,79.0,34.344,4.99
8892.89,2597.76,0.29211,85.3985,1251390.4,128.634,4059.44,82.0,34.122,3.917
6189.65,1827.6,0.29526,59.0842,810639.9,96.8451,2824.3,44.0,40.4112,9.921
9798.09,2537.48,0.25897,104.428,1367564.4,143.68,4108.16,166.0,33.0087,1.669
7488.09,1693.39,0.22614,84.8492,1041237.25,109.049,3858.02,26.0,35.9859,1.542
8342.48,2884.41,0.34574,80.687,1106806.6,137.517,3616.7,32.0,46.5464,0.0
11663.8,5411.25,0.46393,129.139,1616450.4,237.686,4998.06,116.0,27.5578,20.551
7856.33,2144.72,0.27299,73.2604,1069750.9,112.214,4078.99,81.0,35.665,12.548
8735.46,4203.74,0.48122,67.9984,1243532.5,134.013,2772.81,80.0,38.4061,16.356
10367.2,3453.51,0.33311,99.0695,1425742.8,153.817,4209.02,116.0,33.5512,15.772
22931.7,6883.94,0.30019,306.314,3199611.5,353.803,6321.65,102.0,17.7224,3.761
6769.67,2073.42,0.30628,54.0535,973052.5,75.2766,3304.58,61.0,39.1176,1.669
17868.9,4923.65,0.27554,234.747,2459150.8,284.122,5417.2,204.0,23.6966,5.186
6114.62,1647.0,0.26935,53.1145,810074.44,83.5834,2814.36,51.0,39.9547,15.27
10101.4,3980.28,0.39403,87.0367,1407515.1,143.93,4142.07,116.0,33.0897,3.104
7670.7,2972.01,0.38744,65.6062,1102619.6,112.753,3900.12,62.0,35.6208,14.508
12770.5,4461.89,0.34939,137.876,1801558.0,186.908,4295.3,52.0,29.1437,2.989
7336.93,2807.33,0.38263,65.7726,1051735.6,100.258,4350.5,54.0,34.9787,13.642
7289.85,2359.26,0.32363,62.3311,988486.9,100.833,3484.76,49.0,37.9217,13.821
8251.34,2049.83,0.24842,82.6227,1167899.9,107.291,3936.33,38.0,35.1143,2.347
5411.95,1633.39,0.30181,42.0373,752004.2,67.6637,2739.2,49.0,42.4348,10.993
6805.32,1786.83,0.26256,73.8736,930684.06,111.198,3019.92,81.0,39.2695,0.78
10030.4,2589.14,0.25812,98.6888,1394588.6,123.814,4211.27,42.0,33.8651,3.048
12482.6,5506.19,0.4411,170.278,1757119.6,245.185,4698.34,132.0,29.1242,14.547
5316.67,1806.74,0.33982,54.5008,732620.25,76.5708,2370.58,97.0,41.5353,14.594
13541.6,3269.59,0.24144,179.833,1845388.6,213.383,4544.79,176.0,32.3934,18.211
5762.89,2189.88,0.37999,37.782,803025.6,84.1151,3082.26,33.0,38.8064,13.857
14223.4,5282.9,0.37142,130.533,1999754.0,218.599,4321.62,43.0,29.5211,3.066
8519.66,2186.98,0.25669,84.3331,1197174.8,110.304,4043.48,38.0,34.7233,2.764
8898.33,3957.51,0.44474,104.574,1160556.9,167.772,3990.85,110.0,35.0175,18.326
8301.61,2853.2,0.34369,62.5435,1164268.0,111.334,3676.05,12.0,37.3231,17.156
8621.99,2751.92,0.31917,64.0983,1194089.2,108.506,3936.79,41.0,35.8165,14.591
5582.09,1454.88,0.26063,66.0513,695910.94,87.3319,3108.14,16.0,39.7196,2.241
7105.45,2914.56,0.41018,70.3107,982143.56,107.935,3123.88,51.0,37.2848,15.267
16334.6,4711.23,0.28842,186.904,2369054.8,279.065,5313.48,253.0,24.8966,11.97
7761.06,1613.93,0.20795,76.6465,1093583.9,91.1728,3860.19,23.0,35.4355,0.976
9601.37,4262.64,0.44396,91.6642,1359340.8,147.777,3526.06,17.0,37.168,17.335
6635.62,2516.53,0.37924,54.1093,916759.3,114.894,2354.96,50.0,41.3443,15.334
8655.71,2177.69,0.25158,80.9663,1223953.1,116.863,3866.22,79.0,34.9076,3.996
8993.56,2516.39,0.27979,113.668,1253613.2,121.405,3212.37,5.0,46.5464,0.568
5960.7,1860.2,0.31207,67.4728,852418.7,86.7884,2853.38,27.0,38.485,14.776
8142.01,2804.39,0.34443,67.2183,1109972.0,112.398,3469.5,27.0,37.2001,14.537
17701.4,5692.15,0.32156,246.815,2403035.8,293.028,5369.83,271.0,27.7825,4.681
8852.97,3233.6,0.36525,67.9151,1239938.1,120.478,3908.96,66.0,35.1713,18.238
5515.25,1465.32,0.26568,46.844,772969.44,68.8696,2924.21,14.0,40.7098,2.388
11881.0,3046.45,0.25641,154.187,1685565.1,168.185,4666.4,25.0,29.1158,1.776
18218.5,5637.34,0.30942,167.384,2496007.8,249.515,5417.83,138.0,19.239,20.643
9182.47,3115.67,0.3393,67.7128,1225144.1,141.81,5283.24,63.0,32.9393,3.864
16559.6,7383.13,0.44585,194.429,2208960.2,289.882,5625.0,139.0,24.0441,20.639
15955.0,4932.65,0.30916,215.713,2224797.0,248.013,5406.29,292.0,24.5674,1.773
11836.5,3500.74,0.29575,107.068,1629727.9,167.526,4643.96,19.0,31.6217,3.655
8831.43,2772.32,0.31391,88.6545,1257732.9,110.555,4079.11,23.0,36.571,2.916
6953.44,1988.56,0.28598,70.7839,941875.5,89.0449,2988.96,18.0,39.0064,1.825
7296.51,2716.83,0.37234,80.8792,998538.06,97.7365,3340.66,63.0,38.577,1.939
14900.6,5923.45,0.39753,194.106,1974111.0,256.224,4960.73,98.0,27.8252,8.718
15910.8,5753.9,0.36163,182.677,2236761.2,267.149,5565.13,153.0,23.5762,2.195
14844.5,6908.24,0.46537,176.313,2065632.2,326.488,4989.1,152.0,26.4378,20.86
4934.37,1672.25,0.33889,49.5296,697373.0,65.954,2154.55,32.0,43.0602,2.132
4712.95,1460.73,0.30993,44.805,629007.44,75.0305,2585.94,18.0,39.8462,9.293
9076.75,3192.65,0.35173,87.7668,1311648.8,121.8,3776.58,33.0,36.5147,3.326
7870.79,2942.59,0.37386,74.3443,1119946.9,113.717,4119.09,58.0,33.7704,14.575
6353.98,1727.74,0.27191,78.4656,860736.6,94.1278,3377.59,32.0,38.8004,7.202
10116.1,3505.76,0.34655,92.9726,1430084.9,129.33,4487.3,116.0,31.5397,12.948
6832.96,1938.52,0.2837,60.6655,941959.2,81.0586,3234.92,43.0,38.5867,5.6
13612.1,5235.58,0.38462,185.322,1799753.4,260.661,4894.25,83.0,23.8326,6.821
12037.2,3178.38,0.26404,138.319,1723326.5,159.134,4633.75,63.0,29.9053,4.833
7886.71,2415.26,0.30624,70.0888,1069633.9,106.498,3460.35,87.0,36.8911,4.408
13681.1,4865.85,0.35566,103.262,1868531.1,204.152,4751.81,143.0,28.7443,5.093
11944.0,3501.93,0.29319,149.88,1670799.9,156.789,4989.06,33.0,26.5142,15.49
8311.07,3009.35,0.36208,67.4131,1130867.2,120.653,3339.01,34.0,36.0772,13.466
6710.08,2033.99,0.30312,82.0925,917673.7,122.904,3356.44,48.0,35.3151,5.344
7551.54,2604.02,0.34483,78.0392,1056145.8,99.956,3775.5,33.0,36.0838,2.234
9719.26,2705.8,0.27839,102.006,1385535.8,152.964,3892.92,44.0,33.1195,2.133
7103.16,1888.79,0.2659,52.0655,1007800.7,80.5966,3482.08,21.0,38.3511,9.798
7697.08,1733.45,0.2252,57.2195,1093140.1,84.6198,3079.62,41.0,38.5283,10.954
7320.38,2562.57,0.35005,116.078,1002326.5,82.7214,4160.33,93.0,34.0611,3.797
8670.05,2690.3,0.31029,94.9113,1202278.0,111.116,3528.61,26.0,35.9783,12.963
8991.99,3137.1,0.34887,94.2713,1257698.1,126.322,3344.21,26.0,38.407,3.924
8223.97,1544.96,0.18786,79.041,1157856.0,99.9811,3807.68,12.0,34.087,1.952
12006.4,3277.0,0.27293,131.941,1652147.0,170.616,4557.3,81.0,31.535,1.943
7766.91,1725.88,0.2222,62.0626,1100028.5,90.2678,2957.71,28.0,38.7207,5.926
13033.8,4475.5,0.34337,153.243,1837091.5,170.655,5213.99,29.0,27.8391,4.189
5312.91,857.37,0.16137,49.6881,730439.7,60.4986,2871.38,23.0,39.7033,4.014
8902.14,2293.85,0.25767,100.146,1225619.4,123.034,3829.21,20.0,34.2381,2.22
11146.7,2528.53,0.22684,129.68,1531681.8,151.585,3738.06,21.0,34.3316,2.691
7160.41,2303.64,0.32171,62.1079,956973.56,107.909,3205.98,44.0,31.0954,14.247
7381.68,2888.74,0.39133,52.9386,1022458.7,116.18,2867.33,80.0,39.0292,14.991
7165.64,2126.29,0.29673,57.5127,928850.3,119.346,5180.49,21.0,46.5464,8.859
11492.6,4270.56,0.37159,124.23,1575092.9,197.646,4249.75,24.0,32.7824,3.553
11757.9,1984.58,0.16878,144.133,1654987.4,159.096,4673.36,154.0,29.4997,1.413
11307.6,3861.63,0.3415,123.18,1545424.9,167.406,4923.75,74.0,29.5094,3.465
14409.4,4143.76,0.28757,171.295,2023517.0,229.179,4630.23,105.0,30.3755,7.698
4472.33,903.82,0.20209,38.6638,590180.4,65.0084,2596.72,11.0,43.497,2.165
10680.4,4525.97,0.42376,126.73,1453671.2,195.439,4390.56,174.0,29.5157,2.714
14988.9,5671.63,0.37838,178.961,2054433.1,292.796,5283.26,126.0,26.2134,18.483
11989.3,3572.1,0.29794,152.344,1678479.6,151.99,5206.98,33.0,27.4912,3.422
10777.0,3055.11,0.28348,135.981,1488372.4,173.056,4445.54,94.0,31.572,2.3
12062.4,3091.62,0.2563,141.724,1659100.0,187.041,4463.7,15.0,30.8176,1.737
6767.02,2413.59,0.35666,53.3975,946466.5,104.345,2729.55,97.0,40.0988,13.024
11635.6,2348.22,0.20181,145.363,1631878.8,174.655,4672.44,144.0,29.7372,1.926
17052.1,6214.81,0.36446,195.359,2404093.2,247.976,6297.52,127.0,24.5303,17.92
11075.6,3868.76,0.3493,119.796,1548431.6,187.115,4171.33,34.0,31.232,2.093
9343.06,4165.45,0.44583,58.9776,1325768.4,154.97,3398.45,65.0,38.9,13.611
10260.3,3166.03,0.30857,90.568,1451921.8,134.12,4246.39,98.0,32.657,3.785
8597.9,2840.63,0.33038,90.1079,1244112.0,123.737,3841.92,102.0,34.0254,8.623
9278.21,2806.03,0.30243,82.8952,1296126.0,130.399,3918.49,71.0,34.2677,3.987
7879.32,2634.78,0.33439,79.1298,1079884.1,109.161,3119.49,114.0,37.8651,1.931
15890.7,4009.03,0.25228,245.991,2174947.5,265.134,4804.01,291.0,27.4862,4.075
11954.7,3014.79,0.25218,125.608,1624594.2,154.56,4003.96,226.0,32.2252,1.924
9337.66,2159.77,0.23129,109.622,1301263.6,130.855,4216.0,52.0,34.1216,1.736
15650.5,3122.63,0.19952,202.083,2141169.2,244.742,5168.68,156.0,25.2818,2.638
9238.05,2087.52,0.22596,101.067,1301664.9,136.474,3594.24,12.0,34.2533,1.017
15618.2,5344.37,0.34218,98.6019,2157015.5,220.081,4975.96,112.0,28.9201,20.762
6876.03,2052.56,0.2985,65.3391,951865.1,93.4012,3092.44,52.0,39.4932,3.289
5706.67,2526.26,0.44268,48.622,781303.5,112.901,2677.7,69.0,40.2088,12.758
6385.36,2177.49,0.34101,52.3469,869595.9,90.4443,3387.76,22.0,38.4332,6.699
15082.2,5204.19,0.34505,173.532,2113804.8,252.693,4776.53,47.0,28.2258,6.269
15044.2,4361.67,0.28992,173.744,2067759.0,244.197,5050.09,32.0,27.9529,3.443
13945.6,5184.3,0.37175,119.187,1856501.8,208.637,5182.08,88.0,26.6828,15.933
5811.22,979.53,0.16855,50.907,801380.1,63.1496,3036.89,20.0,39.7748,3.488
16173.4,6939.83,0.42908,137.938,2212753.8,254.983,5427.05,94.0,25.6719,18.374
9380.33,2715.39,0.28947,71.8843,1253948.5,128.04,3334.63,45.0,38.4384,19.168
4836.12,1499.32,0.31002,34.4436,679982.2,57.4892,2096.16,22.0,42.4216,12.256
8169.15,2529.51,0.30964,74.7598,1152578.2,109.77,3351.5,62.0,35.9617,11.967
9469.54,3202.7,0.33821,89.5976,1346878.0,143.049,3445.54,13.0,38.1231,3.556
14444.4,4131.01,0.28599,105.28,2095384.8,161.611,5244.36,108.0,27.6004,15.116
14683.7,5227.94,0.35603,202.391,2004034.8,257.022,4745.98,61.0,28.3139,2.428
7574.12,1903.51,0.25131,67.8168,1044286.44,106.338,3635.46,25.0,37.027,1.724
14318.3,3881.41,0.27108,233.292,2005965.1,240.0,5445.96,196.0,22.8825,2.793
7034.91,1560.27,0.22178,56.643,982762.1,80.4319,2953.58,33.0,40.0199,14.366
5993.05,1396.57,0.23303,83.4353,818027.5,81.2305,3207.11,45.0,39.0948,10.506
7324.85,1658.7,0.22644,93.5281,973805.9,115.054,3771.01,32.0,36.5926,4.475
6834.17,2384.55,0.34891,64.0077,906305.56,94.2249,3441.01,60.0,38.0984,4.274
20763.0,5657.66,0.27248,298.523,2822631.2,326.286,6474.82,284.0,19.3489,1.918
11554.8,2852.34,0.24685,136.067,1613946.0,173.467,4718.82,172.0,28.5135,0.81
7689.63,1726.24,0.22448,74.2804,1071745.4,90.8331,3411.15,40.0,37.2557,17.34
15705.6,4137.15,0.26341,252.981,2151423.0,256.301,4825.5,278.0,27.342,3.969
10227.9,3130.02,0.30602,94.2834,1423242.6,124.87,3771.94,18.0,36.2216,4.502
7177.87,2775.06,0.38661,53.4281,999880.0,114.701,2799.41,67.0,39.9693,14.201
21412.9,7543.23,0.35227,174.044,3044811.2,287.661,6566.92,74.0,19.2761,20.591
11776.6,3536.78,0.30032,136.476,1648881.4,170.204,4271.63,31.0,46.5464,3.193
7690.06,1806.18,0.23487,63.4644,1060473.5,107.006,3746.96,22.0,35.4023,1.286
14435.0,4113.47,0.28496,189.167,2010677.8,221.141,5564.18,140.0,22.979,0.902
7723.65,2275.52,0.29461,66.8414,1073968.4,114.312,3537.82,27.0,37.6224,3.419
6883.18,2249.1,0.32675,70.8677,974606.44,97.5936,3006.66,70.0,36.7019,15.925
8901.18,2622.41,0.29461,92.4999,1213328.9,101.262,3570.88,89.0,35.9578,19.892
7915.67,2462.5,0.31109,59.0099,1091525.0,99.4938,3271.17,29.0,38.2162,11.818
14769.4,4251.04,0.28782,170.342,2099761.5,253.874,4926.13,69.0,27.4398,2.402
10197.5,2043.33,0.20037,101.565,1443271.5,137.695,4254.31,43.0,33.6813,0.952
7486.84,1170.27,0.15631,91.1098,1042100.3,112.933,3859.2,87.0,33.2402,17.674
14385.6,5659.78,0.39343,190.934,1927596.4,266.492,5066.03,102.0,22.9402,6.464
6836.57,2319.98,0.33934,54.0706,935694.2,97.9307,2604.23,35.0,39.7638,8.202
10503.8,2204.14,0.20984,124.256,1430260.2,168.662,3896.9,64.0,33.2124,1.627
6162.9,2079.49,0.33742,61.9881,861286.06,88.5215,2679.98,42.0,40.6967,2.02
8800.1,2379.9,0.27044,65.8726,1174206.6,113.749,3619.12,41.0,38.0935,11.128
7150.82,3265.24,0.45662,62.7516,1015184.06,103.819,2481.43,65.0,40.1102,11.163
7716.89,2704.04,0.3504,71.4763,1089079.8,97.9233,3733.66,11.0,36.3134,11.053
14568.0,4480.38,0.30754,177.246,2033901.0,238.622,5380.33,138.0,24.5186,2.358
6689.33,1766.05,0.264,66.5622,950347.5,74.9835,3576.26,16.0,34.3548,8.135
10836.0,2678.23,0.24716,90.8235,1489272.2,133.813,5009.0,48.0,32.3216,9.227
10350.8,3221.79,0.31125,104.545,1448631.8,118.496,3562.19,37.0,31.5505,12.954
11918.0,1988.27,0.16682,147.469,1679273.4,159.621,4687.97,149.0,29.8283,1.504
6067.32,2046.7,0.33733,54.3503,862296.56,81.8179,3254.73,10.0,40.5525,11.535
5833.91,1902.93,0.32618,40.4782,819523.7,79.2312,2913.37,57.0,41.0746,7.528
7364.24,1878.55,0.25509,55.9393,1045971.8,87.275,3393.01,27.0,37.7072,5.139
10663.3,4379.39,0.41069,135.844,1444941.9,186.111,4519.39,153.0,30.2462,6.879
6234.94,1013.25,0.16251,50.7941,887123.0,64.403,2885.08,29.0,40.6151,5.026
15720.7,5611.88,0.35697,243.104,2122749.8,258.518,5395.47,131.0,23.9315,1.822
14772.5,5153.5,0.34885,153.205,2058714.0,228.638,5053.04,87.0,26.904,5.081
12234.5,3948.83,0.32276,119.405,1720351.4,167.698,4986.84,68.0,30.2549,16.804
8650.41,2235.63,0.25844,102.968,1205244.8,118.05,4235.98,41.0,34.9364,2.58
5997.51,1715.81,0.28608,55.6629,817862.0,85.2411,2453.22,27.0,40.7298,12.701
7053.56,2456.58,0.34827,74.5721,959453.7,103.001,3365.65,59.0,38.5606,1.257
18215.0,5658.81,0.31066,230.176,2509322.5,311.12,4984.2,135.0,26.3277,10.843
7510.23,2672.89,0.35589,76.699,1012275.06,114.071,2951.26,17.0,38.3001,15.087
7993.76,1720.94,0.21528,76.8587,1144151.2,109.245,4050.06,103.0,34.9003,1.017
18927.4,5648.25,0.29841,230.12,2660713.2,303.771,5692.03,203.0,21.9149,3.78
8099.4,2863.74,0.35357,67.932,1155622.0,111.971,3482.42,41.0,36.3947,16.763
7440.14,1597.75,0.21474,55.1349,1058755.8,64.9875,3508.06,22.0,38.246,11.752
8584.66,2601.47,0.30303,96.4928,1215773.8,112.321,3605.01,94.0,36.7163,2.123
9990.68,3052.34,0.30551,100.746,1413136.9,130.124,3689.55,135.0,35.7258,1.985
19886.8,8653.87,0.43515,208.711,2801987.0,300.077,5236.29,163.0,25.2543,17.212
5943.87,1815.53,0.30544,57.1935,847872.5,74.3096,2498.79,68.0,41.6172,14.619
5322.83,1512.53,0.28415,46.7042,756634.56,72.5663,2356.49,57.0,42.2961,10.416
12363.1,3088.78,0.24983,111.424,1730702.0,143.512,4531.78,32.0,32.3567,18.038
8546.0,2690.86,0.31486,61.5529,1232208.4,107.529,4401.94,37.0,39.4789,17.606
17371.5,4395.44,0.25302,175.737,2532144.8,252.753,4822.28,114.0,28.9806,20.659
8703.85,2646.83,0.30409,95.4254,1198886.4,132.833,4022.93,105.0,30.0803,3.288
8696.07,1705.78,0.19615,98.3674,1224126.2,123.324,3843.53,42.0,35.0188,2.853
6534.6,2264.98,0.34661,76.8802,891929.4,91.8006,3256.81,58.0,38.6439,1.215
14599.1,3378.1,0.23139,176.331,2073755.2,219.722,4820.65,83.0,31.4268,4.562
7787.34,2488.93,0.31961,76.2843,1102928.2,102.666,3356.5,72.0,36.7139,18.439
9602.05,2657.36,0.27674,110.314,1308852.8,162.214,4159.58,78.0,33.1811,0.89
9112.47,2787.58,0.3059,95.2824,1298058.2,123.298,3620.39,89.0,36.5318,2.351
8796.15,2158.33,0.24537,80.0027,1230658.2,111.417,3982.07,36.0,35.6823,13.078
7735.11,2261.15,0.29232,74.3341,1057483.5,123.556,3096.72,81.0,39.0408,1.19
9839.7,4320.41,0.43907,88.5848,1394981.1,153.105,3976.65,36.0,34.2648,14.621
8227.58,2052.68,0.24948,86.0516,1153419.8,98.3251,4065.47,39.0,35.883,2.13
9184.7,2858.46,0.31121,91.9089,1317006.9,134.302,3401.26,7.0,36.005,3.406
9145.36,2368.04,0.25893,102.27,1297898.0,125.584,3594.77,117.0,36.0105,4.881
18821.5,6399.15,0.33999,260.481,2529200.0,335.001,5762.48,328.0,21.0303,2.526
13346.2,4455.97,0.33387,162.286,1887232.4,207.378,5456.6,75.0,26.5388,2.134
5477.85,1304.43,0.23812,53.327,722810.75,85.059,3400.39,19.0,40.3944,2.389
7068.82,956.72,0.13534,62.5678,983561.5,80.0857,2727.71,34.0,39.7794,8.349
7920.66,2286.71,0.2887,74.7889,1069855.6,105.318,3587.59,36.0,34.3585,16.705
9303.12,2604.2,0.27992,97.9568,1279546.1,155.311,4137.93,75.0,33.3707,0.775
5484.55,1890.35,0.34466,52.9708,765143.7,73.5664,2576.67,31.0,41.5577,4.101
6777.27,1978.26,0.29189,84.1305,954443.8,107.604,3437.02,88.0,37.5716,2.338
6950.01,2120.56,0.30511,66.9191,954734.8,93.5192,3109.44,46.0,39.5901,1.979
14344.8,5541.67,0.38631,171.068,1977605.2,268.589,4835.39,176.0,29.0577,16.65
14472.5,4614.37,0.31883,150.493,1977815.8,223.185,5349.84,10.0,46.5464,8.302
6155.52,1970.11,0.32005,60.1997,853769.75,90.8843,2742.85,45.0,40.3327,1.391
7715.08,2262.6,0.29326,61.7537,1064011.1,102.794,3303.11,15.0,39.1134,16.199
8437.01,2418.54,0.28665,78.1139,1158955.1,124.755,3490.57,112.0,36.8072,17.401
11852.5,3679.5,0.31044,150.742,1667019.5,162.493,5063.13,35.0,28.3356,3.537
4246.02,1318.58,0.31054,35.6454,588383.9,50.6559,1406.68,17.0,44.1577,1.396
5313.22,1961.14,0.3691,48.8094,746330.75,72.1762,2242.51,31.0,42.7034,2.965
8361.75,2096.22,0.25069,82.1739,1173580.8,99.2822,3978.48,38.0,35.0081,2.699
6867.8,2053.23,0.29896,65.1966,964197.2,87.4607,3573.18,35.0,37.6901,1.909
13618.5,4794.91,0.35208,157.683,1862079.6,210.798,5070.82,137.0,27.4883,7.078
6501.37,1699.43,0.26139,61.809,896796.8,83.1782,3234.76,33.0,37.9436,5.158
4468.58,1172.43,0.26237,39.7854,618091.5,59.7602,2430.96,61.0,42.2113,12.809
9275.28,2437.15,0.26275,113.622,1270549.9,153.551,4093.98,79.0,32.0832,0.702
8274.47,2692.64,0.32541,55.144,1126963.2,112.88,3841.76,29.0,36.3653,13.872
6458.14,2459.06,0.38076,84.498,847417.8,122.044,3587.44,58.0,37.7187,11.81
11467.4,4301.04,0.37506,140.643,1617803.9,186.269,4315.39,57.0,31.264,5.106
10790.8,4033.24,0.37376,114.119,1570027.2,169.827,4290.88,76.0,32.2538,10.71
12526.6,3749.97,0.29936,134.871,1690308.6,176.226,4076.34,178.0,31.7747,3.614
12840.1,4011.72,0.31243,83.5593,1803277.9,183.593,5077.8,69.0,33.1966,17.33
5435.97,1794.05,0.33003,52.8292,756402.9,75.6789,2531.24,22.0,41.9396,3.528
4465.62,1729.67,0.38733,46.7983,659783.06,63.6453,2350.45,57.0,40.3208,11.701
7637.04,1865.63,0.24428,65.8365,1051956.9,105.687,3622.03,23.0,37.2331,1.31
15100.4,4166.17,0.27589,192.16,2066681.8,252.59,5200.19,87.0,26.0274,6.588
7872.37,3169.0,0.40254,79.3046,1109639.1,123.534,3305.25,45.0,37.4905,2.824
7828.13,1646.14,0.21028,77.5049,1057510.2,125.587,3546.28,27.0,46.5464,1.618
8509.8,3118.28,0.36643,88.7908,1160692.1,121.759,3979.71,27.0,35.7364,13.866
6884.45,2316.89,0.33653,73.9151,926916.06,108.77,3758.02,65.0,35.9449,15.3
9378.98,3043.71,0.32452,66.3151,1298685.9,122.344,4611.25,33.0,36.4762,15.984
8197.11,2441.72,0.29787,93.0527,1119698.5,137.96,3937.63,37.0,35.4204,4.725
12590.5,3752.71,0.29805,135.072,1773320.1,177.548,4215.24,48.0,32.3677,3.051
10684.2,2528.3,0.23663,116.761,1510451.5,151.157,4339.32,60.0,32.8916,4.486
16564.3,6073.62,0.36666,135.959,2342562.8,243.769,6432.19,64.0,25.0197,8.775
10966.9,3553.06,0.32398,95.8687,1606475.5,151.752,4409.92,73.0,31.8005,2.639
18834.7,4881.18,0.25915,183.283,2662125.0,227.557,6089.51,237.0,22.356,8.168
10097.7,2807.71,0.27805,120.195,1387819.8,143.22,4173.66,132.0,29.5382,2.538
5905.23,2166.09,0.3668,48.3387,844541.0,80.2882,2774.44,44.0,42.9158,12.273
7868.71,3048.23,0.38738,60.0247,1060141.0,112.365,3918.99,77.0,36.0453,16.603
7989.06,1931.66,0.24178,71.1722,1167186.2,93.0897,3060.41,20.0,37.8763,1.43
7840.16,1401.51,0.17876,61.3186,1085608.8,81.9803,3061.05,31.0,38.3235,12.051
7975.27,2658.79,0.33337,82.4395,1170306.8,114.581,3519.16,31.0,37.2314,3.38
8566.9,3234.69,0.37757,108.486,1203189.8,164.841,3807.63,105.0,34.6207,15.697
15091.4,5039.7,0.33394,198.921,2010031.2,245.465,5213.26,108.0,25.5935,7.421
7413.26,2000.92,0.26991,59.0474,1025140.9,97.383,3398.14,35.0,37.1431,7.502
14748.9,5053.81,0.34265,157.06,2027151.1,219.516,5133.85,78.0,28.2627,11.023
21873.9,6139.23,0.28066,293.678,2974991.0,316.473,6637.12,290.0,18.7305,1.442
14806.3,5791.63,0.39115,185.383,1937718.8,242.084,4350.17,112.0,30.5353,4.345
6235.27,1787.24,0.28663,50.4699,882909.3,91.1659,3307.91,10.0,38.57,7.824
8525.72,2274.6,0.26679,82.1025,1203872.8,112.367,3830.44,81.0,35.1633,3.815
9499.8,3221.37,0.33909,86.8984,1351799.0,132.86,3563.36,8.0,35.485,2.978
5599.3,1943.38,0.34707,40.6531,781665.56,83.9637,3045.71,36.0,39.7939,13.611
15442.5,4929.37,0.3192,173.648,2146637.0,244.252,5354.54,125.0,22.6945,3.889
14359.9,4554.58,0.31717,124.243,2005315.5,210.024,4837.4,76.0,29.3683,12.823
13031.3,3595.64,0.27592,157.588,1805100.8,202.625,4874.35,196.0,29.6247,1.239
16773.3,5194.65,0.30969,212.208,2194833.0,267.684,6659.96,259.0,21.5434,2.595
6968.28,1624.84,0.23317,56.0515,955130.2,86.3401,2625.31,40.0,39.015,7.641
8085.2,2581.53,0.31929,90.4268,1105035.1,117.546,3197.15,85.0,38.7288,2.1
10989.0,3613.63,0.32884,111.838,1576444.5,140.844,4634.15,132.0,27.7358,19.884
10183.1,3882.59,0.38127,98.2129,1423819.1,142.862,3743.61,58.0,35.2795,16.351
21485.4,7574.6,0.35254,190.485,2991399.0,354.488,17886.14,150.0,22.7213,0.737
10113.7,4458.04,0.44079,106.078,1434641.2,143.943,3633.5,40.0,33.3365,19.221
7525.29,2444.99,0.3249,64.8177,1060694.6,110.499,3510.21,16.0,37.7046,17.541
9047.08,2354.79,0.26028,88.2498,1274694.4,128.664,4179.24,171.0,32.5474,1.553
21655.9,7206.86,0.33278,263.891,3008412.5,333.959,5725.77,102.0,22.8067,6.195
8823.33,2487.64,0.28193,91.6944,1237429.2,105.638,3597.2,25.0,35.7475,9.109
8428.57,1938.78,0.23002,75.0339,1154589.6,105.478,3627.22,92.0,33.955,10.22
6866.96,2225.0,0.32401,69.5677,914742.6,106.069,2878.61,33.0,39.7402,7.596
6218.72,1388.2,0.22322,65.941,886302.94,70.7251,3099.86,14.0,38.7033,2.149
8664.91,2632.97,0.30386,93.4078,1226920.8,117.87,3630.61,88.0,36.5037,2.264
6596.94,2417.7,0.36648,82.1489,918868.56,139.358,3329.61,77.0,32.0906,15.527
5952.89,1441.42,0.24213,57.4961,815261.44,73.4647,2305.93,32.0,41.6887,14.337
13757.2,3585.91,0.26065,186.432,1866892.4,212.089,4594.15,176.0,28.9962,1.697
10061.0,2632.08,0.26161,114.514,1371430.8,142.721,4184.29,132.0,32.7993,2.396
7877.73,1442.11,0.18306,76.0693,1111160.0,103.07,3756.96,14.0,34.3782,1.806
10083.6,4157.58,0.41231,92.0951,1417374.6,137.415,3928.3,38.0,35.5529,10.415
17188.4,5307.65,0.30879,244.257,2393085.2,310.898,4813.78,160.0,27.1047,6.458
4966.1,1648.07,0.33186,38.6046,703039.75,68.2873,2489.17,49.0,41.4103,11.562
9418.78,2674.14,0.28391,102.953,1292098.1,113.91,3561.41,45.0,36.0118,19.31
7471.03,2279.86,0.30516,68.4004,1044055.94,102.418,3198.07,31.0,36.4331,4.723
9147.9,2951.99,0.32269,100.591,1275079.8,116.985,3996.13,32.0,33.9816,3.236
6004.12,2118.88,0.3529,56.1082,839658.6,77.1214,2636.6,34.0,41.3181,2.827
5822.55,2147.46,0.36881,37.8925,749834.1,99.8984,2707.42,40.0,40.9395,12.516
20192.5,8073.4,0.39982,248.484,2728475.0,310.613,6077.62,161.0,23.8867,3.378
8110.77,2968.54,0.36599,72.4953,1094558.2,125.765,3492.53,71.0,36.5415,10.476
4658.76,1498.3,0.3216,30.8955,664373.0,63.5674,2187.75,51.0,44.022,9.487
13049.7,4190.67,0.32113,159.343,1852759.9,176.948,4865.84,60.0,28.6317,4.002
11656.6,4282.67,0.3674,104.23,1640891.2,177.329,4553.38,60.0,33.4198,2.884
10693.4,4149.06,0.388,87.2745,1445087.2,168.194,4000.55,33.0,34.4509,16.639
6545.72,1854.37,0.28329,67.1352,918250.06,77.7407,3710.56,77.0,39.9665,13.898
7856.26,1968.7,0.25058,79.423,1109697.2,102.658,3901.5,36.0,35.4541,3.053
6814.73,2043.78,0.2999,90.0889,966983.44,99.6286,3428.54,27.0,37.1642,12.568
6342.22,2150.66,0.3391,68.4439,867531.9,105.383,3248.92,75.0,37.9805,16.012
8319.0,2654.18,0.31905,63.0818,1187976.5,104.285,4248.88,45.0,37.8182,11.683
9411.8,2493.92,0.26497,96.0612,1289968.9,158.194,4130.76,78.0,33.2403,0.594
4960.69,2039.84,0.4112,33.9623,690960.75,75.2805,2537.83,68.0,41.7533,14.643
8900.48,2802.62,0.31488,89.0702,1260930.1,134.834,3340.84,14.0,36.2068,2.724
12310.4,4231.05,0.34369,149.414,1715606.8,160.75,5036.09,33.0,29.7265,3.67
7975.69,2336.09,0.2929,63.0968,1145588.0,105.725,3528.83,58.0,35.4562,12.422
8971.53,2174.27,0.24235,95.0078,1267445.0,154.334,3796.22,15.0,33.5852,0.494
10831.5,2429.96,0.22434,135.01,1504325.9,163.885,4712.22,177.0,28.6066,0.728
8959.79,3248.46,0.36255,97.5089,1202143.9,127.398,3378.09,82.0,37.9611,2.733
8460.44,3843.08,0.45424,97.8113,1207479.4,136.381,3175.08,67.0,36.723,15.242
22767.0,5488.54,0.24107,335.532,3130391.8,402.423,6224.88,162.0,19.7724,0.958
6883.97,2013.74,0.29252,62.1264,963081.8,98.8454,3369.47,37.0,38.0714,13.227
6394.74,2245.45,0.35114,67.9117,848954.75,99.8244,3417.54,40.0,38.1953,10.723
6874.76,1820.21,0.26476,59.9179,950109.2,107.599,3338.39,60.0,37.8024,15.433
7596.35,2745.4,0.36141,71.5007,1048523.6,102.194,3059.28,21.0,35.4657,2.783
6931.52,1682.5,0.24273,82.5445,974354.44,108.406,3835.47,35.0,36.1431,1.308
13560.9,3814.87,0.28131,145.624,1836336.1,189.203,5501.33,80.0,29.8574,16.002
9936.78,3952.48,0.39776,95.7063,1403265.4,147.27,3629.73,91.0,35.9874,17.616
9494.75,2970.04,0.3128,51.346,1238619.4,139.041,3804.5,38.0,35.4083,15.853
7501.3,2085.34,0.27799,60.8972,1046792.4,96.9975,3306.77,87.0,37.2679,1.746
9044.86,2315.44,0.25599,102.528,1269697.9,122.129,3828.4,28.0,46.5464,2.482
8872.1,2385.42,0.26886,101.72,1247879.5,130.369,3232.4,4.0,36.9571,0.453
13466.4,4251.51,0.31571,148.422,1836108.5,201.648,4793.24,89.0,29.8183,15.207
17832.1,5434.0,0.30473,243.44,2466486.0,319.361,5322.82,219.0,46.5464,4.523
5302.74,2241.14,0.42263,51.2297,734996.75,79.2959,2246.31,24.0,42.7348,2.255
11868.4,2224.07,0.18739,150.665,1613382.5,188.31,4930.09,140.0,30.0364,0.56
20841.4,5614.37,0.26938,300.627,2824951.0,320.076,6502.87,290.0,18.6483,1.554
5533.94,1976.85,0.35722,45.7592,784041.2,71.4365,2033.3,4.0,42.1008,9.99
10155.1,2844.06,0.28006,112.746,1421606.8,157.718,4284.62,57.0,33.2315,3.586
7693.38,1626.4,0.2114,92.5147,1076489.5,109.512,3972.44,90.0,35.1902,10.119
15350.1,3334.34,0.21721,209.737,2138782.0,237.992,4997.27,136.0,26.0746,2.667
8973.45,3293.29,0.367,102.007,1267619.2,136.498,3339.18,48.0,36.5709,14.59
15849.7,4620.85,0.29154,179.586,2278390.8,267.534,5444.48,97.0,27.2016,11.939
7620.7,1994.21,0.26168,59.1404,1049719.8,90.2924,3538.64,45.0,37.865,7.356
11577.4,4974.91,0.4297,100.562,1648554.1,157.826,4517.25,47.0,35.0192,18.631
11357.5,3269.75,0.28789,144.162,1566580.1,186.137,4347.51,24.0,31.1438,2.589
10369.9,3113.14,0.3002,132.362,1392484.5,165.317,3986.46,34.0,33.7854,1.886
7569.11,1839.43,0.24301,80.6081,1059240.1,113.191,3848.17,20.0,36.3708,1.556
7904.74,2444.65,0.30926,68.8412,1090506.8,103.883,3771.61,46.0,35.412,15.451
6838.58,2751.64,0.40237,63.9131,923094.56,114.394,3511.67,63.0,38.5075,13.645
8353.41,2129.75,0.25495,102.076,1153601.1,119.538,3475.5,35.0,34.8543,8.438
13968.6,3993.31,0.28587,168.069,1960730.5,205.577,5219.7,203.0,27.3628,2.83
8150.98,1342.12,0.16465,73.6927,1139873.9,84.0934,3266.87,34.0,37.2745,16.565
5978.65,1713.44,0.28659,52.2153,830515.56,74.9531,3239.28,58.0,38.9009,2.474
10788.7,3729.62,0.34569,99.1857,1429406.0,150.465,4333.8,87.0,35.6839,5.18
13962.9,4989.73,0.35735,165.156,1936459.6,216.812,4826.67,63.0,28.3704,7.726
14780.9,4725.74,0.31971,170.726,2059948.1,253.834,5350.75,162.0,24.5958,1.257
13727.4,4737.53,0.34511,130.928,1813470.2,220.728,4959.54,147.0,27.5148,3.828
15369.0,4836.87,0.31471,185.664,2138447.0,240.374,5520.25,167.0,24.3726,2.501
6180.81,1495.86,0.24201,53.0955,862849.06,72.3234,3382.79,53.0,38.563,2.583
5765.33,2350.86,0.40775,34.0264,817487.56,82.1127,2483.3,48.0,42.7496,2.815
15903.7,4664.33,0.29328,192.952,2197938.0,227.938,5679.45,140.0,22.5603,0.99
9596.37,2026.99,0.21122,101.586,1337130.4,123.47,3597.98,119.0,35.3201,9.777
7115.13,3055.4,0.42942,59.7366,970337.75,116.325,3232.6,68.0,38.8133,14.942
10516.5,2849.43,0.27094,115.308,1464500.9,157.843,4247.32,54.0,33.3889,3.992
5626.73,2011.16,0.35742,38.6787,755669.1,87.0627,3498.27,50.0,43.3578,13.537
8597.27,3581.18,0.41654,90.8036,1194859.0,137.885,4270.26,57.0,34.0282,16.031
4760.07,839.66,0.17639,41.0222,643731.8,59.8697,2530.34,9.0,43.5683,5.233
13657.8,3366.8,0.24651,193.306,1859778.6,217.782,4576.72,169.0,29.1424,1.731
17844.1,5635.0,0.31579,170.038,2461445.0,288.366,7703.08,117.0,28.6097,4.875
16342.8,4510.93,0.27601,210.703,2266688.0,272.125,5156.2,162.0,25.5328,3.235
10468.0,3027.27,0.28919,97.5578,1468329.0,140.702,3533.41,27.0,36.0793,3.929
9765.44,2824.8,0.28926,103.553,1379930.8,155.21,3943.72,35.0,33.349,1.806
6712.49,1353.78,0.20168,52.6567,923824.8,84.6527,2889.85,29.0,39.8532,1.715
7869.88,2926.96,0.37191,82.9453,1129509.0,122.422,3398.67,49.0,37.5451,6.454
10699.1,4176.05,0.39031,95.0257,1449835.2,165.921,3594.65,36.0,36.1324,20.591
6265.84,1803.31,0.2878,57.2898,865917.1,83.8372,2696.7,44.0,40.4099,2.301
11626.7,3538.52,0.30434,95.0877,1609066.2,159.756,4401.21,58.0,32.1001,18.698
10066.5,2448.94,0.24327,106.597,1454375.5,123.871,4066.46,78.0,33.9828,20.153
8488.47,3048.58,0.35914,79.149,1159290.0,124.961,3421.95,12.0,37.529,12.768
6045.6,2002.51,0.33123,71.9403,846559.7,85.2126,3795.47,72.0,37.9802,5.246
21604.0,7868.96,0.36423,194.793,3003630.0,362.012,18054.22,149.0,46.5464,3.307
3985.94,1178.54,0.29567,34.6322,542077.1,49.4751,1386.88,32.0,44.4865,11.233
12026.4,3554.48,0.29555,102.486,1665495.8,180.257,4593.05,123.0,30.0272,2.813
8212.5,2951.7,0.35941,78.0316,1134269.0,128.279,3753.86,24.0,35.8318,7.662
8791.92,2528.32,0.28757,77.5369,1228130.8,109.975,4322.21,61.0,39.1269,17.294
5875.86,1932.21,0.32883,51.7438,825390.9,75.5774,2644.95,20.0,41.1779,3.28
10693.7,3577.86,0.33457,84.5122,1499435.5,152.554,4541.73,31.0,30.7294,11.44
17191.6,4956.49,0.2883,228.972,2404987.2,282.379,5720.0,193.0,21.9818,2.012
7242.06,2792.98,0.38566,72.3181,990346.94,115.22,4979.08,156.0,35.5061,17.22
5827.58,1904.55,0.32681,54.16,800103.6,78.7807,3189.76,10.0,39.5049,7.643
14420.3,5332.34,0.36978,138.065,1950430.6,203.299,4919.18,180.0,30.8501,20.285
7371.25,1718.08,0.23307,79.2982,1061216.8,111.949,3839.13,78.0,36.078,2.566
6843.9,2105.35,0.30762,70.2256,935606.3,94.0343,3099.07,51.0,39.699,2.854
7483.65,1905.71,0.25464,63.1901,1075218.8,94.9159,2462.17,44.0,40.6948,10.326
8662.28,3582.18,0.41353,92.2526,1248547.9,134.127,4054.52,41.0,33.8691,13.109
17339.2,4945.91,0.28524,244.723,2393044.0,295.027,5296.09,217.0,25.4488,6.412
8303.03,2787.62,0.33573,89.2316,1174038.9,122.521,4561.38,46.0,35.499,15.248
6535.63,2366.02,0.36201,57.7432,905957.56,98.1186,3523.54,73.0,36.4269,1.623
8959.94,2778.73,0.31012,100.036,1241055.1,99.8294,3696.14,37.0,36.1293,15.069
10037.4,3013.69,0.30024,98.7448,1343210.8,130.316,3842.54,126.0,36.8187,18.68
6793.58,2164.19,0.31856,71.2132,975823.3,87.2613,3476.85,31.0,37.4752,15.347
7352.51,1950.0,0.26521,50.8292,1012921.2,91.2133,3703.94,48.0,37.7944,11.459
16768.4,5073.99,0.30259,254.574,2282362.0,270.378,4890.76,287.0,26.986,5.073
15286.7,5473.46,0.35805,190.206,2130149.5,232.526,5110.2,137.0,26.574,19.516
8141.67,2977.1,0.36566,66.1263,1190530.6,110.768,2847.46,62.0,39.6055,14.14
9633.45,2475.77,0.25699,119.747,1323532.1,135.758,4124.03,128.0,23.8957,19.368
6384.65,2241.85,0.35113,64.7913,880703.2,103.348,3721.81,35.0,36.3153,8.166
8824.04,2230.01,0.25271,100.096,1220037.4,126.676,3290.36,5.0,36.6132,0.818
21278.6,5842.31,0.27456,289.455,2892438.0,321.505,6603.69,279.0,18.6348,1.627
6707.06,2386.4,0.3558,58.263,935605.7,98.6575,3771.65,76.0,36.3469,1.464
8700.53,1965.29,0.22588,102.304,1240026.1,118.392,3842.47,52.0,35.0796,3.264
8347.69,2353.75,0.28196,92.5556,1187200.8,124.897,3931.5,161.0,34.1456,1.25
6103.25,871.7,0.14282,50.5565,861006.9,74.3893,2718.87,1.0,42.1906,0.713
13783.9,2760.95,0.2003,175.511,1944530.6,197.961,4032.08,152.0,32.2708,1.281
4215.24,1250.05,0.29655,33.7698,579038.8,48.698,1408.76,19.0,44.2712,1.612
11279.3,3517.88,0.31188,100.981,1555809.5,167.282,4275.49,34.0,34.0666,6.526
7118.73,2849.63,0.4003,57.5593,1010215.25,106.156,3264.27,56.0,39.1582,14.561
10772.7,4508.71,0.41853,93.1778,1515602.0,154.195,4688.25,42.0,37.2641,13.743
7297.99,3225.44,0.44196,62.896,1045480.5,103.144,2527.14,72.0,39.9365,10.891
11241.9,2715.76,0.24157,144.937,1595758.6,168.329,4677.8,25.0,29.3404,1.823
16205.8,4724.9,0.29155,252.305,2209848.5,279.091,4791.44,283.0,25.1196,2.94
9263.38,2281.05,0.24624,96.2641,1297410.8,128.289,3773.36,18.0,34.2526,3.192
10004.7,2557.14,0.25559,109.102,1413601.1,155.063,4176.92,56.0,33.7237,3.342
8031.09,2730.63,0.34,43.7244,1125591.4,116.697,3753.44,23.0,35.956,13.417
6906.04,2366.24,0.34263,71.1026,951803.5,93.3703,3717.13,36.0,36.4488,1.67
13808.8,6732.9,0.48758,110.324,1945545.6,250.662,4134.51,29.0,34.2018,19.471
8039.72,1914.01,0.23806,74.1363,1083657.9,92.3269,4004.45,104.0,36.1622,12.411
14646.9,5019.79,0.34272,188.882,2051577.9,260.128,5368.25,156.0,23.2232,1.385
10594.2,3206.9,0.3027,104.431,1463788.1,153.905,4335.25,16.0,32.8527,4.53
8830.37,1897.93,0.21493,77.3504,1281269.0,106.543,3884.29,9.0,34.8064,1.39
6271.36,1728.0,0.27553,64.6266,885459.8,88.4052,2920.3,26.0,36.4979,6.139
11559.2,3935.14,0.34043,90.389,1560185.2,173.47,4198.44,127.0,32.6353,4.271
8658.24,2491.39,0.28774,92.5731,1226366.1,122.449,3635.2,84.0,36.6972,4.718
8091.18,2510.95,0.31033,56.6409,1062765.9,115.532,4300.31,50.0,38.6484,13.922
8098.88,1571.34,0.19401,73.3265,1116362.2,89.2182,3210.64,36.0,37.7994,9.479
8556.83,2764.69,0.32309,64.4619,1229655.1,104.326,4800.37,47.0,35.3473,15.024
5146.47,2044.58,0.39727,37.0935,723965.94,71.9071,2584.61,6.0,44.4732,13.296
6740.02,2463.21,0.36546,80.1778,922870.3,87.9626,3270.13,68.0,38.517,3.975
23451.8,5523.74,0.23553,318.765,3230020.5,400.988,6233.68,154.0,19.8012,0.95
7033.18,2457.59,0.34942,72.258,993212.9,97.6173,3250.15,29.0,34.5091,8.875
8390.4,2366.9,0.28209,96.1181,1185104.2,115.243,3560.14,97.0,36.9135,2.365
5804.16,743.85,0.12815,49.7395,795890.56,65.094,2331.16,36.0,40.8319,6.112
19896.0,5939.59,0.29853,210.007,2743033.8,315.73,5880.92,215.0,20.0199,10.937
18620.6,5408.3,0.29044,241.268,2518127.0,320.592,5743.24,323.0,21.2994,2.844
10016.2,2625.39,0.26211,127.642,1384416.0,153.327,4660.88,67.0,26.8016,2.034
8216.66,2134.99,0.25983,100.638,1111193.6,126.007,3455.35,8.0,35.7099,1.572
19112.3,5654.85,0.29587,199.794,2672018.2,285.289,5782.73,234.0,19.2619,17.782
14837.1,5074.58,0.34201,197.498,2001616.4,249.824,4631.71,34.0,28.5847,2.029
9157.66,2633.75,0.2876,76.6516,1241001.2,116.341,3923.43,116.0,33.6738,13.275
8225.59,1932.51,0.23493,72.502,1131341.4,91.5449,3360.63,30.0,37.0405,12.498
10159.0,4278.21,0.42112,82.3533,1457955.5,153.288,3833.64,49.0,34.1982,18.869
6263.9,903.85,0.14429,52.9109,881891.9,74.1805,2516.93,51.0,40.84,8.182
12770.5,4461.89,0.34939,137.876,1801558.0,186.908,4295.3,52.0,28.9739,2.989
5181.03,985.12,0.19013,52.9516,732501.44,69.4558,2850.19,58.0,40.4317,1.199
8484.55,2214.54,0.261,90.8792,1190221.9,108.707,4026.73,23.0,35.6515,2.716
13240.6,4243.77,0.32051,152.579,1831085.1,200.143,5081.5,80.0,27.3539,3.658
9496.04,2706.73,0.28503,101.256,1301866.6,163.065,4134.87,73.0,33.2004,0.601
9237.97,2710.96,0.29345,97.6464,1289570.4,128.003,4253.44,34.0,34.2232,1.766
8032.13,2165.77,0.26963,88.5356,1099260.0,111.832,3107.7,21.0,36.3315,2.456
5411.83,1158.16,0.214,43.7083,743873.3,81.9944,2505.64,36.0,43.5248,11.829
9263.34,3076.83,0.33215,73.4676,1246581.8,138.205,4356.71,70.0,33.6094,3.298
12646.6,3655.82,0.28907,170.581,1781980.0,208.323,4547.26,90.0,30.1744,7.387
19231.3,7915.99,0.41162,137.54,2636236.8,311.294,5731.47,118.0,24.1382,20.222
10663.3,3034.57,0.28458,132.278,1486280.8,161.657,4644.25,74.0,29.0956,1.627
11184.2,3143.12,0.28103,123.633,1562343.5,178.491,4198.34,67.0,32.9117,1.547
17040.5,5434.23,0.3189,196.482,2424138.2,289.226,5411.24,258.0,16.9153,16.459
9126.58,2027.88,0.22219,85.2717,1289968.5,116.507,4612.62,30.0,33.4763,2.879
13169.8,2825.91,0.21457,171.739,1806882.5,200.428,4717.61,100.0,28.8163,1.799
8226.19,1483.05,0.18028,57.5566,1170080.2,85.336,2892.43,40.0,39.0353,11.063
6209.44,1189.94,0.19163,67.0808,854825.94,74.6583,2627.99,51.0,41.5846,6.282
6175.93,2003.05,0.32433,56.3342,859215.3,79.2155,2633.81,32.0,41.2736,2.869
12108.6,4266.53,0.35235,85.5534,1669081.4,172.568,4848.4,134.0,28.5528,5.241
5267.57,1318.31,0.25026,48.7657,696798.3,80.8711,3318.9,17.0,41.3319,1.866
9204.65,3423.86,0.37197,99.9371,1324857.1,124.11,3506.68,51.0,35.915,12.349
15737.9,4304.05,0.27348,159.011,2297272.8,250.552,4466.99,110.0,30.2252,18.412
6869.32,2118.45,0.30839,62.5391,945700.3,90.8145,3124.82,28.0,39.4705,10.187
9567.64,2578.99,0.26955,99.6762,1333052.1,112.199,3298.99,38.0,36.457,15.594
6627.57,2089.25,0.31523,54.5846,933461.1,88.3494,2577.95,59.0,41.5833,9.487
15811.3,4963.76,0.31393,215.174,2203448.8,257.754,5361.73,284.0,24.4659,1.99
7087.3,2616.6,0.36919,63.0867,1021699.44,94.7596,3229.46,29.0,38.8643,1.138
6392.11,2018.62,0.31579,59.928,845488.9,91.811,2748.1,29.0,40.6213,5.116
10297.2,2404.28,0.23348,119.391,1404781.8,146.434,3634.19,13.0,34.7912,2.096
14275.0,4166.71,0.29188,189.388,1900164.9,252.88,4887.87,209.0,28.0145,3.371
13884.6,4913.7,0.35389,201.451,1891961.6,252.939,4673.04,47.0,30.5395,1.953
6111.88,1523.04,0.24919,69.0883,856900.44,83.2581,2789.27,74.0,39.555,9.166
14123.0,3804.16,0.26935,180.174,1956627.6,213.265,5621.94,138.0,23.0379,1.52
10488.6,2389.16,0.22778,123.716,1431193.8,146.515,3638.58,13.0,34.7684,2.131
10440.8,3856.9,0.3694,84.9649,1417552.6,165.083,4734.95,39.0,32.1872,4.465
7230.41,2223.33,0.30749,69.735,1013767.6,98.8705,3023.78,83.0,39.5149,12.323
8454.65,3046.79,0.36036,81.9289,1130696.6,121.793,3626.04,18.0,34.6478,14.871
9231.44,2778.12,0.30094,78.1759,1286151.8,119.191,4369.69,64.0,35.9649,12.446
6775.86,1658.9,0.24482,48.4728,924251.3,82.9458,2518.69,35.0,40.0304,3.809
5801.7,897.05,0.15461,53.258,800329.44,64.1319,3008.23,21.0,39.7153,4.11
7906.3,2091.04,0.26447,93.3888,1114455.6,96.3075,4011.45,22.0,35.6729,2.176
12794.8,3260.8,0.25485,152.687,1762920.1,218.46,4534.29,107.0,30.3744,4.34
9020.33,2305.82,0.25562,90.7801,1280513.4,118.724,3796.34,161.0,36.6548,5.869
6723.4,2076.08,0.30878,66.3707,937721.25,91.4976,3889.79,69.0,37.5477,3.266
7197.35,1574.78,0.21879,65.5419,1010301.7,84.5877,3041.95,41.0,36.6283,14.974
3944.23,1030.17,0.26118,36.1119,563501.7,42.4373,1766.91,12.0,41.0965,2.291
9182.67,2855.6,0.31097,98.2233,1292557.1,162.74,3904.81,124.0,28.3031,6.632
8811.42,1917.08,0.21756,105.837,1225474.5,132.69,3660.42,23.0,34.072,1.545
7709.7,1313.0,0.1703,77.07,1047869.9,97.1864,3057.84,36.0,35.0605,5.265
9580.64,5287.12,0.55185,94.1644,1200188.6,187.883,2708.68,133.0,39.2357,19.205
6248.23,2285.5,0.36578,83.2594,843778.25,93.4944,3268.42,55.0,38.4734,1.709
12723.6,3965.62,0.31167,110.143,1842608.0,173.277,5089.28,142.0,33.1494,17.391
13160.0,4843.34,0.36803,136.986,1849172.5,187.67,4445.19,38.0,30.6422,5.809
8386.68,1860.81,0.22187,83.1233,1182947.1,103.61,3806.27,19.0,34.0551,2.187
22539.2,10403.8,0.46158,200.571,3031849.5,365.225,5501.04,85.0,24.0681,14.903
7429.49,1968.56,0.26496,79.5068,1035689.75,90.708,3486.8,62.0,34.5956,1.862
7727.78,3552.67,0.45972,85.4398,951982.9,144.014,2449.99,117.0,39.719,7.927
8335.12,1722.68,0.20667,98.5435,1192653.4,115.941,3777.89,44.0,35.3459,3.142
10239.4,3385.56,0.33064,69.4179,1433128.9,151.664,3924.94,11.0,30.4265,18.358
5825.14,2382.38,0.40898,57.18,830779.2,98.1761,2448.01,51.0,41.5637,12.515
19824.3,7938.67,0.40045,159.432,2774788.8,350.543,13695.63,110.0,30.8392,20.214
7266.4,2143.69,0.29501,75.71,1009594.75,85.4978,3352.67,32.0,36.7098,15.818
7222.75,1974.17,0.27332,62.7615,961279.4,101.523,3372.97,52.0,37.2261,5.487
14602.7,4574.48,0.31326,158.042,2031580.1,229.444,5259.15,187.0,26.9984,1.597
6815.09,1286.29,0.18874,60.8902,977692.1,74.4276,2824.56,42.0,40.4912,15.851
8648.24,3011.01,0.34816,68.8636,1222242.9,121.65,5035.33,53.0,32.8956,4.878
13810.1,3526.55,0.25536,172.927,1891527.5,231.206,4762.99,19.0,28.4636,2.992
10676.2,2294.87,0.21495,105.769,1501037.6,132.235,4293.56,50.0,33.436,1.363
5406.33,1264.91,0.23396,68.7865,758265.25,70.4252,3052.62,12.0,39.0705,1.497
14901.9,4312.2,0.28937,189.508,2068134.9,222.389,5632.82,144.0,22.6771,0.694
8759.2,2863.61,0.32692,69.6908,1158040.0,136.743,4444.72,70.0,33.4771,5.267
9100.15,2180.21,0.23957,67.0785,1306745.9,94.8881,2744.68,57.0,39.5073,13.859
4913.09,1004.82,0.20451,40.9331,654433.94,57.1809,2621.11,8.0,43.3508,5.766
8051.01,1770.36,0.21989,64.2234,1152526.1,86.2174,4007.81,35.0,36.3549,16.778
10365.0,2538.8,0.24493,125.542,1447202.1,159.208,4648.02,74.0,29.9793,1.474
12157.0,3179.14,0.2615,130.188,1690919.8,193.515,3970.18,39.0,33.0299,15.628
4086.77,1339.73,0.32782,36.6671,553879.75,52.6763,1422.15,32.0,44.3724,11.602
9500.91,2321.3,0.24432,94.7251,1296045.8,121.547,4025.98,25.0,31.7528,16.412
5437.91,1817.05,0.33414,36.9675,761768.0,74.9565,2029.76,41.0,43.3819,8.633
16120.1,5344.07,0.33151,171.981,2315595.2,246.012,6746.17,59.0,26.7998,19.135
10247.1,4707.74,0.45942,96.2761,1442934.4,154.028,4045.06,65.0,35.3926,17.46
15302.8,4374.41,0.28585,188.561,2162466.2,227.319,5699.58,69.0,18.0696,1.396
10494.6,2954.59,0.28153,130.44,1498233.8,161.561,4407.17,41.0,31.4392,2.885
14882.2,5310.49,0.35683,138.681,2093807.9,197.469,5028.37,107.0,26.6885,20.009
5281.91,1605.24,0.30391,46.1595,764858.0,79.4807,2269.6,59.0,42.694,12.757
11813.6,5990.39,0.50707,142.192,1623688.5,219.36,4884.95,137.0,29.7915,19.641
7588.2,2013.21,0.2653,69.2692,1053632.1,103.275,3566.62,28.0,34.8346,1.922
11199.9,2765.19,0.24689,132.886,1580392.8,171.993,4263.01,51.0,32.3596,1.421
11625.4,2947.75,0.25356,141.169,1660566.5,167.366,4706.01,25.0,28.988,1.83
4694.26,899.88,0.19169,42.3149,670877.44,56.8163,2187.49,80.0,42.8587,0.68
5011.16,1205.04,0.24047,49.8648,646250.9,57.0972,2082.19,18.0,43.1171,5.524
10825.5,3264.61,0.30156,124.847,1502580.9,149.595,4400.53,39.0,32.5534,0.0
12940.3,3478.32,0.26879,114.176,1850932.5,152.37,4779.94,92.0,32.0873,18.302
6632.59,3244.25,0.48913,64.2806,870673.25,123.614,2751.49,55.0,40.7763,15.689
8961.98,3421.6,0.38179,89.8607,1237735.4,143.956,4021.18,34.0,35.2142,15.929
9824.76,2442.12,0.24856,84.2631,1387740.1,124.637,4578.43,35.0,33.1576,1.404
13810.9,4444.95,0.32184,184.078,1903869.0,249.646,4535.56,30.0,29.1153,1.963
10673.6,2950.67,0.27644,105.442,1490548.4,163.341,4353.87,55.0,32.9378,3.914
11332.5,2017.24,0.178,144.736,1588096.4,163.715,4629.99,145.0,29.8717,1.718
5329.66,1804.81,0.33863,40.6566,743043.3,74.6873,2701.42,45.0,40.897,4.355
13395.8,4255.79,0.31769,175.598,1934130.1,255.769,4917.47,94.0,27.0855,3.572
9393.83,3587.13,0.38186,127.949,1239274.4,184.248,4424.03,175.0,30.902,1.47
12401.8,3271.99,0.26383,89.3936,1743942.2,161.963,4667.32,150.0,30.8101,4.123
10094.1,3533.54,0.35005,65.4339,1421222.9,142.307,4094.57,25.0,33.9285,17.6
14851.7,4921.5,0.33137,149.709,2105655.8,193.206,6570.94,45.0,24.1899,18.388
7886.78,3094.69,0.39238,88.3433,1126406.0,106.602,4021.4,37.0,34.7877,13.995
13023.1,4445.07,0.34132,129.685,1856975.8,171.737,5365.45,130.0,25.9547,16.865
6754.87,1865.69,0.27619,66.1664,949033.75,87.2579,3213.89,21.0,38.6676,2.152
10103.4,3462.24,0.34268,96.9463,1380702.1,136.423,3514.02,59.0,37.1749,16.85
13647.4,4264.19,0.31245,149.455,1915267.8,209.269,5033.29,74.0,27.6458,3.976
6272.36,1571.96,0.25061,70.0847,893420.7,71.0596,2856.13,71.0,39.6405,7.067
4282.9,1010.81,0.23601,31.1113,594338.9,49.5832,2033.96,42.0,44.7491,5.153
15116.3,4429.7,0.29304,164.581,2055958.0,223.859,5041.68,180.0,26.0431,20.638
7454.01,2420.94,0.32478,82.1618,1020389.94,120.909,3075.26,64.0,39.0721,2.382
5967.66,1103.91,0.18498,52.5181,816963.1,73.5838,2396.34,25.0,40.5292,14.695
5780.65,1462.13,0.25293,70.4986,799947.7,77.7102,2819.79,64.0,39.604,6.845
15297.3,3948.65,0.25812,132.499,2099927.2,205.871,4068.04,101.0,32.1423,19.154
9358.49,2539.16,0.27132,80.29,1304549.8,122.518,4118.29,81.0,33.7084,5.991
14461.3,4584.73,0.31703,164.0,2008619.9,222.356,5218.6,182.0,29.8811,1.672
11739.1,2183.78,0.18602,146.514,1656372.2,167.836,4645.52,145.0,29.7815,1.594
6813.33,2331.16,0.34214,88.0971,825471.3,115.438,2432.09,101.0,40.4999,15.098
9725.38,2186.13,0.22478,92.1407,1360946.9,111.697,3893.05,155.0,35.2058,7.076
6205.49,1221.33,0.19681,53.6595,870948.3,64.8209,3034.11,11.0,40.1591,10.313
11739.8,3872.32,0.32984,113.647,1604537.1,195.167,4591.68,76.0,30.8987,1.103
10455.8,4133.45,0.39532,92.1166,1464575.1,152.342,3874.11,8.0,35.7971,8.775
15012.4,4333.37,0.28865,205.72,2065620.4,256.887,5108.14,173.0,25.7098,3.532
9425.2,3078.17,0.32658,77.4902,1285981.4,128.14,3904.64,100.0,39.1236,15.83
9592.94,2268.97,0.23652,87.157,1364605.5,125.489,4607.01,32.0,33.1825,5.163
18758.9,4474.76,0.23854,201.551,2671290.8,271.858,5419.71,227.0,24.0694,7.898
9057.04,2295.74,0.25347,99.5882,1271034.6,125.973,3754.99,24.0,35.27,2.467
7189.99,1408.95,0.19595,69.5716,1013358.75,90.9469,3194.07,30.0,37.5949,13.395
10365.6,2845.04,0.27446,86.0471,1457271.5,140.932,4759.17,35.0,32.2311,5.784
9382.48,3825.05,0.40768,82.4539,1235488.8,149.268,3749.08,67.0,35.6653,4.441
9816.32,3300.26,0.3362,123.617,1353011.2,172.819,3794.47,36.0,32.5945,3.925
7210.52,2946.22,0.4086,65.1411,955221.06,116.537,2956.88,98.0,38.7952,13.828
20309.9,5447.69,0.26822,180.562,2947917.5,272.412,7224.42,104.0,28.9797,14.098
6506.65,2048.59,0.31484,61.0814,877426.8,93.4309,3104.74,13.0,40.239,1.642
14172.4,3908.63,0.27579,165.28,1976285.2,217.964,4396.1,70.0,30.2414,1.519
5688.02,1561.65,0.27455,50.0811,789829.25,70.9538,2554.93,31.0,41.8598,3.952
4965.91,1559.45,0.31403,37.365,688459.25,59.9451,1998.5,55.0,43.3735,11.728
8145.19,2584.26,0.31727,84.3246,1149251.1,136.173,3609.81,13.0,36.1355,1.911
12406.6,4286.09,0.34546,152.519,1747467.6,181.327,5055.74,42.0,46.5464,4.594
14255.4,4435.32,0.31113,174.286,1956770.4,254.721,4806.15,27.0,28.1965,3.585
6503.81,1813.64,0.27885,74.833,865202.44,100.118,3420.35,82.0,37.7738,2.491
7218.1,989.02,0.13701,73.603,973564.1,88.8949,3065.89,34.0,39.3307,8.835
5466.43,1722.14,0.31503,55.9216,757965.4,72.9658,2558.54,34.0,41.5926,3.137
5062.38,1034.08,0.20426,43.5317,719404.6,65.1476,2700.73,15.0,41.9059,1.97
15019.2,4259.21,0.28358,193.408,2091967.5,220.531,5626.85,138.0,22.7479,0.816
9570.98,2367.69,0.24738,112.034,1359374.5,152.159,3804.75,12.0,35.1361,1.646
9928.55,4216.05,0.42463,87.4945,1371879.4,151.282,5104.71,49.0,31.7568,18.511
11134.2,2668.21,0.23964,111.099,1571713.9,154.729,4342.31,62.0,33.0148,4.556
12792.9,4452.68,0.34805,114.502,1773301.6,164.576,4957.79,120.0,32.8968,17.067
8498.5,3337.73,0.39274,70.3667,1153408.5,123.272,3627.97,101.0,35.3049,17.342
16051.3,5754.94,0.35853,184.881,2218812.8,259.978,4671.87,31.0,26.5373,1.839
15053.1,3924.78,0.26072,184.35,2126982.8,215.024,5709.94,67.0,23.0774,1.155
6591.67,1797.67,0.27271,60.5586,897855.1,79.9031,3764.77,43.0,36.9479,9.367
4167.55,886.31,0.21266,37.168,575994.44,43.4419,1749.82,42.0,44.7731,9.941
6112.29,1587.03,0.25964,51.6395,882042.2,78.6793,2384.9,64.0,42.1014,13.295
22038.9,4772.02,0.21652,309.11,3024450.5,386.393,6224.29,151.0,19.8309,0.95
15089.7,5557.46,0.36829,184.2,2069327.1,282.477,4478.74,80.0,29.4225,12.324
19134.3,5993.95,0.31325,268.441,2583723.5,314.124,5820.08,337.0,20.7294,3.129
8340.59,1306.49,0.15664,73.51,1116394.5,102.164,3899.25,23.0,36.6789,10.201
16159.9,3991.71,0.24701,185.057,2269018.2,230.782,5245.91,223.0,46.5464,4.799
11813.2,3054.7,0.25858,170.272,1671229.9,190.891,4628.55,109.0,29.6714,2.229
6749.68,1908.73,0.28278,66.8664,963319.56,80.6336,3190.69,21.0,38.642,3.47
9625.33,2829.97,0.29401,104.684,1325405.0,143.988,3942.91,31.0,33.8348,3.383
9490.32,2528.33,0.26641,111.151,1334478.5,154.366,4164.37,52.0,33.9356,3.496
8642.78,2549.38,0.29497,98.7092,1184523.1,150.602,3245.04,17.0,36.4937,1.528
9221.62,2372.24,0.25724,96.9344,1309713.1,146.159,3549.36,13.0,34.6605,0.894
17153.4,5457.55,0.31816,193.208,2275886.2,254.39,5464.85,152.0,24.0116,17.564
21487.7,6646.12,0.30929,255.803,2999126.0,327.015,5539.45,84.0,23.1368,3.947
7383.37,2124.26,0.2877,62.2165,1059770.4,90.9051,2420.26,68.0,39.9775,14.014
4170.68,1328.59,0.31855,35.8498,566501.1,50.4312,1422.64,34.0,44.3566,11.608
8270.01,2298.5,0.27793,68.0646,1183781.8,87.0976,4424.62,20.0,38.9492,4.146
8382.29,2496.13,0.29778,93.9089,1147097.8,148.6,3255.47,10.0,36.0893,1.888
8050.77,2076.75,0.25795,86.1863,1093532.1,119.482,3553.05,41.0,36.5327,3.542
17031.3,5237.84,0.30754,195.809,2293704.0,261.273,5492.8,196.0,23.8347,3.565
5307.39,1414.06,0.26643,62.3094,706311.4,79.6323,2714.28,29.0,40.8641,3.882
10284.8,2461.06,0.23929,100.115,1502455.5,135.167,3996.24,82.0,33.9209,18.381
6949.91,2526.81,0.36357,57.8262,945040.2,110.507,2517.81,43.0,40.8251,15.342
10723.1,3479.37,0.32447,112.049,1532422.4,137.197,3956.21,54.0,34.3727,2.06
19726.3,6800.17,0.34472,261.809,2683288.8,339.391,5836.82,308.0,20.6858,4.403
5869.83,1869.48,0.31848,67.1067,809892.7,90.8104,2978.39,33.0,40.5597,1.931
11727.5,3214.58,0.2741,144.435,1668193.4,171.606,4705.29,22.0,29.273,1.578
7315.69,2147.13,0.29349,70.7531,1018108.2,102.185,3325.32,76.0,37.9946,13.538
9152.97,4035.82,0.44093,105.733,1281460.2,172.88,4335.36,75.0,33.8608,13.875
4912.96,1108.26,0.22557,35.5042,684229.1,57.0639,1834.16,16.0,40.5004,11.058
8294.26,1907.44,0.22997,84.6891,1173755.0,108.514,3945.41,107.0,33.0663,3.845
12279.7,4645.09,0.37827,136.433,1697646.1,212.531,4329.03,40.0,31.6522,3.585
7029.5,1610.42,0.22909,65.7806,958414.56,90.3926,3116.46,36.0,36.1065,5.943
12312.8,4939.12,0.40113,97.6531,1737620.6,162.353,4688.77,52.0,34.2351,20.535
5963.61,1554.33,0.26063,65.6429,743753.0,96.5107,3110.22,21.0,39.4062,2.302
7945.59,1700.21,0.21398,72.2027,1109475.4,91.9556,3187.26,43.0,37.7863,10.845
6439.57,1069.78,0.16612,56.9111,882330.06,82.3039,2605.4,36.0,40.5732,17.222
8780.68,3565.22,0.40603,75.3528,1188266.9,134.889,3214.09,21.0,37.1463,14.647
17605.8,4476.4,0.25425,189.639,2533499.5,233.611,5900.85,113.0,24.4704,17.244
4797.26,1293.95,0.26972,42.0106,650693.75,57.3185,2495.38,68.0,40.7323,3.619
10145.0,3544.9,0.34942,90.1403,1374392.9,154.027,5025.5,30.0,31.0565,17.091
7123.46,2558.14,0.35911,59.4409,992841.44,101.363,3971.69,71.0,36.6584,2.103
5810.25,1216.6,0.20938,58.2589,805167.9,79.4416,2663.54,24.0,40.3284,1.245
8990.55,2159.64,0.24021,105.051,1217016.8,143.885,3953.93,43.0,34.3829,1.97
20714.8,7665.57,0.37005,187.482,2856742.5,356.439,14913.47,141.0,27.0901,3.902
5224.6,1340.13,0.2565,49.3527,664015.25,74.7739,2302.05,21.0,42.3489,3.244
11605.2,3091.6,0.26639,134.042,1610174.1,160.542,4481.75,98.0,31.3478,1.868
8551.41,1872.8,0.219,97.9128,1195094.9,128.474,3535.32,33.0,34.7297,2.007
17489.0,3932.03,0.22482,198.889,2475953.0,265.387,5625.32,87.0,23.2742,1.917
9075.48,1987.67,0.21901,81.7414,1288116.6,113.035,4020.73,34.0,35.9675,2.429
6921.71,1655.02,0.2391,81.4134,958817.3,103.064,3804.53,22.0,35.9137,1.789
12343.7,4191.11,0.33953,163.583,1707603.0,221.674,4858.24,156.0,28.5796,19.864
8469.47,3410.41,0.40267,80.8268,1204495.1,126.63,3327.65,33.0,37.6721,2.748
8793.81,1741.72,0.19806,80.1985,1260715.1,117.506,4072.41,86.0,34.8331,1.419
10257.0,2657.92,0.25913,96.0725,1462474.2,140.24,3637.18,117.0,35.6873,1.87
10101.3,3170.45,0.31386,105.916,1405285.0,131.564,4430.94,47.0,31.3757,17.288
6141.89,1575.31,0.25648,55.8634,848657.44,83.3776,2760.65,19.0,39.6417,1.659
4951.44,1130.4,0.22829,43.328,691271.25,55.9997,1871.91,15.0,44.1717,3.803
14801.1,5101.96,0.3447,183.425,1952752.4,274.207,5428.4,191.0,24.7393,2.946
5690.66,1057.17,0.18577,49.9897,818140.4,69.685,2895.36,56.0,39.506,1.284
11827.6,3377.94,0.28559,134.44,1651549.9,175.454,4536.59,89.0,31.0264,1.97
23641.8,7479.33,0.31636,176.1,3380837.5,339.478,11874.22,227.0,25.4145,12.901
9037.9,2387.35,0.26414,85.9327,1221154.4,112.059,3616.39,9.0,35.6783,15.329
7252.08,3058.01,0.42167,67.3899,993806.9,115.766,3228.07,84.0,33.3952,16.523
5960.15,2230.66,0.37426,64.2637,845557.5,92.7462,2246.89,60.0,41.2405,12.743
4888.07,1884.4,0.38551,33.7528,691284.6,61.5952,1802.11,38.0,43.396,4.621
12502.5,3278.92,0.26226,125.668,1705381.8,168.174,4016.25,213.0,32.1783,2.556
6375.84,2386.42,0.37429,65.5269,865064.2,106.628,2667.39,86.0,39.4287,16.69
6484.88,2561.97,0.39506,64.0415,876043.4,104.768,3545.92,68.0,38.2582,14.061
12209.0,4042.56,0.33111,157.367,1691833.0,182.296,4860.35,74.0,28.5436,3.536
13288.8,3952.76,0.29745,168.534,1836224.9,217.645,4729.59,117.0,28.8209,4.714
4781.93,1020.07,0.21331,43.4426,675005.0,61.2146,2648.39,17.0,42.2066,3.458
5494.05,1394.24,0.25377,52.8287,757732.56,71.5468,2276.87,40.0,41.4116,13.148
10846.9,3543.34,0.32666,72.9231,1522819.2,149.958,3913.7,32.0,36.8979,14.688
12630.2,4448.76,0.35223,156.074,1795177.8,195.821,5598.49,74.0,25.6738,1.835
8913.75,2504.43,0.28096,72.7225,1226641.2,110.636,4540.28,86.0,31.0729,18.806
7545.27,2755.88,0.36524,70.616,1073025.9,123.724,3047.97,56.0,37.769,13.288
5442.35,2295.99,0.42187,31.9564,755300.06,83.7046,2306.53,36.0,42.9451,10.505
5946.77,1316.63,0.2214,67.776,826105.6,75.3962,2802.47,71.0,39.7712,7.493
9900.91,2903.89,0.29329,89.916,1403379.6,140.213,3970.29,2.0,34.8355,2.11
7132.15,2352.93,0.3299,77.767,981706.56,95.8179,3722.52,33.0,35.8145,1.811
14699.0,5362.0,0.36478,131.0,2084266.1,221.983,4878.69,111.0,27.8379,20.441
9770.83,2223.04,0.22751,121.378,1381356.2,127.285,3793.67,62.0,35.128,4.34
11854.5,4896.99,0.41309,100.064,1635541.5,196.368,4152.88,31.0,32.7587,18.347
5803.95,2072.31,0.35705,57.5519,817168.6,108.023,2552.16,59.0,38.6466,13.841
16456.8,5815.14,0.35335,154.301,2339119.5,282.988,17396.89,123.0,28.3137,9.379
6602.76,1957.28,0.29643,70.0229,937515.56,85.9874,3143.91,14.0,38.966,2.215
14599.1,3378.1,0.23139,176.331,2073755.2,219.722,4820.65,83.0,27.6684,4.562
6732.91,1962.26,0.29144,63.8828,891220.25,103.835,3140.36,46.0,39.2259,13.739
9390.64,3680.32,0.39191,83.5701,1282263.5,162.702,4049.95,9.0,35.2651,13.867
12156.1,5358.32,0.44079,145.79,1631836.2,203.014,4672.05,174.0,30.5673,4.419
9721.05,3655.62,0.37605,111.154,1390315.4,150.526,4446.46,98.0,31.5819,4.33
7778.85,1637.35,0.21048,71.0273,1079001.4,98.3403,3562.47,22.0,38.1836,3.103
17311.5,5651.81,0.32647,190.345,2396232.0,278.012,5524.96,95.0,25.5375,6.945
10401.8,2517.92,0.24206,110.383,1402317.4,124.487,4255.18,49.0,32.3457,14.293
8593.29,2645.62,0.30787,93.7109,1176298.9,154.282,3274.13,13.0,36.4493,1.366
19002.9,6004.44,0.31597,189.753,2633188.2,232.555,5197.28,110.0,26.0312,16.247
13592.2,3381.42,0.24877,139.665,1911076.6,164.164,4381.63,69.0,31.059,3.545
14692.7,3059.14,0.2082,169.52,2082672.6,206.45,4030.38,146.0,32.2511,1.717
4564.86,1212.39,0.26559,33.356,631775.4,55.456,1947.98,14.0,43.6007,12.207
6343.59,2280.51,0.35949,77.6237,861861.8,92.8403,3222.92,57.0,38.6507,1.307
15684.1,5256.0,0.33511,183.756,2210553.8,256.543,4667.01,30.0,28.7387,4.448
5655.88,1762.04,0.31154,40.9591,788527.9,75.4294,2840.94,58.0,42.1249,10.634
9426.58,2298.3,0.24381,111.199,1315748.1,137.524,4142.22,61.0,34.2446,1.475
5737.25,1860.04,0.3242,70.9059,796412.4,85.5497,3024.73,38.0,40.1934,1.918
7041.18,1991.76,0.28287,58.0298,956428.2,97.262,3083.73,95.0,38.2771,3.569
7796.68,2586.38,0.33172,58.777,1086695.1,96.2151,2908.3,43.0,39.6884,4.518
12687.6,2458.72,0.19378,176.197,1719696.8,202.668,4718.74,118.0,28.8192,1.756
10612.6,2598.73,0.24487,124.872,1442910.5,152.228,3643.52,26.0,34.8362,2.097
11181.4,3030.4,0.27102,131.322,1602889.9,157.268,4421.98,40.0,31.1441,2.868
15405.2,5408.8,0.3511,160.978,2131543.5,221.163,5008.15,78.0,27.4514,6.481
10450.3,3993.45,0.38213,105.826,1458755.9,159.199,5037.81,48.0,30.1689,17.582
7385.98,2674.49,0.3621,68.1981,1063323.2,110.293,3027.9,29.0,36.4029,13.627
13227.7,3943.83,0.29814,159.149,1859576.4,235.085,4408.43,81.0,30.1073,1.617
12963.1,2917.52,0.22506,167.099,1763320.5,206.197,4574.15,82.0,29.0526,1.757
6998.06,1897.82,0.27119,42.9759,937018.94,118.753,4109.22,35.0,36.3585,18.637
7233.69,1575.68,0.21782,75.7303,1004044.06,83.9619,3119.56,31.0,37.7396,12.338
17174.7,6032.93,0.35126,201.03,2242783.8,287.103,6782.74,242.0,21.9903,3.263
3425.78,1315.49,0.38399,26.2623,466306.34,44.2242,1368.38,1.0,45.3751,3.684
5820.1,1471.59,0.25284,62.1833,730323.44,89.6782,3101.56,16.0,39.3962,2.27
8089.58,1852.77,0.22903,83.2406,1138691.8,122.509,3578.98,2.0,36.4373,1.841
14648.2,5659.9,0.38638,129.787,2099791.2,224.591,5393.25,80.0,25.1356,16.218
7712.45,2912.02,0.37757,75.0895,1089567.1,102.352,3972.32,35.0,36.0524,16.055
6825.08,1099.16,0.16104,71.2234,954185.8,71.7547,2939.39,24.0,38.9604,14.859
6292.43,1260.89,0.20038,52.118,896141.3,76.0465,3007.18,53.0,39.9342,4.932
7800.71,2217.21,0.28423,61.131,1078477.9,96.1179,3491.11,45.0,37.3477,8.151
7623.17,3064.71,0.40202,79.5833,1045743.56,114.808,4266.44,27.0,36.9193,20.495
5036.32,963.5,0.19131,42.2927,688028.5,69.0769,2729.33,13.0,42.4931,2.011
6161.16,1484.52,0.24094,66.4739,844871.94,96.5045,3061.06,76.0,37.2292,11.021
7723.97,2160.62,0.27972,87.9437,1057006.8,97.819,3538.13,13.0,37.0223,15.13
8005.41,2039.73,0.25479,56.4218,1168049.6,101.493,2701.37,65.0,41.0703,11.93
6945.71,1266.38,0.18232,69.7501,966032.75,80.5529,3510.04,62.0,36.8516,15.97
8044.56,2198.41,0.27327,71.6725,1150498.9,97.422,3278.54,28.0,34.5036,15.411
8233.52,2790.9,0.33896,65.6893,1095373.8,131.815,4114.2,63.0,36.5594,7.01
14741.3,4036.6,0.27382,180.038,2065952.9,244.158,4530.9,20.0,46.5464,2.82
6165.09,1485.72,0.24098,64.4721,834517.8,82.3916,3751.89,66.0,36.8842,3.076
7832.44,3365.77,0.42972,66.7328,1118115.9,113.406,3799.47,82.0,35.0929,17.711
12381.3,4247.61,0.34306,152.048,1776807.6,219.133,4818.5,170.0,24.5377,18.025
6882.14,2406.7,0.3497,60.7924,953182.7,106.261,3654.35,73.0,36.4013,1.525
9168.14,2944.93,0.32121,81.0557,1226718.1,140.8,3684.42,43.0,36.4551,1.722
12371.7,5440.96,0.43979,135.071,1705395.1,201.361,5424.16,84.0,27.6798,12.022
8081.99,2497.39,0.309,96.7104,1122099.8,112.321,3103.03,28.0,33.0577,14.005
21150.9,5886.8,0.27832,300.846,2870148.8,297.731,6621.06,294.0,18.6888,2.0
17082.6,4354.28,0.25489,186.038,2433117.8,226.716,5316.48,231.0,22.482,7.653
10064.7,2416.75,0.24012,99.4189,1415260.5,130.974,3877.57,138.0,34.8168,3.687
8514.33,3216.05,0.37772,78.903,1170283.5,122.462,4162.02,47.0,36.614,12.475
5515.12,1332.44,0.24159,50.436,748813.3,68.9297,2437.91,27.0,37.2247,13.306
5321.96,1833.15,0.34445,32.6031,757884.1,70.7216,2312.65,43.0,43.3604,9.138
15931.0,6745.02,0.42338,177.269,2173742.5,271.025,5259.66,165.0,27.3511,16.872
8359.25,2475.75,0.29616,87.7028,1163832.8,142.355,3275.28,21.0,36.4261,1.335
8775.89,2353.58,0.26818,93.2243,1245729.9,126.865,4009.84,163.0,33.9475,1.301
11982.9,5279.99,0.44062,159.387,1611718.9,226.086,4658.12,182.0,29.9006,17.121
11228.1,3114.53,0.27738,124.561,1571087.2,163.366,4409.98,48.0,26.8021,20.5
5453.68,1019.8,0.18699,34.3123,765522.4,63.9524,1920.54,65.0,42.9677,9.891
11117.2,3398.98,0.30574,96.0245,1560035.0,168.843,4588.1,158.0,33.4424,3.783
15839.8,5172.95,0.32657,219.113,2211191.5,255.382,5330.64,283.0,25.0305,2.045
5442.69,1473.37,0.2707,50.0687,690608.06,74.6765,2558.82,32.0,41.6227,15.502
6954.69,2538.13,0.36495,61.6835,978146.94,95.74,3871.56,65.0,36.6395,6.048
10759.4,3087.51,0.28695,95.5216,1525376.1,132.892,4310.76,100.0,33.383,5.239
12602.0,3381.32,0.26831,161.695,1742205.9,206.09,4781.49,72.0,28.5801,3.606
8067.24,2275.93,0.28212,89.7446,1131128.2,102.425,4017.37,21.0,35.8618,1.769
5610.61,1687.1,0.30069,73.8275,774477.44,68.6257,3315.95,60.0,38.0946,16.748
10299.7,3219.94,0.31262,99.7869,1421573.9,138.904,3685.07,27.0,36.0832,3.201
8832.82,4163.49,0.47136,78.8538,1184792.2,150.305,3784.97,38.0,38.8915,15.921
6192.14,1831.0,0.29569,56.7579,842783.75,86.1641,2704.67,32.0,40.1961,7.273
14428.5,3979.79,0.27582,182.036,2044751.2,234.596,4511.37,31.0,30.6557,2.162
8158.03,2790.24,0.34202,68.8683,1076199.5,112.513,4418.66,56.0,33.5003,11.078
10023.7,3213.83,0.32062,116.173,1417464.1,157.039,4162.69,66.0,33.912,4.039
27364.2,10603.9,0.3875,235.053,3731900.0,407.244,6299.59,166.0,19.2148,14.515
12294.3,3590.45,0.29204,145.512,1718962.4,235.941,4221.78,78.0,28.0642,1.711
6867.49,1981.46,0.28852,69.599,933099.25,103.206,3225.63,74.0,36.3514,3.499
16395.1,4227.48,0.25785,166.418,2343057.8,204.445,6029.85,73.0,21.8016,14.696
8440.51,2209.83,0.26181,83.421,1213553.0,119.699,3981.75,89.0,35.1039,1.886
22234.7,5399.2,0.24282,325.107,3045984.5,400.441,6220.35,161.0,19.8481,0.976
13473.7,3286.09,0.24388,180.056,1856281.8,215.58,3840.73,167.0,33.5017,18.206
6363.38,2142.14,0.33663,70.9758,879554.7,94.073,3356.37,80.0,37.7455,13.738
9863.26,3581.84,0.36314,115.427,1386327.9,175.781,4261.76,58.0,33.2662,4.994
22245.3,6413.08,0.28828,290.779,3046760.2,317.652,6626.58,289.0,18.6462,1.559
7418.72,1955.32,0.26356,90.2236,1038293.75,103.374,3905.78,25.0,35.9714,1.283
7652.74,1441.05,0.1883,77.2212,1074310.4,98.2285,3761.07,13.0,34.3987,1.835
9380.33,2715.39,0.28947,71.8843,1253948.5,128.04,3334.63,45.0,38.8746,19.168
19612.9,5211.42,0.26571,231.04,2723810.2,264.002,5672.97,93.0,22.9231,2.807
11335.2,2461.41,0.21714,144.113,1601165.6,179.945,4615.27,52.0,29.8928,1.044
15001.9,5093.62,0.33953,223.912,2053405.4,264.797,5272.65,137.0,23.8169,2.201
11567.3,4038.21,0.3491,118.831,1655590.6,154.315,4122.22,72.0,33.7313,4.242
12393.1,3704.17,0.29888,94.776,1719471.8,165.526,4185.27,128.0,30.5276,17.38
14819.4,4779.48,0.32251,174.819,2075462.0,243.318,5297.57,146.0,23.7504,1.966
4473.92,1099.04,0.24565,41.4477,599990.2,70.1643,2544.31,36.0,43.0278,11.829
10529.6,4451.91,0.42279,58.7131,1349721.6,177.339,4619.74,77.0,33.5839,20.103
8144.4,2600.41,0.31928,89.4343,1141211.6,122.348,3021.87,16.0,38.0125,2.875
9855.62,3113.14,0.31587,102.935,1335340.0,143.339,3708.37,23.0,36.7023,4.041
15115.8,5076.91,0.33586,137.258,2168329.0,192.586,5433.31,46.0,25.0342,14.264
9279.5,3178.04,0.34247,93.0459,1315151.2,139.061,3513.29,72.0,36.3486,12.076
7902.83,1897.88,0.24015,84.0708,1120425.8,113.351,3318.22,87.0,37.8658,11.498
8077.21,2000.87,0.24771,72.2363,1133473.1,93.9546,3161.53,23.0,37.7426,15.4
7758.91,3101.44,0.39972,66.1434,1134490.2,105.652,3356.54,45.0,38.3371,12.207
11160.6,3493.78,0.31304,149.984,1521345.8,210.674,3876.47,187.0,32.4524,17.295
9519.31,2927.69,0.30755,98.7139,1356848.2,140.312,4031.27,29.0,29.589,5.584
9503.71,2888.27,0.3039,84.242,1351606.4,130.99,4222.24,73.0,30.5198,4.729
17723.5,4869.1,0.27472,159.375,2465792.0,208.164,5407.25,145.0,22.5958,19.293
6024.0,1726.45,0.28659,61.0679,791020.25,83.1381,2545.71,43.0,39.9215,2.924
6178.08,1702.29,0.27553,55.0791,852704.1,73.9239,2459.99,31.0,41.1899,13.348
18339.9,6580.51,0.3588,187.707,2591969.2,274.927,5862.66,149.0,21.9439,2.846
6555.6,1619.17,0.24699,57.2266,861196.94,75.6821,2931.85,53.0,39.5777,4.774
13280.2,4561.04,0.34344,137.395,1816306.4,182.305,5097.41,133.0,30.4916,6.351
13802.1,4370.03,0.31662,156.541,1918756.0,177.063,4847.73,30.0,29.3166,14.037
11761.9,3880.82,0.32994,115.428,1691797.9,198.536,4175.29,78.0,33.3027,18.643
5936.43,1529.5,0.25764,65.8569,744803.5,87.7669,3092.38,17.0,39.6735,3.788
4901.94,1660.08,0.33865,49.6162,692727.9,65.5547,2157.39,32.0,41.9239,1.922
8697.83,2599.73,0.29889,75.5646,1173935.6,108.262,3980.74,79.0,35.8665,14.689
8352.99,2764.33,0.33093,72.5403,1174863.9,103.727,3557.56,21.0,36.8709,13.9
6737.18,1519.75,0.22557,66.6331,930560.94,82.2576,3505.27,25.0,37.1844,5.94
8545.71,2471.04,0.28915,83.0454,1211144.6,124.226,4208.65,77.0,33.3575,5.33
7822.66,2519.46,0.32207,69.3897,1040094.4,118.995,3888.13,65.0,32.4826,5.035
7834.59,1755.79,0.2241,51.0878,1070216.4,92.6177,3293.59,35.0,38.9076,13.586
8812.66,3068.59,0.3482,90.4661,1248581.5,133.264,3226.55,25.0,35.9205,2.674
15911.2,2917.8,0.18338,167.188,2232108.5,207.398,4941.51,71.0,27.2657,2.126
6175.02,1791.01,0.29004,65.744,845901.25,87.2235,3059.07,34.0,40.1611,2.425
6837.61,2786.69,0.40755,64.4851,1001419.7,96.5937,3225.87,30.0,38.8521,1.282
11273.0,3060.91,0.27152,136.936,1557431.6,159.77,4445.28,91.0,31.6037,1.74
9585.15,3510.71,0.36626,64.1179,1392940.4,125.761,3272.1,55.0,38.2398,15.037
7678.94,2282.44,0.29723,62.5898,1052692.8,103.193,3413.98,35.0,37.4691,7.134
12116.4,3466.88,0.28613,93.9037,1693018.9,161.451,5161.71,53.0,28.5176,11.662
5942.71,2010.63,0.33833,57.3416,806443.1,86.5308,3202.85,23.0,39.428,7.803
7875.62,2582.33,0.32788,95.6745,1051487.2,115.169,4246.37,112.0,33.5879,3.072
19893.2,7981.31,0.4012,268.362,2718097.5,344.794,6021.41,251.0,21.0973,15.261
7397.51,1737.77,0.23491,63.6221,1001042.5,100.128,3214.37,51.0,37.8044,9.094
8686.13,2102.36,0.24203,91.2556,1179000.2,86.4608,3836.61,15.0,36.3993,14.641
6674.47,2524.85,0.37828,89.272,809107.75,112.873,2236.74,105.0,41.4336,17.181
11246.4,2823.31,0.25104,133.8,1563448.6,169.149,4699.33,173.0,28.5944,0.776
4932.68,1524.85,0.30913,55.4817,656981.25,70.2958,2400.59,45.0,42.1844,7.892
14419.8,4238.95,0.29396,170.864,2070479.9,258.338,4837.98,73.0,27.6373,2.549
9446.22,2219.24,0.23493,109.381,1296547.9,144.374,4012.05,39.0,34.0406,1.956
15714.4,5776.66,0.3676,158.839,2190758.0,248.645,5608.36,85.0,25.3647,5.488
5380.23,1861.65,0.34601,50.1408,751533.25,68.9618,2235.78,16.0,42.6691,4.424
7981.36,2404.59,0.30127,91.372,1091587.6,115.729,3219.12,84.0,38.7202,1.64
8696.18,2346.64,0.26984,100.202,1221278.6,140.49,3388.49,112.0,36.2234,5.739
9955.35,2687.06,0.26991,95.4799,1355809.4,170.689,4303.3,75.0,32.7874,0.748
4842.01,1345.64,0.2779,44.6878,669177.1,60.516,1843.9,16.0,43.7958,3.021
11425.0,4498.22,0.39371,98.9811,1534197.6,184.042,4080.8,60.0,32.6682,18.73
9579.92,3226.65,0.33681,108.192,1341163.9,163.604,4050.32,93.0,33.8439,10.38
8412.05,1551.14,0.18439,76.6778,1113538.4,108.135,3806.75,27.0,36.5558,9.843
4025.81,1206.57,0.2997,32.7381,555345.2,51.3178,1399.1,19.0,44.315,1.447
9729.21,1920.39,0.19738,100.168,1381390.9,132.708,4256.49,42.0,33.6441,0.926
5044.41,2036.1,0.40363,35.0788,711534.75,65.6392,2590.22,38.0,42.5958,2.891
9369.6,2699.4,0.2881,88.0987,1272647.6,118.34,3574.54,38.0,35.783,15.588
5233.78,1168.13,0.22319,53.475,727935.25,63.4258,2812.04,17.0,39.8232,5.562
6001.6,1731.09,0.28843,55.7944,820445.06,84.6195,2455.92,27.0,41.3349,12.67
5264.52,1027.51,0.19517,44.6714,746147.7,67.2238,2770.05,15.0,41.4426,2.855
8775.95,2864.03,0.32634,94.8669,1185005.5,124.111,3363.74,80.0,37.9839,2.446
20875.0,6894.69,0.33028,255.585,2906545.5,332.741,5511.79,72.0,23.1895,3.533
15533.9,4749.54,0.30575,219.067,2151563.5,247.608,5316.08,263.0,24.5735,1.842
16088.7,6217.85,0.38647,178.166,2208781.0,275.0,5264.22,116.0,23.6932,8.855
12248.0,3336.05,0.27237,167.035,1715130.4,198.646,4702.89,97.0,29.3159,2.876
4832.72,1026.21,0.21234,47.0376,693497.44,57.9333,2196.03,81.0,42.8376,0.828
14058.4,3024.65,0.21514,202.898,1972186.4,226.0,4982.41,119.0,26.8392,1.533
6380.98,2544.96,0.39883,46.435,905654.5,87.4818,3056.4,16.0,41.3098,14.642
9715.66,2357.02,0.2426,98.5264,1362301.8,136.914,3553.55,126.0,34.3232,7.523
5439.06,1599.62,0.29409,45.4623,763892.3,70.922,2120.41,2.0,42.2956,9.161
7862.16,1512.77,0.19241,79.3304,1109539.5,104.351,3764.43,12.0,34.3327,1.712
7635.32,2165.71,0.28364,90.4156,1023228.4,127.37,3817.79,27.0,35.647,5.056
5968.26,2016.63,0.33789,52.5273,804724.06,92.8188,2449.63,29.0,41.5346,13.189
6934.12,2837.41,0.40919,52.4313,990634.5,117.684,3236.41,78.0,36.6611,14.528
5213.09,1561.2,0.29947,33.9616,722683.25,71.1422,2053.57,17.0,42.1693,14.545
9644.33,2532.37,0.26257,117.531,1321384.5,135.748,4155.82,130.0,32.6572,2.682
9353.77,3590.63,0.38386,84.7827,1305449.5,138.731,3526.67,107.0,35.8919,2.725
3995.6,1552.06,0.38844,34.1815,547943.44,65.4691,2101.61,31.0,44.3715,9.502
6177.52,1852.89,0.29994,53.4675,857497.5,85.6475,3635.02,74.0,38.3677,1.461
9797.52,2035.78,0.20778,81.5177,1391271.9,119.048,4597.63,28.0,33.6769,1.715
7568.22,2525.39,0.33368,60.223,1035334.2,99.7437,3385.77,23.0,37.894,3.454
9380.64,2194.21,0.2339,110.639,1299206.0,132.951,4172.28,58.0,34.2446,1.475
5825.5,1587.94,0.27258,60.6946,732316.0,86.9728,3094.72,16.0,39.2864,1.98
13738.7,4091.82,0.29783,167.832,1896831.1,227.814,4746.94,119.0,28.4991,4.684
5059.81,1549.56,0.30624,49.2852,694456.75,71.5501,3073.81,25.0,39.8779,7.523
4892.51,898.84,0.18371,43.1096,659758.06,61.8406,2487.02,27.0,41.5537,12.772
9191.34,2412.52,0.26247,101.085,1251959.5,126.463,3700.21,117.0,34.957,1.538
9534.52,2109.68,0.22126,91.4105,1345665.6,107.433,4640.82,32.0,32.9396,4.238
8464.67,2308.71,0.27274,77.4543,1178403.4,103.755,4032.49,62.0,34.687,2.167
10602.4,2373.25,0.22384,102.043,1482517.1,113.421,4951.49,50.0,29.2911,12.956
12602.0,3381.32,0.26831,161.695,1742205.9,206.09,4781.49,72.0,28.5801,3.606
4803.04,1070.19,0.22281,38.2321,651604.9,58.8556,1952.99,10.0,42.8896,11.567
8764.88,2117.32,0.24156,98.8176,1199848.9,116.694,3830.48,25.0,34.0442,2.3
7285.26,3007.16,0.41277,57.0711,975129.94,118.178,3638.67,40.0,37.9148,19.39
7178.6,2897.33,0.4036,65.9215,1058765.8,98.7509,3224.25,30.0,38.8729,1.354
7065.35,2068.9,0.29282,80.5309,961603.1,110.314,3051.77,81.0,39.0948,0.775
6589.53,2970.17,0.45074,51.7868,880530.25,114.695,3176.94,53.0,38.5255,19.001
6167.17,1927.23,0.31249,51.4377,869141.94,82.7915,2701.5,48.0,40.713,10.992
9981.1,2902.21,0.29077,122.944,1362869.0,141.195,4202.13,134.0,32.6055,2.339
11943.1,4288.84,0.3591,114.378,1624104.4,175.374,5650.55,113.0,26.6838,20.126
7415.31,2985.72,0.40264,72.8167,1024553.9,123.865,3709.18,80.0,36.6226,16.442
9127.92,2083.81,0.22828,107.935,1243038.6,140.736,3997.12,35.0,28.38,2.195
7986.06,3189.18,0.39934,37.5397,1040202.94,125.918,3421.18,58.0,38.0129,14.77
7740.88,2665.29,0.34431,72.0616,1058571.9,97.8716,3513.12,86.0,36.8282,12.392
6983.75,1926.23,0.27581,73.0797,940562.2,96.3115,2890.56,113.0,38.7897,2.32
6991.54,1902.83,0.27216,71.0456,947129.8,97.7679,3168.05,62.0,38.3927,15.013
9426.04,1928.09,0.20454,100.802,1331899.9,134.548,4178.23,54.0,33.8508,0.991
10409.0,2463.55,0.23667,122.641,1405070.9,153.535,3641.05,14.0,34.6396,2.174
9938.68,3654.23,0.36767,105.98,1392990.4,135.822,3750.31,8.0,34.8124,2.515
10287.0,2479.27,0.24101,99.2328,1445497.0,128.411,4068.28,23.0,33.4174,3.564
17681.0,6732.58,0.38078,184.582,2408957.8,275.147,6097.28,124.0,27.1486,16.352
7431.25,3034.91,0.40839,81.1413,987484.9,118.473,3621.24,43.0,36.9596,16.711
9429.94,3894.33,0.41297,94.6305,1313107.6,131.974,4342.69,31.0,33.9232,16.089
14933.1,4716.58,0.31584,152.903,2070500.9,231.286,5358.54,194.0,26.3754,1.303
21427.3,8183.98,0.38194,202.44,2828193.5,360.797,6136.42,220.0,22.1892,0.0
6021.12,2087.21,0.34664,55.9603,836865.75,86.3315,2684.75,35.0,40.6671,10.061
22127.8,7043.62,0.31831,220.447,3068060.0,342.042,6573.52,245.0,18.9523,5.127
11593.1,4574.93,0.39462,119.725,1563549.9,184.266,4441.67,93.0,33.3228,18.355
6555.28,1762.45,0.26885,53.32,922960.25,82.204,3427.21,63.0,38.7961,2.52
7006.07,2321.6,0.33136,75.9056,955506.7,100.741,3804.18,32.0,36.0199,2.134
4306.96,965.84,0.22425,32.2442,593725.5,45.8212,1910.64,33.0,44.5104,11.517
7189.79,2575.24,0.35818,66.844,1028778.25,99.7303,3612.59,79.0,38.0773,14.711
8480.1,1408.09,0.16604,94.2805,1197579.5,116.736,3804.4,56.0,35.2262,3.082
17176.4,4539.55,0.26428,123.051,2444065.8,218.754,5650.74,144.0,27.035,14.972
6655.37,1853.4,0.27848,64.7717,914845.6,86.4266,3029.24,102.0,38.1617,3.54
10782.1,3724.73,0.34545,96.8361,1485715.6,173.979,4494.59,61.0,31.5114,20.423
16288.3,4472.18,0.27456,182.379,2235627.2,231.58,5799.81,75.0,22.7065,19.037
7177.89,2008.07,0.27975,59.8142,1005668.9,100.314,2871.89,33.0,38.9863,5.71
5131.41,1784.05,0.34767,47.0218,716096.6,68.453,2022.37,12.0,40.6889,7.014
6696.22,2425.81,0.36226,80.5323,915852.4,95.716,3265.94,58.0,38.5438,1.204
8730.65,1699.45,0.19465,95.9636,1227973.5,120.008,3839.63,46.0,35.049,2.882
7060.98,1904.61,0.26973,66.3598,946936.0,98.4627,4385.69,63.0,33.4771,3.648
4074.87,708.8,0.17394,39.8429,537119.5,60.1525,2562.83,11.0,43.4461,2.055
11252.3,2501.95,0.22235,150.038,1587249.6,175.518,4605.81,53.0,29.9844,0.889
8393.16,2118.95,0.25246,99.5766,1126661.0,128.738,3572.09,10.0,36.4541,1.517
12088.6,2501.96,0.20696,89.2548,1695427.9,135.445,4362.66,49.0,32.2006,16.79
19922.7,7217.37,0.36226,209.006,2625979.2,278.05,32011.55,128.0,28.9641,20.287
18770.6,5635.94,0.30025,266.904,2545713.8,308.753,5726.71,329.0,21.234,2.968
15846.5,4977.8,0.31412,189.062,2195996.8,248.827,5294.39,211.0,27.6346,4.238
9247.34,2661.21,0.28778,56.1217,1307357.4,97.9506,4539.87,61.0,39.0957,18.334
11001.1,3262.62,0.29657,132.741,1549370.4,179.612,4225.98,54.0,32.5075,1.492
6435.34,1516.35,0.23562,54.985,849467.8,80.5856,3180.31,41.0,38.8026,4.124
12230.9,3319.2,0.27137,146.246,1762455.9,168.571,4670.14,26.0,29.0425,2.08
8880.32,2810.09,0.31644,81.6161,1208124.1,108.216,3942.52,14.0,35.4475,13.431
11667.7,2178.31,0.18669,152.766,1579590.2,189.178,4857.89,141.0,29.8554,0.512
6856.68,1860.91,0.2714,63.5111,948593.9,82.7328,2852.3,25.0,39.5061,17.027
5440.74,1685.51,0.30979,43.7013,762874.75,70.5372,2810.19,56.0,42.631,11.2
7166.59,2004.67,0.27972,73.6682,961963.44,100.387,3488.98,79.0,37.4103,2.317
10770.5,2680.56,0.24887,84.203,1519784.2,139.058,4674.25,32.0,32.4028,5.275
14645.3,5804.85,0.39636,194.332,1935236.8,270.836,5192.55,72.0,26.2488,7.203
6852.72,2732.77,0.39878,55.4034,916284.0,108.983,3086.43,51.0,39.2161,14.523
12592.9,4497.9,0.35717,163.582,1742767.2,205.05,4846.78,72.0,28.35,2.895
20673.7,6698.87,0.32402,253.235,2883737.8,326.648,5537.94,78.0,23.7891,3.437
6304.65,1486.28,0.23574,57.4082,911428.25,70.3261,3371.96,53.0,36.0492,12.492
6364.34,2070.71,0.32536,56.722,884104.94,90.1591,2713.87,46.0,40.4709,2.196
8689.87,2058.04,0.23683,90.8296,1226256.5,122.931,4042.34,168.0,33.5289,1.266
9656.9,1939.34,0.20082,82.4012,1387608.8,104.55,3752.99,14.0,34.8994,5.162
6457.79,1819.77,0.28179,60.8259,904935.94,83.8947,2828.77,9.0,38.7506,10.232
10029.5,3326.06,0.33162,96.2723,1352699.0,139.325,4397.44,48.0,29.6421,17.844
10460.7,4002.26,0.38259,93.486,1476134.0,138.583,4683.63,34.0,32.4178,14.117
13679.7,4215.67,0.30816,154.901,1879733.6,231.866,4816.24,99.0,28.8337,20.738
8401.27,2062.57,0.2455,57.1875,1176843.9,88.9276,3649.33,28.0,36.9911,6.862
8276.13,2750.27,0.33231,62.1105,1154844.8,109.746,3511.21,33.0,37.3929,11.592
15093.5,3015.08,0.19976,194.809,2083291.6,247.679,5102.88,177.0,25.399,1.995
4420.37,884.63,0.20012,39.1583,577811.5,59.5503,2622.47,11.0,40.596,2.602
9877.07,2347.53,0.23767,108.501,1370912.2,137.036,4264.81,55.0,33.7906,2.196
7530.5,2002.5,0.26591,67.0386,999367.44,91.3648,3983.12,13.0,34.8921,11.35
4776.45,1524.46,0.31916,47.8778,609197.25,71.8284,2063.42,29.0,44.1364,12.077
5224.31,1538.57,0.2945,69.9364,719147.25,73.4718,3129.58,55.0,38.7269,14.828
6072.76,1306.07,0.21507,67.7267,849576.3,77.3394,2804.32,81.0,39.3499,7.133
8243.28,2912.59,0.35332,92.5862,1169634.9,131.043,3381.48,94.0,33.9754,15.999
6972.83,2267.13,0.32513,80.1226,951786.3,98.9765,3743.89,35.0,36.0029,1.954
12515.8,4032.55,0.32219,150.769,1753879.0,157.466,5125.54,31.0,27.8482,3.773
11197.2,3247.45,0.29002,133.911,1532416.1,162.688,4911.93,76.0,29.1601,3.36
5604.96,1854.7,0.3309,54.9967,760383.25,73.7737,3030.04,18.0,39.8253,7.869
4173.02,1292.36,0.30969,34.8023,569292.5,50.1246,1451.63,20.0,42.6007,1.662
5261.22,886.82,0.16855,52.7651,718530.94,62.4016,2348.03,32.0,41.0007,11.107
9216.21,2840.71,0.30822,83.3375,1313612.2,128.869,3594.8,32.0,35.989,3.478
11889.1,4255.82,0.35795,125.669,1646780.1,194.224,4207.36,47.0,30.797,2.62
10463.7,3863.11,0.36919,95.2355,1466884.0,121.999,4015.64,46.0,33.1526,15.728
7593.3,3008.59,0.39621,62.3064,944310.25,131.588,3272.27,58.0,39.378,12.729
6774.12,2331.99,0.34424,65.1773,977001.0,88.491,4635.71,43.0,38.8755,11.266
8629.09,3675.98,0.42599,102.22,1142774.6,170.228,3707.21,68.0,36.2598,18.103
8859.22,2612.77,0.29492,89.6296,1216393.2,129.001,3336.7,19.0,37.2462,2.941
8555.86,3140.41,0.36704,81.8901,1171509.2,118.853,4177.85,27.0,34.2568,11.638
9888.76,2955.56,0.29888,102.746,1392197.6,130.512,3674.24,130.0,35.5387,2.072
7617.38,2609.83,0.34261,67.8513,1039768.1,112.514,4912.37,86.0,31.0711,20.338
6954.47,2564.24,0.36871,65.9807,1020362.44,94.6034,3200.91,32.0,38.8354,1.536
3479.89,1289.68,0.3706,24.5181,475420.84,46.2308,1346.25,5.0,45.1675,3.617
23121.1,6148.23,0.26591,342.271,3155909.2,412.271,6241.1,141.0,19.7339,1.097
4109.29,1456.5,0.35444,32.8648,580416.0,54.6263,1944.82,47.0,44.6784,5.693
7465.01,1750.1,0.23444,76.6833,1017241.8,94.6043,3487.44,47.0,36.6121,9.251
3453.44,1144.96,0.33154,24.4714,465055.0,40.0613,1455.36,2.0,45.2186,2.765
9771.19,2879.09,0.29465,97.5599,1378392.9,136.929,3856.0,25.0,34.702,3.408
7305.38,1671.73,0.22883,68.328,1026992.9,74.8005,3316.53,19.0,38.6977,12.373
13627.5,3897.16,0.28597,182.017,1875874.6,224.507,5530.98,125.0,23.0009,1.19
7811.87,1876.97,0.24027,64.2876,1102587.5,100.858,2989.88,29.0,38.6095,5.644
10009.5,2127.39,0.21253,81.2601,1399364.9,131.376,4645.25,38.0,33.2188,3.929
6462.25,2084.36,0.32254,38.6085,840734.2,98.4599,3560.44,57.0,39.4941,16.228
6370.46,2273.68,0.3569,65.2734,882092.3,87.3867,3626.84,93.0,38.1564,12.444
8678.54,2917.59,0.33618,91.0112,1167720.0,132.615,3348.22,77.0,38.0195,2.459
4929.95,1242.52,0.25203,42.1154,702985.0,59.8176,2312.34,20.0,42.4214,3.826
6507.1,2200.5,0.33816,65.167,868601.25,96.8869,3134.2,19.0,40.3261,1.438
6054.15,1697.68,0.28041,51.0206,839473.75,86.597,3089.67,32.0,39.6841,7.006
10951.8,3360.68,0.30686,72.2039,1535928.2,148.86,3861.62,32.0,37.2385,13.953
9464.65,2824.24,0.29839,59.7685,1310739.4,129.062,3603.47,52.0,38.6079,13.199
8828.35,3126.38,0.35412,104.148,1155190.2,143.655,3538.12,82.0,37.0525,15.852
6745.39,2247.19,0.33314,63.4436,908322.5,97.7164,3117.27,20.0,40.2522,1.657
8405.1,2395.56,0.28501,85.1315,1119965.4,108.437,3645.46,27.0,37.6001,13.18
6085.79,1389.79,0.22836,67.2606,853159.4,76.4259,2782.58,74.0,39.226,8.278
8013.57,2292.48,0.28607,65.3432,1156366.4,94.4781,2603.05,56.0,40.3813,10.16
13108.4,4058.4,0.3096,140.792,1788314.9,211.969,4601.73,43.0,29.9188,2.427
11809.4,4739.8,0.40135,137.472,1571539.1,191.833,4114.13,47.0,33.6263,5.248
9490.88,2421.71,0.25516,95.8348,1291310.9,98.1785,4095.35,11.0,32.2144,13.954
5166.29,1951.48,0.37773,37.0541,691414.9,73.5035,2342.79,49.0,42.4001,13.369
7148.32,2393.54,0.33483,69.2211,1012458.0,96.7449,3304.78,50.0,37.6878,12.337
8848.17,2847.17,0.32178,79.5108,1200686.4,120.776,3290.97,110.0,36.7179,2.776
7326.92,2888.39,0.39421,64.1155,1075403.8,102.741,3225.17,29.0,38.84,1.206
9916.3,2789.91,0.28134,97.3339,1361666.6,146.136,4066.17,121.0,33.4198,2.217
5909.6,1638.72,0.27729,64.2054,810877.94,74.1408,3694.3,34.0,37.48,4.322
7938.3,2203.57,0.27758,85.4833,1095569.0,112.489,3100.17,21.0,37.68,0.605
10605.7,3341.13,0.31503,126.182,1409555.9,166.227,4103.78,48.0,33.6598,1.706
8898.95,3052.55,0.34302,92.9212,1255886.0,130.787,3766.6,17.0,34.99,4.133
8880.28,3336.09,0.37567,66.8396,1235617.8,130.635,4534.56,85.0,35.3693,20.578
5009.58,1215.75,0.24268,37.0927,685028.44,55.0239,2177.46,16.0,42.7132,13.981
7389.94,2244.93,0.30378,81.6571,1002674.2,111.926,3126.52,83.0,38.8672,1.457
8820.47,3297.2,0.37381,65.4153,1250367.4,126.038,4270.12,31.0,34.9738,17.627
12107.4,4315.48,0.35643,102.602,1691855.6,151.569,4989.04,37.0,34.6934,15.41
11715.7,2414.94,0.20612,144.456,1593422.2,191.902,4842.61,141.0,29.8979,0.559
11797.7,3955.11,0.33524,94.389,1658949.1,158.563,6166.27,97.0,29.2595,18.556
11490.7,2836.8,0.24687,133.455,1589154.8,152.767,4400.52,56.0,30.2346,2.416
18936.6,6303.03,0.33284,259.249,2551543.5,328.429,5776.72,318.0,20.9981,2.905
9344.1,2560.31,0.274,80.1029,1342186.2,119.792,4426.42,98.0,33.1228,1.921
13314.4,3098.42,0.23271,163.862,1801618.4,221.364,4807.33,105.0,28.3059,2.242
6265.43,2094.79,0.33434,57.0283,871812.56,89.0009,2712.28,46.0,39.7333,2.258
5826.47,1490.28,0.25577,46.3704,827348.6,64.7906,2558.99,18.0,41.3642,2.882
9037.85,2077.74,0.22989,98.0936,1268312.1,137.108,3600.97,12.0,34.1476,1.028
10114.1,3383.18,0.3345,71.3366,1403602.6,132.123,3927.39,109.0,34.5606,3.868
10932.1,4013.76,0.36715,117.034,1529425.4,152.806,4931.03,80.0,30.2099,17.727
6937.0,2095.74,0.30211,60.4744,976554.94,94.7275,2632.81,20.0,38.551,11.823
8622.31,2773.86,0.3217,64.533,1238451.8,106.946,4815.66,38.0,35.8589,14.802
5462.43,1692.27,0.3098,48.1002,772987.2,87.9749,2198.25,88.0,42.5707,10.785
8220.26,1986.83,0.24169,71.3079,1112386.8,104.93,3790.38,42.0,36.1164,13.274
10005.7,3022.1,0.30203,94.853,1404535.0,119.659,4467.46,103.0,29.9166,10.089
6908.13,1845.05,0.26708,60.5453,952577.5,87.114,3285.14,53.0,38.8069,7.641
5964.39,1406.83,0.23587,68.539,831597.56,77.2336,2802.51,74.0,39.226,8.516
11540.6,2851.52,0.24708,131.441,1603077.6,181.798,4748.95,173.0,28.3304,0.886
7082.77,1429.46,0.20182,68.4359,937881.06,80.1272,3164.63,49.0,39.3683,8.902
3711.24,1229.45,0.33127,36.9659,508011.56,48.031,1409.68,16.0,44.1617,1.535
7207.86,2707.81,0.37567,81.9743,994262.7,117.725,3476.01,38.0,37.8619,4.042
7689.92,1969.02,0.25605,69.8683,1041274.9,90.0886,3624.65,118.0,34.7265,2.524
4862.03,1520.44,0.31271,35.6783,659298.2,65.6027,2048.95,41.0,43.1338,11.161
9157.63,2602.18,0.28415,85.6933,1245480.2,128.5,3849.22,26.0,34.819,1.929
8456.67,2523.19,0.29836,102.484,1176223.9,115.266,3376.07,49.0,35.7961,15.775
5708.14,1748.38,0.30629,61.6431,753126.4,93.6088,2458.12,63.0,39.0877,14.043
6305.1,1465.94,0.2325,63.6223,877208.5,85.4054,3270.48,25.0,38.2443,4.884
10074.6,2867.2,0.28459,103.135,1447976.6,135.595,3663.6,136.0,35.6591,2.286
15390.8,4840.51,0.3145,143.401,2142645.5,295.842,7597.24,126.0,30.5224,10.926
20302.7,7386.48,0.36381,224.927,2763407.2,337.427,5177.32,133.0,24.9318,16.327
3928.02,1212.05,0.30856,33.266,532347.6,53.6217,1381.79,30.0,44.4139,11.905
13885.3,4038.38,0.29083,200.726,1932859.6,251.065,5301.94,284.0,21.9426,1.716
12191.1,5514.78,0.45236,104.703,1666160.6,202.288,6400.03,157.0,27.5843,19.999
16051.8,5922.44,0.36895,137.219,2263410.8,241.794,5341.1,46.0,28.3481,2.935
4461.91,1075.37,0.24101,41.5739,603215.8,51.4182,2691.85,68.0,41.787,3.369
15287.3,4885.08,0.31955,56.6048,2094577.2,199.665,4528.83,92.0,30.6499,17.914
18741.2,5673.77,0.30274,253.8,2550414.2,316.149,5790.05,350.0,21.0584,2.716
9050.77,2706.64,0.29905,123.659,1189029.9,176.103,4335.07,98.0,32.4843,16.799
7161.82,2567.84,0.35854,74.5603,981931.9,108.87,3337.65,64.0,37.2655,15.691
7955.23,2094.31,0.26326,82.4805,1096192.5,113.637,3106.9,20.0,37.0918,0.772
8967.49,3702.0,0.41282,76.2737,1249691.1,138.05,3484.53,58.0,36.9176,13.91
9182.85,2246.47,0.24463,94.3906,1267499.9,122.144,3318.36,24.0,37.5102,1.921
8763.85,2330.75,0.26595,101.42,1216885.4,133.868,3532.35,34.0,33.9932,3.069
9401.74,2906.96,0.30919,105.55,1306836.6,140.246,4331.75,81.0,32.4682,14.975
7867.14,2581.0,0.32807,65.114,1070109.2,111.755,3434.81,56.0,38.4726,14.243
11015.5,2922.78,0.26533,136.573,1532073.9,169.96,4697.77,173.0,26.4372,0.797
7207.62,1898.73,0.26343,68.9493,1030588.94,90.0106,2962.74,48.0,34.3167,17.175
5822.63,1398.03,0.2401,55.436,820342.9,88.2718,2840.59,7.0,40.383,12.256
8706.0,2233.4,0.25653,100.611,1221753.1,127.63,3232.23,4.0,36.9442,0.455
8298.63,2700.92,0.32546,90.1548,1140587.9,104.002,3832.23,32.0,35.6832,20.795
15457.6,3946.56,0.25531,212.598,2153427.0,252.878,5015.45,134.0,26.7395,3.012
10184.8,3308.42,0.32483,87.7778,1454716.1,141.826,3634.46,11.0,35.1176,5.006
5925.89,2015.38,0.34009,70.2841,822430.5,91.4747,3020.14,40.0,39.4463,2.175
8304.39,2111.21,0.25422,79.2069,1146465.6,103.5,4073.13,43.0,35.2494,12.592
16601.3,4012.97,0.24172,234.765,2355721.2,276.732,5539.16,91.0,22.1816,2.508
15247.1,5219.18,0.3423,217.763,2123957.2,259.777,5313.24,296.0,24.1171,1.857
9011.72,3936.51,0.43682,75.3383,1235920.1,155.589,3972.65,79.0,37.0022,14.497
4268.17,785.79,0.1841,38.8271,564236.0,63.6596,2566.32,11.0,43.4596,2.038
5964.37,1822.43,0.30555,68.2534,831362.1,86.3693,3038.3,39.0,40.1814,1.699
9627.26,2907.16,0.30197,100.714,1358204.9,140.282,3887.03,17.0,34.624,5.259
5474.79,1232.7,0.22515,40.1631,759616.9,84.8907,2779.0,27.0,42.3451,13.468
9214.12,2363.28,0.25648,90.7059,1307163.4,125.048,3939.9,154.0,34.6374,5.734
7000.32,1462.79,0.20896,54.0368,966115.7,90.4509,2906.55,27.0,40.1448,1.505
10504.7,4264.11,0.40592,123.971,1403559.0,192.118,4513.26,191.0,30.6068,1.808
23678.2,7229.4,0.30531,303.832,3294280.0,377.416,6352.38,110.0,17.426,3.933
15606.0,3741.65,0.23975,205.296,2133003.5,259.744,5130.85,159.0,25.5921,2.689
12588.6,3035.86,0.24115,150.48,1752632.2,201.669,4242.03,61.0,31.497,2.174
7987.67,2722.17,0.34079,74.9711,1060780.0,122.852,3117.16,30.0,38.8622,15.647
11336.2,3492.32,0.30806,112.749,1625922.5,138.393,3909.07,65.0,34.6502,2.064
9944.82,2619.17,0.26337,120.115,1365905.9,133.951,4173.53,129.0,32.9908,2.199
5097.0,1394.11,0.27351,39.5957,714352.75,63.4834,2620.33,37.0,40.7887,14.275
7268.43,1719.62,0.23658,67.1731,1029844.8,86.8205,2895.77,12.0,32.5384,4.201
15019.1,4632.49,0.30843,210.099,2090486.2,254.281,5339.97,282.0,24.6828,1.35
8120.68,2885.41,0.35531,82.3112,1112229.6,126.313,4025.71,32.0,34.9519,4.655
11118.0,4254.61,0.38267,104.184,1557712.0,159.934,4552.47,96.0,30.1356,17.066
5681.89,1216.31,0.21406,51.354,787782.9,69.7262,3168.82,51.0,38.511,2.091
4390.04,984.25,0.2242,30.9165,631223.25,50.4692,1168.45,40.0,46.5464,6.063
8951.77,1845.58,0.20616,97.1566,1252392.9,120.787,3851.55,67.0,34.9325,2.76
6350.96,3111.74,0.48996,57.2048,888183.1,115.726,2419.99,63.0,41.619,13.189
8640.5,3864.21,0.44722,87.1933,1064753.2,147.908,2522.99,103.0,39.6596,16.196
11840.4,3554.83,0.30022,134.249,1636966.8,160.639,4515.91,102.0,31.1106,2.172
8562.52,1989.3,0.23232,105.864,1160214.0,134.618,3963.67,40.0,34.1641,2.052
13352.3,4380.27,0.32805,187.037,1835554.1,250.052,4454.27,29.0,29.5021,1.988
10809.0,4486.53,0.41507,130.459,1470031.9,211.025,4494.68,179.0,30.683,6.888
10879.6,3798.4,0.34913,105.423,1519632.6,166.521,5687.27,51.0,33.4935,1.841
7233.29,1966.95,0.27193,96.4003,1009134.06,104.764,3912.69,21.0,35.8825,1.618
11639.0,2129.48,0.18296,150.337,1646212.9,166.766,4628.02,146.0,29.8562,1.782
6740.46,2252.62,0.33419,62.3551,908507.06,101.083,3103.78,20.0,40.2058,1.468
15294.4,4428.99,0.28958,189.46,2124686.2,226.255,5634.52,136.0,22.6335,0.884
5511.04,1772.16,0.32156,65.2423,727776.5,87.8521,2764.99,23.0,40.7988,4.091
14888.2,5118.68,0.3438,129.389,2128338.2,198.128,5238.02,64.0,28.3055,18.03
14778.3,6197.24,0.41934,112.551,2070033.8,228.424,5110.14,96.0,28.6123,19.516
5924.11,2475.4,0.41785,54.9386,796448.2,97.6281,2919.28,52.0,39.9764,13.933
12561.8,3005.79,0.23928,160.432,1734612.6,188.997,4174.67,69.0,32.0861,2.822
15180.1,5215.49,0.34357,178.072,2116861.8,246.22,5588.02,193.0,27.7164,3.058
9497.18,3356.67,0.35343,136.887,1256625.5,177.281,4379.89,184.0,31.3028,2.601
7625.96,2686.6,0.35229,74.3861,1056750.5,96.8401,3319.02,16.0,38.4266,3.168
10592.5,3095.25,0.29221,99.3781,1476417.4,155.198,4412.18,58.0,32.526,16.638
5632.51,1824.64,0.32394,61.9591,738737.94,94.4041,2795.72,5.0,40.1709,16.033
7402.19,2272.14,0.30695,72.0135,1004208.9,109.303,3364.52,75.0,35.3671,4.649
13791.8,5624.08,0.40778,162.119,1912445.8,243.42,4907.14,102.0,27.9138,9.43
5856.85,1609.76,0.27485,45.3865,840094.3,78.5614,2805.53,48.0,39.8883,14.479
10576.4,4450.65,0.4208,84.1011,1487852.1,171.193,4236.9,24.0,32.1859,19.923
7550.55,1935.53,0.25634,83.1325,1058434.0,123.905,3096.74,5.0,37.6889,0.651
6547.81,1944.84,0.29702,51.2308,923328.6,82.7124,2427.41,78.0,41.2166,11.117
9363.46,2792.48,0.29823,87.8035,1313024.8,122.384,4496.69,42.0,33.3751,1.811
13784.3,3721.76,0.26999,188.893,1881943.5,216.5,4593.52,175.0,29.6501,1.765
7837.48,2799.21,0.35715,85.4982,1067515.6,99.7554,3799.96,51.0,36.2576,15.212
12381.2,3925.19,0.31702,150.065,1771095.4,198.857,5175.34,143.0,29.6407,16.014
4172.21,876.26,0.21002,40.4895,535198.06,57.384,2092.56,42.0,43.5424,5.356
11563.1,5434.95,0.47002,149.95,1581239.1,235.561,4931.8,96.0,27.6132,19.66
7617.89,2217.0,0.29102,62.1456,1032132.9,99.0832,3864.39,57.0,36.59,7.288
9166.37,3902.35,0.42572,85.0753,1281525.0,141.618,3732.06,111.0,34.8975,3.694
9079.09,3659.56,0.40307,72.6567,1255060.9,149.099,3589.28,27.0,35.001,19.924
9497.39,4373.72,0.46051,88.3647,1336546.1,145.272,3880.09,63.0,33.56,14.759
21914.6,6131.67,0.27979,295.112,2964150.5,315.601,6656.98,288.0,18.7221,1.533
14283.1,4879.17,0.3416,157.719,1985324.5,205.397,5040.21,78.0,27.2533,5.205
5190.51,1107.88,0.21344,45.9636,730341.3,63.3473,2763.65,15.0,41.5043,2.144
8643.31,3653.43,0.42268,72.0891,1175277.2,145.09,3662.43,75.0,36.4443,15.931
6367.53,2004.73,0.31483,36.527,868677.9,85.9272,2742.75,14.0,42.8488,14.042
6777.45,2400.58,0.3542,77.3141,932628.56,94.9913,3233.52,60.0,38.6416,1.415
14010.2,5077.62,0.36242,200.382,1922109.6,255.275,4663.13,50.0,33.4436,2.045
7207.82,2452.31,0.34022,72.5973,1012780.7,103.641,3190.86,50.0,38.6793,15.255
18650.7,4930.64,0.26436,172.866,2638262.8,237.255,5976.52,218.0,26.4742,11.936
10747.7,3833.49,0.35668,99.8065,1524967.5,143.521,4167.51,43.0,36.2972,13.714
4219.32,739.83,0.17534,39.9337,555530.9,64.3054,2568.25,11.0,43.4857,2.133
7701.36,2271.85,0.29499,89.9336,1090260.5,112.037,2942.43,22.0,37.704,2.948
7329.48,2197.82,0.29986,77.145,985962.3,105.304,3449.93,80.0,36.3705,3.269
14459.3,4536.57,0.31374,117.903,2071387.0,187.838,4395.99,147.0,33.2255,16.674
6552.28,1978.54,0.30196,61.4581,850623.1,104.776,3013.31,28.0,39.1255,15.486
12571.8,3180.4,0.25297,162.765,1740900.0,198.823,4814.04,67.0,28.1746,2.904
15590.4,5087.58,0.32632,217.511,2162377.8,257.822,5353.66,299.0,24.4913,2.037
11778.9,2228.04,0.18915,140.71,1648019.8,168.214,4647.33,151.0,30.0102,2.207
10169.6,3622.68,0.35622,92.3769,1414181.5,130.845,3482.4,55.0,35.9212,15.987
13511.9,3290.61,0.24353,184.231,1844120.1,213.933,4567.68,182.0,28.8487,1.554
7174.22,1765.22,0.24605,69.5541,1003242.3,100.705,3142.11,63.0,38.9263,10.294
5822.59,1230.92,0.2114,48.1393,850904.1,71.5977,2417.93,71.0,41.953,12.306
11805.2,2910.98,0.24658,150.866,1665220.1,168.673,4682.84,29.0,29.1266,1.783
8957.37,3958.52,0.44192,61.7668,1284940.4,142.635,3228.12,32.0,37.0006,15.718
5543.12,1233.83,0.22258,70.0021,769983.3,75.9793,2819.03,71.0,39.5618,7.654
7722.16,1553.32,0.20115,60.727,1091234.9,90.5124,2734.26,35.0,38.8419,6.005
7837.71,2341.91,0.2988,63.0251,1081043.1,104.7,3451.86,74.0,37.6728,13.56
10975.4,3907.57,0.35602,92.4705,1558831.2,143.812,4618.68,114.0,30.8054,13.012
9529.96,2221.46,0.2331,83.2803,1335771.5,111.233,4062.91,86.0,33.8105,14.9
10482.9,2897.08,0.27636,105.076,1476081.5,141.456,4744.54,41.0,29.4582,14.413
8566.69,1828.71,0.21346,70.2525,1235373.4,113.106,4057.08,101.0,34.8833,1.035
18464.8,5968.12,0.32321,180.794,2617672.0,270.242,6149.79,214.0,22.1977,8.131
11829.8,3935.36,0.33266,132.192,1651037.6,188.802,4287.06,40.0,30.8852,2.115
9535.46,2496.11,0.26177,85.0719,1357479.1,119.919,4147.18,11.0,33.5786,1.872
9903.13,3226.36,0.32579,90.4367,1412007.8,139.327,5319.81,126.0,34.4566,19.774
13665.3,3360.48,0.24591,207.235,1864498.8,243.77,5060.86,113.0,27.0659,4.1
12037.0,3615.92,0.3004,130.005,1670186.6,167.508,5111.2,70.0,29.0276,10.167
10259.0,3110.66,0.30321,97.3252,1394816.5,147.92,3873.91,24.0,34.0351,2.69
6906.69,2193.41,0.31757,61.0412,931757.9,98.8003,3113.34,30.0,40.2006,2.133
6601.83,2021.47,0.30619,61.5861,861122.56,100.13,2502.25,30.0,40.0184,2.511
7161.76,2303.42,0.32162,67.9414,979804.44,100.291,3739.62,60.0,36.6918,14.933
7672.88,2388.79,0.31132,89.957,1078578.1,109.098,3871.55,37.0,36.1076,1.555
7494.51,3130.41,0.41769,74.6715,1041608.1,111.984,3302.97,32.0,37.8266,12.908
13878.5,4123.83,0.29713,114.019,1994961.2,177.266,4106.21,154.0,34.2578,16.613
11796.0,2515.4,0.21324,126.431,1600404.8,187.993,3707.23,82.0,34.2301,19.239
9509.16,2618.71,0.27538,76.8399,1301739.2,133.111,3149.5,87.0,37.4911,16.026
7751.86,2465.18,0.31801,55.2501,1072151.4,103.233,3704.43,44.0,36.4542,3.777
8999.17,2228.39,0.24762,92.1366,1246854.8,138.577,4067.05,171.0,33.931,1.738
17307.9,5687.07,0.32858,198.888,2407294.0,237.91,5612.22,161.0,22.9519,2.557
15121.0,5076.19,0.3357,211.766,2111375.8,254.461,5337.63,296.0,24.838,2.234
7356.14,3111.14,0.42293,87.5344,897592.94,135.555,2128.44,91.0,41.208,8.42
7358.03,1831.7,0.24893,57.9998,1020060.75,96.1681,2915.25,34.0,39.7169,3.189
5643.26,1300.52,0.23045,51.1101,817064.25,72.6065,2855.8,63.0,40.3812,1.559
5454.38,1967.01,0.36062,55.5147,758394.7,77.7062,2590.64,30.0,41.4229,3.284
13651.8,3582.35,0.2624,129.799,1935944.0,165.648,4778.11,54.0,29.2043,3.995
3864.45,1490.33,0.38565,26.1381,523639.25,50.4488,1479.76,4.0,44.9333,1.868
17214.6,4764.84,0.27679,203.125,2368634.5,270.841,5943.39,229.0,19.5138,11.454
4641.44,910.81,0.19623,41.936,636822.6,51.3631,2493.17,38.0,41.6609,8.125
6829.49,1800.17,0.26358,57.9619,953275.25,82.5727,3274.28,38.0,37.6824,6.616
8596.2,2388.47,0.27785,85.0989,1207982.5,114.654,4106.61,51.0,34.9584,2.007
15958.8,6498.19,0.40718,175.594,2211920.0,274.31,5471.16,119.0,23.0229,20.691
10115.0,2709.33,0.26785,100.574,1423062.4,132.059,3811.15,124.0,35.0052,3.942
10621.4,4001.21,0.37671,93.3407,1472782.6,153.566,4076.87,63.0,33.3231,17.597
6199.7,2063.04,0.33276,58.5012,867820.0,90.7106,2717.09,43.0,40.5528,2.411
4862.65,1538.19,0.31632,47.6249,671775.44,65.2646,2123.27,26.0,42.0739,4.677
11265.8,4029.79,0.3577,96.1331,1593651.0,154.539,4810.82,118.0,31.1495,15.233
12095.1,2949.12,0.24382,146.242,1677104.0,196.126,4142.83,69.0,31.913,1.918
10019.8,3364.01,0.33573,82.9887,1376469.0,127.713,4720.17,105.0,33.0346,17.546
5234.13,2058.5,0.39328,33.9793,743741.2,68.9236,2571.68,44.0,42.7217,2.359
4463.29,670.31,0.15018,45.5932,559059.44,61.9259,1960.59,25.0,44.115,3.502
5407.39,1365.69,0.25255,48.167,786187.8,72.01,2192.37,76.0,42.7757,2.38
11919.0,3172.81,0.26619,146.851,1704528.8,174.067,4698.56,26.0,29.1075,1.605
7429.1,1599.84,0.21534,52.4799,1024579.0,83.9819,3275.79,46.0,37.9143,13.025
5530.35,1188.46,0.21489,58.2676,762142.25,78.4162,2654.67,24.0,40.8298,1.239
19904.6,6978.1,0.35057,178.512,2752958.5,328.785,12282.53,113.0,27.074,5.197
4459.44,1856.86,0.41638,37.5998,623308.94,62.978,1550.95,46.0,43.8839,2.212
7099.91,2425.57,0.34163,60.2175,922908.44,118.629,3115.39,6.0,36.6475,14.593
12631.1,3489.68,0.27627,144.497,1754812.9,181.6,4543.56,58.0,30.2765,2.939
8336.14,2403.63,0.28833,97.1711,1146261.8,141.089,3246.65,17.0,36.6524,1.55
9242.03,1452.18,0.15712,76.7947,1241759.6,106.189,4055.89,60.0,38.4213,19.906
10246.2,3669.29,0.35811,100.074,1444980.0,157.227,3687.02,18.0,35.2361,6.237
14307.1,4761.23,0.33278,183.923,2004272.4,238.709,4539.88,36.0,29.103,6.375
7295.1,1725.82,0.23657,68.3274,975631.0,77.6302,3325.42,45.0,35.6471,14.988
8073.11,2285.94,0.28315,84.1519,1120080.9,114.539,3103.81,21.0,37.6608,0.601
9974.9,3249.94,0.32581,75.6658,1366893.0,139.32,6608.37,78.0,37.1699,13.347
11169.7,4464.45,0.39969,83.6753,1549126.4,175.142,4433.82,95.0,32.8764,16.953
8494.6,3299.35,0.3884,119.803,1206106.5,149.707,4077.97,97.0,33.9363,5.01
17630.7,5007.42,0.28401,222.145,2408352.2,275.825,5945.5,211.0,20.364,11.212
5877.73,1225.03,0.20841,50.7845,815215.7,79.8533,2757.65,17.0,40.3255,1.491
10057.6,2045.39,0.20336,115.182,1362524.9,167.42,3838.65,60.0,33.624,1.287
5811.16,1063.51,0.18301,51.5351,802537.6,66.8505,3025.04,22.0,39.713,3.648
5493.59,1074.38,0.19556,52.0019,785920.56,73.0853,2862.84,51.0,38.8014,1.634
8879.57,3122.82,0.35168,89.4925,1189369.2,139.605,3498.52,50.0,36.2532,1.025
7825.43,2897.7,0.37029,72.2054,1051384.1,122.324,3288.26,106.0,37.8506,2.04
10874.4,3317.07,0.30503,109.663,1543402.9,106.254,4614.03,144.0,31.1019,17.654
9571.76,2467.9,0.25783,117.443,1313252.6,135.571,4162.15,120.0,32.8752,5.853
6485.47,2171.21,0.33478,80.239,886641.25,88.9277,3221.7,57.0,38.0206,1.593
7920.8,1897.81,0.23959,86.911,1059470.2,116.52,3565.33,42.0,36.4646,2.563
11948.1,3167.09,0.26507,165.478,1680526.6,203.31,4688.64,100.0,29.3013,2.393
15039.4,5239.46,0.34838,126.349,2128621.5,213.886,6209.04,126.0,29.9756,4.874
8325.31,2939.56,0.35308,83.6216,1128805.6,115.407,3914.15,22.0,36.4178,9.823
12051.6,3372.19,0.27981,171.298,1658674.8,199.61,4787.36,61.0,28.1906,2.886
22285.9,6491.28,0.29127,302.035,3079346.0,351.575,6303.27,104.0,16.7684,4.083
12547.7,4636.0,0.36947,97.7272,1768053.2,188.369,7994.54,90.0,46.5464,18.02
7840.79,2587.53,0.33,64.2315,1110831.5,110.251,3575.24,37.0,41.2955,14.882
4766.83,1192.73,0.25021,45.5532,613636.9,63.7677,1933.9,36.0,44.256,12.379
20021.0,6194.45,0.30939,208.348,2829230.0,293.003,5858.35,261.0,24.8057,17.83
8499.72,3064.75,0.36057,77.4916,1174148.2,121.85,3986.51,74.0,37.7059,10.67
9799.7,2226.28,0.22717,100.661,1376613.8,131.239,4098.1,50.0,34.2634,4.806
5178.0,1898.59,0.36666,59.2746,711133.56,74.159,2664.28,23.0,40.9289,3.29
5909.29,821.79,0.13906,49.0777,833404.56,70.3049,2726.6,1.0,42.1411,0.762
4399.11,934.0,0.21231,39.6567,637035.9,54.4714,2363.71,35.0,43.1971,9.512
18633.4,5949.31,0.31928,257.137,2521658.0,309.115,5698.49,313.0,20.9697,2.658
7180.7,2667.59,0.37149,63.0736,1046751.2,94.8793,3205.0,30.0,39.5931,1.3
5889.59,1939.99,0.32939,67.8747,821192.25,81.299,3014.13,34.0,40.3163,1.656
5367.57,1713.92,0.31931,72.3631,740417.06,81.5685,3008.11,34.0,40.3388,2.924
8752.54,1871.02,0.21376,76.702,1248323.0,104.87,3922.36,15.0,35.1868,1.208
6794.17,2078.98,0.30599,67.2589,953602.2,96.7746,3128.78,33.0,37.6423,9.33
6901.82,2390.01,0.34628,55.5198,958438.1,102.118,3772.07,75.0,36.4003,1.422
8095.06,2101.16,0.25956,85.4074,1131785.2,110.963,3750.77,44.0,34.4602,1.59
7792.86,2736.67,0.35117,63.6155,1056111.2,110.581,3700.99,49.0,36.5153,7.231
7013.82,2241.46,0.31957,67.0279,970807.25,100.318,3040.19,53.0,39.6948,2.795
16479.0,3715.8,0.22548,206.398,2322462.0,259.433,5571.34,92.0,23.5474,2.121
8400.37,2673.26,0.31823,111.859,1206357.2,157.03,3177.87,127.0,38.3957,19.766
10966.5,2403.58,0.21917,119.74,1494235.4,172.438,3918.38,49.0,33.0603,1.16
8354.32,2219.06,0.26561,60.1646,1162153.0,107.315,3712.78,53.0,36.3304,12.15
8748.45,2483.52,0.28388,97.197,1208380.6,138.169,3316.67,6.0,36.3252,1.374
10200.2,4173.15,0.40912,102.102,1408210.8,171.203,4444.04,71.0,30.0867,18.673
7472.59,2467.64,0.33022,80.4508,1012374.4,106.419,3454.29,39.0,34.9484,5.542
10745.4,3730.37,0.34715,103.195,1505918.6,158.638,5397.19,50.0,32.4728,1.756
12089.8,4214.49,0.34859,96.653,1687390.0,169.762,4866.39,117.0,29.1747,17.191
13701.6,4143.47,0.3024,152.815,1900373.9,175.648,5081.1,29.0,29.9154,16.069
15457.9,4852.7,0.31393,181.933,2110450.0,262.078,5329.33,181.0,25.7061,3.981
10867.6,2741.87,0.25229,123.785,1523764.2,173.706,4156.21,58.0,33.1938,1.343
6743.97,1912.26,0.28355,68.1682,918921.56,92.8891,3204.12,40.0,37.6429,12.085
9240.92,2310.1,0.24998,100.272,1303869.5,139.201,3523.58,30.0,34.5573,1.403
11503.8,4782.83,0.41576,100.047,1604102.9,170.26,4367.58,86.0,31.5902,20.728
8335.16,4700.19,0.56389,87.8711,1055268.9,168.785,2294.24,75.0,40.5138,15.065
9122.3,2545.15,0.279,77.1127,1273134.8,109.83,4369.21,64.0,35.7163,7.877
14609.2,3617.03,0.24758,208.917,2038424.9,237.138,4970.3,146.0,26.0836,3.215
7458.82,2595.51,0.34797,62.575,988971.75,107.929,3272.27,62.0,36.5923,14.386
7526.87,2900.45,0.38534,54.2504,1058840.1,109.077,3680.97,48.0,38.9778,14.281
9248.49,1677.32,0.18136,95.6524,1312926.2,128.197,4170.47,46.0,33.9111,0.966
6138.18,1406.22,0.22909,66.6061,839649.6,84.0781,3411.69,44.0,38.523,5.528
3911.74,1232.82,0.31515,33.1588,532414.2,51.5892,1377.23,30.0,44.2859,11.515
13780.4,4518.16,0.32786,166.698,1929470.2,210.43,5225.31,168.0,24.5009,11.854
17127.9,5640.57,0.32932,198.567,2380279.0,234.315,6191.8,150.0,24.6826,19.68
8848.17,2847.17,0.32178,79.5108,1200686.4,120.776,3290.97,110.0,35.9179,2.776
18974.5,7709.59,0.40631,198.979,2613661.0,324.309,5969.54,155.0,22.2994,16.421
11565.2,4317.37,0.3733,102.389,1636081.6,146.539,4285.48,54.0,37.121,19.747
6436.56,2050.8,0.31861,59.2521,852963.8,107.924,3256.42,62.0,39.1006,13.323
12608.2,4648.49,0.36868,91.2982,1714934.0,172.989,4220.18,26.0,36.4807,16.098
15718.8,4699.92,0.29899,181.247,2142026.5,226.396,5529.05,70.0,22.3332,5.633
9214.76,3110.81,0.33758,94.1524,1263086.6,130.345,3878.94,41.0,35.062,3.759
13558.3,4305.35,0.31754,162.173,1872790.5,215.359,4287.87,102.0,27.0302,17.284
9014.49,2686.04,0.29796,85.7747,1271386.0,115.607,4096.77,78.0,33.8503,3.217
7476.26,1652.55,0.22103,85.8531,1041656.0,103.72,3918.1,29.0,35.9642,1.43
10022.7,3231.2,0.32238,102.164,1456502.8,157.076,4075.61,154.0,30.7163,17.866
7056.91,3216.19,0.45575,46.1277,1020513.4,115.01,3482.17,34.0,41.6588,13.201
4851.33,1764.09,0.36363,51.9942,688008.4,76.3759,2526.39,35.0,41.7917,11.499
6652.09,1779.51,0.26751,62.5239,918587.0,88.3192,2788.05,32.0,40.4001,16.31
7118.53,3239.37,0.45506,50.1347,984694.3,118.316,2559.18,15.0,40.158,14.08
7293.29,1809.52,0.2481,52.0009,1035064.0,89.756,3426.19,44.0,37.7138,15.047
5368.89,2443.31,0.45508,37.9041,751454.8,81.9786,2135.23,38.0,44.2223,13.465
4532.51,1584.07,0.34949,76.8096,543784.56,94.2647,1754.3,68.0,44.1178,12.556
7897.88,2380.16,0.30136,68.4247,1122101.4,95.5744,3135.61,17.0,38.1366,10.402
7865.8,2128.65,0.27062,70.6185,1109909.2,104.006,4106.47,18.0,34.1878,4.623
6770.7,2450.35,0.3619,80.9074,935629.7,94.2405,3243.81,61.0,38.7165,1.495
12650.9,4046.93,0.31989,153.392,1790008.4,156.958,5127.1,32.0,27.4327,4.195
8304.11,3237.18,0.38982,68.2862,1154796.1,116.846,3645.52,54.0,36.4153,13.806
8039.67,3205.35,0.39869,81.8162,1106489.6,129.354,3467.1,116.0,36.3791,3.208
8514.22,2224.42,0.26125,99.0516,1153603.5,130.491,3502.57,10.0,36.7918,1.449
5873.43,1898.03,0.32315,67.7419,812651.94,93.415,2792.03,39.0,39.8042,5.24
8117.96,2657.6,0.32737,42.3703,1142936.2,104.707,4091.38,71.0,35.013,14.374
13482.9,3859.86,0.28627,161.096,1924343.4,210.963,4536.69,44.0,28.5654,4.026
10511.3,3447.65,0.32799,116.023,1528201.9,140.364,4302.44,78.0,32.2695,3.712
6159.55,2224.1,0.36108,46.7357,888336.9,90.4704,3631.63,36.0,42.8708,16.429
12473.4,5084.38,0.40761,109.312,1701114.5,183.059,4481.66,67.0,33.2589,11.858
8645.68,2641.96,0.30558,102.037,1213218.9,130.224,3865.82,25.0,34.3037,4.284
14514.6,4656.84,0.32083,157.489,2017296.1,229.638,5271.71,200.0,26.978,1.504
16633.4,5763.36,0.34649,154.985,2320996.2,273.195,8275.29,167.0,28.2003,20.623
6580.46,2517.63,0.38259,63.8545,908384.56,101.972,3695.69,99.0,38.2498,13.506
6901.15,1427.86,0.2069,61.7875,953081.5,80.3686,3259.02,37.0,38.0836,5.26
13732.2,3718.4,0.27077,146.812,1877734.0,199.404,4639.16,26.0,28.3523,1.969
4679.45,1082.75,0.23138,41.0341,653337.4,45.89,1945.54,40.0,43.6831,8.885
8989.12,3292.32,0.36625,71.3038,1256137.6,130.032,3741.37,84.0,35.7533,15.053
5850.54,1947.72,0.33291,55.8058,807028.8,79.4434,3167.36,11.0,39.3103,8.39
16600.6,6101.39,0.36754,240.876,2224980.8,256.094,5367.36,143.0,22.1876,3.04
17228.5,4138.15,0.24019,248.773,2406086.5,238.819,5569.86,94.0,23.5596,2.401
4342.51,910.34,0.20963,40.2992,572390.44,64.7384,2567.75,9.0,43.4657,2.164
8422.69,3287.11,0.39026,66.5513,1189284.4,122.827,4362.67,49.0,38.1192,14.72
11037.6,2420.88,0.21933,122.363,1489504.2,156.142,3678.89,18.0,34.5746,2.164
13567.2,4075.78,0.30041,164.678,1876980.4,228.984,4749.21,119.0,28.8005,4.703
14085.0,3103.48,0.22033,147.891,1924917.1,184.897,4052.23,111.0,32.3824,20.278
13545.1,3708.68,0.2738,166.042,1904545.4,215.892,4986.22,206.0,27.8421,1.974
14560.9,6057.47,0.416,202.77,2062066.9,274.02,4514.16,146.0,29.1738,7.445
5429.1,1575.46,0.29018,47.458,754171.6,74.0363,3095.15,16.0,41.6861,1.937
17183.5,4703.49,0.27372,238.785,2349289.8,265.685,4891.71,254.0,26.9476,4.19
5315.36,1489.94,0.2803,60.5383,694838.0,83.6902,2636.09,28.0,41.3416,4.683
6469.04,2068.69,0.31978,67.4649,845244.06,95.0796,3118.27,79.0,34.5684,7.193
5208.86,1525.0,0.29277,47.3439,719820.56,65.8258,1989.77,25.0,43.738,2.203
5323.63,1534.27,0.28819,46.0409,771767.06,67.7246,2618.7,43.0,42.4275,8.054
22665.4,6433.43,0.28384,310.588,3127046.8,351.271,6331.23,104.0,17.5416,3.976
6986.0,2336.24,0.33441,65.3018,943323.3,105.474,3070.28,37.0,36.4744,15.101
4635.37,1147.63,0.24758,30.0194,663504.1,51.8628,2142.4,45.0,43.9235,6.313
9380.43,2951.84,0.31468,92.4188,1320264.6,137.33,3774.71,115.0,35.441,17.929
9332.06,2619.08,0.28065,86.569,1312189.6,124.123,4410.69,51.0,35.9071,1.916
4897.61,1434.99,0.29299,43.6804,691488.5,65.5956,2524.74,43.0,42.7808,10.7
8270.99,1659.05,0.20058,81.5387,1177054.1,114.189,4031.49,92.0,35.1565,2.549
14003.4,3561.37,0.25432,196.526,1914392.2,213.84,4570.62,185.0,28.7971,1.761
11943.2,5161.99,0.43221,99.0361,1573185.5,195.491,4192.56,86.0,34.1006,20.156
8246.61,2784.05,0.33759,67.9317,1095820.0,121.509,4542.32,61.0,33.6206,4.762
9942.5,3568.96,0.35896,108.816,1357909.6,147.249,4685.25,67.0,32.8901,2.726
4734.75,2016.34,0.42585,32.5905,660323.0,71.1191,2218.94,45.0,43.0551,11.206
7850.45,2056.89,0.262,82.7547,1074600.8,115.603,3336.93,2.0,38.2761,15.301
10660.3,3502.16,0.32852,100.848,1454721.2,147.637,4014.42,70.0,35.2806,15.38
8137.52,2079.28,0.25551,99.2022,1142451.4,100.169,3953.0,98.0,33.0843,4.045
8720.62,2532.53,0.2904,102.122,1190413.0,157.023,4081.17,79.0,33.5207,1.083
7156.24,2698.61,0.37709,62.4715,1041764.5,95.2235,3209.34,30.0,38.9242,1.675
11114.4,3681.81,0.33126,116.025,1542584.6,164.847,4319.43,77.0,33.2227,4.24
8560.43,2261.77,0.26421,62.4025,1199710.0,95.5332,3222.61,42.0,37.5415,13.777
11147.6,4461.19,0.40019,97.012,1559399.2,147.128,4467.8,50.0,35.6929,10.287
8131.94,1897.44,0.23333,59.3502,1147295.6,98.071,3101.61,39.0,32.5979,7.032
17845.6,4682.31,0.26237,223.27,2475109.5,295.584,5586.3,214.0,24.4116,4.034
12724.2,3868.91,0.30405,115.89,1839645.6,158.654,3843.17,164.0,35.9301,18.91
22994.3,7463.79,0.32459,306.151,3198390.0,399.084,6279.28,98.0,17.744,3.457
4927.39,1316.92,0.26726,46.4954,693505.6,59.7542,2152.12,20.0,42.9837,1.65
11263.9,4238.17,0.37626,83.185,1599149.0,151.457,4312.82,56.0,33.8624,14.581
5801.51,2024.73,0.349,38.1915,792059.44,74.6756,2081.93,51.0,43.3198,12.237
13501.9,3328.81,0.24654,165.436,1907693.6,184.138,4610.82,53.0,29.9478,1.579
14438.3,6064.39,0.42002,97.5512,1940845.1,240.432,3831.69,130.0,32.6988,20.397
8584.7,1869.57,0.21777,100.018,1199865.4,123.708,3823.37,49.0,35.022,2.751
14889.0,4042.89,0.27153,211.073,2038209.6,265.494,5099.06,172.0,25.3315,2.866
4110.9,1028.22,0.25012,37.392,562297.25,49.4445,1366.34,13.0,44.6827,5.633
19077.1,6299.22,0.33019,193.672,2648926.8,236.56,5228.37,116.0,26.7533,17.914
15360.8,5121.76,0.33343,182.525,2144093.5,261.899,5493.72,154.0,23.3941,1.95
19370.4,7552.2,0.38988,153.056,2656883.2,330.525,12912.15,52.0,34.5308,6.856
6733.95,1950.37,0.28963,62.6636,901272.3,96.7538,3585.67,69.0,38.0286,8.085
7829.45,2426.35,0.3099,68.8091,1152694.2,111.748,2796.71,54.0,38.7313,13.058
11601.9,3237.52,0.27905,148.826,1551841.0,180.949,4442.44,64.0,29.3514,2.835
10264.7,3759.27,0.36623,69.352,1458798.8,139.228,4201.14,54.0,37.6491,15.641
15584.3,4619.97,0.29645,138.757,2125868.0,227.639,4025.57,99.0,32.0709,20.975
15698.6,4964.35,0.31622,159.21,2230120.5,239.01,5728.23,98.0,24.5832,4.055
11163.7,3663.63,0.32817,129.592,1565939.5,170.526,4123.67,46.0,31.4472,2.163
9812.01,1933.24,0.19702,92.5775,1389051.9,139.873,4267.86,47.0,46.5464,0.781
12989.5,4264.15,0.32827,112.173,1782080.8,173.579,4221.83,92.0,32.9277,19.686
7639.71,2614.6,0.34223,68.5217,1043023.4,112.953,4913.05,86.0,31.1778,20.339
5816.32,2291.3,0.39394,46.3323,834574.7,81.8835,2450.66,9.0,41.1491,11.934
6537.05,1886.15,0.28853,69.366,935147.9,81.6642,3159.38,13.0,38.7006,1.809
3807.11,1361.62,0.35765,24.9357,519751.62,46.8247,1532.45,11.0,45.52,8.806
8698.0,2558.25,0.29411,78.3036,1211636.8,110.122,4116.93,62.0,34.3032,1.695
6979.48,3128.42,0.44823,63.1122,993776.56,103.342,2546.12,71.0,39.8518,11.69
7804.21,4075.69,0.52224,86.2111,981036.7,156.972,2404.63,114.0,40.1848,17.251
9239.66,2632.43,0.2849,101.14,1279009.1,123.556,3851.7,24.0,32.3262,2.372
13023.3,3353.75,0.25751,166.289,1796870.8,200.648,4692.39,116.0,29.1536,4.43
6040.78,1608.62,0.26629,56.8048,840991.56,77.3431,3105.19,51.0,39.1153,8.075
6467.42,1610.35,0.24899,53.7615,902017.44,84.6129,2857.65,26.0,40.1918,5.317
10880.6,2601.88,0.23913,128.717,1490536.2,154.082,3827.95,19.0,33.8566,3.208
8736.85,2763.15,0.31626,62.6173,1228599.0,102.205,3297.84,60.0,38.4898,15.648
5133.88,1204.26,0.23457,42.7285,739651.56,65.2158,2574.84,42.0,42.307,9.965
9382.33,1977.24,0.21074,77.0755,1259923.2,118.019,3841.56,32.0,37.3693,6.921
11389.4,3020.39,0.26519,158.058,1579552.0,189.054,4037.27,70.0,31.5914,1.947
9785.03,3103.46,0.31716,113.855,1351408.6,147.952,4063.97,57.0,33.8075,7.517
6188.37,2160.86,0.34918,54.2629,847007.5,94.0783,3344.19,19.0,38.468,7.885
15874.8,6902.79,0.43482,186.95,2143218.8,289.622,5687.47,191.0,25.25,6.947
4739.49,1809.01,0.38168,37.3161,657504.7,61.9509,1587.78,51.0,41.0646,11.278
12964.4,5037.14,0.38853,197.318,1717345.4,260.671,4827.78,81.0,23.0474,20.723
14177.4,4938.58,0.34834,161.774,2017209.2,212.929,5613.69,75.0,25.4236,2.108
7760.06,1920.91,0.24753,80.3968,1045503.75,119.502,3549.19,36.0,36.1206,1.622
10003.8,3196.01,0.31947,130.455,1325014.0,167.734,3985.08,41.0,34.0853,1.855
6894.1,1651.88,0.2396,72.6836,924542.2,98.2503,3443.71,80.0,37.5873,2.115
9788.65,2502.93,0.25569,107.832,1417060.8,140.723,3952.34,44.0,34.5649,4.54
7775.49,3332.14,0.42854,81.5765,1075279.0,136.042,3295.16,113.0,37.0614,13.515
4083.51,1761.46,0.43135,36.4608,544988.1,75.0179,1793.24,43.0,44.2421,9.285
6410.97,1559.58,0.24326,61.1333,885294.0,79.8372,3278.46,44.0,38.0608,6.108
5925.37,1679.89,0.2835,54.6161,824969.4,79.7793,3184.8,53.0,39.2365,2.661
3907.29,1180.13,0.30203,33.7844,535171.94,49.0647,1394.75,17.0,44.3148,1.377
9871.68,3317.62,0.33607,119.377,1428773.0,191.995,4284.34,94.0,31.9172,16.008
7512.38,3032.36,0.40364,65.6,1063256.1,109.576,3220.27,56.0,37.9505,11.08
9911.81,2864.64,0.28901,99.4265,1354705.0,150.566,4041.48,118.0,33.6864,1.631
14350.2,4502.83,0.31378,150.485,2018103.1,196.04,5006.3,67.0,27.5106,5.717
6211.35,1479.62,0.23821,69.2951,871009.75,75.1107,2884.27,73.0,39.5458,9.292
5141.87,1526.01,0.29678,42.0937,683984.5,82.7165,2727.03,27.0,42.5571,10.312
4687.6,925.05,0.19733,38.6874,634788.9,49.7284,2433.96,61.0,42.2251,14.108
4068.85,1261.89,0.31013,36.4637,558449.7,50.7174,1392.06,31.0,44.4241,11.071
5686.45,1490.7,0.26214,62.544,709940.56,89.6128,3105.27,16.0,39.3609,2.32
9333.63,3067.13,0.32861,86.1187,1258312.8,111.061,3741.62,34.0,36.2886,16.062
8404.23,2155.17,0.25643,85.7155,1173128.6,116.967,3877.93,42.0,35.0151,6.418
8465.78,4099.99,0.4843,84.1988,1186263.6,138.837,3495.27,89.0,36.345,15.137
12869.5,3286.31,0.25535,161.42,1824029.5,203.615,4994.63,207.0,27.7759,2.456
5848.99,1420.35,0.24283,58.1027,806095.3,78.9256,2673.43,21.0,40.4988,2.143
11023.9,2744.37,0.24894,131.498,1525010.2,172.019,4647.26,174.0,28.8775,0.699
7217.24,1811.29,0.25096,63.6545,984067.44,87.6754,2997.61,44.0,38.8332,16.404
6981.89,2188.04,0.31338,63.4287,966942.06,101.125,3509.9,59.0,37.3867,13.335
5194.28,2134.08,0.41085,35.3136,737997.44,69.0665,2575.47,39.0,42.762,2.351
7467.78,2653.89,0.35537,67.9342,1064639.6,107.202,3175.93,28.0,34.6995,16.105
12385.6,4169.76,0.33666,151.964,1700647.6,164.514,5131.95,36.0,27.8516,4.166
11431.0,4496.33,0.39334,83.3742,1580305.2,183.874,9693.79,58.0,35.6751,20.109
12748.1,4547.97,0.35675,182.856,1651009.6,251.157,5138.51,79.0,27.9508,7.459
8769.59,1763.55,0.20109,96.961,1225387.1,125.988,3631.48,20.0,34.2308,1.608
18896.1,5426.81,0.28719,253.446,2569470.2,312.171,5738.41,329.0,21.2595,2.694
14130.6,4553.44,0.32223,168.145,2029730.2,218.741,4546.61,50.0,29.5501,3.992
11230.1,4687.73,0.41742,100.346,1537536.4,175.288,4216.08,101.0,30.2635,15.876
7326.82,3203.55,0.43723,67.2827,1038854.75,102.283,2502.11,76.0,39.9684,7.87
7674.18,3075.1,0.4007,58.1026,1069378.0,109.923,3924.37,63.0,36.8735,13.43
4390.1,719.0,0.16377,43.6169,545463.44,60.1693,1943.42,26.0,43.8146,3.855
9239.66,2632.43,0.2849,101.14,1279009.1,123.556,3851.7,24.0,33.3385,2.372
9020.78,2556.53,0.2834,101.689,1253417.1,144.351,3309.79,4.0,36.641,0.96
4755.59,1501.88,0.31581,45.5575,657104.94,54.9191,1820.45,19.0,43.4151,5.186
22319.0,5407.19,0.24226,348.004,3060879.2,396.928,6224.27,155.0,19.826,1.162
6280.48,1288.1,0.20509,53.9933,865478.56,80.2359,2806.14,17.0,40.2991,1.014
6366.49,2376.98,0.37335,64.95,898447.8,96.9027,3021.69,49.0,40.1248,4.492
9960.88,2307.17,0.23162,122.488,1382303.6,160.952,4594.04,72.0,30.2183,1.264
19280.3,5829.1,0.30233,254.469,2607707.8,312.312,5782.97,325.0,20.7797,2.485
15297.4,4590.45,0.30008,206.744,2137021.5,252.254,5331.94,296.0,24.6944,1.381
12050.4,2350.68,0.19507,148.953,1640083.6,191.457,4896.99,141.0,29.8061,0.549
8385.69,2708.34,0.32297,63.0087,1160605.6,112.358,3393.29,26.0,37.3228,14.109
7473.38,2959.93,0.39606,77.0591,1010685.2,109.457,3549.23,56.0,38.0471,13.055
8394.45,2903.81,0.34592,79.0285,1136841.4,114.315,3303.24,17.0,37.5085,4.094
10387.6,2647.45,0.25486,111.183,1455348.5,148.793,4386.1,57.0,32.8856,3.109
5932.07,1263.74,0.21303,54.7057,819819.94,80.4059,2692.94,17.0,40.7779,1.123
9728.72,3063.54,0.31489,86.6182,1375554.9,130.959,4133.56,96.0,33.1811,6.188
5854.05,2107.85,0.36006,54.7363,835602.75,80.6893,2816.87,32.0,40.5017,7.184
5738.0,1249.71,0.21779,57.8085,794539.94,77.5869,2687.37,23.0,40.8109,1.554
7021.0,2491.68,0.35488,70.9485,1004791.1,105.523,3285.6,40.0,37.9205,14.48
7800.35,1919.07,0.24602,67.2905,1069954.5,109.616,3751.5,27.0,36.9269,1.918
6242.53,2886.38,0.46237,53.9563,877942.4,105.208,2858.06,59.0,39.4084,13.68
10880.3,3714.52,0.34139,97.8716,1516141.0,142.708,4934.9,51.0,31.1692,17.688
15087.1,4955.66,0.32847,247.306,2055409.6,250.075,5470.2,128.0,23.9071,2.163
16676.9,4933.39,0.29582,160.418,2379684.5,233.475,5085.77,30.0,28.4727,10.914
17333.1,5117.68,0.29525,218.458,2409204.8,293.208,5696.06,202.0,22.0792,2.084
11065.9,2869.88,0.25934,136.217,1521525.8,165.503,4450.72,96.0,31.5521,1.875
7240.62,2156.21,0.29779,72.6518,984290.6,107.813,3305.22,71.0,36.7157,4.079
9964.71,3227.84,0.32392,68.3477,1395133.5,133.25,3821.9,13.0,35.6173,14.405
11464.5,4033.23,0.3518,135.26,1522176.2,182.187,4181.5,45.0,33.9762,2.633
14109.1,4699.43,0.33307,155.163,1928752.8,215.304,4817.24,122.0,28.8281,5.065
9429.93,3404.83,0.36106,88.955,1358890.0,137.066,3336.75,21.0,32.8344,3.251
7389.74,1701.22,0.23021,63.6264,1046126.44,84.5514,3056.34,32.0,38.8708,15.828
17483.4,5419.69,0.30999,138.774,2428606.2,245.304,5707.25,187.0,22.8288,3.432
11233.6,2953.07,0.26287,114.605,1584773.6,161.701,4530.16,69.0,32.4954,4.162
8537.78,2662.19,0.31181,95.8373,1184376.8,126.863,3857.08,18.0,33.9816,2.921
9625.65,2557.77,0.26572,101.994,1366530.0,140.987,3948.51,41.0,33.3757,1.611
21191.5,7966.01,0.3759,190.988,3002359.5,358.83,8096.15,128.0,26.7749,5.793
10114.9,2765.92,0.27345,98.6029,1422229.1,137.711,3610.58,126.0,35.5373,3.017
8871.63,2603.64,0.29347,82.1144,1247627.6,117.405,4246.27,40.0,33.5778,10.184
13869.0,5142.25,0.37077,166.756,1877522.1,204.346,5143.49,132.0,26.8317,12.006
7484.8,1509.66,0.20169,66.0657,1041262.7,102.859,3117.61,48.0,38.7469,14.628
21743.8,8587.31,0.39493,184.193,3003573.0,348.172,13550.92,126.0,28.47,8.048
10228.4,2764.5,0.27027,124.337,1417237.4,157.516,4658.14,68.0,29.9459,1.987
11134.6,3379.08,0.30347,111.955,1605323.4,138.374,3893.51,55.0,34.7191,1.787
3883.34,697.2,0.17953,28.1752,545537.94,44.8877,1822.42,48.0,45.6153,9.617
10970.5,2422.4,0.22081,144.402,1447582.8,164.264,4336.2,70.0,30.2533,3.326
3905.02,1031.36,0.26411,34.1178,555746.6,47.8974,1780.9,7.0,44.4853,2.144
14249.3,6208.97,0.43573,199.046,1910561.5,299.913,5747.84,179.0,25.5914,20.86
7966.17,2281.75,0.28642,75.4119,1083142.8,99.7405,3215.34,6.0,39.1258,7.999
12199.7,3840.61,0.31481,183.704,1609330.1,227.007,4978.61,66.0,27.7521,4.697
13652.9,4463.9,0.32695,198.11,1838136.6,249.235,4445.06,38.0,29.1565,2.196
6940.73,1595.36,0.22985,57.3341,969583.2,81.4023,2951.31,35.0,40.0035,14.449
21340.5,6405.7,0.30016,183.138,3080550.5,291.263,5182.51,96.0,27.0603,20.458
3981.09,594.04,0.14921,42.6844,532729.4,57.3172,2154.12,27.0,43.8166,12.625
9788.82,3947.18,0.40323,90.4755,1378043.0,145.039,3991.22,1.0,35.1791,14.454
9102.74,2005.74,0.22034,82.8205,1281169.4,98.9692,4034.15,21.0,46.5464,1.889
13327.3,4131.94,0.31003,162.633,1834868.8,243.564,4707.07,36.0,28.8991,3.482
14664.2,4130.04,0.28164,181.948,2054733.6,235.08,4573.35,31.0,30.0332,3.032
6817.55,2055.49,0.30149,64.0891,944206.4,88.6297,3888.92,64.0,37.8032,3.086
8392.62,3287.84,0.39175,91.2821,1200546.1,111.32,3847.67,23.0,34.5417,14.171
13464.5,4435.1,0.32939,156.815,1868966.9,203.948,4844.45,123.0,28.6829,4.967
11215.8,3814.74,0.34012,102.411,1537030.5,179.774,4316.51,105.0,34.1568,18.875
15144.4,4898.05,0.32342,202.885,2099293.5,252.368,5330.02,291.0,24.4086,1.811
7180.47,2816.94,0.3923,63.8198,1050557.6,95.1843,3213.44,30.0,38.9457,1.428
4870.78,1680.6,0.34503,45.4317,670765.06,66.9113,1833.95,20.0,43.292,3.019
7468.89,2163.96,0.28972,60.9008,1031483.44,107.231,3077.81,50.0,37.6605,4.602
7565.86,2422.65,0.3202,66.6242,1030184.8,101.227,3480.41,49.0,39.6769,1.949
6955.82,1647.94,0.23691,65.5477,917602.8,82.4156,3294.2,41.0,38.2013,13.007
7194.54,2199.7,0.30574,69.5541,1006070.4,103.714,3206.15,30.0,37.3173,5.016
6890.38,2637.88,0.38283,78.0434,931058.7,104.323,3269.01,60.0,38.5313,1.932
6562.01,1884.57,0.28719,61.378,918322.7,89.9184,2606.08,24.0,39.2435,12.599
16004.0,5409.36,0.338,141.127,2298050.0,205.283,5455.54,67.0,25.0043,16.538
5131.48,1739.62,0.339,57.2607,705155.3,74.5633,3015.77,18.0,40.2441,7.115
6019.89,1891.89,0.31427,53.2992,850454.6,88.0872,2311.09,68.0,41.5907,12.403
6147.09,1670.11,0.27169,68.1742,875094.3,76.7573,3081.77,11.0,38.9712,3.431
5983.86,1343.5,0.22452,88.3182,806691.2,84.6114,3196.37,44.0,39.1747,13.082
8527.79,2807.95,0.32927,64.3981,1221559.6,110.514,4438.93,43.0,35.9972,17.107
9715.63,2629.76,0.27067,108.024,1387234.2,145.832,4226.1,45.0,33.4429,2.406
7732.95,2555.19,0.33042,69.8242,1057123.9,104.224,3189.25,19.0,38.2881,2.837
8491.42,2436.28,0.28691,72.9746,1159959.8,108.512,3706.95,45.0,36.1588,6.122
6925.32,2272.99,0.32821,48.9459,899273.2,106.54,2558.32,37.0,43.6758,13.159
17629.8,5825.46,0.33043,192.013,2404232.2,239.434,5749.73,85.0,23.8654,9.674
5372.83,1590.87,0.29609,45.6219,772985.0,66.8956,2465.03,24.0,40.2381,2.599
10860.3,2564.87,0.23616,136.204,1511130.1,170.853,4719.22,179.0,27.3266,0.675
5486.55,1612.57,0.29391,42.4887,758546.6,66.7302,2816.92,55.0,40.7537,0.0
8464.22,2541.45,0.30025,75.9762,1144343.2,126.829,4291.84,93.0,31.2358,15.77
18918.6,7934.74,0.41941,175.778,2600070.0,298.494,4862.1,77.0,27.5547,20.589
6938.39,1897.26,0.27344,66.0127,947713.8,91.0884,3084.6,52.0,38.2918,2.091
12211.0,3091.63,0.25318,129.65,1663279.6,156.114,3944.91,228.0,32.5463,2.496
11631.2,4796.86,0.41241,90.9318,1669356.8,154.782,5534.28,39.0,34.0368,18.3
8330.64,1816.69,0.21807,81.4161,1198540.1,104.717,3926.73,9.0,34.8864,1.347
11966.0,2997.92,0.25053,132.056,1635289.8,150.949,3976.55,232.0,32.3678,2.494
4690.35,1001.85,0.21359,40.5447,648750.3,62.9499,2003.7,5.0,42.5339,2.233
9385.26,2970.34,0.31648,85.3465,1325226.8,139.534,3858.19,3.0,35.1007,2.265
10750.9,2875.95,0.2675,130.496,1510743.5,164.557,4213.9,60.0,32.6689,1.501
11045.1,2847.54,0.25781,109.346,1547165.1,138.375,4695.96,40.0,29.8052,13.505
9896.49,2550.85,0.25775,132.222,1360311.0,156.395,4661.94,73.0,29.9123,1.978
14432.4,5719.09,0.39626,192.133,1907994.4,239.358,5290.44,89.0,23.7275,7.525
10272.9,2245.75,0.2186,124.599,1393555.9,150.91,3664.92,21.0,34.5923,2.194
11266.0,3154.49,0.28,139.876,1564997.5,156.168,4172.5,39.0,30.6645,3.103
7287.79,2637.85,0.36195,65.3544,1007904.75,110.474,2921.3,108.0,35.6172,17.377
16639.6,5119.79,0.30768,205.806,2186414.0,258.502,6027.02,248.0,22.1558,2.415
13311.0,4075.61,0.30618,138.634,1811693.2,179.399,5185.98,69.0,29.8754,9.942
9342.84,3149.97,0.33715,88.467,1319202.2,139.41,3856.58,33.0,35.5595,4.293
7684.68,2246.95,0.29239,94.8425,1082799.6,107.724,3540.8,94.0,36.9728,3.874
10618.7,3971.67,0.37402,103.042,1490853.6,151.127,3634.22,22.0,35.6342,7.56
10028.8,3295.55,0.3286,93.8573,1388709.0,124.26,4714.88,33.0,34.6967,14.04
17752.7,4817.83,0.27138,210.269,2463827.8,275.143,5714.71,208.0,21.9512,2.178
9129.25,4508.06,0.4938,80.1129,1300302.6,135.215,3713.09,61.0,33.9315,17.014
9452.16,3266.88,0.34562,72.3551,1315453.5,130.123,3903.36,68.0,35.6588,16.733
9952.93,2742.41,0.27553,104.907,1377421.9,129.926,3660.55,5.0,32.9193,3.537
8575.39,2128.13,0.24816,75.41,1200258.8,96.1387,3656.93,11.0,34.1242,8.793
11990.8,2614.57,0.21804,135.706,1670452.9,189.077,4910.14,76.0,23.7675,13.158
5285.02,1741.93,0.32959,42.3724,733610.44,66.8685,2883.56,51.0,37.751,3.526
5935.64,2104.49,0.35455,55.6232,807265.7,83.8888,2996.51,14.0,39.4771,7.937
4919.54,1150.58,0.23387,41.1614,656072.75,64.416,2687.7,19.0,43.5554,3.948
9629.64,3074.78,0.3193,103.396,1304509.1,133.763,3753.87,10.0,35.3888,2.579
12263.3,4107.17,0.33491,105.828,1700787.9,162.686,4938.35,69.0,28.1844,17.17
12424.7,3122.95,0.25135,111.993,1789040.1,144.886,4594.76,82.0,29.2923,18.914
6283.36,1446.03,0.23013,51.0535,878069.1,70.7015,3284.32,54.0,39.2894,1.728
8853.47,3713.09,0.41939,96.1405,1258805.5,136.803,3212.38,84.0,35.7459,16.775
8719.67,3382.73,0.38794,79.3024,1193647.4,125.988,3424.99,12.0,36.8062,16.133
9920.78,3410.92,0.34381,95.5033,1384715.9,149.476,4572.77,35.0,33.1615,1.495
8045.98,2264.34,0.28142,65.2162,1113393.1,98.5784,3471.15,50.0,36.9116,15.442
9138.72,4265.94,0.46679,62.8641,1295501.0,134.044,3571.54,65.0,35.4345,18.384
7638.73,2083.03,0.27269,92.3333,1055164.1,102.257,3246.29,20.0,36.4092,10.824
7549.23,2665.44,0.35307,62.7807,1072771.6,104.277,3023.27,38.0,41.2404,4.074
9040.72,3209.02,0.35495,76.1399,1258729.2,114.146,4402.77,25.0,35.9339,8.109
7213.83,1819.33,0.2522,56.5611,952969.5,113.355,3237.6,15.0,38.8385,11.869
7182.05,2359.8,0.32856,55.8177,973376.06,101.397,2801.82,19.0,40.958,10.252
9521.5,2547.8,0.26758,78.4517,1366397.0,121.071,4672.68,91.0,32.1342,1.631
8007.62,1502.78,0.18766,74.0854,1124278.8,93.5389,3144.4,36.0,37.7307,14.014
15397.7,4693.97,0.30484,177.856,2095615.0,205.628,4930.46,189.0,30.4311,2.599
17553.8,5194.81,0.29593,250.955,2369764.0,294.69,5784.93,329.0,21.7681,3.57
10134.8,3432.41,0.33867,122.453,1391068.2,171.089,4108.71,51.0,31.193,2.114
8856.6,2923.82,0.33012,95.9884,1210094.2,127.741,3296.22,23.0,35.9667,4.193
21240.3,7607.57,0.35816,222.643,2921924.2,352.213,6042.65,151.0,21.8718,11.475
9823.6,2309.02,0.23504,111.235,1373877.4,150.555,4290.57,61.0,33.3089,3.832
5562.39,1269.55,0.22823,53.469,733126.5,85.6901,3478.46,19.0,40.4084,1.987
9385.34,2413.75,0.25718,93.3576,1300836.8,123.603,3812.34,40.0,35.0363,2.619
7055.5,2168.16,0.3073,81.2733,961810.0,110.661,3089.67,78.0,39.0009,0.931
6618.21,2243.91,0.33905,63.6478,925611.25,87.621,3359.01,94.0,38.337,15.613
10206.5,3039.06,0.29775,94.2576,1441860.6,133.144,4177.21,108.0,32.8937,4.575
4993.93,1130.52,0.22637,44.5367,716121.8,67.6625,2678.62,15.0,40.3083,2.737
13179.4,2557.92,0.19408,159.146,1804430.0,191.688,4836.34,141.0,29.919,0.702
9193.48,2880.15,0.31328,86.8055,1240663.0,116.555,4004.5,30.0,36.7608,18.199
8824.04,2230.01,0.25271,100.096,1220037.4,126.676,3290.36,5.0,36.6132,0.818
6987.83,2170.34,0.31058,59.3993,948936.94,97.8536,3075.02,24.0,40.154,1.636
12208.5,3177.23,0.26024,154.163,1742385.9,172.724,4731.8,23.0,29.1768,1.553
10275.7,3594.32,0.34978,97.7742,1412908.0,143.598,4271.54,106.0,29.8186,15.063
16689.8,5531.49,0.33142,197.501,2350841.5,259.642,4727.51,98.0,27.9348,9.191
10537.2,2789.87,0.26476,112.912,1473975.5,150.883,4358.55,69.0,33.2879,2.793
7924.26,1657.79,0.2092,62.3948,1114401.8,87.9774,3163.48,24.0,38.4972,9.816
14052.6,4276.54,0.30432,159.01,1926571.2,216.903,5218.85,12.0,30.8756,16.181
9050.75,1980.87,0.21886,93.7893,1250370.1,118.147,4151.19,44.0,34.2541,1.909
8381.3,2895.24,0.34544,68.3577,1170902.9,128.999,4449.66,20.0,37.5571,20.292
7943.3,2597.25,0.32697,58.2972,1094603.1,103.878,3717.45,34.0,41.1327,16.463
10548.1,2831.76,0.26846,113.469,1484595.1,150.332,4406.85,64.0,32.1487,4.108
9779.87,4057.92,0.41492,134.436,1310661.9,186.694,4360.87,176.0,31.2977,2.642
5628.01,2126.55,0.37785,48.9901,777568.5,77.5931,2449.28,30.0,42.7034,1.566
12293.0,2950.28,0.23999,198.9,1674987.8,197.207,4565.64,176.0,29.1223,1.68
9048.3,2930.86,0.32391,82.2093,1225210.6,151.555,3604.81,39.0,33.6818,16.591
3775.79,1176.86,0.31168,33.9678,514195.2,48.5693,1339.44,24.0,44.6292,11.205
13873.8,4328.19,0.31196,115.166,2003952.6,177.623,3877.31,147.0,35.1033,19.823
9174.52,2677.23,0.29181,90.0456,1260653.0,99.8645,3558.84,43.0,31.6662,19.698
10551.1,4002.97,0.37938,76.8013,1472689.4,138.98,5162.7,46.0,35.8419,11.359
13983.5,4653.45,0.33278,152.621,1987327.8,219.307,5980.46,75.0,24.6917,1.574
8252.45,2460.87,0.29819,92.6418,1158621.9,102.585,3585.33,24.0,35.9061,12.087
8802.59,3698.8,0.42019,77.3776,1186516.9,143.571,3826.28,61.0,35.0258,16.628
12604.3,3872.0,0.30719,152.12,1780116.5,229.318,4295.74,83.0,30.3481,1.634
11634.0,3114.15,0.26767,143.062,1654120.1,165.593,4769.15,20.0,28.6791,1.777
8451.33,3247.02,0.3842,65.1371,1195147.2,115.818,4080.32,32.0,34.5733,19.153
6609.2,1714.71,0.25944,64.408,907031.9,82.0074,3216.57,57.0,38.9078,6.722
9322.31,2888.29,0.30982,111.738,1302314.4,133.414,4002.39,110.0,34.2959,17.404
11744.2,3228.71,0.27491,138.551,1671430.5,158.924,4568.44,47.0,32.8144,2.933
12280.4,3435.61,0.27976,162.286,1705427.8,196.595,4781.6,69.0,28.6784,3.488
5614.48,1522.85,0.27123,45.5785,804043.56,63.6388,2580.81,18.0,41.2318,3.281
13405.8,4696.35,0.35032,160.679,1823079.2,209.651,5006.05,119.0,27.7886,7.28
11015.3,4237.98,0.38473,125.1,1511263.2,176.707,3906.64,48.0,33.6729,3.838
7819.81,2117.8,0.27082,53.0749,1064782.2,108.858,2773.22,36.0,40.9719,13.724
9041.62,1459.73,0.16144,91.2647,1282931.5,122.447,3925.5,43.0,35.2553,0.841
7235.85,2033.68,0.28105,61.8969,998292.56,103.344,2702.65,90.0,39.4476,12.146
6912.4,2096.42,0.30328,61.1545,946796.9,91.8119,2825.34,48.0,41.2442,16.027
6716.68,2144.01,0.3192,66.0595,926754.8,95.4128,3118.91,54.0,39.4152,2.472
10027.9,3936.25,0.39252,136.657,1331344.8,195.655,4470.8,171.0,30.7086,1.698
16788.7,5483.99,0.32664,184.34,2335620.2,279.795,5604.02,98.0,23.6274,7.301
6687.69,2010.21,0.30058,53.3428,897149.1,94.8411,2622.04,39.0,39.9553,10.088
5038.99,1811.15,0.35942,40.6696,677559.8,78.4738,1820.15,28.0,43.7028,12.525
7356.53,1733.2,0.2356,65.295,1051866.9,98.4037,2875.18,68.0,38.0735,16.043
5694.31,1319.24,0.23167,54.3615,795833.0,64.176,3165.29,14.0,38.1042,9.361
7711.84,2854.2,0.3701,76.2863,1100810.2,108.655,4086.0,52.0,34.7121,14.724
5472.51,1081.95,0.1977,51.2088,779315.3,69.0431,2873.16,56.0,40.2379,1.465
13024.7,6879.53,0.52819,84.5938,1630508.9,267.865,3504.18,68.0,36.7956,20.741
10216.1,3704.42,0.3626,92.9416,1417065.9,135.776,3453.36,57.0,36.9359,14.957
4778.28,1147.01,0.24004,39.7965,660378.06,55.7454,2434.32,47.0,41.314,11.362
5907.35,1962.88,0.33227,57.5173,819407.2,84.2077,2712.59,41.0,40.1289,1.53
5953.15,1963.34,0.32979,37.4143,804954.6,83.3991,2806.69,22.0,42.4482,13.396
5873.06,1566.58,0.26673,47.2255,869131.6,71.894,2420.25,77.0,42.1073,11.384
5680.18,2512.33,0.44229,68.8463,759258.6,96.018,3062.48,46.0,39.2368,14.647
14987.8,3845.97,0.2566,175.066,2114518.5,207.961,4167.98,137.0,31.6312,2.281
5715.32,1173.93,0.2054,54.0365,806029.6,65.3275,2911.86,16.0,40.1089,5.39
7943.28,2605.12,0.32796,78.1154,1070103.2,126.715,3414.83,56.0,37.139,10.392
16697.7,5615.39,0.33629,206.55,2201212.5,270.412,5896.68,245.0,22.428,6.271
9193.02,2005.09,0.21811,98.6586,1282244.1,135.639,3651.33,21.0,34.0474,1.649
8646.41,2574.14,0.29771,52.0932,1173611.8,114.639,3889.6,26.0,36.0445,14.744
7041.81,2425.81,0.34448,62.3732,968507.94,96.9814,2875.5,47.0,39.6838,5.339
7018.04,2563.51,0.36527,65.0477,1024465.3,98.1168,3199.58,28.0,38.9489,1.025
14263.7,4063.33,0.28487,196.651,1954557.0,214.227,4590.44,170.0,28.8237,2.379
6256.98,2025.17,0.32366,49.6556,832817.25,88.0101,2926.6,45.0,40.3194,18.6
15679.0,4343.08,0.27699,211.572,2167166.5,255.861,5149.28,175.0,25.1605,4.299
5439.32,1672.28,0.30744,40.6467,744155.06,86.8157,2769.38,35.0,41.2405,14.781
11013.3,5500.3,0.49942,84.9336,1555604.8,172.451,5595.75,74.0,37.242,18.476
8085.15,1628.22,0.20138,98.1429,1068920.4,109.907,3374.87,85.0,38.0019,14.389
5061.93,1008.93,0.19931,44.2623,731816.25,59.8613,2180.98,77.0,42.9221,0.753
11792.9,3981.59,0.33762,138.665,1621121.5,182.464,4334.81,39.0,30.2436,4.686
8579.02,3383.17,0.39435,94.5736,1209233.2,145.308,3778.22,75.0,36.8969,2.147
4613.12,1034.63,0.22427,46.4407,635073.75,65.6655,2444.79,17.0,43.2112,14.149
5137.83,977.3,0.19021,46.1647,737743.56,61.6899,2209.75,81.0,42.5967,0.767
15722.0,5068.68,0.32239,238.579,2156575.8,266.443,5479.52,130.0,23.7529,1.884
5226.28,1817.84,0.34782,43.7374,762604.2,69.7097,2508.73,44.0,40.0357,8.809
8204.53,2469.35,0.30097,87.1477,1164213.8,127.953,3848.42,117.0,33.1325,12.912
16601.9,5247.62,0.31608,203.905,2191648.5,273.154,6345.9,258.0,21.8066,2.532
5957.05,1748.24,0.29347,43.1966,870833.7,70.9541,2495.7,25.0,41.6257,2.249
20734.4,7997.71,0.38572,189.396,2876946.0,356.061,16359.07,156.0,22.7241,3.302
11850.6,3286.35,0.27731,137.963,1644149.0,163.157,4487.43,88.0,31.0126,1.953
12028.7,5470.0,0.45474,103.653,1655588.5,185.933,6187.88,138.0,28.2058,20.679
14970.5,4328.19,0.28911,187.82,2084769.6,226.207,5648.06,141.0,23.1478,1.151
8408.63,2688.65,0.31974,72.9557,1201920.2,116.42,3162.04,69.0,37.3143,17.426
5660.8,1423.07,0.25139,63.46,708548.2,87.484,3092.6,16.0,39.4155,2.361
8222.68,2551.55,0.3103,71.8984,1101612.6,115.956,4602.88,67.0,36.5715,4.58
9655.97,2464.86,0.25526,110.478,1376422.4,150.429,3794.65,15.0,34.5764,0.528
5446.58,1498.34,0.27509,34.1229,746863.9,69.9627,2102.9,16.0,42.6393,7.156
11242.1,4002.14,0.35599,99.9139,1569733.4,172.194,5445.85,53.0,32.4542,1.955
8908.22,2607.14,0.29266,88.3748,1260879.4,123.661,3485.96,8.0,36.3525,3.02
10144.6,3326.51,0.3279,109.464,1415337.2,177.853,4173.77,49.0,33.7445,3.209
6886.02,2051.53,0.29792,71.3209,920765.8,91.9794,3068.18,22.0,38.6496,1.899
12310.4,3434.58,0.27899,112.066,1744211.2,146.698,4279.82,137.0,32.1605,19.248
15356.6,4887.45,0.31826,175.963,2105704.8,255.227,5005.76,25.0,27.5772,3.289
8389.69,2988.68,0.35623,66.8369,1196267.9,107.352,4304.96,61.0,38.224,18.505
6933.05,1676.71,0.24184,75.0677,932890.56,88.2821,3491.31,79.0,37.5652,2.301
6312.94,1932.84,0.30617,53.7673,896210.3,81.3086,3055.52,54.0,39.5438,11.427
16044.7,5138.09,0.32023,183.785,2222929.8,264.47,5336.79,97.0,26.3708,6.992
23558.9,7071.81,0.30017,310.317,3273329.2,374.384,6367.08,96.0,17.6645,3.345
5675.8,1963.33,0.34591,68.2476,782850.7,90.0427,2981.19,37.0,40.2733,2.01
7754.71,1838.46,0.23707,88.8921,1061640.0,132.071,3608.48,76.0,31.1552,17.544
9201.99,2403.45,0.26118,113.875,1299612.8,147.73,3819.56,13.0,33.2494,0.579
8809.25,1870.59,0.21234,107.507,1196099.2,136.129,4005.15,43.0,34.1638,2.101
5872.52,1831.38,0.31185,49.7959,819401.44,86.4475,2414.11,75.0,41.7923,11.899
8310.15,2891.9,0.34799,53.4403,1109933.1,127.054,4503.68,33.0,40.2456,16.739
7147.59,1871.04,0.26177,74.8367,960526.9,97.2701,3611.72,85.0,36.3561,11.893
7090.98,1693.07,0.23876,71.249,942603.7,101.358,3560.52,69.0,37.302,1.824
11575.0,2191.64,0.18934,144.662,1623892.2,167.485,4656.55,157.0,29.3545,2.093
6533.88,2093.16,0.32035,65.1456,923516.75,110.477,2973.82,14.0,37.5316,13.0
8023.5,2986.95,0.37227,77.6301,1140855.9,129.433,3303.06,31.0,37.6603,2.926
7874.78,1545.65,0.19627,78.776,1108445.1,99.4874,3781.64,10.0,34.4856,1.716
9732.99,3371.16,0.34636,90.0883,1373012.6,150.533,4112.8,88.0,34.1113,9.991
20030.2,7391.81,0.36903,183.97,2825121.2,343.919,8201.27,111.0,23.3472,15.813
8710.44,2536.8,0.29123,88.0124,1202154.4,115.907,3183.56,23.0,37.2361,1.263
6066.56,1448.61,0.23878,52.9257,841397.06,77.6181,3166.2,18.0,39.2547,11.379
9628.75,2384.87,0.24768,108.968,1372684.9,153.428,3823.45,16.0,34.1732,0.588
8344.27,2568.77,0.30784,86.4365,1171329.4,119.204,3185.48,65.0,46.5464,14.15
14157.5,3846.6,0.2717,210.706,1960471.0,237.358,5039.31,142.0,26.9001,3.152
6984.8,1761.7,0.25221,73.1977,933291.3,98.3967,3483.92,79.0,37.7586,2.079
7479.31,1652.5,0.22094,85.8521,1042160.06,103.795,3916.98,29.0,35.9623,1.43
7768.87,2559.21,0.32941,59.3381,1105294.4,110.178,4693.64,17.0,36.0637,13.722
4433.62,703.52,0.15867,46.7769,562789.56,58.7243,2005.68,34.0,43.8863,5.518
9676.53,2889.11,0.29856,92.1281,1377450.0,129.27,4096.4,100.0,33.8766,6.113
17238.5,5005.32,0.29035,173.045,2478219.0,255.024,5468.28,120.0,26.3113,19.55
14605.0,3318.68,0.22722,191.068,2047753.4,247.535,5002.2,121.0,26.6791,1.52
6004.07,2091.34,0.34832,58.8338,842618.9,95.3371,3346.82,32.0,37.4576,8.818
9633.37,2567.47,0.26651,102.624,1366620.1,153.942,3913.06,40.0,33.4701,1.95
9881.13,2219.84,0.22465,111.666,1382627.9,130.188,4217.49,57.0,34.1552,1.779
6795.67,2112.57,0.31087,53.8265,977717.75,95.4518,2557.84,54.0,41.2979,9.616
10119.4,3197.12,0.31593,95.3225,1374498.1,156.33,3910.1,122.0,34.1501,2.264
9021.1,3097.91,0.3434,98.1155,1244159.8,121.348,3396.4,32.0,37.0667,14.103
18411.2,6344.54,0.3446,160.58,2595637.8,276.347,5956.18,197.0,23.6409,17.698
16201.7,5617.87,0.34674,177.508,2237149.5,253.653,5462.58,228.0,27.3614,2.9
7976.48,2076.24,0.26029,65.499,1102112.4,106.997,3369.6,36.0,35.6128,6.723
6922.52,2397.72,0.34636,52.7949,970307.8,110.398,3250.87,16.0,38.354,14.274
8477.58,2508.89,0.29594,76.0821,1186611.6,107.128,3399.23,51.0,36.3229,16.47
12246.7,3528.52,0.28812,138.396,1730397.4,218.956,4490.66,97.0,30.5053,4.798
16119.1,4262.01,0.2644,188.603,2280857.5,218.713,5732.56,70.0,22.6476,1.367
13973.9,4668.79,0.3341,154.146,1982177.9,216.261,5353.16,69.0,27.5218,2.953
8690.52,2075.74,0.23885,99.8771,1223486.6,120.174,3824.87,57.0,35.0918,3.37
8341.51,2012.2,0.24122,73.0088,1125633.5,108.043,3805.32,84.0,35.0394,13.892
9136.35,3259.43,0.35675,82.6618,1240714.5,133.138,4137.0,23.0,31.9202,18.221
7363.69,2199.16,0.29864,65.8176,1016565.25,99.0617,3431.7,34.0,37.6492,9.612
11568.2,2984.68,0.258,140.71,1600195.2,161.748,4511.94,95.0,31.3179,1.891
7236.24,2546.71,0.35193,78.8876,1007749.5,99.6016,3655.66,25.0,35.9002,2.376
5836.82,1812.1,0.31046,52.2707,819491.7,75.3021,2597.39,26.0,41.5136,2.827
12042.3,3139.74,0.26072,132.295,1636415.4,162.113,4004.81,225.0,32.123,2.8
6701.17,1443.72,0.21544,66.6952,917699.7,87.6184,3236.64,20.0,38.7631,11.896
12613.2,4450.76,0.35286,134.013,1789380.4,175.912,5414.62,133.0,26.1068,16.522
9031.46,2807.25,0.31083,97.9597,1218063.6,117.256,3390.99,75.0,38.0823,15.749
21360.8,5960.42,0.27903,250.053,3000992.2,317.937,5754.47,215.0,23.9916,5.369
7920.79,1970.74,0.2488,91.0924,1079578.0,94.9319,3948.62,21.0,36.6105,9.22
14605.2,4570.13,0.31291,196.971,1997666.2,244.674,4577.42,167.0,46.5464,1.887
10001.7,3358.3,0.33577,122.817,1375077.2,168.354,3785.07,50.0,33.9576,3.924
16067.0,6449.89,0.40143,190.899,2246817.8,286.536,5487.45,149.0,23.3578,3.099
9214.35,2737.05,0.29704,102.061,1228473.4,138.296,3707.0,10.0,35.8227,2.571
21237.0,7180.36,0.3381,242.516,2962373.5,337.641,5559.8,82.0,23.0753,3.758
13169.8,3395.56,0.25782,173.581,1850542.4,205.397,4976.87,196.0,27.1024,2.215
8715.31,2039.52,0.23401,96.275,1225429.8,136.984,3535.73,14.0,34.691,0.927
7059.95,2717.73,0.38495,62.3161,1032346.8,97.5832,3197.84,30.0,38.9393,1.151
4613.03,1381.53,0.29948,36.7047,645644.7,59.0082,1887.87,22.0,42.5424,12.209
6657.42,1740.99,0.26151,64.6968,923038.9,90.0911,3345.46,29.0,37.8938,5.287
10258.8,3444.29,0.33574,129.725,1376084.9,170.513,4026.67,39.0,34.1322,1.78
8298.95,2848.81,0.34327,97.3529,1138459.1,118.092,3954.59,84.0,36.1103,15.961
6514.25,2072.21,0.3181,61.7812,885865.6,90.2738,2462.09,23.0,40.7767,5.121
9581.21,2497.71,0.26068,60.7241,1376654.4,124.956,3741.75,48.0,37.3757,13.208
10424.9,3123.66,0.29963,101.907,1474092.6,140.583,3711.17,125.0,35.3813,2.052
4768.46,1588.0,0.33302,49.4635,630667.4,79.2299,2718.89,40.0,41.2514,17.465
8070.0,2425.21,0.30052,61.2628,1147960.4,97.6025,2931.66,8.0,37.7841,12.967
8040.4,2673.06,0.33245,84.1774,1105657.9,118.945,3706.21,31.0,37.5117,3.141
15870.6,5858.84,0.36916,182.291,2211948.2,261.577,4662.06,31.0,26.5367,1.856
11243.6,4253.3,0.37828,69.4924,1583834.2,172.834,6180.33,49.0,38.119,11.564
5591.38,1080.35,0.19321,55.0455,769927.0,77.0005,2698.91,19.0,40.9992,1.694
15398.9,4393.49,0.28531,181.084,2123725.2,243.317,5513.61,159.0,25.926,19.796
9141.55,2687.28,0.29396,89.4391,1283192.9,121.742,4408.27,41.0,32.8943,1.425
7051.71,2215.86,0.31423,55.2234,918245.6,112.983,5515.15,21.0,39.7195,6.023
6449.41,2678.07,0.41524,58.5192,892991.8,89.4973,2899.4,48.0,39.9766,7.721
6074.91,869.51,0.14313,48.9671,858286.8,72.4972,2715.17,1.0,42.138,0.793
12396.8,5109.73,0.41218,142.885,1775481.4,194.159,4674.16,153.0,29.3967,17.477
6770.2,1156.54,0.17082,66.9422,930554.9,83.559,3221.66,70.0,39.2241,14.24
15766.0,5594.34,0.35483,179.507,2188150.0,257.565,5312.53,199.0,27.529,2.612
9513.91,2325.24,0.2444,101.098,1269086.4,125.238,4144.73,30.0,34.1725,17.031
17179.0,4525.74,0.26344,235.676,2439358.8,283.055,5523.51,95.0,22.1706,2.685
6450.78,1480.28,0.22947,68.0228,911514.4,76.3328,2847.98,75.0,38.5032,8.469
3589.2,895.27,0.24943,30.2926,501171.88,43.6519,1881.78,47.0,45.0108,4.591
8942.93,3185.84,0.35624,88.8715,1186913.1,137.106,3732.47,46.0,35.8726,1.33
4739.01,1054.91,0.2226,42.5956,653188.75,62.9248,2468.0,23.0,42.4706,13.388
9025.86,1940.7,0.21501,101.217,1246244.2,137.51,3648.26,18.0,34.6675,2.13
6716.63,2103.65,0.3132,64.3848,890276.25,100.656,3423.58,58.0,38.7346,8.541
6369.8,1009.43,0.15847,59.7617,876189.94,75.644,2688.57,35.0,40.6857,4.12
6416.17,2422.44,0.37755,62.9822,886385.1,103.328,3631.66,33.0,36.7879,9.783
12497.6,5546.76,0.44382,93.6994,1743662.0,185.432,4298.43,71.0,32.5132,18.598
6331.28,1860.55,0.29386,49.5958,876044.44,84.1246,3168.66,14.0,40.2877,10.526
8229.55,2713.57,0.32973,78.8797,1142759.2,110.343,3755.76,25.0,35.2108,2.898
15605.6,5925.61,0.37971,137.198,2166178.8,249.541,4460.09,164.0,29.5724,4.218
10017.3,3254.58,0.32489,100.755,1421935.8,148.127,3686.2,97.0,35.722,17.034
13465.2,3956.08,0.2938,112.196,1938212.0,183.557,4397.67,153.0,33.721,19.457
7098.92,2252.99,0.31737,69.4678,969696.5,113.026,3299.82,72.0,37.8416,15.398
8263.0,1958.07,0.23696,98.6422,1119571.1,120.393,3455.69,9.0,35.7695,1.427
7035.3,2792.72,0.39695,71.0201,980830.4,116.43,3099.24,53.0,38.5094,13.98
5665.05,1343.86,0.23721,53.1281,789588.25,60.3832,2426.88,43.0,41.0377,11.449
6475.12,1485.02,0.22934,60.8366,854545.94,92.1631,3274.72,70.0,37.8538,4.406
17877.6,5635.72,0.31523,228.114,2497079.2,296.422,5886.77,180.0,21.1415,2.302
15891.5,5407.4,0.34026,215.145,2223975.8,268.191,5371.28,291.0,24.3484,1.849
7196.79,1917.11,0.26638,76.4882,956814.44,103.264,3591.3,76.0,37.7563,2.852
21979.7,6701.3,0.30488,208.625,3128002.5,327.481,5956.9,308.0,20.3402,15.579
10933.8,2940.25,0.26891,147.587,1453541.0,179.934,4401.46,46.0,30.3005,2.548
5381.07,1879.35,0.34925,48.0155,747627.25,68.8041,2379.09,19.0,42.1103,10.849
9458.61,2119.39,0.22406,97.5976,1302863.9,119.053,3870.42,28.0,33.9842,18.521
10314.8,1843.45,0.17871,99.8104,1432329.2,107.063,4899.17,50.0,29.5885,11.057
12778.6,4194.29,0.32822,164.245,1807154.1,218.344,5081.49,108.0,26.794,17.496
5040.51,1687.14,0.33471,32.8872,694994.0,61.9001,2406.62,50.0,42.7945,9.244
15062.2,3593.05,0.23854,196.681,2081020.0,263.973,5085.94,154.0,25.4081,1.999
6757.58,1828.58,0.27059,63.0851,942324.0,94.1516,3359.07,25.0,37.7137,5.574
7250.75,2007.54,0.27687,67.5909,997214.4,92.5834,3423.48,30.0,37.7881,9.742
7129.41,1510.25,0.21183,64.1024,951295.44,84.3991,3594.13,12.0,34.104,8.062
8027.02,3152.49,0.39273,69.0176,1144193.9,115.848,3198.68,36.0,37.0195,16.723
9474.3,3129.21,0.33028,119.418,1364443.6,166.882,3828.18,122.0,35.7839,16.546
8099.68,3135.73,0.38714,76.0659,1106891.8,134.898,3727.94,25.0,36.0001,7.626
7886.71,2415.26,0.30624,70.0888,1069633.9,106.498,3460.35,87.0,36.8911,4.408
27237.3,9749.41,0.35794,209.005,3729303.0,470.477,10505.9,139.0,22.9173,18.961
6521.27,1787.78,0.27414,59.0941,896012.3,85.8047,2643.19,11.0,36.3301,3.416
13509.7,3156.74,0.23366,169.628,1902228.4,207.724,5559.93,82.0,24.0579,1.395
6736.57,2447.47,0.36331,79.9186,919094.9,95.8815,3237.67,62.0,38.465,1.185
8434.57,2332.1,0.27649,90.0146,1186304.4,103.446,4092.63,47.0,34.8004,2.849
7305.88,1931.9,0.26443,64.3817,1009948.2,95.8057,2907.8,78.0,38.8784,3.243
5029.14,1354.34,0.26929,46.6785,701086.56,58.1059,1930.04,33.0,43.5456,2.889
13561.5,3484.52,0.25694,153.07,1887342.4,218.608,5402.08,207.0,27.2656,3.256
15155.3,6038.41,0.39843,192.301,1993522.5,244.857,4159.87,112.0,31.4418,3.671
6057.15,1339.15,0.22108,67.9453,861118.3,70.4129,3079.2,13.0,38.9065,1.582
17893.3,7521.22,0.42033,183.424,2494778.2,295.072,4833.14,119.0,27.8832,20.08
9746.17,2604.88,0.26727,113.493,1386723.6,157.517,4156.82,45.0,33.8529,2.855
15939.2,3976.5,0.24947,244.58,2172606.2,264.938,4785.21,286.0,27.5427,3.983
9569.45,2758.6,0.28827,76.0219,1357408.2,114.937,4133.39,35.0,30.8815,16.396
15105.1,3526.7,0.23347,204.827,2079228.6,258.151,5076.29,152.0,25.5404,2.395
18210.9,5745.37,0.31549,238.461,2484834.8,318.982,5106.17,152.0,25.2792,11.022
5454.69,2234.97,0.40973,48.9237,765974.44,77.8757,2336.41,34.0,41.3495,1.98
6272.04,2761.7,0.44031,56.4564,847174.75,101.83,2851.8,38.0,40.5328,15.264
4495.19,1754.2,0.39023,39.5239,611479.0,60.3297,1892.91,42.0,43.7749,7.322
5963.16,1397.93,0.23442,54.2522,802295.5,73.7064,2470.56,23.0,40.2866,10.27
7128.01,2452.51,0.34406,66.3263,968911.7,106.031,3065.03,30.0,40.5759,2.884
8436.58,3529.76,0.41838,74.2668,1142248.6,134.104,3266.33,65.0,36.581,17.051
13456.8,5029.51,0.37375,190.317,1791184.4,245.026,4207.88,94.0,31.26,19.363
6666.68,2159.42,0.32391,60.7402,897511.5,98.4029,3116.12,19.0,40.1341,1.688
8496.72,1716.84,0.20205,75.7389,1217727.6,106.708,3818.55,14.0,35.3602,1.676
9208.65,1882.94,0.20447,100.261,1288458.6,135.667,3657.01,23.0,34.4988,1.527
6143.24,1531.13,0.24923,54.7989,858181.3,70.9963,3362.2,58.0,38.8321,2.299
5908.17,1827.35,0.30929,48.8738,771328.1,99.309,3560.68,22.0,37.0307,2.39
9817.35,4095.79,0.41719,76.9922,1420072.1,145.858,5176.34,88.0,30.1543,18.071
8573.33,2095.14,0.24437,95.8933,1155328.1,153.611,3726.03,17.0,33.4726,0.0
8332.64,2309.25,0.27713,72.7887,1130807.0,105.214,3626.4,83.0,36.1124,2.183
17602.2,6281.02,0.35683,180.565,2469415.8,275.566,5945.45,58.0,27.3082,6.835
6598.92,2327.02,0.35263,71.8916,906369.2,93.8483,2894.86,59.0,39.5648,5.818
5368.3,1943.59,0.36204,45.8007,744661.1,75.995,1970.96,15.0,43.3195,2.031
7804.41,3526.87,0.4519,66.2782,1088503.1,115.792,3675.68,76.0,36.3491,14.748
9521.74,2878.82,0.30234,76.2782,1357430.1,118.842,4160.92,33.0,30.8683,17.366
10562.0,2138.14,0.20243,146.561,1462934.2,173.212,4066.2,69.0,26.1849,1.626
7348.05,2149.11,0.29247,74.5111,1007378.06,114.191,3096.4,80.0,39.0132,0.914
16515.7,5405.95,0.32732,208.846,2173129.8,264.063,6056.75,255.0,21.7321,2.412
5798.52,2203.64,0.38003,33.2992,822609.4,79.3076,2591.45,39.0,46.5464,2.91
4957.39,1341.8,0.27066,44.6187,720842.7,61.0485,2482.17,39.0,42.7634,7.428
11274.9,2999.56,0.26603,134.426,1569851.4,166.107,4179.46,28.0,32.7983,2.831
14759.8,5006.88,0.33922,177.253,2067400.8,261.696,5311.69,161.0,24.3616,1.484
11926.0,3110.54,0.26082,147.508,1684193.0,161.9,4162.66,133.0,32.1476,3.014
11866.5,3592.76,0.30276,98.8882,1739773.9,141.658,5077.29,85.0,28.8292,17.728
8580.5,2481.77,0.28923,93.7494,1175340.0,120.013,3798.48,45.0,36.024,2.29
11381.9,2975.07,0.26138,144.598,1614900.9,162.092,4133.58,122.0,32.1878,3.268
6739.32,1912.74,0.28381,57.7889,957319.1,96.2792,2466.83,27.0,37.6455,11.346
7889.98,1863.28,0.23615,64.6682,1106225.0,88.9891,3000.3,14.0,38.8291,3.644
15968.2,5137.07,0.3217,188.738,2264944.5,232.791,4773.26,49.0,24.7164,5.821
3282.44,1301.71,0.39656,11.0961,445237.12,40.8392,1440.93,32.0,45.055,3.701
16240.2,3667.01,0.22579,195.475,2245093.0,254.692,5791.35,248.0,21.3873,8.758
6905.65,2216.35,0.32094,58.8863,902384.9,103.653,3164.39,1.0,38.2165,13.633
6272.83,1928.11,0.30737,62.3226,845723.06,81.1643,2496.06,26.0,40.6657,2.605
8866.96,2427.54,0.27377,69.5538,1239172.1,125.885,3257.8,58.0,37.711,18.657
7938.3,2203.57,0.27758,85.4833,1095569.0,112.489,3100.17,21.0,37.68,0.605
21335.1,6654.62,0.3119,315.322,2950062.0,364.426,6496.86,110.0,17.149,3.961
4246.69,949.19,0.22351,44.353,538140.5,59.5182,2088.3,26.0,42.8529,4.064
15347.3,3894.58,0.25376,160.453,2202819.8,212.274,4668.13,36.0,27.7018,16.404
21577.9,5947.38,0.27562,302.403,2921166.5,319.444,6597.75,291.0,18.5451,3.156
7196.7,1727.16,0.23999,65.4536,1012456.4,86.2629,3644.85,33.0,37.7152,1.906
15551.0,6247.57,0.40174,192.494,2184364.0,251.397,5272.29,114.0,26.4147,19.315
8416.76,2891.73,0.34356,87.6615,1178582.2,125.414,3121.98,36.0,38.047,3.19
7202.89,2491.4,0.34588,54.6633,979833.94,101.999,2686.58,42.0,39.283,8.82
8039.41,3768.37,0.46873,88.9949,1005822.75,143.397,2245.08,117.0,40.6335,16.335
15277.0,3894.01,0.25489,178.784,2163774.5,215.725,5706.35,63.0,23.0403,1.315
7691.01,3253.85,0.42307,80.0886,1090813.2,120.212,3300.99,44.0,37.7517,2.818
8144.99,2347.9,0.28826,94.4201,1106670.1,98.6531,3421.25,30.0,35.6855,20.748
16114.2,5297.75,0.32876,97.7003,2286605.8,234.046,4791.69,158.0,27.6034,17.467
7744.52,2835.27,0.3661,58.8302,1072598.1,105.142,2987.37,65.0,40.5996,5.667
5688.93,1795.65,0.31563,58.8972,753196.5,87.2327,2693.47,29.0,41.1867,4.509
4542.55,874.95,0.19261,41.2436,592639.6,65.2788,2596.06,12.0,43.5074,2.291
9465.71,2730.71,0.28848,113.048,1294794.2,165.789,3626.62,16.0,34.1278,2.855
16787.4,4730.44,0.28178,230.773,2324111.2,267.578,5686.81,198.0,22.1472,2.204
20833.1,5621.57,0.26983,295.327,2828665.0,312.184,6574.61,279.0,18.635,1.414
15689.3,5462.48,0.34816,153.933,2150470.5,252.979,8490.08,31.0,33.1384,20.123
12804.7,4049.85,0.31627,180.419,1749514.2,245.137,4673.06,43.0,29.3251,3.265
15501.8,4546.23,0.29327,190.73,2150838.5,234.1,5639.61,139.0,22.7887,0.889
10144.5,3901.73,0.38461,126.18,1340377.8,190.849,4447.37,191.0,31.0181,3.084
5959.4,1343.74,0.22548,65.3833,834780.4,72.5835,2772.81,74.0,39.2844,8.468
11523.3,3205.43,0.27816,105.189,1546587.0,149.713,4944.35,67.0,30.3241,16.376
19240.5,5588.1,0.29043,239.888,2642884.5,317.116,5542.15,221.0,22.8386,4.571
7604.17,2463.12,0.32391,64.5088,1038296.0,121.445,3424.6,45.0,37.2094,15.745
8727.98,2201.86,0.25227,84.9069,1243897.8,129.271,4042.52,89.0,34.7124,2.37
6941.68,2105.38,0.30329,67.7991,934665.94,92.5087,3293.02,40.0,38.5215,14.03
7886.74,2295.41,0.29104,70.5514,1151091.9,105.029,3061.45,21.0,37.848,2.558
8841.44,2371.4,0.26821,91.3561,1253439.1,123.141,3313.83,2.0,46.5464,2.405
6030.98,1274.96,0.2114,37.2524,815705.2,85.9798,3126.68,60.0,39.1788,12.184
6767.22,1793.62,0.26504,62.0567,940895.9,87.4432,3410.65,28.0,37.2273,5.128
6311.46,2447.7,0.38781,62.9633,833114.06,114.94,3176.08,27.0,39.8681,13.718
21515.7,6133.23,0.28505,246.034,3017574.2,309.813,6105.86,204.0,21.5645,4.869
8768.79,2176.67,0.24822,100.319,1227858.2,136.133,3999.0,170.0,33.2508,1.549
3840.94,836.19,0.2177,31.3778,546752.9,47.7371,1688.63,47.0,44.9281,10.928
13864.6,4994.84,0.36025,161.42,1918934.0,206.714,5029.34,82.0,27.2557,5.159
20915.8,6556.96,0.31349,252.69,2913143.8,323.604,5541.88,71.0,23.1967,3.738
11572.3,4023.39,0.34767,129.157,1612438.0,181.035,4208.0,35.0,30.5253,2.111
13098.8,4194.98,0.32025,149.319,1862671.0,212.861,5014.05,91.0,28.5937,1.412
5964.52,1454.71,0.24389,67.0414,847118.1,74.5784,2790.69,66.0,39.6777,18.463
16222.9,4800.61,0.29591,185.872,2184879.0,258.428,5311.36,198.0,25.1488,2.464
5569.45,1025.48,0.18412,50.4752,795356.4,68.9717,2883.14,57.0,40.4678,1.195
9272.54,3151.33,0.33985,87.8921,1232627.4,148.43,3843.99,35.0,36.4551,6.693
12575.7,4675.11,0.37175,148.047,1757455.2,173.013,5156.06,45.0,28.0079,4.065
10680.4,4525.97,0.42376,126.73,1453671.2,195.439,4390.56,174.0,30.9721,2.714
9660.21,3310.07,0.34264,133.005,1361154.5,168.186,4439.53,89.0,31.333,14.332
17444.7,6183.34,0.35445,133.117,2521842.8,247.305,5686.28,74.0,23.9529,12.719
13958.6,4562.33,0.32684,146.497,1924855.8,200.363,4993.39,123.0,27.9486,5.093
9985.97,2647.6,0.26513,96.2909,1397636.0,140.071,4217.36,52.0,33.4553,2.445
16080.7,4953.44,0.30803,207.144,2108462.5,257.187,6239.81,249.0,21.5301,2.675
8353.91,2211.51,0.26472,69.6406,1149815.5,97.9502,3564.37,62.0,37.3596,14.825
7626.43,2123.35,0.27841,68.6979,1013258.8,99.1817,3734.4,14.0,34.9433,10.971
15948.4,4698.65,0.29461,185.33,2140221.5,245.122,5274.69,193.0,25.4444,2.605
15160.7,3541.51,0.23359,178.755,2119937.2,224.735,4716.26,42.0,28.3485,1.575
7488.29,2321.98,0.31008,35.3579,1043290.3,89.4694,2782.38,28.0,39.011,13.896
6400.91,2117.44,0.3308,58.2907,890582.25,92.0009,2719.27,46.0,40.5264,2.123
7610.6,1926.58,0.25314,67.6304,1051022.8,109.559,3618.54,23.0,37.1233,1.525
5044.55,1369.9,0.27156,45.9709,668855.56,66.3886,2117.71,33.0,43.3136,11.939
11669.7,2943.01,0.25219,108.257,1618780.1,142.524,4714.35,82.0,27.1808,19.487
8970.99,2727.94,0.30408,100.709,1230634.0,125.492,3849.94,35.0,34.2285,3.03
16853.7,3764.03,0.22333,206.948,2325944.5,255.419,5758.13,224.0,21.8935,8.1
19241.9,5533.93,0.28759,299.0,2611518.2,315.817,6534.0,288.0,18.6969,1.477
6358.15,1949.27,0.30657,67.0701,854957.75,90.3977,3313.32,55.0,38.1164,14.15
13425.8,3873.18,0.28848,158.661,1874309.5,198.463,4752.67,126.0,29.0042,3.272
5565.18,1441.63,0.25904,47.4151,711701.8,76.8485,2405.57,25.0,42.747,3.194
8186.04,1892.12,0.23113,71.1486,1133268.2,94.8551,3658.4,25.0,36.1474,17.176
7293.79,2245.21,0.30782,62.6876,976667.6,97.6958,3181.51,44.0,40.0978,3.276
19937.5,6766.82,0.3394,193.702,2761550.2,356.132,5877.64,211.0,21.2291,18.881
5953.8,1073.06,0.18023,51.7264,823124.56,67.9914,3034.62,24.0,39.762,3.972
13036.5,4538.76,0.34815,162.388,1813020.6,194.112,4829.64,94.0,28.6391,5.311
9196.63,2722.02,0.29598,79.4848,1278710.1,114.914,4407.36,64.0,33.5942,4.841
3861.46,1174.56,0.30417,34.0837,526046.8,48.7782,1383.18,32.0,44.4659,11.158
6537.05,1886.15,0.28853,69.366,935147.9,81.6642,3159.38,13.0,38.8019,2.189
9549.18,3675.59,0.38491,133.222,1267060.2,181.724,4423.94,177.0,31.0456,1.429
10822.4,3581.7,0.33095,99.4984,1486393.6,146.186,4040.8,132.0,34.909,17.16
6448.8,2067.07,0.32053,49.118,890122.5,97.521,3695.38,70.0,36.7848,1.319
5670.85,862.76,0.15213,52.7943,801298.44,72.1191,2606.86,1.0,42.4303,1.386
8705.93,2505.63,0.2878,89.6941,1232073.6,124.704,3348.22,7.0,35.6521,2.602
12139.0,5178.27,0.42658,102.326,1652443.0,219.175,3617.6,22.0,37.0241,18.497
10550.3,4392.73,0.41636,93.9352,1448859.5,162.116,4396.77,92.0,32.2961,17.185
4956.86,1579.83,0.31871,50.1913,685993.8,49.6909,2428.41,50.0,41.5443,9.566
8768.75,2436.03,0.2778,102.024,1188917.8,120.556,3435.91,25.0,37.1231,3.523
8014.21,1692.2,0.21114,76.7985,1148418.1,109.109,4035.56,104.0,34.9181,0.952
5934.59,1495.37,0.25197,67.7291,747181.5,78.1542,2916.36,28.0,39.0735,2.445
7953.77,2702.06,0.33972,87.7958,1072726.1,107.688,4060.7,47.0,36.1161,11.323
10119.8,3677.22,0.36336,80.0894,1368381.2,143.677,3964.06,84.0,34.0739,17.895
13137.3,4252.33,0.32368,149.96,1858133.6,198.035,5120.67,170.0,28.6494,2.042
8174.71,2542.51,0.31102,91.5657,1159505.8,116.488,3556.76,94.0,36.8931,2.036
11507.3,3393.41,0.29489,106.611,1560484.4,162.223,3574.25,10.0,34.6652,15.847
9364.49,3456.04,0.36905,93.4677,1320378.0,127.563,3141.89,71.0,35.2184,15.479
10482.8,3832.36,0.36558,117.96,1430743.0,169.99,4339.57,133.0,31.8858,17.739
18605.1,6797.57,0.36536,186.48,2632844.2,283.324,5833.59,149.0,22.0682,2.918
10130.9,3203.0,0.31616,120.184,1444554.0,201.018,4202.25,91.0,27.1045,20.913
4876.79,1534.56,0.31466,40.5163,673457.0,60.4994,2569.65,57.0,41.816,11.011
14282.3,6295.22,0.44077,140.863,1946639.4,225.667,5632.77,155.0,26.4257,17.925
8980.87,2878.11,0.32047,72.8749,1245538.9,116.863,3721.74,71.0,36.1604,15.975
15827.5,3136.57,0.19817,172.623,2238125.5,200.458,4282.78,147.0,31.1916,1.469
6169.18,2077.1,0.33668,59.2343,857989.0,91.6612,2722.44,38.0,40.5157,1.342
7112.53,1836.59,0.25821,59.3027,1020780.7,91.4044,2768.8,57.0,38.1572,13.858
18177.0,6625.11,0.36447,199.83,2644548.2,306.634,5346.29,238.0,24.2843,11.869
14603.6,2819.08,0.19304,179.883,2035875.1,216.262,4698.17,29.0,28.519,1.306
6201.9,1931.73,0.31147,57.7339,821686.2,86.2734,2827.05,57.0,40.1034,11.899
7708.33,2360.84,0.30627,72.756,1057631.8,107.34,3104.74,53.0,37.9621,11.21
13222.5,4336.6,0.32797,135.657,1885741.0,163.177,4960.38,57.0,28.3543,19.857
7955.52,1855.74,0.23326,92.37,1105637.9,122.972,3204.65,5.0,37.5456,0.566
5742.96,1918.76,0.3341,68.4195,779397.8,80.2025,3095.53,38.0,39.7197,3.904
8790.23,3167.36,0.36032,87.0075,1166550.4,131.993,3657.52,51.0,35.8534,1.071
7582.34,1865.62,0.24604,98.2021,1027289.2,111.853,3329.42,115.0,36.6269,1.631
9557.43,2461.8,0.25757,99.1294,1359124.8,129.605,3655.08,127.0,35.585,2.575
16301.9,4967.74,0.30473,210.027,2130257.2,267.527,6307.85,254.0,21.6586,2.511
15875.3,4908.3,0.30917,212.971,2210755.2,252.434,5354.48,271.0,24.6603,2.061
23739.4,7127.85,0.30025,255.605,3336672.5,327.817,6327.25,205.0,22.8652,5.765
5368.2,2296.78,0.42784,46.4546,779851.94,75.2187,2672.57,44.0,40.356,14.353
17779.5,6159.2,0.34642,234.837,2405536.8,318.036,5003.15,213.0,26.1848,19.826
8839.25,3205.67,0.36266,91.6311,1264942.8,119.896,3776.14,33.0,35.0154,9.459
17973.7,6713.95,0.37354,177.584,2485984.0,284.475,6067.1,67.0,27.8107,11.343
7993.93,2310.38,0.28901,58.5449,1098472.4,110.86,3190.7,20.0,38.5487,8.496
12619.4,4987.95,0.39526,141.127,1757200.6,200.803,4910.69,118.0,29.4537,18.449
3342.18,1096.71,0.32814,25.3887,458243.53,39.5912,1310.03,3.0,45.9443,3.36
7466.56,2093.64,0.2804,76.9343,1017457.4,100.761,3546.25,74.0,37.9431,4.582
9469.04,2715.83,0.28681,105.918,1327786.0,149.39,3718.87,30.0,34.0657,2.193
6769.17,1662.21,0.24555,63.248,962752.6,70.5688,3377.79,47.0,36.0639,12.819
5565.09,1153.28,0.20723,54.8712,766332.06,83.9468,2941.18,53.0,39.8245,13.684
12975.4,4299.68,0.33137,136.812,1793584.2,192.288,4242.87,74.0,32.6631,16.952
16944.0,4493.46,0.26519,168.164,2351868.5,230.383,6135.49,53.0,46.5464,0.0
4568.26,1412.22,0.30913,35.1916,646091.7,59.0011,2015.41,5.0,44.3103,5.24
4770.05,988.66,0.20726,43.1639,648062.75,51.9941,2610.12,47.0,42.0976,8.496
7797.55,2055.25,0.26357,73.893,1086704.8,92.2287,3919.72,61.0,35.2452,2.962
22495.2,5378.4,0.23909,328.168,3097558.0,396.978,6216.87,160.0,19.8379,0.987
11269.7,3150.02,0.27951,111.986,1630218.8,135.682,4140.79,82.0,46.5464,14.8
16645.5,6819.26,0.40967,185.784,2288255.8,261.764,4944.95,139.0,27.9714,17.064
11174.2,3475.38,0.31101,116.514,1562413.1,179.308,4158.07,41.0,31.0243,2.031
21998.6,7458.69,0.33905,251.459,3078461.0,336.971,5536.08,108.0,22.6048,6.8
4939.9,971.88,0.19674,41.5306,713048.6,57.2447,2186.3,80.0,42.7924,0.687
15539.4,4843.68,0.3117,198.971,2074979.5,239.054,5655.82,253.0,22.6581,2.239
8072.46,2843.34,0.35222,84.6009,1106802.9,156.882,3974.98,44.0,33.4128,19.99
13335.6,3186.54,0.23894,147.66,1875302.5,202.584,4799.64,23.0,29.1062,0.0
6111.37,1958.82,0.32052,58.6018,847281.7,89.3532,2682.53,42.0,46.5464,1.739
3903.58,1260.47,0.3229,36.1564,529150.1,51.285,1349.47,23.0,44.394,2.282
12357.4,3289.96,0.26623,126.942,1688560.4,154.2,3853.62,32.0,32.8861,16.462
4638.99,1171.83,0.2526,40.4741,652542.3,51.0882,2474.87,48.0,42.3281,12.551
5206.47,1640.99,0.31518,46.559,673093.56,69.246,2180.8,25.0,43.4389,8.502
9534.62,2896.65,0.3038,96.3029,1345825.6,126.195,3715.85,96.0,35.386,14.87
10338.8,2483.79,0.24023,112.304,1470837.2,132.641,4484.47,104.0,31.7118,16.506
3977.04,1594.33,0.40088,26.1914,544388.75,51.7183,1979.18,3.0,44.001,7.284
5431.43,1133.77,0.20874,53.8159,777097.75,67.5506,2850.27,58.0,40.1517,1.171
9272.0,3432.56,0.3702,100.373,1334479.4,122.746,3510.6,57.0,33.6015,11.653
16428.6,4040.56,0.24594,177.379,2317426.0,245.297,5084.33,99.0,25.9206,4.713
9774.35,3053.12,0.31236,99.742,1340905.9,132.824,3635.45,11.0,35.3612,2.44
8629.16,1928.73,0.22351,70.6202,1249439.8,114.633,4057.08,101.0,34.8833,1.035
6375.41,1273.35,0.19972,62.0028,894748.0,82.9375,2855.02,60.0,38.8887,16.422
4478.64,924.12,0.20633,36.376,620657.8,53.516,1792.56,33.0,44.2743,10.069
8531.84,3884.37,0.45527,80.7109,1214813.9,127.781,3375.46,43.0,36.4418,15.923
10630.3,3178.07,0.29896,126.92,1509892.5,158.82,4699.31,59.0,31.1698,2.891
9207.17,3025.2,0.32857,97.9894,1198194.1,139.162,3726.93,81.0,36.1909,16.516
6268.84,2180.53,0.34783,38.4629,853595.7,86.0831,2340.69,49.0,42.3896,14.958
10243.1,3671.71,0.35845,106.202,1401227.4,144.708,3941.45,33.0,32.4379,9.128
17638.6,3855.65,0.21859,218.681,2493451.2,258.619,5590.77,91.0,23.3996,2.009
9247.84,3140.26,0.33956,94.3388,1326827.1,128.555,3742.52,33.0,34.9518,4.925
5675.8,1973.91,0.34777,49.1158,797873.06,76.953,2546.3,24.0,41.9332,2.643
14293.5,4041.28,0.28273,161.803,2032394.9,249.181,5108.58,91.0,25.6214,4.919
3936.97,1565.08,0.39753,27.3698,541629.4,50.1332,2191.29,6.0,44.0536,12.689
13337.8,5221.85,0.3915,77.3759,1824901.2,212.954,11506.02,79.0,33.4363,16.119
8050.21,2651.45,0.32936,63.2637,1106358.2,125.095,3474.21,40.0,37.501,6.469
11126.6,2934.43,0.26373,115.75,1513046.5,174.643,3944.11,30.0,32.6025,3.105
9828.02,2206.54,0.22451,87.1576,1355166.4,120.468,4596.84,41.0,32.5594,9.883
4997.02,1154.43,0.23102,43.5243,702205.6,65.3082,2644.1,13.0,41.8782,3.541
9875.87,3573.57,0.36184,111.087,1343030.9,149.904,4356.93,42.0,33.4093,17.443
13112.3,4089.07,0.31184,132.526,1831603.1,192.601,4401.32,31.0,31.5079,3.142
6708.5,2624.27,0.39118,51.3127,934665.06,101.404,3366.36,31.0,42.9667,4.775
8133.47,2539.33,0.3122,57.8653,1176948.6,99.793,2947.52,11.0,38.2708,12.661
8764.35,2405.4,0.27445,99.2307,1231852.6,144.44,3600.68,31.0,32.3534,3.665
8917.77,2419.36,0.27129,72.7179,1251846.2,97.1801,3428.03,27.0,35.4286,13.489
5545.73,1629.91,0.2939,42.4156,803202.44,68.8773,2439.03,20.0,41.9973,2.292
8470.55,2159.4,0.25493,78.6646,1171421.8,97.6091,3982.48,56.0,36.04,14.359
20085.0,6247.54,0.31105,263.861,2725420.0,326.602,5829.21,316.0,20.079,3.753
14905.6,4759.68,0.31932,177.299,2074765.2,231.873,5076.01,224.0,28.6902,2.906
8423.27,2760.98,0.32778,82.0348,1190619.8,122.457,3831.19,90.0,34.555,6.202
15026.1,4906.7,0.32654,148.202,2052025.2,205.246,5360.19,103.0,27.9411,17.733
9248.06,3628.6,0.39236,85.2061,1253078.2,154.765,4598.88,111.0,37.7025,19.701
11993.7,4408.64,0.36757,113.387,1718028.1,179.966,4675.8,81.0,29.9864,3.781
14800.1,3745.3,0.25305,185.133,2081124.2,213.978,5693.13,66.0,23.0026,1.375
7520.33,2914.3,0.38752,60.6955,1072807.4,129.341,3290.1,23.0,34.0713,15.058
6896.55,1993.0,0.28898,60.9362,904796.4,91.9152,2716.01,37.0,38.4169,2.479
7990.89,2832.23,0.35443,62.6798,1063461.0,121.392,3219.48,44.0,36.6057,17.368
14380.8,3957.63,0.2752,180.115,2048847.8,206.68,5189.45,58.0,27.7883,13.057
18963.3,5846.64,0.30831,208.438,2611684.8,305.555,6055.0,231.0,20.1524,13.798
9811.7,4088.77,0.41672,85.2202,1359582.1,146.765,5394.62,49.0,35.887,18.119
8532.63,2889.73,0.33866,82.499,1164319.2,102.036,4073.9,29.0,35.9089,16.307
12591.3,4630.08,0.36772,128.035,1761805.8,193.362,4260.77,47.0,30.6512,2.484
5032.17,958.43,0.19046,44.6877,723519.25,59.0087,2186.27,81.0,42.8088,0.671
4454.21,517.98,0.11628,38.1733,606574.75,52.8046,2230.89,33.0,42.3728,12.706
6100.47,1417.75,0.2324,65.5011,814882.9,91.4746,3366.93,80.0,38.4131,1.719
8493.17,2259.52,0.26603,77.364,1191856.9,103.097,4249.61,63.0,34.3337,2.91
11973.6,3927.85,0.32804,109.989,1688968.2,166.591,4311.17,128.0,31.5964,14.218
5189.88,1122.02,0.21619,41.2772,698974.7,84.3399,2547.64,20.0,42.6583,9.571
10869.6,3072.78,0.28269,128.318,1527487.2,172.937,4314.39,61.0,32.0463,1.576
13876.7,3293.76,0.23735,183.273,1944423.5,204.626,4028.88,138.0,32.225,1.523
14196.8,4281.06,0.30155,126.351,2003055.8,189.486,4881.03,68.0,28.4483,10.758
8094.63,2322.33,0.28689,91.0809,1098307.5,120.751,3299.26,84.0,38.4296,1.703
7434.68,1710.12,0.23001,79.1471,1034327.75,89.1106,3882.81,49.0,35.3066,1.633
12731.1,3493.8,0.27443,164.327,1801397.6,202.579,4644.3,104.0,29.6276,2.696
10456.6,2931.22,0.28032,127.517,1419579.6,159.129,3610.73,32.0,34.7489,2.624
7500.34,1881.18,0.25081,53.0393,1052895.2,84.7827,3434.71,18.0,37.9835,13.408
11858.3,2015.55,0.16996,147.469,1668258.1,159.089,4619.31,157.0,29.8499,1.666
9894.59,2964.35,0.29959,91.9861,1397027.6,127.741,4142.53,106.0,33.506,4.825
4072.41,1631.26,0.40056,24.7627,557933.2,56.7903,1656.18,14.0,44.27,9.251
4770.9,2192.04,0.45946,38.9423,663726.6,63.2728,1462.93,43.0,44.06,10.03
7002.04,2194.96,0.31347,66.6592,951974.0,99.7794,3352.48,76.0,37.7723,16.585
9031.17,3399.68,0.37643,76.4628,1237636.0,134.936,3547.43,86.0,36.3612,12.409
8537.09,3169.26,0.37123,93.1854,1198925.8,125.174,3187.27,36.0,37.6132,4.113
5449.15,1177.85,0.21615,43.8115,759023.75,60.0048,2275.2,4.0,41.7653,8.889
9548.34,4337.0,0.45421,64.1384,1350543.9,139.037,3476.88,67.0,35.3794,17.965
5080.14,845.89,0.1665,54.8128,668210.6,56.3293,2698.52,57.0,38.664,4.54
13578.3,3542.89,0.26092,188.819,1857409.9,212.385,4557.58,170.0,29.2253,1.719
4707.34,1412.53,0.30006,46.7512,646989.4,59.1587,1833.5,16.0,43.032,3.017
15987.6,4748.12,0.29698,179.928,2247853.2,243.519,4653.32,40.0,31.4429,3.64
3822.62,1027.31,0.26874,35.3354,544486.3,40.5723,1768.76,12.0,41.1653,2.115
6851.95,2393.97,0.34938,72.9003,926738.6,94.7404,3279.27,45.0,39.1851,7.255
6884.03,1633.13,0.23723,54.2496,906451.8,89.4182,3447.47,44.0,40.1213,6.29
5820.77,1593.64,0.27378,64.0698,730753.75,91.1726,3121.66,20.0,39.3873,1.967
24268.6,7242.19,0.29841,277.783,3246540.2,332.217,6078.91,194.0,20.1763,20.234
12072.7,3644.6,0.30188,119.231,1648708.9,154.277,4748.44,120.0,28.3499,15.687
12664.7,3457.94,0.27303,154.901,1809128.0,183.673,4788.72,44.0,28.4534,1.949
17784.3,6410.13,0.36043,245.048,2430179.5,258.54,5604.01,122.0,23.0371,0.0
7898.07,2763.89,0.34994,80.9111,1094212.9,108.086,3672.33,36.0,36.7135,13.991
8002.84,2631.57,0.32882,83.2085,1166507.2,106.789,3425.5,34.0,34.7606,4.254
12862.3,3520.9,0.27373,132.23,1765589.1,175.328,4168.67,30.0,31.9383,4.858
16404.2,5381.37,0.32804,173.96,2327677.0,265.006,5704.17,196.0,27.5162,2.503
16924.6,5442.53,0.32157,205.773,2226017.5,272.639,6558.0,258.0,21.8519,2.967
10675.0,3284.47,0.30767,89.7906,1500197.2,153.776,4922.2,102.0,29.676,4.943
9037.66,1923.13,0.21279,78.454,1274983.2,109.897,4735.33,28.0,33.0088,1.764
6715.99,2305.68,0.34331,85.9102,916571.56,100.69,3520.55,33.0,37.7345,3.699
6948.93,2349.67,0.33813,62.6244,907251.06,110.032,2786.42,27.0,37.731,4.549
7250.01,2093.47,0.28875,93.1677,986460.56,95.0605,3463.22,28.0,37.6574,8.61
13661.2,4181.77,0.3061,157.621,1911665.6,237.158,4362.02,81.0,28.0814,1.656
3973.79,944.51,0.23768,34.0622,566323.7,44.0626,1778.97,12.0,44.4887,2.258
8737.76,2992.92,0.34252,87.1588,1174288.9,121.562,3733.92,49.0,38.7658,15.412
10347.0,2677.26,0.25874,100.262,1493494.6,163.447,3277.88,106.0,38.1691,16.281
7799.46,2003.21,0.25683,67.021,1130758.0,83.5842,2650.54,40.0,39.8622,4.805
8044.41,2696.47,0.33519,82.4292,1069758.2,120.736,3197.47,46.0,37.4708,1.137
11717.5,3648.29,0.31135,131.855,1614736.1,157.997,5050.3,80.0,25.7278,3.736
4982.22,1121.97,0.22519,47.0054,626409.06,61.1836,2214.81,20.0,42.7029,2.398
10736.8,2539.06,0.23648,132.583,1472526.9,156.314,4421.05,92.0,31.6973,2.68
7807.68,3086.55,0.39532,66.2111,999636.5,127.457,3025.63,79.0,39.4455,2.17
4044.76,1224.91,0.30283,34.5872,550491.4,49.4594,1395.99,32.0,44.3499,11.366
18158.8,5579.33,0.30725,182.775,2503466.5,261.089,5584.81,115.0,23.5597,8.552
7554.57,1991.22,0.26357,69.1247,1003733.2,92.8138,3982.42,13.0,34.8827,11.263
16340.9,4120.43,0.25215,225.574,2232603.2,271.715,4871.04,287.0,27.7294,3.928
4891.85,871.76,0.1782,45.765,707722.44,58.7913,2192.49,77.0,42.8801,0.614
18828.2,5266.73,0.27972,179.802,2678069.0,234.095,6000.35,61.0,21.9871,15.518
12185.0,3422.21,0.28085,105.613,1764843.0,138.947,5137.92,92.0,27.9607,17.038
11729.0,2867.75,0.2445,147.43,1653885.4,153.756,4166.21,108.0,32.458,5.061
14332.9,5899.14,0.41158,190.865,1911592.6,277.289,4952.14,83.0,26.8564,5.91
9946.88,2878.58,0.28939,101.149,1420542.4,131.92,3859.09,17.0,34.3238,13.602
4856.76,1561.28,0.32146,45.0855,681694.4,63.7056,1996.18,8.0,40.6235,4.424
12119.9,3180.97,0.26245,142.042,1731817.0,172.629,4675.44,28.0,29.2371,1.483
18358.5,5318.02,0.28967,264.312,2461816.5,307.273,5692.98,318.0,20.6509,2.909
15924.4,5780.55,0.36299,156.678,2209022.2,268.877,5744.24,130.0,24.1515,15.533
13213.2,3184.26,0.24099,134.568,1838252.5,169.476,4728.02,49.0,30.0032,6.091
8150.44,2679.46,0.32875,88.2195,1130738.0,132.828,4141.26,107.0,33.5865,15.354
9548.01,4099.79,0.42938,91.9986,1349315.4,138.001,4465.47,35.0,36.9894,12.112
4088.88,1212.35,0.29649,36.4161,557734.5,50.3342,1388.01,17.0,44.3791,1.771
9355.63,3701.91,0.39568,70.1597,1293759.0,147.338,5493.86,49.0,38.9979,17.848
12589.9,3524.68,0.27996,134.48,1777963.9,153.135,5022.53,63.0,33.7756,5.392
5280.36,927.06,0.17556,52.5402,726167.9,58.9943,3013.03,22.0,39.7888,3.55
7001.49,1737.96,0.24822,63.055,982590.8,89.7379,3297.28,11.0,38.9371,10.131
7400.46,1022.58,0.13817,65.0103,998576.8,95.5077,3336.05,76.0,38.0128,14.504
13737.2,4332.41,0.31537,160.703,1950207.0,210.515,4785.83,128.0,28.6723,5.596
20679.6,6054.02,0.29275,285.706,2806713.8,332.322,6581.49,288.0,18.762,2.156
7679.31,2141.92,0.27892,68.6227,1059355.4,93.0425,3443.09,37.0,36.7983,13.131
9554.0,3313.96,0.34686,121.564,1251574.2,185.565,4448.61,192.0,31.5547,2.399
12392.3,3409.53,0.27513,155.739,1728184.8,201.541,4804.17,56.0,28.5824,2.626
4798.15,1187.51,0.24749,50.4745,674881.94,83.5326,2678.7,47.0,42.5692,11.985
8953.48,3134.46,0.35008,70.6974,1204067.9,136.126,4880.52,69.0,32.4167,4.239
12709.4,2738.84,0.21549,150.572,1786806.1,180.055,4705.28,154.0,29.4542,1.548
12870.4,4543.08,0.35298,151.337,1800674.4,168.943,5250.36,38.0,27.7994,4.325
7688.03,2732.34,0.3554,61.7924,1033405.6,118.204,3777.63,59.0,36.0711,16.177
6145.79,896.12,0.14581,53.7414,841056.25,75.969,2850.58,42.0,39.6083,16.338
6313.34,2378.65,0.37676,59.9766,887115.8,93.4223,2825.44,49.0,39.9581,2.501
8694.85,3250.29,0.37381,73.6527,1228176.9,116.445,3887.39,24.0,37.6063,15.817
8918.11,2454.72,0.27525,89.2937,1245232.8,138.628,4073.18,160.0,32.903,1.378
6441.86,2327.01,0.36123,46.7254,902333.7,80.5954,2631.58,26.0,40.9493,9.453
5347.37,1295.78,0.24232,42.8991,756884.94,60.8401,2452.66,9.0,41.5473,3.23
3903.38,1081.63,0.2771,35.2828,554492.06,46.1822,1777.54,12.0,44.4694,1.859
6011.51,1944.51,0.32346,57.4692,823676.7,83.8471,3190.64,13.0,39.4006,8.027
11901.9,2483.11,0.20863,156.426,1616616.2,193.592,4881.74,142.0,29.3062,0.6
5181.85,1540.58,0.2973,46.1167,756381.0,69.4246,2492.75,44.0,42.3996,7.983
4049.61,1231.46,0.30409,34.2875,554708.56,50.5473,1383.68,32.0,44.4764,11.217
12269.8,3648.58,0.29736,134.342,1737851.9,181.241,4805.2,63.0,32.1406,4.317
9267.36,3101.13,0.33462,95.3873,1266005.8,122.912,3802.83,40.0,34.9325,2.513
13894.0,4939.41,0.3555,192.476,1893351.5,252.118,4603.33,48.0,29.3399,2.359
26691.3,9152.27,0.34289,214.222,3784682.8,444.056,11723.24,240.0,25.1028,6.203
7040.33,2288.56,0.32506,77.7892,965824.2,99.647,3717.93,27.0,35.8573,1.656
8949.67,2444.35,0.27312,56.7026,1244806.6,114.636,3083.44,34.0,40.3532,15.824
6594.02,2318.1,0.35154,70.9892,936869.2,104.696,3323.24,61.0,38.1362,12.419
9965.16,2930.19,0.29404,109.774,1367911.2,163.071,4203.29,72.0,32.949,0.841
6993.67,2476.35,0.35408,85.2564,940218.4,116.706,3206.46,63.0,35.4578,13.553
3936.38,1211.96,0.30788,35.7234,536177.75,49.752,1388.75,32.0,44.457,11.261
8727.17,2378.85,0.27257,94.1238,1222628.0,118.528,4717.89,40.0,33.0702,3.546
7929.27,2276.74,0.28713,64.9002,1069028.0,96.7206,3547.44,33.0,35.5779,12.26
14026.2,5043.74,0.35959,161.592,1938460.4,200.199,5017.75,84.0,27.4378,4.961
16688.6,4339.25,0.26001,184.362,2296020.5,219.247,4117.13,130.0,31.7841,2.518
7829.45,2620.47,0.33469,67.1463,1132577.1,99.135,3185.34,79.0,40.6935,16.954
15342.7,4875.03,0.31774,178.094,2146311.8,245.564,5477.93,157.0,23.9972,2.003
14967.8,4495.28,0.30033,207.206,1967874.4,244.798,5962.48,252.0,21.6657,2.772
15332.2,3083.04,0.20108,182.783,2156279.0,228.858,4940.37,73.0,27.253,3.146
13399.7,4876.39,0.36391,136.971,1824774.9,189.557,4686.2,112.0,29.1315,5.966
32240.2,11027.8,0.34205,292.681,4467324.5,417.181,6703.43,140.0,23.1797,20.604
7835.64,1993.4,0.2544,68.5657,1083617.1,110.645,3756.96,25.0,36.5477,1.686
6334.8,2287.93,0.36116,82.7623,758607.3,124.561,2103.57,90.0,41.3378,4.391
9882.77,2997.55,0.30331,111.022,1382416.9,164.799,4178.66,52.0,33.6145,4.107
13460.7,4125.19,0.30646,136.126,1862245.8,184.134,4523.59,71.0,29.6285,4.105
9657.63,1858.58,0.19244,101.973,1371701.0,132.318,4260.22,37.0,33.5849,0.922
9020.46,2124.75,0.23554,99.1787,1274960.8,143.872,3544.01,13.0,34.5269,0.846
5293.2,1998.42,0.37754,49.8143,734325.75,87.8412,2286.28,81.0,42.5742,13.094
5128.68,1454.35,0.28357,46.4847,704896.7,65.9805,1967.27,18.0,43.8703,12.647
5602.03,1095.33,0.19552,53.3124,760770.3,75.4954,2704.9,17.0,40.6298,1.054
14718.7,5046.88,0.34288,201.047,1922504.9,227.79,4366.92,111.0,30.2893,3.477
16180.2,3768.6,0.23291,207.409,2268059.2,261.319,5570.58,95.0,23.5486,2.153
15636.9,5593.07,0.35768,169.604,2252036.2,219.318,6749.56,139.0,26.3243,11.768
10246.7,2189.23,0.21365,100.215,1456559.2,134.896,4257.61,46.0,33.7168,1.085
10730.2,3391.79,0.31609,92.3381,1526028.1,133.007,4282.4,88.0,32.2133,6.773
6583.63,1780.18,0.27039,58.8059,920309.7,81.1039,2454.22,22.0,41.929,6.549
10968.3,3217.61,0.29335,95.5212,1454682.0,140.15,4708.09,37.0,33.4755,16.812
12960.8,3965.13,0.30593,122.433,1831861.6,168.205,6299.23,152.0,27.7007,19.839
10610.5,3834.52,0.36138,119.231,1450705.1,186.989,3799.23,29.0,33.344,3.711
13264.1,5494.44,0.41423,138.286,1863776.1,196.299,4623.71,41.0,30.2149,5.298
9084.09,3236.35,0.35626,118.126,1191996.4,189.166,4345.58,189.0,31.5205,2.509
13535.6,4629.37,0.34201,164.574,1877348.8,207.278,4753.66,74.0,28.7558,7.323
5719.96,1077.06,0.18829,56.1064,780103.1,75.2552,2365.93,29.0,41.2128,13.053
8762.25,2255.07,0.25736,100.231,1200287.2,119.035,3825.81,26.0,34.2397,2.203
6032.86,1767.75,0.29302,68.7032,842998.94,82.7963,3192.44,19.0,38.7253,9.351
15260.1,3916.36,0.25664,183.477,2150132.5,214.772,5713.6,63.0,23.093,1.555
5629.78,1397.89,0.2483,63.8593,708315.4,87.0002,3091.95,20.0,39.4553,2.152
12506.9,2912.93,0.2329,122.239,1701293.9,151.001,4093.98,238.0,31.9076,3.103
8100.35,2339.68,0.28883,70.7254,1100479.8,109.655,3687.87,95.0,35.8498,13.511
15704.1,5027.54,0.32014,210.427,2211022.0,243.84,5326.4,292.0,24.3329,1.594
7725.89,2859.45,0.37011,72.6212,1039413.56,114.618,3843.09,66.0,33.9883,8.332
12367.5,3986.49,0.32233,155.364,1709492.0,220.358,4687.11,123.0,28.6097,4.875
6787.49,2864.35,0.422,54.5606,931916.75,96.2531,2928.12,52.0,40.2272,13.072
6729.37,2336.91,0.34727,62.1293,863997.25,105.751,3312.68,5.0,40.2378,13.238
7038.73,2293.09,0.32578,70.7471,951757.8,114.905,3267.06,72.0,37.1997,4.017
14023.8,4882.16,0.34813,151.703,1970373.9,186.539,5204.93,44.0,27.3972,3.553
4742.83,935.79,0.1973,43.5253,679110.94,54.8541,2189.78,79.0,42.8075,0.661
21458.9,7069.47,0.32944,245.731,2983133.5,339.167,5602.67,96.0,23.0561,3.834
7282.92,1873.19,0.2572,83.5815,981604.4,122.539,3462.76,40.0,36.3967,1.899
19593.4,7830.39,0.39964,185.543,2687871.5,300.492,5821.47,143.0,22.9866,20.338
13836.0,4350.99,0.31446,219.213,1910841.1,251.11,5343.24,285.0,24.6892,1.61
8970.15,1870.43,0.20851,98.3727,1244694.5,134.503,3643.37,20.0,34.5736,1.534
12763.4,5326.53,0.41732,96.395,1830114.2,184.051,4748.76,53.0,33.9032,20.117
21742.3,7831.48,0.36019,142.048,2921649.0,357.865,24250.93,107.0,30.7853,2.441
13196.2,3886.02,0.29448,148.597,1819525.0,196.482,4988.55,76.0,27.5947,8.355
6313.24,1729.68,0.27397,60.1529,841530.06,85.1619,2395.98,40.0,39.4313,12.479
4138.52,1336.03,0.32282,35.8705,560828.94,50.4983,1428.66,31.0,44.127,11.308
5398.71,1398.57,0.25905,41.2338,729744.8,86.6546,3016.63,18.0,40.8834,12.691
7867.48,2420.53,0.30766,60.6567,1103972.1,97.4469,2927.87,17.0,37.9207,14.196
12698.5,5393.4,0.42472,125.297,1741293.9,208.36,5038.52,98.0,24.524,8.674
13134.5,4156.15,0.31643,213.906,1792312.9,262.227,4804.93,146.0,28.4235,19.01
6373.48,1300.33,0.20402,54.959,863629.44,75.3413,2554.78,23.0,40.4907,4.964
13736.8,3780.15,0.27518,194.679,1865646.5,212.411,4595.77,171.0,28.9273,2.778
6262.8,1741.0,0.27799,68.4727,887394.0,80.071,3118.65,11.0,38.964,2.097
4839.42,992.32,0.20504,47.3724,693586.4,54.4246,2201.67,80.0,38.9775,0.844
6034.69,1988.49,0.3295,85.654,842669.2,117.816,3400.06,83.0,35.3546,15.161
6688.24,1781.11,0.2663,57.2799,914711.56,79.1612,2610.01,43.0,39.1488,16.224
14785.3,5461.05,0.36935,135.84,2004724.2,232.209,5267.77,179.0,24.5491,1.745
5261.13,1347.79,0.25617,52.8544,672286.25,78.0599,3069.11,51.0,39.2329,5.88
8659.35,2260.3,0.26102,95.162,1178247.1,122.023,3218.99,72.0,38.7211,1.9
9204.06,3469.71,0.37697,62.4103,1287603.4,142.38,3839.55,59.0,35.8675,14.868
7645.77,1929.55,0.25236,70.9169,1051106.1,89.7442,3382.44,77.0,38.0992,13.069
4223.1,1261.64,0.29874,35.7428,575399.2,50.3502,1404.35,32.0,44.3941,11.583
9760.9,2364.63,0.24225,117.035,1342330.5,132.573,4158.85,126.0,32.8218,2.7
3893.93,1024.58,0.26312,35.3102,554163.44,48.823,1773.25,12.0,44.4199,2.065
6444.2,1656.12,0.25699,75.5604,842464.44,97.6349,3453.46,70.0,36.2747,2.055
8653.12,2105.07,0.24327,98.2849,1215909.9,126.367,3226.77,4.0,32.9,0.508
8920.37,3678.09,0.41232,103.796,1179752.0,153.583,3701.25,107.0,36.5173,16.832
7455.01,2601.85,0.349,90.2452,1042224.0,136.013,3841.16,132.0,36.1997,19.414
16663.5,6076.94,0.36468,135.628,2368785.8,239.679,6470.53,57.0,24.4705,8.858
4702.69,1414.87,0.30086,39.4372,660494.4,88.5111,2343.73,27.0,42.2527,10.704
12722.6,4646.01,0.36517,155.866,1765485.4,169.563,5174.05,34.0,26.5787,3.488
17817.5,7521.41,0.42213,197.163,2347849.2,322.693,5652.93,181.0,22.78,19.246
14572.5,4680.66,0.32119,208.54,2010221.9,255.405,5297.36,286.0,25.0802,3.547
13797.9,3491.52,0.25304,180.428,1875508.5,214.245,4924.82,101.0,27.4731,2.358
14462.0,4434.91,0.30665,171.145,2086267.5,264.157,4921.95,85.0,27.1719,3.287
8467.74,1596.82,0.18857,80.8815,1218327.2,97.6991,3925.02,9.0,34.87,1.317
7986.06,3189.18,0.39934,37.5397,1040202.94,125.918,3421.18,58.0,38.0129,14.77
8533.0,1698.22,0.19901,96.1832,1197220.9,119.238,3817.72,50.0,33.1984,2.943
11523.3,3205.43,0.27816,105.189,1546587.0,149.713,4944.35,67.0,30.3241,16.376
7886.99,2591.59,0.32859,86.0823,1090167.1,117.982,3066.95,26.0,37.6826,3.354
6983.98,1916.02,0.27434,62.9186,955429.75,80.9343,2910.01,38.0,37.9086,17.269
12619.5,5141.48,0.40742,78.6403,1694870.9,202.955,5768.05,65.0,28.9559,17.078
22896.5,6496.4,0.28372,330.488,3142748.0,428.201,6220.53,172.0,19.8164,1.576
21800.3,7648.51,0.35084,206.098,2986221.2,363.86,6762.81,245.0,17.5964,3.823
12900.8,3577.57,0.27731,160.987,1803018.6,197.646,4821.03,144.0,24.9662,14.859
3776.45,874.14,0.23147,34.512,536862.0,44.7842,1739.24,15.0,44.6005,2.498
5289.29,1641.45,0.31033,34.7818,729333.9,66.6729,1869.28,12.0,43.1748,9.357
9813.18,3262.87,0.33249,84.2364,1393554.8,127.356,3778.62,46.0,34.348,15.264
9799.62,3528.3,0.36004,89.2735,1371069.8,140.839,3562.34,39.0,35.775,13.878
7648.17,1802.32,0.23565,69.7087,997598.6,91.6173,3317.5,18.0,38.3069,11.312
6395.7,2342.71,0.36629,80.1922,869906.75,92.917,3215.39,58.0,38.7275,1.284
23938.9,8529.16,0.35628,303.925,3365110.2,425.373,6736.64,145.0,19.1877,6.202
5417.52,1960.36,0.36185,45.999,792326.7,68.2801,2594.36,35.0,42.1734,5.739
15217.0,3680.58,0.24187,204.491,2098963.0,262.015,4989.37,143.0,25.0658,2.954
4009.37,1068.45,0.26648,33.6545,574113.3,47.0027,1769.09,12.0,44.3267,1.98
11229.6,3708.88,0.33027,104.458,1589193.4,123.31,4269.69,60.0,36.2251,18.324
7681.49,2130.54,0.27736,70.9157,1072099.9,106.073,3366.58,24.0,37.1291,12.521
5898.49,1523.8,0.25833,50.8059,774945.8,93.7484,3637.52,20.0,39.8296,1.83
7890.99,1471.58,0.18648,80.2145,1108951.5,102.328,3761.31,14.0,34.3224,1.805
7419.1,2490.09,0.33563,73.5947,1021248.7,100.053,3241.64,15.0,38.1018,2.842
6210.83,863.11,0.13896,56.9115,866892.5,78.3314,2620.7,48.0,39.7503,6.997
7170.72,1601.21,0.22329,67.1535,973417.75,98.2913,3604.36,24.0,46.5464,1.546
13914.2,3701.83,0.26604,161.743,1968129.0,207.226,5022.51,198.0,27.4943,2.166
9007.44,2715.98,0.30152,99.7355,1252590.0,109.077,3398.73,34.0,35.9634,8.653
13981.5,3066.14,0.21929,168.455,1979569.2,222.535,4799.26,91.0,27.8132,3.804
9586.04,2850.96,0.2974,92.7798,1311273.0,103.483,4096.67,23.0,32.5728,16.599
14064.7,4909.06,0.34903,164.401,1961005.2,219.289,4969.54,71.0,27.9872,3.086
7879.41,3253.27,0.41288,46.3385,1057809.6,114.017,3184.11,41.0,37.6635,15.063
7416.19,2475.36,0.33377,61.7772,1030863.25,100.906,2875.65,25.0,37.9306,13.376
5912.77,1401.8,0.23708,68.6271,827726.2,69.7065,2845.87,76.0,39.4049,15.768
5176.49,2133.98,0.41224,34.8632,732484.9,69.2823,2449.09,38.0,43.5615,3.259
7111.35,1579.75,0.22214,66.6124,1006405.9,91.4982,3249.54,67.0,37.989,7.644
11515.3,4353.43,0.37805,93.054,1595118.1,166.245,4014.45,24.0,34.6441,18.887
10080.4,2329.49,0.23109,95.2091,1410070.1,114.98,3903.99,155.0,36.6548,7.462
6337.95,2409.73,0.3802,62.185,907448.7,96.1323,3321.73,61.0,39.1867,6.363
5779.34,1727.98,0.29899,70.372,810179.75,85.0545,3042.09,34.0,40.2369,1.594
4801.35,1377.37,0.28687,35.3494,665253.8,58.4149,2043.91,57.0,43.2899,12.07
7301.14,2376.4,0.32548,56.6011,968670.8,125.149,4452.43,27.0,34.8445,12.605
14439.9,6664.37,0.46152,161.672,1995348.1,252.705,5609.69,177.0,24.8632,20.674
6592.76,2524.97,0.38299,80.1624,902346.25,100.715,3239.34,64.0,38.6266,1.532
16393.2,7067.85,0.43114,242.601,2215952.2,331.072,4649.22,271.0,28.3833,19.002
9289.33,2940.67,0.31656,100.737,1285995.1,130.084,3611.66,20.0,35.3066,2.887
15179.8,4269.24,0.28124,174.253,2222629.5,242.053,4910.08,190.0,26.3026,17.745
4183.34,1342.69,0.32096,36.2939,572443.6,52.1729,1444.59,16.0,44.1655,1.602
9648.12,3609.84,0.37414,69.9805,1399909.8,131.526,4132.7,74.0,38.6319,20.851
5133.72,1934.15,0.37675,49.1494,712659.25,73.5158,2164.65,19.0,42.8636,3.347
8090.85,1875.17,0.23176,78.2385,1121174.0,96.299,3890.2,42.0,35.2617,1.615
7058.02,2694.2,0.38172,58.1097,1013513.7,105.799,3298.49,21.0,38.0142,11.687
7644.26,2378.51,0.31114,75.9252,1022567.8,99.9971,3643.47,43.0,37.0168,14.259
8718.59,1952.83,0.22398,80.4134,1259391.6,109.236,3926.94,9.0,34.917,1.329
15900.1,4338.53,0.27286,191.703,2241615.2,217.14,5736.45,66.0,22.7628,1.378
10443.1,2182.48,0.20898,127.217,1426842.8,167.571,3889.08,71.0,33.2468,1.63
8203.5,2211.44,0.26957,91.1126,1127030.9,114.467,3963.56,104.0,34.7114,4.49
8643.02,2224.4,0.25736,89.8062,1209410.2,113.643,3736.57,83.0,35.1582,16.623
11033.1,2544.4,0.23061,156.0,1556975.0,179.742,4678.47,55.0,29.4853,1.262
11081.0,2037.77,0.18389,100.816,1547930.2,114.991,4943.68,54.0,29.8368,14.563
9788.8,4282.32,0.43747,129.665,1316883.9,206.461,4151.73,140.0,33.6034,14.009
5921.97,1572.37,0.26551,45.7742,848658.44,60.3392,2551.5,21.0,41.5034,2.938
7009.73,1956.39,0.27909,66.3511,987641.75,93.4632,3589.1,34.0,37.6901,1.889
13841.7,3884.89,0.28066,156.304,1937248.4,236.174,4448.61,82.0,29.7848,1.512
13228.8,3829.22,0.28946,167.303,1850310.9,234.877,4422.04,83.0,30.8592,1.654
9751.37,2207.59,0.22638,95.6893,1316238.8,128.15,3613.5,14.0,35.9306,13.207
9119.81,3279.53,0.3596,86.5984,1320335.6,136.381,3845.12,30.0,36.9101,2.936
12618.5,3797.93,0.30098,106.638,1809128.5,154.265,5743.11,87.0,31.4162,16.392
5631.23,2035.33,0.36143,40.6444,773066.8,80.2995,1674.66,7.0,42.4206,10.768
10711.1,3924.8,0.36642,95.342,1489699.6,166.085,5430.98,50.0,32.5846,1.898
8848.9,2055.64,0.2323,84.8818,1256631.5,109.227,4623.33,29.0,33.3932,1.805
13289.6,3647.85,0.27448,112.482,1900074.5,177.741,4355.44,132.0,33.8767,18.072
6216.78,2019.43,0.32483,60.2958,822000.9,96.4885,2733.49,37.0,40.7079,4.427
13981.0,4468.94,0.31964,152.672,1933045.5,219.171,4589.61,112.0,30.3849,20.975
6457.6,1578.59,0.24445,55.4602,904902.4,77.7615,3186.87,52.0,37.2366,14.741
11292.4,3017.78,0.26723,134.173,1597331.9,143.639,4312.8,115.0,32.3677,5.184
9464.7,3697.2,0.39063,132.267,1275996.2,194.713,4308.74,177.0,30.5987,3.131
9404.44,2867.88,0.30494,98.0864,1350118.6,153.116,4310.5,132.0,33.9094,13.852
10677.3,3695.14,0.34607,85.932,1500202.6,145.481,4944.81,52.0,31.8308,16.733
10211.7,3423.29,0.33523,107.64,1453839.0,149.713,3857.71,67.0,34.8231,3.242
9098.45,2900.04,0.31874,79.8297,1310481.0,105.409,3477.26,33.0,38.2878,6.776
10674.5,3695.78,0.34622,75.3989,1433548.9,159.027,4042.36,63.0,33.9052,15.757
11371.5,3283.53,0.28875,140.318,1558549.4,198.669,4512.05,137.0,29.4568,12.43
8482.31,1970.72,0.23233,96.8388,1147478.8,123.347,3420.05,16.0,37.1543,1.174
15243.2,6000.51,0.39365,173.164,2128620.0,269.058,5670.4,170.0,25.757,20.281
10232.1,3191.64,0.31192,123.624,1372558.4,167.959,4020.84,37.0,33.5827,1.486
7328.65,2409.65,0.32879,52.7852,993869.06,103.358,2653.35,34.0,39.0312,11.133
8453.77,3237.52,0.38296,74.4796,1165656.1,134.251,3852.23,74.0,35.0456,18.271
7000.05,2027.38,0.28962,68.7292,981163.3,88.6051,3609.79,34.0,32.9722,2.012
6214.18,1407.32,0.22646,55.206,834726.8,79.9992,2443.6,33.0,41.2417,4.107
9031.29,1917.45,0.21231,85.1436,1257448.6,117.397,3887.13,11.0,34.3047,2.182
7797.13,2162.83,0.27738,86.0277,1084245.0,112.556,3049.92,21.0,37.7029,1.138
12131.0,3841.8,0.31669,93.9659,1676709.2,165.077,5385.49,105.0,32.9315,17.669
5933.77,857.14,0.14445,48.9394,840017.56,72.1997,2718.24,1.0,42.415,0.809
7371.6,1956.15,0.26536,67.7702,1011369.75,103.483,3729.6,23.0,36.6295,1.964
9530.0,2825.44,0.29647,105.348,1309563.5,161.333,4131.26,73.0,32.8206,0.921
7247.62,3316.85,0.45764,54.8407,1003212.9,105.715,3054.69,34.0,39.0255,13.1
9852.7,3346.99,0.3397,88.0592,1407291.9,143.059,3773.79,16.0,36.5383,3.322
4909.39,1362.36,0.2775,44.3356,680163.75,58.89,1903.84,14.0,43.7281,3.332
7383.18,2610.09,0.35351,73.9246,991543.9,112.41,3641.14,44.0,36.3373,11.653
11518.2,3628.13,0.31499,148.532,1624197.1,165.491,5107.63,43.0,27.6203,3.313
6997.36,1786.64,0.25533,63.0201,988593.1,94.0579,3041.98,61.0,39.3271,15.079
4171.19,1278.3,0.30645,35.1181,574450.75,51.9648,1384.12,32.0,44.4927,11.428
9515.74,3222.78,0.33867,114.849,1313013.1,151.301,4453.23,150.0,31.1568,8.797
14045.1,3598.32,0.25619,192.081,1908582.5,216.544,4627.96,176.0,28.8358,1.864
14311.8,3081.9,0.21533,177.671,2021078.6,198.789,4096.78,146.0,31.9089,1.318
4641.61,1123.89,0.24213,37.4866,651868.6,53.8944,2529.08,47.0,41.0381,8.462
8313.82,1550.97,0.18655,76.308,1167120.5,101.807,3760.03,12.0,34.3131,1.894
9884.62,2922.59,0.29567,103.311,1361954.5,109.0,3513.72,48.0,36.6066,14.221
17265.0,4319.79,0.2502,210.86,2399165.2,247.27,5190.66,122.0,26.6403,2.41
12599.6,4319.03,0.34279,111.572,1815384.4,162.853,4754.0,107.0,30.8481,19.99
5008.94,987.79,0.1972,46.9751,631774.0,66.789,1959.64,36.0,43.4328,5.175
9433.37,2763.79,0.29298,99.2176,1290732.0,142.612,3587.26,117.0,34.2007,1.648
9064.73,3236.94,0.35709,81.4547,1243176.2,123.146,3923.57,39.0,37.381,14.656
18874.2,7182.17,0.38052,202.957,2623631.5,305.122,5599.04,147.0,23.8085,19.635
6546.1,1387.62,0.21197,75.8203,893000.9,85.8156,3173.48,36.0,38.467,7.184
10235.6,3276.27,0.32008,107.523,1437776.2,159.408,3848.9,40.0,33.384,3.063
15772.4,5412.38,0.34315,154.284,2255304.0,233.013,5790.42,164.0,24.2688,11.002
8631.68,2607.83,0.30212,83.9794,1238413.9,118.381,3979.72,39.0,34.9384,3.005
6188.81,1612.94,0.26062,59.0027,840526.75,75.9856,2560.45,44.0,39.7077,10.94
8115.25,2605.11,0.32101,72.548,1145090.6,124.583,3584.22,62.0,36.7013,15.858
14938.3,5039.6,0.33736,181.351,2086297.9,261.232,5403.68,152.0,24.921,1.367
6170.61,1797.95,0.29137,67.0373,884388.06,79.7929,3085.05,9.0,38.8608,2.108
5556.28,1333.34,0.23996,47.109,789039.6,67.6916,3086.95,58.0,37.2883,1.325
7617.54,1981.82,0.26016,71.2819,1047713.8,92.1768,3343.58,61.0,38.166,13.838
6035.64,2268.26,0.37581,64.6146,817455.44,98.2064,3127.25,60.0,39.6496,13.924
8497.26,2843.51,0.33463,65.6733,1195129.5,120.028,3641.05,11.0,37.3893,14.094
4778.39,1032.05,0.21598,42.8858,687702.2,64.7896,2432.56,38.0,42.6741,8.622
10376.2,2613.88,0.25191,127.337,1434676.1,160.093,4635.26,73.0,30.0027,1.688
6224.78,2458.22,0.3949,64.3247,807587.1,102.157,3221.96,5.0,37.1433,16.872
12130.0,3570.9,0.29438,157.233,1683797.1,183.548,4422.97,26.0,30.9675,2.685
9574.44,3740.07,0.39063,130.698,1251467.1,192.336,4412.51,172.0,31.1047,2.744
4691.57,1584.32,0.33769,39.1169,628005.6,61.8571,1603.69,14.0,43.7864,12.069
9401.68,3778.28,0.40187,98.9385,1336585.4,133.588,3443.34,27.0,35.1825,11.73
15909.6,5449.58,0.34253,185.373,2215167.0,255.981,6673.63,202.0,28.1935,2.449
7769.13,1746.0,0.22473,84.1874,1098008.8,123.108,3598.71,96.0,38.2429,18.546
13734.9,2896.41,0.21087,148.639,1876076.2,178.65,3943.69,122.0,32.6079,20.071
8702.26,2423.82,0.27852,93.6271,1187972.8,157.774,4030.96,78.0,33.3171,0.765
4938.5,1784.16,0.36127,39.035,687417.8,62.3797,2168.1,53.0,42.9995,10.836
12517.8,3915.05,0.31275,168.729,1755313.2,214.246,4717.3,118.0,29.1713,4.361
14175.8,5308.42,0.37447,178.407,1994070.8,246.964,4447.59,40.0,26.8066,2.064
4007.73,1000.26,0.24958,33.2466,568968.5,46.0945,1799.27,12.0,44.4509,1.945
9400.01,3341.2,0.35544,81.8566,1290255.5,137.969,4133.1,31.0,34.1761,13.469
8382.29,2496.13,0.29778,93.9089,1147097.8,148.6,3255.47,10.0,36.0893,1.888
7004.16,2205.36,0.31486,94.1803,938148.9,112.46,4138.73,88.0,34.1332,3.948
12201.0,4247.57,0.34813,126.479,1729669.6,186.013,4164.49,62.0,29.747,5.64
7448.67,1995.36,0.26788,82.386,1046528.56,105.716,3863.93,32.0,36.1318,1.396
8829.6,3775.58,0.4276,84.2875,1236294.6,134.306,3606.73,108.0,35.5676,3.792
13164.6,3307.36,0.25123,187.568,1802297.2,207.192,4564.7,172.0,28.8032,1.905
10836.6,3855.0,0.35573,90.4615,1500585.8,148.413,4552.47,98.0,31.2988,14.14
6775.54,2192.25,0.32355,65.8399,888122.9,96.7915,3574.02,67.0,38.1176,4.223
7276.63,2274.62,0.31259,81.5706,1003617.06,140.821,3524.97,81.0,38.3862,12.085
6632.25,2248.93,0.33909,58.0717,956934.56,94.395,3407.01,56.0,38.8879,14.374
9618.6,3189.58,0.3316,90.2879,1374114.4,135.412,4024.94,104.0,33.5722,5.016
12269.6,3435.47,0.27999,100.886,1718126.2,167.7,5131.7,45.0,29.2332,3.327
14566.7,5532.15,0.37978,199.184,1896347.8,247.028,5114.26,84.0,23.3187,6.63
7079.97,1727.81,0.24404,69.177,991394.94,87.6935,3506.92,27.0,36.2342,6.203
7275.22,1741.48,0.23937,64.3738,1001768.4,88.6889,3528.07,49.0,37.4419,15.128
9784.66,2918.43,0.29826,114.878,1359865.9,160.342,4322.0,66.0,33.1532,3.334
8419.96,2597.5,0.30849,89.8791,1198455.5,104.017,4009.9,21.0,36.056,1.525
7021.37,2736.7,0.38976,67.0207,965010.75,108.149,3435.18,46.0,36.059,18.111
4436.75,1332.24,0.30027,34.2642,627852.75,49.2097,2144.45,50.0,44.2938,7.485
14272.5,3943.38,0.27629,189.609,1928138.8,217.19,4642.72,181.0,28.6161,1.918
7223.25,1355.25,0.18762,85.4425,961327.44,104.188,3415.16,35.0,36.5761,3.251
8230.47,2103.78,0.2556,92.6558,1162948.2,107.685,3580.44,91.0,36.8855,2.133
7993.19,2599.41,0.3252,69.6622,1108772.6,104.003,3317.3,55.0,38.2572,13.103
8263.37,2486.44,0.30089,64.3639,1212864.6,107.1,2614.96,81.0,39.6995,15.092
12343.0,4124.83,0.33418,106.244,1768476.2,177.153,4513.85,123.0,31.5577,18.797
7697.23,1836.09,0.23853,85.3177,1091914.2,112.231,3416.25,40.0,33.5428,3.141
8865.81,2446.3,0.27592,92.6926,1220299.4,124.717,4516.5,122.0,34.2798,17.461
5137.28,970.5,0.18891,42.2856,704523.56,65.6968,2633.06,43.0,42.1572,11.98
8001.75,1597.81,0.19968,69.472,1107630.0,97.4973,3542.53,22.0,37.6253,3.788
16930.4,5397.26,0.31879,200.259,2281299.5,273.411,5386.72,206.0,24.4894,2.167
6933.53,1967.53,0.28377,53.2426,960220.75,81.5098,3443.33,49.0,37.2573,10.673
7359.18,2568.15,0.34897,57.7304,1053575.6,101.436,3201.68,86.0,39.7939,12.584
10048.7,2453.13,0.24412,102.72,1403410.4,126.149,4117.72,53.0,34.4044,4.474
7858.42,2010.3,0.25581,84.0451,1114698.0,108.745,3850.78,43.0,33.3802,1.961
6080.98,800.57,0.13165,49.4944,868562.2,71.0685,2562.58,46.0,41.3656,12.352
19251.2,5719.6,0.2971,253.391,2610589.2,314.588,5762.57,322.0,21.1737,2.61
12994.0,3785.49,0.29132,166.398,1800339.8,202.037,4841.8,69.0,28.2376,3.297
16100.0,5709.73,0.35464,185.068,2205605.2,260.21,4982.69,99.0,28.6247,12.424
9479.56,2690.29,0.28379,103.552,1316255.1,151.317,3807.52,18.0,33.7806,1.614
6203.34,2672.96,0.43089,55.673,882966.0,88.5302,2720.33,30.0,40.4059,12.453
9536.02,2695.41,0.28265,87.5932,1306952.0,131.953,3790.23,36.0,34.6715,1.854
9072.65,3972.73,0.43787,50.6379,1267268.8,158.317,4520.32,54.0,35.3823,16.465
14180.6,3705.47,0.2613,190.993,1940209.5,211.974,4585.32,176.0,28.8192,1.82
17786.0,6412.84,0.36055,156.973,2585469.0,269.632,10330.09,132.0,22.8612,12.676
9741.31,3210.64,0.32959,94.9572,1378747.9,153.908,3857.37,32.0,34.92,5.499
6513.44,1983.34,0.30449,61.3372,875441.56,95.1397,3075.98,19.0,40.3719,1.228
9627.8,4062.35,0.42193,75.0315,1313263.9,150.815,6616.93,44.0,35.8843,9.793
14358.4,3343.79,0.23288,180.683,1988593.4,221.921,4577.57,167.0,31.0688,20.294
7831.18,1891.48,0.24153,68.2341,1079327.4,97.6795,3343.69,32.0,37.759,6.035
5211.46,1129.59,0.21675,41.8364,703638.94,74.1704,2535.03,29.0,40.1177,14.359
6821.05,2932.77,0.42995,56.0807,989406.06,103.263,3587.23,83.0,34.8493,17.089
5256.23,2231.32,0.4245,50.0258,730740.94,77.6982,2236.49,24.0,42.9721,2.265
14395.8,3314.11,0.23021,203.069,2011620.0,237.446,4944.82,119.0,26.9409,2.424
7554.17,1903.4,0.25196,86.4296,1057760.2,107.823,3865.19,20.0,34.9188,1.698
8817.65,2130.12,0.24157,65.8262,1291512.5,94.1654,3037.18,36.0,38.9395,9.217
14413.7,4075.99,0.28278,141.542,2001739.0,178.95,4640.13,53.0,29.9141,3.319
6902.59,1593.07,0.23079,96.8011,956098.75,88.5974,2997.75,20.0,38.2608,5.519
6985.8,1969.62,0.28194,63.2541,984709.44,100.203,3070.56,17.0,40.1643,17.207
9051.93,3706.94,0.40951,59.8829,1301863.9,138.578,3107.13,55.0,39.3274,15.241
11515.9,3831.01,0.33267,115.997,1602185.6,171.833,4627.32,123.0,32.0336,5.598
6611.6,1667.55,0.25221,74.5952,867947.9,100.488,3429.54,77.0,37.9298,1.335
5114.83,1390.42,0.27184,58.0261,685236.4,82.466,2725.38,48.0,41.6281,12.052
7978.61,3001.65,0.37621,59.0816,1134099.5,116.148,3068.77,64.0,38.9254,12.092
14262.2,5028.82,0.35259,150.838,2036194.2,234.799,5750.82,66.0,24.7148,2.492
3885.53,1161.02,0.2988,35.3088,533483.6,57.2364,1967.59,43.0,43.3914,2.517
9083.39,3122.42,0.34375,95.8516,1228101.2,129.18,3360.55,85.0,38.0564,2.285
10031.2,2742.14,0.27336,99.6788,1381205.2,122.542,3541.89,31.0,36.1157,4.346
9224.61,3380.26,0.36643,79.5171,1254603.5,128.14,3886.33,108.0,38.4478,4.835
9929.69,3147.58,0.31698,95.3583,1382008.1,126.099,3685.12,21.0,34.7537,10.056
16282.0,4133.91,0.25389,221.951,2229321.8,261.953,4791.93,269.0,27.7988,5.559
6489.14,2021.49,0.31151,59.6817,893620.3,83.9002,3308.23,35.0,38.3256,4.84
15987.5,8011.48,0.5011,176.388,2209759.2,287.64,5345.12,159.0,25.4747,20.219
13631.6,5025.46,0.36866,153.28,1882252.8,204.931,5004.72,76.0,27.67,5.738
8396.95,2266.58,0.26992,95.1767,1173940.8,110.158,3595.15,88.0,36.8744,2.18
18403.6,4882.31,0.26529,245.571,2559338.2,294.557,5457.64,215.0,25.6038,5.546
9769.27,3620.64,0.37061,102.087,1420972.8,183.118,4176.62,94.0,23.7406,18.676
6456.71,1479.23,0.22909,66.4182,865210.9,97.5532,3430.03,76.0,37.5186,1.41
8730.14,3598.48,0.41219,77.2151,1227357.8,121.681,3836.84,40.0,34.6743,17.239
9379.06,2959.2,0.31551,93.7816,1278413.8,139.039,3337.1,60.0,36.8655,15.91
8103.53,3030.08,0.37392,68.3599,1089523.1,130.615,4026.7,64.0,34.8547,12.911
7093.18,2925.36,0.41241,70.7048,1014820.4,114.312,2855.52,81.0,39.3335,14.42
7234.26,3149.8,0.4354,63.852,1033323.75,105.703,2495.18,69.0,40.1644,11.094
9189.01,2591.19,0.28198,98.3016,1261175.1,118.225,3894.49,29.0,34.0652,3.555
4899.0,2180.73,0.44513,38.1155,678465.25,68.2775,1485.28,46.0,43.8729,8.666
3377.29,1407.38,0.41671,10.3101,459482.72,43.867,1465.72,32.0,43.8488,3.8
8789.88,2838.61,0.32294,99.5304,1204449.1,107.373,3420.87,36.0,37.7135,14.671
14503.5,4479.26,0.30883,204.962,2005197.1,255.92,5282.47,285.0,24.7036,2.013
9534.87,2408.29,0.25257,77.0124,1369899.9,116.949,4653.62,92.0,32.3665,1.738
18259.0,5868.21,0.32138,166.431,2517231.0,245.329,5251.15,103.0,27.5,16.211
4337.65,1484.6,0.34225,34.9934,595609.25,54.3569,1437.52,19.0,44.2087,1.665
8291.48,2736.49,0.33003,82.1527,1120147.9,124.501,4280.67,11.0,35.0679,13.436
15519.5,4794.93,0.30896,171.003,2149695.5,259.48,5287.86,110.0,27.9537,4.077
5012.08,937.31,0.18701,42.2486,721549.0,59.236,2180.67,80.0,42.8322,0.724
14268.4,4618.36,0.32367,151.371,2018154.0,243.433,4684.95,70.0,28.7264,3.56
5593.37,1788.28,0.31971,54.4312,770923.75,77.1766,3050.04,12.0,40.0511,9.177
12026.5,3408.79,0.28343,145.523,1680548.8,154.554,4778.89,29.0,25.5926,12.198
7147.59,1871.04,0.26177,74.8367,960526.9,97.2701,3611.72,85.0,36.3561,11.893
10807.5,2785.16,0.2577,111.667,1526496.4,154.779,4357.99,66.0,32.9155,4.788
11970.1,4546.49,0.37982,103.671,1744652.5,181.106,4730.9,64.0,30.0669,2.733
16849.2,5548.82,0.32932,194.804,2355171.2,242.013,5056.3,139.0,27.3673,14.952
10556.2,4153.31,0.39344,92.5317,1498738.1,131.243,4107.27,38.0,33.6699,15.772
8353.83,3178.78,0.38051,87.9682,1193473.9,122.906,3755.24,73.0,36.9439,8.228
4600.29,1635.86,0.35559,40.8847,631169.56,74.5396,1486.63,20.0,43.7902,12.336
9650.53,3399.06,0.35221,69.2843,1347816.8,142.746,5014.86,40.0,31.6977,20.395
9503.66,2245.21,0.23624,100.425,1338712.6,123.66,3578.28,125.0,34.5843,3.076
12709.8,4462.39,0.35109,138.065,1795589.6,192.86,4390.6,53.0,29.0179,5.318
4795.5,1543.32,0.32182,46.8649,678647.7,73.2805,2508.4,46.0,42.2182,6.756
13936.3,4222.2,0.30296,141.022,2007478.1,170.073,5145.92,65.0,26.7525,11.677
17011.3,5721.75,0.33634,159.951,2396854.5,233.289,5681.55,86.0,24.7808,7.033
7600.75,2724.08,0.35839,72.6395,1041608.56,104.958,3212.82,16.0,38.2178,2.732
7057.99,2913.66,0.41281,64.4603,1020517.75,102.556,2511.65,71.0,39.909,11.753
14109.5,4575.91,0.32431,219.833,1952781.1,249.883,5341.69,283.0,24.5682,1.509
12011.9,3260.83,0.27146,148.787,1615051.5,161.764,4515.74,59.0,30.965,2.346
20734.4,7997.71,0.38572,189.396,2876946.0,356.061,14427.01,145.0,26.8775,3.76
9501.9,2638.76,0.2777,103.437,1300618.1,160.038,4137.49,75.0,33.1753,0.782
11935.2,4135.35,0.34648,111.052,1682734.8,164.45,4223.25,137.0,32.2144,17.864
8191.35,2352.04,0.28713,90.4889,1106659.6,111.077,3383.07,37.0,35.921,13.521
14822.5,4862.83,0.32807,196.244,1968268.4,245.092,5061.31,191.0,26.6589,2.786
6742.02,2712.23,0.40228,52.9667,957579.2,94.336,2722.29,84.0,40.0327,13.747
18453.5,5727.87,0.31039,222.688,2533829.8,330.121,5189.52,125.0,25.1137,6.746
8306.28,2569.94,0.30939,66.2457,1158446.5,107.903,3321.95,37.0,36.0842,4.505
10905.3,3308.18,0.30335,107.601,1523290.0,150.722,4760.82,93.0,33.0549,17.867
7293.54,2961.0,0.40597,66.0202,1043935.44,97.1452,2730.85,72.0,38.8036,18.687
6219.27,3002.07,0.4827,87.3067,757099.4,126.407,2112.89,106.0,41.2822,4.944
5399.09,1232.98,0.22836,50.4101,764083.7,72.3236,2729.28,53.0,46.5464,0.0
8924.16,2189.46,0.24534,95.2427,1259072.6,139.685,3488.23,34.0,34.9279,1.235
6742.5,2066.08,0.30642,66.0983,905047.56,89.1697,3227.69,29.0,38.6197,9.863
5659.69,2124.8,0.37542,51.0574,791731.9,78.4142,2489.19,38.0,43.0366,2.066
14517.7,4258.63,0.29334,212.186,1919926.2,241.02,5640.92,251.0,23.3169,3.137
10774.7,2715.48,0.25202,143.834,1502718.9,167.253,4662.75,168.0,28.765,0.892
12232.8,4312.04,0.35249,151.853,1726039.5,206.121,5584.74,79.0,25.5387,1.84
4360.13,764.03,0.17523,40.9535,577084.44,66.375,2566.61,11.0,43.385,2.212
11839.6,2384.54,0.2014,147.551,1652746.9,173.816,4656.98,148.0,29.4419,1.796
7697.7,3511.94,0.45623,58.7811,1096555.9,119.723,2742.4,57.0,40.3195,13.31
4422.29,785.86,0.1777,38.5813,585700.44,63.407,2559.14,11.0,43.4901,2.036
4795.75,1498.98,0.31256,30.5379,651157.5,76.4371,1995.81,18.0,43.0658,14.494
8670.41,2505.12,0.28892,71.2823,1250495.4,96.1298,3660.37,54.0,38.9776,17.627
9307.65,2952.8,0.31724,69.1771,1350881.1,112.278,3863.75,56.0,35.4106,18.288
14106.3,4960.08,0.35162,121.234,2015399.0,223.153,5058.39,145.0,27.0554,19.343
13234.4,3663.91,0.27684,182.033,1897802.1,249.798,4800.53,81.0,27.7808,2.998
8878.5,2918.64,0.32873,61.7553,1269006.1,113.774,4297.4,33.0,38.6616,12.842
8998.73,3274.19,0.36385,70.3815,1256792.6,122.494,3569.05,51.0,37.1761,12.39
7405.51,2156.21,0.29116,62.7696,1017094.75,101.813,3088.98,41.0,37.6572,4.282
12882.4,3843.29,0.29833,105.309,1802916.6,170.484,4263.46,92.0,32.1331,13.179
5166.37,1714.59,0.33187,49.6368,759598.25,79.0881,2197.96,62.0,43.0806,4.665
16606.0,6077.96,0.366,171.851,2294302.8,262.52,5543.92,78.0,23.4659,8.384
6062.76,1636.36,0.2699,65.4945,760584.8,96.5637,3118.61,18.0,39.3839,2.299
12756.7,4891.96,0.38348,155.297,1762784.6,183.174,5240.08,26.0,30.0942,14.975
5791.14,2679.38,0.46266,48.3572,837731.1,87.6587,2587.12,90.0,40.8974,13.171
9467.9,3636.6,0.38409,100.417,1317393.0,134.278,3616.28,159.0,34.9379,18.57
7055.15,2511.4,0.35596,63.7659,1032766.06,92.2006,3236.07,36.0,38.8521,7.363
6029.81,1837.46,0.30472,58.7835,818005.9,83.6131,2444.36,17.0,39.8892,3.762
9079.36,2379.92,0.26212,96.1455,1258392.1,135.6,4708.85,51.0,32.8051,2.998
13872.6,4454.72,0.32111,151.724,1898479.6,210.556,5160.83,14.0,30.6207,9.641
4387.93,919.41,0.20953,40.3307,577002.2,61.6935,2608.23,10.0,43.3464,2.391
9036.08,3473.8,0.38443,86.956,1254059.8,124.95,4069.6,43.0,35.12,8.566
7511.85,1688.14,0.22473,86.303,1046228.3,104.778,3840.11,25.0,36.2923,1.516
13621.4,4734.52,0.34757,166.166,1883817.2,203.714,4685.34,85.0,29.1669,7.665
6387.6,1762.43,0.27591,35.8124,868293.6,84.232,2670.51,15.0,44.1669,0.0
14163.4,5407.85,0.38181,194.025,1876251.9,259.595,5105.05,93.0,26.1054,7.497
10405.7,3694.52,0.35504,77.9883,1451898.1,150.523,3994.36,21.0,34.1973,19.099
22393.0,6243.89,0.27883,307.146,3079476.0,353.373,6431.85,92.0,17.3904,2.582
8188.89,3202.6,0.39109,64.558,1097792.5,130.028,2831.6,71.0,38.0332,17.79
15751.2,4829.27,0.30659,105.439,2261130.0,190.051,5855.46,93.0,26.1998,19.716
8942.83,2711.36,0.30318,71.9784,1254109.9,123.434,3952.63,18.0,37.3064,19.028
7708.71,1585.94,0.20573,69.8534,1087825.8,82.5971,3015.94,45.0,40.5393,15.501
14341.1,2655.22,0.18514,168.593,2001296.8,226.039,4855.14,75.0,27.1991,3.064
5691.27,1464.48,0.25732,65.9199,710988.4,85.9244,3094.84,16.0,39.4636,2.251
6709.75,2212.02,0.32967,60.585,925905.4,96.0688,3461.34,69.0,36.9111,3.547
7773.97,1909.72,0.24565,81.923,1099273.2,110.678,3766.8,36.0,36.033,2.141
3943.56,1220.92,0.30959,31.5467,547172.9,47.4537,1919.6,51.0,45.279,8.956
10470.4,2787.86,0.26626,128.958,1447711.4,165.04,4614.1,78.0,30.0769,1.98
19641.0,4910.33,0.25,212.134,2677827.2,254.03,5944.7,85.0,22.345,18.034
5790.97,746.71,0.12894,47.6932,817632.7,70.6167,2596.82,2.0,42.5723,1.556
5298.63,1756.95,0.33158,39.6587,732136.75,77.7545,2691.37,41.0,41.3643,11.247
10965.4,3633.53,0.33136,123.672,1461866.4,164.62,4129.91,48.0,46.5464,2.294
16522.1,5107.99,0.30916,204.123,2161431.0,254.023,6470.69,259.0,21.5767,2.357
6355.41,1996.88,0.3142,51.851,909623.75,78.4637,3041.76,17.0,39.607,10.657
18969.8,4734.51,0.24958,203.313,2714416.8,272.183,5795.08,293.0,21.4579,8.722
5985.35,1175.2,0.19634,55.2031,823598.6,79.2445,2765.62,17.0,40.2327,0.954
8497.32,3197.46,0.37629,79.3964,1165730.6,121.822,3851.8,34.0,36.5992,13.265
9487.14,2593.25,0.27334,96.7554,1336211.5,132.933,3626.52,136.0,35.5092,2.468
7724.95,2402.87,0.31105,59.0351,1047976.1,111.496,3567.99,18.0,38.4539,5.162
6813.81,2262.74,0.33208,75.3791,925378.25,100.56,3799.61,32.0,36.4353,2.097
6978.26,2132.02,0.30552,56.3103,1006569.2,79.7936,3291.7,27.0,39.4761,16.76
13335.5,3760.16,0.28196,150.045,1869359.8,227.277,4802.05,87.0,28.7124,4.467
5856.88,851.88,0.14544,49.2834,829509.5,69.8804,2697.09,1.0,46.5464,0.778
10471.6,3271.81,0.31244,124.212,1486017.2,165.194,4666.45,55.0,30.9164,2.898
9265.83,2290.75,0.24722,141.736,1251285.4,152.905,3782.68,96.0,33.9594,2.541
16382.9,4801.29,0.29306,242.747,2244551.5,259.803,4810.83,279.0,27.7799,3.999
9074.32,3296.5,0.36327,84.9565,1216019.6,140.764,3895.62,40.0,35.8157,12.106
8407.56,1427.26,0.16975,73.5654,1119064.0,106.92,3685.16,35.0,38.4734,6.9
8387.42,2076.01,0.24751,97.0493,1114341.2,127.654,3495.19,13.0,36.6133,1.234
12689.6,3236.84,0.25507,129.399,1724550.0,162.835,4093.72,218.0,31.8902,3.018
10403.4,2882.38,0.27706,104.858,1492898.4,143.91,3796.24,114.0,35.7557,5.32
12807.3,3752.56,0.293,143.865,1755940.2,157.162,4546.85,85.0,31.0827,2.037
5435.09,2005.25,0.36894,35.1197,754679.2,76.6248,2532.82,11.0,43.0658,18.416
6843.76,2413.96,0.35272,72.7518,936918.7,108.677,3269.3,65.0,35.4357,14.448
4249.3,794.29,0.18692,38.8446,553408.2,62.2251,2592.21,11.0,43.5873,2.194
8138.85,2013.88,0.24744,96.6283,1149753.1,101.841,3852.27,89.0,34.8174,4.711
7443.81,2373.19,0.31881,77.3101,1028489.7,100.086,3813.38,43.0,35.7603,9.947
9346.85,2367.18,0.25325,117.727,1281153.2,125.138,4446.46,46.0,32.815,14.962
10858.5,3019.38,0.27806,121.869,1447923.4,165.356,4078.91,38.0,33.2128,1.928
4931.58,1197.67,0.24285,45.7683,706691.0,68.8683,2675.01,14.0,40.9813,3.81
7956.5,2517.75,0.31643,77.3178,1094020.6,108.31,2947.47,109.0,38.5158,2.216
8744.03,2072.99,0.23707,94.5011,1170943.2,131.121,3482.6,18.0,36.8891,1.171
7557.4,2374.94,0.31425,62.6094,1024906.25,100.345,3404.37,32.0,36.093,11.693
7249.81,2527.65,0.34865,72.7832,1001772.56,109.339,2826.56,13.0,39.8313,12.666
5606.02,1653.5,0.29495,46.3575,795513.5,66.9188,2512.81,13.0,41.5505,3.958
5814.97,1671.47,0.28744,60.5789,783651.0,83.9968,3237.27,43.0,39.2493,11.284
9409.65,2814.69,0.29912,86.3741,1328530.9,134.405,4089.14,96.0,32.8218,6.824
14939.7,4716.58,0.3157,152.885,2071485.2,231.278,5358.54,194.0,26.3754,1.303
18982.5,5910.91,0.31138,179.95,2688476.0,245.378,6764.2,63.0,21.0489,16.819
5043.45,1241.7,0.2462,48.0728,642299.0,64.4918,2126.3,43.0,42.3481,2.915
4071.42,818.39,0.201,39.5017,559416.25,44.26,2358.29,44.0,43.0452,8.637
8223.54,2372.12,0.28845,88.7336,1111713.9,133.637,3647.82,40.0,36.4962,4.768
11359.0,3073.83,0.2706,148.344,1610833.6,159.741,4102.55,131.0,32.3986,2.794
12087.2,2148.87,0.17778,144.399,1697901.9,166.936,4629.41,161.0,29.3976,1.856
4110.1,1342.15,0.32654,36.6029,560948.6,49.6098,1418.54,32.0,44.4053,11.38
14894.0,3790.17,0.25447,178.531,2104681.8,211.806,5692.91,67.0,23.0148,1.28
8065.92,2529.96,0.31366,65.5832,1135245.0,105.796,3106.88,104.0,35.7778,15.847
7345.46,2158.64,0.29387,80.5383,1008287.44,91.1351,3067.69,90.0,37.039,6.614
7341.55,2180.78,0.29704,71.9098,1020870.5,95.6715,3282.54,38.0,37.8103,14.156
6941.19,2488.58,0.35852,34.3117,971061.6,87.9519,3304.54,71.0,37.7196,12.337
9380.38,2524.09,0.26908,70.658,1324429.8,106.085,3520.55,49.0,36.818,15.458
13102.1,4848.74,0.37007,131.114,1861791.4,189.366,4917.77,57.0,26.4601,16.858
8633.22,2157.93,0.24995,75.1576,1190764.0,110.571,3734.3,43.0,35.9987,3.925
6904.26,1787.62,0.25891,58.2967,999161.06,78.9369,3120.37,22.0,40.2537,9.115
8110.72,2329.26,0.28718,80.7754,1153392.2,125.693,3608.79,5.0,34.0745,2.641
3817.33,1007.63,0.26396,30.8887,530360.7,49.7508,1933.82,51.0,44.9197,3.379
8919.67,3226.18,0.36169,63.5671,1267958.4,123.88,4342.05,61.0,39.5742,17.156
9156.94,3408.91,0.37227,71.2443,1266967.6,143.438,4907.08,28.0,31.9847,20.174
9583.16,3344.82,0.34903,61.7016,1365236.2,136.904,4759.28,36.0,37.4295,19.39
11395.0,4013.54,0.35221,78.3876,1545041.8,174.416,8314.02,92.0,33.4017,14.554
11965.2,3296.33,0.27549,101.27,1651603.1,151.03,4672.67,85.0,31.2347,12.19
7783.86,2031.01,0.26092,66.0,1070376.8,109.829,3846.53,22.0,36.8047,1.33
6888.08,1969.03,0.28586,65.6932,965827.1,84.6536,2872.91,52.0,39.7459,9.934
14718.4,4670.54,0.31732,199.742,2020226.1,234.648,4627.17,186.0,28.7605,2.52
15974.1,4903.15,0.30694,215.702,2097190.8,242.844,5800.2,246.0,22.4139,2.837
9929.73,3028.79,0.30502,130.261,1334027.9,165.469,4001.53,41.0,33.1548,1.611
15747.5,4311.01,0.27375,167.352,2163700.0,222.635,5035.5,119.0,27.3424,7.002
18455.8,5466.32,0.29618,252.703,2509445.5,317.809,5713.62,326.0,21.4511,2.559
21687.9,6786.19,0.3129,298.935,2963630.5,316.883,6538.25,263.0,18.5808,2.267
24300.4,8091.88,0.33299,235.96,3362088.5,313.556,6076.95,103.0,20.9452,5.634
6438.03,1696.88,0.26357,57.6152,918699.75,80.0519,2562.86,57.0,41.4481,3.0
8789.32,2324.4,0.26445,93.6081,1162162.6,106.71,3976.09,46.0,39.3055,15.435
6254.96,2039.09,0.32599,68.2002,871395.94,91.7537,3240.19,21.0,38.6193,6.461
8801.67,1728.06,0.19633,77.2606,1257540.8,105.468,3921.3,12.0,35.016,1.011
6887.24,2222.68,0.32272,63.8262,897955.25,102.371,2946.4,5.0,39.2779,14.587
10203.7,2782.4,0.27268,95.7146,1463349.2,147.309,4173.61,158.0,28.9736,18.276
15503.2,5015.06,0.32348,225.999,2109624.0,255.917,5332.67,131.0,24.317,1.895
7123.73,2178.57,0.30581,78.0036,965118.6,114.744,3083.62,83.0,39.0316,1.31
8026.21,2038.71,0.254,76.1692,1109690.6,103.843,3479.61,31.0,38.5549,10.89
5332.46,2067.71,0.38775,33.3609,754185.3,70.1891,2570.92,38.0,42.5562,0.727
9202.13,4545.31,0.49394,67.0922,1352882.9,138.052,4122.1,27.0,38.8841,15.835
13013.4,2701.51,0.20759,158.022,1778221.0,195.98,4877.32,138.0,29.5567,0.836
7123.15,1429.05,0.20062,79.6806,961055.3,115.702,3391.97,37.0,36.7182,1.786
11421.3,2892.58,0.25326,150.943,1628390.5,170.561,4638.89,34.0,29.2451,1.876
8215.56,2278.91,0.27738,102.906,1122272.1,121.661,3364.63,123.0,36.455,1.34
8161.6,2748.51,0.33676,65.9599,1088148.8,118.232,4345.54,61.0,33.5159,4.989
16622.9,5428.21,0.32655,234.122,2256942.2,254.88,5416.81,118.0,24.1326,2.38
4328.67,887.16,0.20494,44.0511,584514.2,66.6663,2588.93,13.0,42.8276,2.391
4281.91,1917.83,0.44789,36.3618,572027.94,68.4286,1479.58,35.0,43.7689,10.056
7312.15,2415.12,0.33028,93.1727,965011.5,118.986,4446.97,110.0,32.7377,10.312
9506.39,2380.11,0.25036,103.748,1350830.8,152.65,4108.89,41.0,28.9073,2.663
4233.47,679.89,0.16059,36.5044,555755.94,60.3765,2592.67,15.0,42.8825,2.152
6690.16,2482.27,0.37103,61.0999,933425.7,96.6538,3549.87,70.0,36.338,2.026
5696.09,2040.73,0.35826,41.0031,777875.1,84.7738,1936.98,23.0,41.4094,13.405
5919.22,1911.53,0.32293,56.8068,809592.06,82.3433,3198.9,13.0,39.5579,7.863
6424.21,2298.58,0.35779,68.2102,901302.6,99.7975,3150.05,20.0,39.8475,14.788
11825.9,2644.16,0.22359,149.415,1687334.4,167.659,4693.08,31.0,28.8737,1.634
8572.87,2408.5,0.28094,95.0275,1156312.5,98.8087,4321.86,17.0,33.8443,12.477
4082.27,1409.79,0.34534,35.5446,560801.44,53.8172,1447.46,19.0,44.332,0.0
13395.6,3585.38,0.26765,184.707,1862568.5,206.561,4084.46,140.0,31.9265,1.628
6395.57,2273.21,0.35543,62.8903,892351.75,84.5564,3463.56,71.0,38.1378,15.573
6551.03,1832.98,0.2798,61.0828,890490.44,98.3738,3067.8,57.0,39.7903,13.982
7882.63,2321.6,0.29452,75.1798,1099257.2,131.564,4255.93,80.0,34.1457,2.25
5869.26,1279.05,0.21792,47.0674,827560.3,67.3688,2793.25,34.0,40.582,8.505
11095.9,3284.8,0.29603,133.541,1523952.9,163.54,4890.99,74.0,27.2969,3.249
12029.3,2555.58,0.21244,127.275,1702717.6,157.32,4341.78,51.0,31.3977,4.786
9002.07,3254.04,0.36147,80.6198,1219632.6,227.536,3448.79,198.0,36.6054,19.51
18829.3,5471.24,0.29057,257.178,2557220.5,310.391,5732.44,331.0,21.2445,2.722
19297.3,6316.3,0.32731,209.256,2677849.2,304.425,5851.79,224.0,20.7818,15.788
6115.93,1740.61,0.2846,62.1185,837338.56,74.6056,3195.37,31.0,38.6333,3.524
6970.54,1885.85,0.27054,67.5629,992065.9,83.7218,3288.23,20.0,38.4496,2.401
9717.71,2736.27,0.28157,91.4258,1402279.1,148.091,4090.68,156.0,30.4644,18.199
12034.0,3072.99,0.25535,126.743,1626426.6,157.837,4080.6,223.0,31.988,3.058
10374.3,3906.0,0.3765,85.926,1417941.9,153.376,4691.59,38.0,36.8721,3.049
9773.16,2763.63,0.28277,67.1221,1353768.8,125.658,4185.7,89.0,33.9822,4.11
13219.1,4529.75,0.34266,128.883,1910857.8,183.936,5390.55,58.0,23.532,18.653
10523.1,3058.76,0.29067,98.2938,1472048.9,144.958,3923.31,115.0,31.5758,3.654
6633.26,2525.7,0.38076,78.0246,914525.3,92.064,3163.28,62.0,38.3593,2.234
9510.2,2610.71,0.27451,95.9618,1315046.1,145.223,3844.4,61.0,34.5897,19.278
6995.8,1132.85,0.16193,64.3899,989877.8,83.4152,2962.4,22.0,46.5464,11.314
4472.31,766.71,0.17143,39.4601,599290.06,55.0314,2591.2,13.0,42.9342,10.024
15700.5,4833.11,0.30783,188.781,2169207.5,260.995,5283.69,88.0,25.2269,6.443
6434.62,1341.59,0.20849,54.2076,886678.25,85.4585,2800.73,17.0,38.8493,0.955
12869.5,4326.1,0.33615,196.796,1738092.8,236.76,4479.87,41.0,28.9593,1.955
7886.96,2209.92,0.28019,91.1877,1081331.6,127.446,3813.4,31.0,36.5124,3.697
11714.6,3739.44,0.31921,74.457,1569784.1,167.233,3687.78,84.0,34.4099,6.613
7013.74,2265.38,0.32299,55.5334,1003419.4,93.4383,3359.32,21.0,34.9372,11.163
6726.23,1692.99,0.25169,55.5886,951088.6,78.8955,3412.39,23.0,40.0324,8.146
10957.1,2541.84,0.23198,115.475,1551933.8,152.143,4420.58,65.0,32.6667,17.627
11244.9,4256.59,0.37853,92.8925,1522220.1,154.757,4812.17,54.0,32.2159,18.855
16962.0,5587.19,0.32939,208.694,2229444.5,267.365,6232.14,250.0,21.4623,2.307
11360.7,2857.47,0.25152,144.699,1605595.0,152.009,4148.02,122.0,32.2732,2.538
8045.09,1551.45,0.19284,78.9687,1121732.6,85.655,3280.12,53.0,37.7563,13.699
7411.7,2170.14,0.29279,66.0647,930536.8,111.398,3137.68,33.0,38.233,3.113
6322.73,1358.44,0.21485,55.315,852305.0,77.2169,2453.63,33.0,41.2423,3.896
11466.7,3001.56,0.26176,133.874,1592291.1,182.672,4750.21,173.0,24.094,0.902
5964.26,990.8,0.16612,48.9093,821898.56,66.035,3056.84,18.0,39.5938,3.868
7334.17,2838.79,0.38706,61.8223,1044539.2,98.561,2474.63,65.0,39.4397,13.8
6599.35,2304.21,0.34915,59.1738,914837.44,98.1904,3483.48,79.0,37.8348,2.208
8327.8,2871.17,0.34476,83.068,1175018.5,118.711,3941.6,42.0,31.4193,4.031
8443.56,2623.66,0.31072,83.1623,1192236.1,115.651,3971.38,44.0,35.9016,2.633
6785.24,2501.73,0.3687,79.9364,896391.75,113.776,3771.84,50.0,35.5216,7.614
8468.34,2122.38,0.25062,92.7195,1182589.2,124.646,3232.54,4.0,36.9507,0.472
12222.0,4235.97,0.34658,124.449,1754816.6,167.62,4409.1,143.0,31.928,3.414
5776.26,951.34,0.16469,51.5882,816282.5,71.3577,2663.35,1.0,42.2454,1.484
7524.91,1907.53,0.25349,68.8851,1087785.6,98.5949,3114.16,20.0,37.5996,2.395
5672.97,1445.02,0.25472,64.3797,710425.6,89.9441,3067.48,16.0,39.3932,2.202
12199.7,4298.99,0.35238,85.7251,1708459.5,186.806,4145.65,21.0,35.3389,16.74
15745.5,4635.66,0.29441,159.16,2267477.8,255.535,4779.67,54.0,28.2261,3.541
5372.17,1300.35,0.24205,47.2013,687212.8,71.4494,2148.96,32.0,42.8554,13.188
22643.4,8397.81,0.37087,202.145,3015633.2,331.382,5984.35,156.0,21.3882,12.311
4847.83,1533.35,0.31629,56.5932,642505.4,71.5786,3063.39,16.0,40.3944,2.389
7843.01,2744.19,0.34988,66.8796,1071729.5,114.853,3989.12,77.0,32.9439,14.102
7156.23,2373.62,0.33168,67.4284,961417.5,98.8316,3122.11,18.0,40.1836,1.718
5513.71,889.37,0.1613,45.6743,771300.5,68.5895,2623.84,1.0,42.3407,1.634
8396.66,2272.97,0.27069,86.9098,1188057.2,120.149,3312.63,5.0,37.6525,2.437
5494.51,1280.73,0.23309,49.4044,720023.56,83.1481,3497.26,22.0,40.0602,2.192
8163.8,1945.54,0.23831,62.2596,1159113.0,95.5712,3096.39,36.0,39.0655,13.67
3991.56,1229.2,0.30794,34.689,544634.44,52.4924,1387.23,32.0,44.4767,11.231
5869.24,1540.53,0.26247,43.389,808192.7,88.1767,2810.88,39.0,36.5857,14.253
4483.85,1755.42,0.39149,32.4135,623902.3,60.6604,2207.38,46.0,43.9073,6.843
8638.3,2929.22,0.33909,90.699,1142044.5,112.601,3706.92,44.0,36.422,12.789
6974.4,2166.64,0.31065,53.5844,909426.56,115.196,5778.44,21.0,37.722,2.85
3699.84,513.41,0.13876,38.4225,484594.16,56.0114,2538.87,13.0,43.5872,0.0
12213.9,3191.95,0.26133,168.244,1701768.8,201.214,4776.98,109.0,28.7955,4.763
3840.94,836.19,0.2177,31.3778,546752.9,47.7371,1688.63,47.0,44.9281,10.928
14148.3,5103.69,0.36072,188.174,1919268.1,262.701,4649.82,45.0,28.7272,2.291
18382.3,5228.06,0.2844,183.128,2539087.8,243.598,5044.38,51.0,25.4628,18.69
6291.22,864.41,0.13739,47.3427,891375.75,74.3063,2714.58,1.0,42.1684,0.719
8701.98,2748.86,0.31588,73.8228,1225171.6,119.191,3442.6,10.0,34.994,16.175
10458.9,2254.56,0.21556,85.2852,1455921.2,132.959,4004.33,160.0,34.1885,4.752
4536.46,1542.59,0.34004,79.0166,552095.1,90.5933,1751.18,73.0,43.7958,13.382
13716.4,4694.38,0.34224,160.6,1882203.2,208.65,4796.91,89.0,28.6335,9.078
10391.0,3966.14,0.38168,96.0949,1447937.6,169.488,5039.28,92.0,34.3636,18.978
9833.12,2812.0,0.28597,104.965,1350827.2,152.126,4122.2,49.0,34.6693,2.288
13903.1,3879.59,0.27904,148.917,2004859.6,207.714,4588.51,45.0,29.1859,3.357
6246.57,2300.14,0.36822,56.622,891642.4,95.4271,3468.04,20.0,38.3934,13.122
5654.65,1240.2,0.21932,54.8989,816060.6,65.2415,2772.47,25.0,39.7154,3.711
8276.82,2924.72,0.35336,62.3944,1089315.2,130.655,3277.73,44.0,39.9366,17.678
9131.42,1636.82,0.17925,92.6871,1257792.8,112.641,3768.65,54.0,34.9848,18.986
8532.19,3745.7,0.439,85.5245,1175277.8,134.816,3788.73,116.0,34.5761,3.213
10267.6,2325.04,0.22644,87.8187,1442176.8,128.806,4144.82,158.0,32.4051,5.219
9008.12,2380.23,0.26423,87.0021,1271720.9,118.679,3972.79,13.0,34.029,1.606
12517.6,3786.14,0.30246,140.921,1721425.9,188.95,4585.59,55.0,30.7467,3.99
4648.76,1759.77,0.37854,46.9062,674306.25,68.1371,2375.4,58.0,42.8773,10.878
4880.75,909.01,0.18624,43.7095,702587.56,56.4506,2187.9,80.0,42.8041,0.661
8877.21,3016.87,0.33984,91.9933,1303551.6,139.664,3361.37,98.0,34.487,16.131
5219.91,1197.21,0.22935,51.253,726629.75,74.7119,2255.94,30.0,41.5817,11.837
11528.6,3238.0,0.28086,124.368,1596766.6,147.493,4990.89,161.0,28.0099,2.311
11363.1,3460.79,0.30456,77.6482,1517156.5,141.821,3944.03,130.0,32.5963,3.963
10687.8,2802.37,0.2622,110.078,1499875.8,155.853,4273.34,70.0,31.9718,14.49
13051.7,4532.68,0.34728,157.362,1786163.8,229.64,4760.95,158.0,28.6282,13.364
8257.09,2348.5,0.28442,90.8051,1165118.4,98.5778,4001.96,19.0,35.4202,1.56
6344.86,932.87,0.14702,51.3996,896525.56,68.0265,2892.73,52.0,46.5464,13.276
6749.41,1306.23,0.19353,51.0081,953076.2,82.2792,2669.88,62.0,41.1455,7.248
9745.47,2187.44,0.22445,93.7128,1383255.9,126.851,3571.66,122.0,36.3787,2.454
8158.19,2794.0,0.34247,94.9111,1166402.4,111.469,3534.17,23.0,36.4489,8.833
8319.97,3275.38,0.39367,82.3588,1200199.2,129.378,3786.85,74.0,37.5878,11.259
10532.5,3481.73,0.33057,113.165,1496745.0,168.371,4226.46,61.0,33.8103,4.474
10071.0,2471.16,0.24537,129.082,1401177.0,159.784,4583.38,68.0,30.1863,1.342
7648.61,2314.87,0.30265,68.6684,1031753.2,113.894,4178.26,57.0,35.9645,6.054
8495.81,1559.87,0.1836,73.8486,1143493.4,105.13,3756.84,36.0,35.5034,6.571
6935.18,1858.64,0.268,63.7031,952253.75,86.4837,3040.46,49.0,39.8218,1.765
9597.53,3040.37,0.31678,88.388,1372955.4,134.015,3566.98,17.0,35.7343,3.516
20228.9,6380.04,0.31539,255.69,2817583.8,325.308,5542.47,69.0,23.2696,3.383
7441.71,2047.08,0.27508,64.1398,1042187.56,94.3759,3195.54,98.0,37.651,2.691
7835.64,1993.4,0.2544,68.5657,1083617.1,110.645,3756.96,25.0,36.7141,1.686
9510.05,2671.76,0.28094,106.545,1344820.2,148.974,3922.59,42.0,32.4167,1.932
5850.53,1293.41,0.22107,67.5295,745901.5,90.0524,3029.95,18.0,39.3912,4.129
5413.13,1643.76,0.30366,42.9789,728111.44,87.6126,2678.99,25.0,41.0377,10.758
9764.35,2637.14,0.27007,102.67,1379981.6,154.377,3920.86,35.0,33.3097,1.908
8491.71,2742.11,0.32291,67.6459,1170064.5,135.262,3407.31,36.0,37.7568,14.903
11411.4,3465.24,0.30366,125.977,1570859.6,167.724,4570.82,144.0,30.8349,6.121
9268.32,2227.48,0.24033,99.9854,1295719.4,138.764,3662.93,12.0,33.9608,1.453
9228.71,2147.67,0.23271,102.501,1310136.8,146.626,3808.43,15.0,34.3054,0.608
12757.3,5088.17,0.39884,146.098,1856077.5,300.971,4243.04,202.0,55.3009,20.756
7056.87,1942.65,0.27528,58.6671,1010671.4,87.5896,2350.96,63.0,40.2581,12.646
7185.81,2657.96,0.36989,63.0,1046311.8,99.356,3242.14,28.0,38.8903,1.308
11132.9,2892.02,0.25977,144.848,1588752.8,155.848,4089.94,127.0,32.7887,2.755
12602.0,3381.32,0.26831,161.695,1742205.9,206.09,4781.49,72.0,28.5801,3.606
8744.99,3954.94,0.45225,59.4034,1206549.5,132.174,3540.04,67.0,37.4179,14.444
3787.39,1388.01,0.36648,25.0735,524792.3,48.0554,1410.21,4.0,44.8939,6.218
5633.64,1991.95,0.35358,49.3965,712038.2,97.0433,2094.75,48.0,43.072,13.157
10476.2,5298.31,0.50574,107.791,1492990.8,183.936,4354.2,94.0,31.6241,15.968
10924.7,2875.63,0.26322,146.44,1474953.1,162.339,4359.35,54.0,31.5198,0.0
5802.07,1527.46,0.26326,61.2506,730524.75,88.5772,3097.87,16.0,39.4408,2.333
7926.82,2072.03,0.26139,87.1874,1106242.5,98.1531,3048.9,28.0,38.4395,2.758
5140.61,1453.15,0.28268,41.6746,739196.4,64.9003,2323.03,19.0,40.3015,2.563
15425.7,4165.37,0.27002,179.4,2177377.2,218.58,5658.63,65.0,22.7552,1.456
9337.1,2318.38,0.24829,112.163,1289831.8,127.408,4186.1,58.0,34.3154,1.842
4282.49,1398.58,0.32658,37.0751,579642.75,52.7082,1443.9,16.0,44.2935,1.773
7843.4,2173.48,0.2771,84.4496,1091153.6,118.826,3042.59,78.0,37.0018,15.835
9839.25,2886.62,0.29337,75.2712,1348701.9,119.803,4820.71,43.0,34.9975,19.639
12533.0,3750.44,0.29924,115.345,1834893.6,160.403,3683.57,163.0,35.8846,19.417
12588.6,3628.94,0.28827,161.554,1766967.1,205.225,4684.45,66.0,29.3144,4.196
8326.2,2420.53,0.29071,92.7642,1179495.4,112.015,3561.49,96.0,36.9428,1.85
7940.51,2870.3,0.36147,69.1227,1111650.1,110.193,3500.76,23.0,37.667,13.695
6455.91,2289.36,0.35461,59.5162,886702.06,86.6325,2741.39,47.0,40.2761,2.938
14153.0,4796.57,0.3389,172.408,1978480.9,239.574,5536.62,229.0,27.5269,3.791
14799.6,5035.51,0.34024,96.4511,2010819.4,214.944,5025.02,121.0,29.5935,19.621
10446.1,2931.11,0.28059,117.271,1455801.5,158.719,4368.31,65.0,32.9678,3.418
11340.4,2675.87,0.23595,128.108,1585391.6,169.895,4731.55,176.0,28.509,0.684
8778.22,2408.76,0.2744,96.1093,1211144.5,147.922,3274.51,11.0,36.3884,1.5
10174.1,2483.71,0.24412,120.914,1439910.8,162.283,4468.47,130.0,31.217,15.635
12898.3,3772.7,0.29249,98.1097,1822958.5,187.196,4531.02,127.0,32.3508,2.581
6298.57,2016.15,0.32009,60.4668,883131.5,95.8211,2707.84,52.0,40.5825,1.619
12984.1,3618.5,0.27868,98.9476,1771144.2,165.431,4413.55,165.0,32.1949,18.729
9494.63,3028.05,0.31892,85.1191,1343236.5,134.996,4142.31,68.0,33.8067,11.734
10099.4,3287.54,0.32551,104.003,1302155.0,146.534,4233.35,69.0,33.938,14.794
10836.7,4785.31,0.44158,95.0431,1506001.8,154.019,3735.99,57.0,36.3659,14.545
9578.83,3753.2,0.39182,95.1391,1357644.6,150.888,4022.34,89.0,33.9358,12.679
7364.62,2849.72,0.38694,82.8339,1037209.1,109.963,3299.91,40.0,37.1645,2.54
8139.97,3045.89,0.37418,70.3413,1099619.9,131.978,4032.07,64.0,35.9465,11.642
7908.45,1938.32,0.24509,95.8701,1063505.5,121.776,3859.74,27.0,36.0303,3.559
16721.7,5213.89,0.3118,199.736,2196309.0,258.123,5841.98,219.0,21.5301,2.544
7185.4,2194.34,0.30538,64.9233,989583.56,100.924,3192.63,45.0,40.12,2.302
4177.62,1530.62,0.36638,25.1095,572496.1,53.9964,1521.1,9.0,44.9372,5.833
6004.47,1918.35,0.31948,59.2704,835120.7,83.6401,2715.49,41.0,41.4766,1.985
8806.52,3534.6,0.40136,66.5292,1252949.4,141.115,3955.42,23.0,36.4448,15.236
16014.6,3204.49,0.20009,177.357,2275200.0,224.993,4989.14,83.0,26.6922,3.382
7546.78,1794.39,0.23776,90.907,1018811.44,90.0912,3786.53,27.0,35.1567,10.133
20362.4,6249.38,0.3069,225.086,2800185.2,310.467,5088.28,138.0,25.7957,6.871
9146.57,3397.57,0.37145,87.4232,1217876.2,142.429,3762.36,51.0,35.8121,1.172
6161.6,1788.16,0.29021,53.4364,898289.75,67.4126,3148.13,18.0,39.0874,10.392
10588.6,3832.4,0.36193,97.3241,1501174.5,147.891,4693.79,120.0,31.5779,15.564
5279.13,1719.33,0.32568,40.8772,710970.4,84.6973,3180.95,9.0,41.8626,11.478
7921.18,2081.8,0.26281,59.9086,1105128.9,101.621,3137.58,56.0,38.7057,15.082
13474.4,4255.64,0.31583,169.592,1864902.6,222.541,4765.34,120.0,28.4609,4.815
9418.37,3656.25,0.3882,81.2565,1271408.5,155.369,4610.07,109.0,34.3458,19.405
9782.36,2597.67,0.26554,102.41,1342573.0,123.785,4044.23,13.0,34.0303,14.242
7411.78,2379.58,0.32105,80.5915,978605.6,115.061,3126.77,63.0,38.9128,6.272
7599.11,2435.41,0.32048,61.9113,1047626.2,108.935,2999.36,38.0,39.0212,16.28
14751.4,4157.59,0.28184,197.178,2057502.2,222.528,5618.46,142.0,22.8367,18.794
8873.83,2454.09,0.27655,78.183,1178374.0,125.254,3296.25,17.0,36.516,3.194
10200.6,3106.47,0.30453,120.235,1405803.6,149.335,4175.02,129.0,32.7925,2.24
10255.3,2590.13,0.25256,115.663,1426715.2,129.898,4280.27,59.0,33.5859,2.03
15462.0,5054.93,0.32692,186.742,2019022.0,229.833,4380.0,105.0,30.29,2.457
13826.7,5231.28,0.37834,184.838,1829712.0,254.264,5075.39,63.0,23.1639,5.52
6254.95,1950.22,0.31178,53.2054,873912.5,87.1695,2518.12,81.0,41.475,11.55
11047.1,3249.38,0.29413,135.203,1582655.6,176.496,4449.36,42.0,31.8026,3.099
7725.61,2788.82,0.36098,74.3354,1082158.1,113.558,3168.12,47.0,37.6415,13.347
3623.25,862.22,0.23796,32.7699,507723.34,42.5699,1842.09,46.0,45.3021,4.566
6564.71,1991.49,0.30336,60.4474,898455.0,94.7508,3385.48,63.0,37.5771,1.65
7690.89,3057.96,0.3976,89.8193,1019282.5,121.268,3495.22,32.0,37.7084,14.111
15528.8,5267.61,0.33921,191.763,2028817.2,230.704,4368.5,110.0,30.3221,2.884
6592.6,2308.28,0.35013,71.1308,930956.1,102.719,2924.32,20.0,39.6486,13.402
10618.5,2585.31,0.24347,119.708,1437075.6,179.845,3937.99,66.0,32.8376,2.278
13050.2,3493.85,0.26772,163.058,1805441.1,207.713,5090.75,71.0,26.4595,2.152
15455.3,5045.47,0.32645,188.267,2048346.2,232.374,4194.08,99.0,31.1376,2.177
9221.42,2288.45,0.24816,89.0953,1266264.8,152.497,4176.94,51.0,33.192,0.867
8955.95,2978.55,0.33257,94.4093,1278960.4,105.491,3674.53,22.0,36.2371,12.052
11669.6,4708.22,0.40346,140.35,1634572.9,197.167,4510.79,51.0,32.873,11.893
13429.2,5504.42,0.40988,183.066,1859344.8,266.657,5089.59,149.0,26.615,17.818
6955.53,1809.5,0.26015,65.1675,915349.0,99.1858,3502.42,52.0,37.9166,5.969
13685.4,2863.68,0.20925,179.751,1925912.9,196.834,4037.82,137.0,32.2226,1.529
8308.04,3296.45,0.39677,89.341,1163304.8,137.707,3918.36,5.0,35.8004,17.713
9922.76,2494.01,0.25134,135.105,1406315.0,148.29,4320.6,41.0,32.2271,2.304
8800.05,2670.51,0.30346,95.2931,1220913.0,130.949,3830.51,18.0,33.7304,2.88
4925.04,1360.56,0.27625,38.8452,671767.1,60.2894,2002.68,37.0,43.396,9.758
15835.7,4904.02,0.30968,175.407,2178277.0,227.332,5254.9,125.0,28.2457,4.196
21155.7,6551.55,0.30968,204.821,2992238.8,322.386,7642.41,239.0,23.1157,13.019
13621.9,5561.24,0.40825,113.583,1934673.0,224.863,4131.27,30.0,31.4108,18.977
10594.9,3430.88,0.32382,99.7072,1477212.6,159.397,4830.2,54.0,32.2747,1.616
8569.6,2902.54,0.3387,82.6957,1203954.1,121.653,3771.0,122.0,36.9496,16.952
6747.21,2417.2,0.35825,66.2767,954770.06,92.1581,3656.65,69.0,36.4502,10.114
4939.0,1610.99,0.32617,45.1871,681853.7,65.9368,1913.3,26.0,43.5114,1.8
11398.3,4855.61,0.42599,98.9538,1560140.9,176.856,3892.68,91.0,33.9623,17.748
9315.72,2462.46,0.26433,100.96,1274028.6,152.675,4132.88,79.0,33.2089,0.659
13634.6,3592.63,0.26349,182.344,1871091.0,214.52,4581.84,171.0,29.0844,1.698
12211.2,3479.93,0.28497,173.647,1678195.1,212.488,4760.51,114.0,28.5856,4.408
14935.6,6129.17,0.41037,152.638,2091188.0,239.51,5200.96,63.0,24.347,16.144
7092.65,2480.66,0.34975,61.0407,960828.2,104.731,2767.93,32.0,40.1347,18.984
7265.38,2835.92,0.39033,66.0191,1034631.1,107.311,3434.94,46.0,37.4089,5.718
7959.36,1721.13,0.21623,70.9973,1080772.0,103.729,3760.91,29.0,35.1274,3.874
5604.54,2106.49,0.37585,50.0051,788674.25,73.8519,2056.41,4.0,42.0757,6.024
7849.11,2193.71,0.27948,56.5491,1081734.5,96.3184,2821.25,36.0,41.5894,13.448
9773.73,2423.48,0.24795,105.318,1327160.9,142.053,4117.44,38.0,34.1227,2.084
7577.53,2593.7,0.34228,70.8964,1040545.0,103.926,3544.5,48.0,37.338,2.385
11121.2,3575.52,0.3215,130.208,1521084.0,156.89,4886.56,70.0,29.4263,3.483
12405.6,2346.07,0.18911,152.858,1682799.6,193.376,4754.82,139.0,29.9406,0.794
8151.32,2203.56,0.27033,75.912,1185149.8,101.686,3109.28,21.0,37.1589,1.727
21118.8,6646.04,0.31469,263.792,2963471.5,302.261,5615.97,69.0,23.153,3.613
8890.65,2483.73,0.27936,101.101,1209529.4,129.863,3361.17,121.0,36.124,1.228
14108.0,5678.53,0.4025,198.388,1861828.2,273.956,4910.97,72.0,27.4479,8.224
7657.6,1573.18,0.20544,69.6586,1057708.1,102.175,3386.94,68.0,37.9279,15.074
13050.9,3227.47,0.24729,164.008,1828781.6,180.957,4613.9,54.0,29.9449,1.023
10734.0,3109.23,0.28966,131.009,1519587.2,170.782,4268.02,47.0,32.3109,1.896
8659.62,2811.96,0.32472,89.5114,1221008.1,125.047,3398.71,7.0,35.9628,2.655
16186.3,3986.04,0.24626,227.019,2273988.5,261.744,5502.37,93.0,22.5793,2.895
5674.05,2202.0,0.38808,54.1267,765715.3,93.6942,2689.35,46.0,40.9442,7.224
14780.3,5437.6,0.36789,172.274,2046239.5,279.584,4514.01,84.0,29.185,12.636
8009.26,1713.66,0.21395,78.5418,1135478.9,91.7868,3736.46,23.0,35.895,1.222
9038.09,2641.23,0.29223,64.0498,1250031.9,122.709,4269.54,32.0,39.5133,7.602
8453.38,2569.86,0.304,94.7333,1193743.4,119.341,3585.47,90.0,36.7961,2.426
7213.23,2047.19,0.28381,68.2476,989123.4,92.5896,4215.63,48.0,35.7474,14.034
5546.31,1557.25,0.28077,48.3814,767275.44,66.4633,2576.1,35.0,41.6029,3.597
15989.4,5539.07,0.34642,201.372,2195475.2,245.827,4542.14,210.0,29.4933,1.722
8121.65,2512.19,0.30932,88.2577,1112921.5,134.509,3641.65,73.0,37.5168,16.81
10075.2,2277.01,0.226,91.5305,1404274.1,110.639,3900.67,155.0,35.1886,7.424
21962.0,6326.99,0.28808,292.219,3006389.2,326.438,6631.12,294.0,18.5725,1.513
19916.1,5375.9,0.26992,297.875,2703939.2,310.898,6527.37,279.0,18.552,1.602
8488.43,2436.02,0.28698,94.163,1203936.6,113.33,3558.57,100.0,36.9371,2.346
11716.5,3721.08,0.31759,102.788,1603036.0,173.775,6259.12,113.0,33.8984,2.431
19576.6,6847.32,0.34977,166.962,2795937.8,265.899,5897.17,115.0,25.3897,19.805
7656.61,1369.85,0.17891,63.7571,1053692.9,80.0264,2891.5,23.0,40.1186,10.306
8971.0,2230.98,0.24868,97.6023,1270625.1,121.611,3806.19,46.0,35.1243,2.909
5893.71,1897.82,0.322,56.4271,802827.7,84.2703,2996.35,14.0,46.5464,7.676
10211.3,2969.72,0.29082,126.054,1359089.9,160.609,4104.65,40.0,33.7293,1.713
10852.0,3727.04,0.34344,103.237,1520273.4,166.438,4239.97,119.0,33.0627,16.77
5957.07,1803.2,0.30269,54.0258,812690.3,82.0708,3204.24,13.0,39.5643,7.571
17060.5,5441.73,0.31896,188.044,2334373.8,231.755,5592.53,83.0,23.7035,6.258
7675.35,1767.47,0.23027,62.6123,1084570.0,99.7337,2946.82,26.0,39.1106,5.314
7555.12,2025.76,0.26813,62.9634,947311.2,108.578,3442.0,27.0,38.4687,2.668
6598.9,1686.92,0.25563,73.2913,866933.44,98.2763,3421.58,74.0,37.3298,1.396
7381.42,1988.33,0.26936,86.6335,992864.75,106.089,3614.51,29.0,35.6208,14.789
6472.59,2530.88,0.39101,62.5275,913986.1,88.4869,2351.94,76.0,40.7397,7.415
19242.4,4501.08,0.23391,264.093,2624771.5,288.53,6565.59,113.0,18.5872,1.542
4189.43,1285.01,0.30672,37.0092,567129.7,52.3373,1400.13,32.0,44.4889,11.532
13678.6,4401.07,0.32174,135.982,1828886.0,179.939,4924.62,180.0,28.4356,16.708
9625.95,4058.11,0.42158,87.0225,1337635.9,146.713,3862.72,111.0,34.0848,3.661
9044.88,2541.6,0.28099,96.9011,1266433.8,112.179,3964.89,109.0,33.71,3.68
18806.5,5173.39,0.27508,258.189,2593908.8,284.439,5396.58,209.0,25.0901,4.52
12701.3,3565.54,0.28072,126.806,1779298.0,167.008,5433.18,116.0,29.5437,16.807
13901.4,4916.1,0.35364,165.103,1952975.8,252.887,4824.55,115.0,28.6132,17.544
11660.4,2433.65,0.20871,147.647,1664632.8,176.848,4537.93,55.0,30.3865,0.919
10410.0,4154.67,0.3991,108.062,1427938.9,153.879,4246.32,42.0,33.4393,15.627
11223.5,5342.79,0.47603,104.167,1521516.1,189.914,3596.8,55.0,36.4748,17.371
7924.36,2111.86,0.2665,64.2218,1085203.2,114.916,3627.28,21.0,35.5813,2.712
12300.5,3023.17,0.24577,161.059,1715414.8,195.33,4184.24,62.0,32.6761,2.298
9038.89,2358.49,0.26092,84.5399,1273252.8,118.704,4297.86,50.0,33.1996,1.948
7151.49,2802.04,0.39181,74.4733,980607.2,121.388,3236.78,67.0,37.8623,9.129
23149.8,7900.2,0.34126,235.923,3130596.2,259.615,6593.41,173.0,21.793,18.505
6160.55,1545.64,0.25089,61.0127,806994.9,79.4237,2960.62,46.0,39.5373,9.336
5766.55,2142.82,0.37159,50.6773,805378.94,78.9654,2547.49,37.0,42.6075,3.637
9020.43,3695.36,0.40966,83.4685,1264415.6,134.221,3754.03,38.0,37.6925,12.041
12616.0,3255.61,0.25805,156.408,1807662.1,167.525,4730.72,33.0,29.0603,2.257
8245.1,2674.47,0.32437,93.5436,1161614.6,109.822,3987.2,28.0,36.8598,1.55
14506.6,3236.53,0.2231,200.518,2021917.4,249.528,4967.57,135.0,26.9598,2.237
13209.5,3728.45,0.28225,166.897,1873967.4,211.696,5065.53,201.0,27.0834,2.528
8941.78,3918.61,0.43823,89.1637,1252406.1,142.88,4252.48,1.0,34.5653,17.352
11558.5,3574.51,0.30925,136.675,1654334.6,191.539,4612.47,41.0,30.7859,3.176
8933.57,2359.52,0.26411,88.9979,1244919.5,130.86,3838.72,9.0,35.3221,1.765
9779.05,3125.72,0.31963,83.5712,1331729.9,154.941,3757.99,47.0,36.2389,8.312
10884.1,3280.63,0.30141,113.715,1542246.9,174.059,4511.61,89.0,30.4934,13.416
13365.3,4366.38,0.32669,161.965,1856952.2,201.165,4921.72,103.0,28.0912,5.844
15720.8,4078.22,0.25941,225.88,2145580.5,270.656,4775.95,284.0,27.5241,5.242
4704.8,1454.88,0.30923,44.8335,667643.56,66.3493,2392.2,54.0,42.9207,12.265
8038.81,2310.39,0.2874,101.724,1074912.5,118.784,3816.18,94.0,36.1872,17.647
9208.42,3055.42,0.3318,96.5229,1286116.9,108.911,3435.03,30.0,37.4818,9.89
12958.4,3493.28,0.26957,162.594,1798705.2,211.935,4827.72,50.0,28.4308,2.74
8993.51,3002.78,0.33388,89.7923,1248484.1,141.582,3915.33,103.0,34.7834,16.851
5492.68,2144.48,0.39042,32.4548,774687.44,74.7598,2684.75,42.0,42.6204,4.588
4957.13,933.17,0.18824,45.0853,713811.7,57.7576,2183.43,81.0,42.8516,0.68
7051.79,1907.9,0.27055,87.604,963011.06,120.07,3160.49,132.0,36.3713,1.515
8653.44,1741.52,0.20125,79.2753,1251838.8,98.6887,3901.02,9.0,36.0122,1.443
6345.15,1495.91,0.23575,62.7651,864596.06,81.5223,3374.84,51.0,37.855,12.726
20560.7,6766.05,0.32907,253.578,2871623.5,322.264,5512.73,86.0,22.5549,3.72
11826.6,4130.2,0.34922,116.114,1657727.9,175.296,4551.39,77.0,33.305,4.286
12773.5,3712.35,0.29062,120.898,1814262.6,167.257,6353.75,143.0,27.2807,18.158
8533.7,2275.45,0.26664,77.0642,1197746.1,100.956,4237.29,63.0,34.4333,2.779
15729.8,5776.71,0.36724,188.104,2215735.5,254.603,4629.02,41.0,26.2942,1.826
9629.3,2947.17,0.30606,99.2209,1343595.0,127.528,3636.0,17.0,35.4821,2.781
8848.43,2419.52,0.27344,96.7802,1208489.9,113.453,3731.74,34.0,34.9748,2.088
12403.9,4445.4,0.35838,118.453,1710013.6,207.336,3974.45,146.0,32.1262,12.425
9368.11,3031.1,0.32355,80.2563,1287949.2,136.358,3635.32,107.0,35.4541,2.66
6954.55,2132.77,0.30667,57.1288,966581.6,105.51,3035.59,55.0,39.1762,13.807
8277.2,2220.97,0.26832,80.4891,1092800.2,96.7436,3551.19,77.0,36.4077,15.735
3987.72,1244.46,0.31207,34.3012,543040.94,47.8159,1419.48,17.0,44.2143,1.704
6065.25,1376.76,0.22699,64.649,852906.94,67.205,3178.73,20.0,39.2072,2.135
9033.53,2828.94,0.31315,97.2827,1270643.8,123.476,3448.85,81.0,36.2963,15.561
7735.09,2336.9,0.30211,49.7128,1064373.2,109.967,3494.31,14.0,40.7819,15.162
7857.38,3557.34,0.45273,61.8074,1132602.1,116.711,2578.09,62.0,39.3135,14.827
5690.85,1405.61,0.24699,47.2847,804751.25,61.0073,2450.35,10.0,41.6317,2.277
3584.84,1115.33,0.31112,34.679,490642.3,46.2451,1393.65,17.0,44.3664,1.736
13314.3,4560.15,0.3425,96.1381,1849497.5,178.067,5302.65,125.0,32.7144,20.805
5222.41,1387.35,0.26565,43.7549,736553.1,64.9843,2002.2,4.0,42.0021,6.844
13918.2,4395.02,0.31577,108.767,1940346.9,184.161,5051.46,73.0,28.579,18.901
12973.1,3153.02,0.24304,158.34,1854579.5,211.412,4934.16,209.0,27.1362,1.9
6459.13,1342.47,0.20784,56.421,896660.06,79.9825,2812.72,20.0,40.2105,1.361
8401.66,2441.22,0.29056,86.9228,1226698.9,115.063,3441.9,32.0,37.7308,4.088
10638.0,3177.06,0.29865,122.893,1482902.2,183.214,4174.93,59.0,32.7914,1.638
8461.92,2741.27,0.32395,90.8053,1139978.1,108.832,3673.71,37.0,35.648,12.813
7024.84,2195.36,0.31251,65.4752,947909.4,102.813,3124.93,37.0,40.4398,1.921
5979.05,1436.98,0.24033,51.8118,776654.6,93.5855,3893.12,19.0,36.6293,1.972
15022.7,3745.56,0.24932,214.153,2079649.5,249.54,5107.49,175.0,24.6893,4.024
10981.8,2955.51,0.26912,138.475,1531254.9,179.254,4641.01,167.0,29.0404,1.201
14065.7,4011.26,0.28518,166.806,1960673.5,234.124,4494.38,86.0,27.5911,1.534
16083.5,5201.07,0.32337,185.32,2209156.8,273.713,5317.19,90.0,23.8444,6.561
7058.14,1542.79,0.21858,59.4309,1016392.6,86.2706,3106.82,38.0,39.029,16.424
14838.1,5344.8,0.3602,178.591,2064776.4,253.282,5397.38,199.0,27.3006,2.96
13701.7,2988.57,0.21811,171.016,1942635.0,222.144,4801.74,90.0,27.7095,3.779
11785.2,2573.35,0.21835,126.18,1619385.2,151.194,3899.28,21.0,34.7056,4.821
17126.3,4996.33,0.29173,201.087,2369946.2,278.742,5659.43,151.0,25.0582,2.306
13763.0,4360.16,0.3168,167.857,1901933.6,243.565,5048.92,82.0,26.943,13.473
6728.9,2347.9,0.34892,77.0622,922117.4,93.0413,3224.03,62.0,38.5233,1.351
14842.6,4962.42,0.33433,184.457,2071487.6,258.357,5412.24,153.0,24.3302,1.349
21387.2,6391.66,0.29885,310.468,2929372.8,349.361,6327.2,86.0,16.6083,2.662
8167.79,2473.84,0.30287,100.184,1142455.4,112.915,3227.9,46.0,36.3678,14.528
19699.5,6406.32,0.3252,252.894,2734158.5,323.704,5476.87,81.0,23.4103,3.76
6981.95,1984.75,0.28426,67.3319,868163.4,96.355,3228.64,40.0,38.7115,4.203
7884.15,2056.74,0.26087,83.7617,1086735.5,107.348,3106.0,21.0,37.2094,0.55
9366.38,2366.32,0.25263,84.7969,1317761.2,135.034,3679.06,133.0,33.7465,6.161
5631.31,1302.01,0.2312,67.4218,784776.75,71.5742,3063.5,17.0,39.0802,1.497
8328.32,2362.69,0.28369,90.7274,1135361.8,115.731,3744.1,32.0,35.3262,14.91
15641.8,7067.32,0.45182,129.457,2119301.5,271.727,5151.39,110.0,27.6838,19.747
8950.06,2268.42,0.25345,99.1065,1264230.4,156.918,3810.47,12.0,34.2669,0.565
7283.44,2061.04,0.28297,69.4899,1063958.0,82.7968,2636.7,45.0,39.9604,6.592
5935.28,1176.02,0.19814,57.6574,824675.4,79.2232,2760.08,20.0,40.4063,1.395
7040.29,2745.36,0.38994,62.9966,990420.1,94.2551,2521.21,65.0,39.7645,12.832
13117.3,6444.76,0.49131,135.214,1794765.5,231.099,5094.41,140.0,28.2733,18.481
8050.39,2545.59,0.3162,93.692,1139792.1,123.595,3542.91,15.0,46.5464,2.987
9736.23,2852.07,0.29293,96.2608,1349826.8,142.553,4218.97,39.0,34.2136,1.352
4570.26,1463.97,0.32032,36.3388,646963.9,59.1661,2080.04,13.0,43.1912,10.201
5339.41,2230.11,0.41766,45.5654,730287.94,76.5708,2203.53,40.0,43.3104,11.713
9658.52,2431.77,0.25177,73.9381,1329584.5,122.304,4033.73,50.0,35.5551,4.869
6391.12,1780.65,0.27861,62.8516,898101.2,88.6354,3418.12,89.0,37.3102,17.36
8669.14,2650.35,0.30572,74.6676,1187533.1,119.427,3988.22,82.0,31.4422,18.042
13966.8,4350.82,0.31151,162.076,1910771.1,210.821,5565.74,12.0,30.5138,6.019
9723.05,2082.72,0.2142,104.864,1372820.2,139.476,4292.64,47.0,32.4861,1.029
9443.91,2312.91,0.24491,96.4412,1323100.9,117.338,41096.61,25.0,34.4389,4.636
12646.6,3655.82,0.28907,170.581,1781980.0,208.323,4547.26,90.0,30.1744,7.387
15197.3,5709.06,0.37566,182.227,2124116.0,250.029,5147.01,226.0,28.8767,6.117
10299.7,3219.94,0.31262,99.7869,1421573.9,138.904,3685.07,27.0,36.0237,3.201
8180.55,2684.8,0.32819,65.9599,1188930.2,112.01,2596.59,51.0,40.76,15.025
6588.79,1473.6,0.22365,79.2267,872514.8,93.6662,3454.44,79.0,38.3337,2.464
14511.9,4225.18,0.29115,166.358,2033140.0,204.093,5375.45,155.0,26.2603,12.165
7598.53,2084.69,0.27435,66.9319,1043316.0,112.828,3664.66,26.0,37.1184,1.698
14128.0,4419.67,0.31283,147.111,1940128.0,216.356,5357.76,14.0,30.6097,8.193
11155.6,3383.81,0.30332,142.703,1573166.4,159.059,4251.55,133.0,29.6432,16.897
7385.53,1746.3,0.23644,63.3489,1012329.8,101.931,3215.8,43.0,38.5411,12.943
9534.76,3522.21,0.3694,90.2528,1280077.0,158.437,3873.25,14.0,34.7298,16.666
8953.79,1861.94,0.20794,95.056,1240705.4,134.596,3638.37,19.0,34.0878,1.472
9476.35,2538.52,0.26787,69.1244,1286910.2,131.751,3983.07,75.0,34.3484,16.433
10252.2,5262.64,0.51331,88.7046,1262998.9,198.795,2655.68,96.0,39.3452,10.823
5841.77,1601.25,0.2741,62.7443,738966.94,88.2098,3089.19,16.0,39.3943,2.311
9396.12,2557.28,0.27216,101.589,1335528.5,146.879,3949.62,42.0,33.4831,1.508
10625.6,3394.5,0.31946,121.932,1455343.5,154.196,4880.18,75.0,29.4115,3.456
15219.6,4587.62,0.30142,211.283,2118471.2,246.314,5314.84,291.0,24.6518,1.949
22825.5,5279.66,0.2313,327.542,3147965.0,402.112,6221.46,162.0,19.8461,1.029
7394.0,2890.06,0.39086,64.7043,1096520.9,104.56,3200.6,52.0,39.1794,17.23
5279.7,1391.19,0.26349,56.1587,718950.06,69.1778,2570.48,25.0,41.5768,4.459
12123.9,3292.56,0.27157,149.161,1616047.2,165.506,4515.14,58.0,31.5172,2.442
13779.9,4745.03,0.34434,168.803,1974307.2,216.216,4851.05,130.0,26.3832,20.569
9903.62,2525.33,0.25499,95.7899,1347809.1,125.412,4616.07,43.0,29.2834,11.919
4651.06,1257.14,0.27029,38.3569,634284.94,63.6116,1453.86,13.0,44.1892,7.15
7410.36,2379.38,0.32108,62.2023,1035003.44,89.587,4296.09,78.0,38.3581,11.584
6869.72,1834.91,0.2671,67.5845,930765.4,91.3492,2994.78,22.0,39.1024,2.147
3288.84,958.21,0.29135,24.3353,445235.72,32.8653,1392.31,2.0,45.7646,2.127
13617.4,4490.46,0.32975,156.743,1947870.8,210.432,5567.96,87.0,25.4163,2.34
11239.5,3531.08,0.31416,137.609,1605015.2,158.159,4099.97,140.0,30.6964,9.212
9339.09,3125.5,0.33466,53.5488,1268550.2,135.906,4205.91,27.0,35.3185,14.647
8743.15,2428.11,0.27771,93.6212,1197834.8,115.062,3776.38,38.0,35.3003,2.237
15713.9,5083.16,0.32348,92.1999,2197788.0,220.99,4696.79,158.0,27.9512,14.453
6321.96,1369.49,0.21662,57.7366,870691.9,81.8233,2905.55,21.0,39.8875,1.561
12962.3,3389.21,0.26146,141.295,1761875.6,159.817,3971.02,186.0,32.4022,2.969
10375.6,2799.63,0.26982,97.9678,1417444.2,145.251,3912.2,34.0,34.2851,6.25
9019.6,2465.06,0.2733,64.5544,1302923.9,100.42,2778.68,64.0,39.446,10.962
7774.66,2918.64,0.3754,74.945,1125174.5,105.723,3075.44,45.0,35.5761,16.036
9384.92,2235.75,0.23822,110.142,1281864.6,134.206,4038.05,48.0,33.9962,2.305
6085.54,1886.81,0.31004,51.9809,853536.7,87.9686,3354.81,53.0,39.1301,15.105
8208.52,1698.16,0.20687,74.8858,1159692.6,96.8204,3265.88,41.0,37.4067,12.179
8661.43,3154.46,0.36419,71.9422,1222953.9,131.143,3610.54,21.0,35.9679,16.802
7273.63,2082.88,0.28636,50.8774,1024585.7,98.3343,3020.34,22.0,42.3773,13.344
15890.9,5181.8,0.32608,234.997,2170373.8,256.619,5350.24,120.0,24.0396,1.947
11296.2,3545.35,0.31385,111.232,1544275.0,175.521,4402.23,69.0,32.0115,1.26
9794.21,3004.12,0.30672,111.902,1352240.5,173.129,3770.15,19.0,33.5257,2.916
7083.84,2189.07,0.30902,53.6175,964112.06,97.19,2869.96,39.0,39.3678,15.588
8749.85,2494.63,0.2851,79.9087,1223431.4,105.724,4349.4,62.0,34.0002,2.774
5347.56,1495.1,0.27958,48.4896,738624.56,76.2233,2361.15,81.0,41.762,14.926
14343.5,4896.6,0.34138,154.596,2064989.6,240.567,4954.59,163.0,27.0887,9.356
9205.5,2974.55,0.32312,104.613,1244666.8,135.198,3942.78,30.0,34.4112,4.875
9858.99,3746.35,0.37999,68.1741,1387815.1,139.076,5628.45,63.0,29.2157,15.836
14977.4,3947.22,0.26354,185.042,2107106.5,212.7,5700.01,70.0,22.9902,1.286
3181.06,1282.72,0.40323,23.1291,428867.94,46.4882,1257.64,10.0,45.862,6.378
5021.93,1811.83,0.36078,32.7495,710930.25,65.0648,2160.72,48.0,43.4848,11.886
7400.99,1772.33,0.23947,84.3147,1029982.0,106.96,3849.42,23.0,36.3188,1.317
6510.85,2675.02,0.41085,62.4824,885263.8,105.874,3392.66,66.0,38.016,13.89
8880.03,4410.78,0.4967,75.8119,1201045.6,151.455,3420.81,74.0,36.5646,12.705
8698.93,2074.59,0.23848,86.4024,1226166.2,106.879,4700.82,27.0,33.1469,1.679
11394.8,3419.2,0.30006,109.065,1575300.1,151.247,4488.87,160.0,31.0769,14.836
11206.8,4800.36,0.42834,105.436,1508346.4,193.014,4944.62,42.0,30.5828,17.041
8903.92,3450.6,0.38753,94.2859,1252042.2,119.073,4009.7,31.0,35.4811,14.325
9688.1,2555.49,0.26377,107.331,1355783.6,152.836,4171.99,50.0,32.2246,3.538
20025.3,6539.93,0.32658,252.753,2778148.0,317.739,5456.05,90.0,23.1989,3.601
15447.4,5007.44,0.32416,213.95,2136348.2,247.293,5320.62,296.0,24.1509,2.038
14544.5,4451.29,0.30604,213.2,2019090.6,247.851,5310.01,295.0,24.7139,2.957
11339.3,2975.52,0.2624,141.58,1626062.6,152.726,4164.0,115.0,32.2941,3.129
8893.79,2225.32,0.25021,110.921,1228507.4,139.136,3994.79,39.0,34.2416,1.887
14978.5,5375.85,0.3589,189.441,2096426.2,252.351,5364.93,148.0,25.6057,2.32
8890.78,2870.91,0.3229,61.3536,1271840.9,109.525,4636.19,49.0,37.3448,17.152
7251.23,1912.23,0.26371,72.4967,976733.06,108.804,3484.44,79.0,36.6261,2.375
9627.49,3017.46,0.31342,94.5772,1335558.2,144.329,4221.55,37.0,34.3187,1.338
8643.4,2008.56,0.23238,73.2693,1216382.1,106.136,3286.74,47.0,37.8523,17.902
3846.46,1230.94,0.32001,33.5036,522453.0,51.4874,1380.87,32.0,44.4857,11.295
6703.78,2468.87,0.36828,61.1328,919948.56,106.081,2917.22,44.0,36.9638,17.286
11172.0,3004.41,0.26892,136.408,1545189.2,168.202,4437.44,89.0,31.3241,1.992
17030.0,5989.71,0.35171,158.557,2385750.0,290.44,4788.72,116.0,22.6191,4.108
14170.5,3520.75,0.24845,186.407,1937925.8,214.666,4581.39,179.0,28.9962,1.697
9026.57,1857.13,0.20574,92.0092,1264677.9,105.237,4788.56,24.0,32.7784,2.533
7521.38,1201.63,0.15976,73.6602,1001353.5,90.2454,3115.63,41.0,36.2683,17.49
17096.4,6155.22,0.36003,200.353,2233746.2,238.286,4489.68,106.0,29.8511,3.242
19731.2,7671.72,0.38881,204.509,2705479.0,287.663,8280.28,179.0,19.2914,0.0
10492.0,3261.72,0.31087,135.489,1479609.6,182.21,4251.75,57.0,32.4124,2.035
6007.96,1440.08,0.23969,32.1475,858212.5,76.7767,2448.92,56.0,42.8518,10.678
6623.06,1795.01,0.27102,56.7717,906192.5,91.9159,2829.03,97.0,39.2296,12.733
13952.5,4477.87,0.32093,209.586,1867677.9,239.348,4565.14,33.0,46.5464,2.031
11763.3,2777.67,0.23613,153.394,1665427.6,165.591,4710.85,27.0,29.0841,1.875
8901.7,2714.94,0.30499,108.788,1224198.9,155.437,4117.11,67.0,33.3081,0.776
7092.37,2693.3,0.37974,57.5869,1037461.75,93.4752,3811.63,14.0,36.91,11.216
7904.55,2031.32,0.25698,72.7147,1084906.9,104.771,3588.53,37.0,34.3129,4.509
5779.78,1618.49,0.28002,56.3213,786392.5,77.865,2669.94,25.0,41.1205,4.942
6463.5,1815.87,0.28094,62.2956,892929.56,83.385,3264.53,33.0,38.4288,4.333
10563.3,3261.94,0.30879,133.759,1454106.2,182.398,4199.67,59.0,32.8849,1.618
8987.25,3492.01,0.38855,84.2757,1203287.6,137.558,4209.41,37.0,31.7103,4.557
20196.9,7671.24,0.37982,206.388,2676716.8,297.625,6377.47,114.0,21.3722,18.257
5121.27,1951.06,0.38097,34.19,723923.6,65.2098,2588.55,38.0,43.582,3.445
7506.37,2476.17,0.32987,64.4451,1047487.94,106.117,3231.97,39.0,37.4533,16.33
7887.47,2614.15,0.33143,77.4082,1101396.0,102.872,3817.65,42.0,35.6569,11.586
13436.8,4627.87,0.34441,142.609,1843058.9,203.804,4550.57,95.0,30.5536,9.399
10926.5,4392.49,0.402,96.4118,1563734.2,153.525,5541.74,45.0,34.6291,15.424
9748.68,3641.85,0.37357,79.4329,1405827.5,139.313,4228.69,30.0,34.4214,3.669
7711.02,2502.85,0.32458,72.446,1041676.2,111.899,3389.08,79.0,37.0148,4.39
8739.93,2464.59,0.28199,60.488,1237840.6,98.7686,3199.19,33.0,38.0539,16.074
5493.81,1293.86,0.23551,52.5677,762529.1,66.779,3255.74,60.0,39.4901,1.623
4403.03,931.85,0.21163,44.3313,599425.3,65.1513,2581.87,12.0,42.1923,2.357
13056.4,3926.68,0.30074,134.89,1817074.1,170.129,5078.14,67.0,29.6755,13.069
15351.9,5368.89,0.34972,194.847,2140112.8,278.098,5355.18,115.0,25.077,7.829
9358.49,2539.16,0.27132,80.29,1304549.8,122.518,4118.29,81.0,33.7508,5.991
6838.47,2426.52,0.35483,53.6852,992991.3,89.6065,3707.67,36.0,38.4192,16.511
4320.14,1463.78,0.33882,32.684,595658.94,53.2418,2278.0,48.0,43.3604,13.357
7263.31,2135.35,0.29399,72.0874,985089.06,104.036,3354.01,78.0,37.2125,3.55
6187.72,1599.34,0.25847,63.4443,867686.3,91.5153,2794.65,14.0,40.0254,9.247
15670.6,4749.56,0.30308,166.989,2223961.0,194.384,5516.79,151.0,29.5575,19.841
14328.4,4593.19,0.32056,146.708,1971169.5,212.999,4221.7,163.0,30.7887,20.456
21866.7,7463.17,0.3413,185.85,3104302.5,360.425,16579.15,94.0,25.8495,2.743
17978.7,5584.66,0.31062,162.797,2583292.5,262.181,5412.56,51.0,28.9985,3.064
16021.8,6337.83,0.39557,191.082,2215633.5,263.6,4956.28,27.0,26.0135,2.135
6844.31,1989.91,0.29073,66.2805,947888.4,89.8702,3900.47,72.0,37.6467,4.619
11433.9,3518.66,0.30773,140.93,1599353.8,168.909,4414.74,63.0,30.4158,4.356
7818.4,1899.87,0.24299,87.6222,1090502.8,109.427,3872.87,22.0,35.5085,1.627
7667.05,2520.28,0.32871,53.8177,1092593.4,94.3672,3715.31,55.0,37.5192,0.0
9552.44,3931.33,0.41155,86.9237,1303576.4,129.596,3984.27,37.0,35.6842,18.156
3919.68,1210.92,0.30893,34.8712,535763.75,49.4522,1390.87,17.0,44.2675,1.566
17298.4,4409.65,0.25491,216.779,2413181.2,281.272,5643.28,213.0,22.5177,2.583
10498.1,3062.15,0.29168,137.309,1476602.4,175.918,4265.29,64.0,32.4382,1.812
6354.55,1556.71,0.24497,65.2549,858016.0,91.9817,3291.04,51.0,39.1956,7.674
4428.45,1291.98,0.29174,37.5052,607468.4,60.9141,1451.99,9.0,44.334,6.552
13788.1,5022.14,0.36423,111.362,1905773.4,211.274,5081.54,100.0,28.5958,19.034
16055.5,5350.76,0.33326,209.978,2118997.2,256.898,5304.01,193.0,24.9299,18.45
4971.87,1914.97,0.38516,33.3224,702309.7,65.463,2428.73,44.0,43.3923,9.577
6079.2,2301.01,0.3785,48.0359,843630.25,84.4792,2546.07,29.0,41.3779,4.223
12366.9,3908.9,0.31607,96.7802,1703236.9,192.965,4575.36,149.0,31.4178,3.682
7899.59,2061.8,0.261,75.6595,1088153.6,97.5768,3534.92,80.0,32.0483,12.755
12959.3,5226.92,0.40333,63.4693,1665074.2,212.111,4746.5,77.0,33.0011,19.661
13247.6,4587.56,0.34629,126.262,1754640.1,192.581,4521.02,107.0,33.6515,19.516
4025.81,1206.57,0.2997,32.7381,555345.2,51.3178,1399.1,19.0,44.315,1.447
5446.18,1663.01,0.30535,53.8524,753846.8,80.6302,2645.51,73.0,40.8231,16.117
11374.4,3484.02,0.3063,106.254,1632260.1,166.015,4306.45,132.0,32.6034,17.673
24391.4,9312.49,0.38179,240.366,3381233.5,376.928,7049.37,122.0,17.3597,12.006
23441.3,6813.19,0.29064,304.914,3242514.2,356.355,6385.71,101.0,17.4644,3.916
5639.39,923.73,0.16379,52.5948,774560.3,62.6215,2988.76,21.0,39.9193,4.085
5530.55,2066.97,0.37373,41.1068,747418.1,87.6919,3292.7,6.0,43.4388,12.289
12260.1,3911.27,0.31902,133.462,1640808.1,172.843,4352.61,49.0,33.5362,2.376
5536.54,1426.11,0.25758,54.0541,786203.44,67.1513,2868.78,1.0,38.6476,11.986
9996.93,2174.95,0.21756,88.6553,1406602.5,119.263,4759.31,33.0,32.7829,3.155
7505.3,3251.47,0.43322,56.7361,1055181.5,132.337,2720.54,60.0,39.4447,12.679
5238.54,1126.62,0.21506,48.6427,752151.75,60.535,2202.56,60.0,42.3815,1.38
7914.97,2289.78,0.28929,78.871,1111717.9,116.05,3850.07,40.0,46.5464,3.968
5679.33,1280.42,0.22545,51.7802,798696.94,65.5572,3169.69,55.0,46.5464,2.333
8412.57,2112.48,0.2511,103.164,1170347.2,122.949,3230.1,4.0,36.9262,0.594
7598.77,2517.13,0.33125,68.4398,1053855.8,109.326,3222.77,15.0,38.3286,2.662
12606.3,3699.13,0.29343,134.996,1777958.2,206.928,5597.95,69.0,46.5464,0.0
9246.67,3414.13,0.36922,83.3981,1281655.0,125.129,3934.57,52.0,37.9121,3.993
10666.3,3815.81,0.35774,97.3297,1415807.1,154.257,4855.5,47.0,33.3503,16.209
15156.5,5263.81,0.34729,118.87,2028679.8,226.775,5010.18,83.0,28.5259,17.811
9778.36,2422.85,0.24777,100.688,1397274.2,146.013,3897.59,41.0,33.6458,2.293
6786.98,1790.79,0.26385,83.8093,914519.44,89.9583,3232.11,43.0,38.3979,11.687
14533.9,4786.84,0.32935,164.201,2024378.4,224.558,4956.29,65.0,28.6754,3.883
6180.35,969.47,0.15686,49.4171,855266.8,70.3184,2702.06,0.0,42.1368,13.212
5132.69,1217.24,0.23715,44.6611,683560.2,73.7594,2849.48,74.0,42.8814,11.554
23370.4,7009.24,0.29991,302.995,3253168.2,375.782,6288.69,104.0,17.9902,3.5
5161.21,1600.58,0.31011,40.7606,724542.3,61.6733,2299.09,29.0,42.9548,12.411
6340.35,2277.26,0.35916,39.8006,867214.56,91.3702,2386.91,15.0,41.5749,13.222
9591.88,2853.93,0.29753,113.796,1334218.2,155.713,4312.87,66.0,33.5341,3.291
14154.4,5095.63,0.36,163.459,1972637.8,210.776,5016.72,86.0,27.4691,5.316
11584.0,2482.66,0.21431,148.035,1641250.6,177.869,4603.21,54.0,29.9973,0.969
8056.13,1840.72,0.22848,78.0957,1153575.8,94.44,3604.09,16.0,36.3267,11.524
10090.6,3951.67,0.39161,108.291,1423794.6,153.975,4278.57,98.0,32.505,6.897
7228.55,2399.05,0.33188,78.1596,1004100.3,91.6496,3644.34,32.0,36.2275,2.188
11176.5,3810.39,0.34092,82.878,1530506.0,167.601,4292.54,127.0,32.1892,3.433
7275.59,2392.96,0.3289,76.1165,995589.06,117.702,3078.95,74.0,39.145,0.784
14094.7,4701.46,0.33356,179.235,1997672.2,234.14,5315.94,78.0,27.3316,15.366
19669.6,6290.09,0.31978,171.012,2645814.2,272.339,5763.49,147.0,20.7966,19.453
19119.5,6301.16,0.32956,257.976,2588735.2,331.92,5810.91,328.0,20.7226,2.848
8418.29,2894.32,0.34381,67.8071,1179570.5,115.096,3780.02,19.0,38.3434,18.239
23126.1,6986.18,0.30209,303.548,3225148.5,381.564,6275.47,86.0,17.7946,3.124
6511.74,2358.37,0.36217,53.8222,905476.06,106.07,3520.35,18.0,40.1994,10.915
15187.6,5186.15,0.34147,152.509,2112269.8,220.379,5309.04,137.0,27.1939,20.251
6573.81,1751.66,0.26646,61.784,931934.8,75.2564,3435.44,55.0,40.2348,11.282
19519.7,5800.58,0.29716,210.847,2760152.2,312.954,5983.9,272.0,20.4824,20.712
5812.96,980.0,0.16858,50.2001,800990.1,65.0256,3038.76,23.0,39.6492,3.837
11174.5,5163.78,0.4621,104.149,1510180.8,181.018,3662.34,79.0,36.1373,16.91
9279.18,3032.36,0.32679,103.613,1308821.0,124.868,3643.54,14.0,34.711,3.633
15084.3,3974.98,0.26351,185.709,2138453.0,208.605,5684.13,69.0,23.0531,1.276
8102.24,2784.14,0.34362,66.0839,1115327.8,116.201,5011.21,59.0,32.0185,19.994
12847.7,3771.4,0.29354,134.063,1792989.9,168.206,4220.68,31.0,31.982,3.234
20260.7,6503.79,0.321,209.972,2782863.8,331.989,6074.67,239.0,20.3687,10.768
14123.4,4824.84,0.34162,106.921,1959338.8,187.983,4689.93,27.0,35.1625,20.536
7361.68,1353.85,0.1839,76.2262,1019790.6,85.4985,3038.15,21.0,36.5315,16.961
9413.32,2645.57,0.28104,96.0253,1273059.5,127.432,3640.46,42.0,34.824,4.967
9710.51,2146.62,0.22106,113.576,1338630.1,128.937,4220.58,54.0,34.0804,1.843
13679.1,3476.97,0.25418,123.516,1937266.0,173.688,5056.06,37.0,29.0393,4.108
9091.19,2650.96,0.29159,79.8831,1272677.6,105.752,4341.47,61.0,34.8616,3.706
10822.5,2677.29,0.24738,144.554,1439741.6,168.623,4395.14,44.0,31.2422,3.418
15561.9,5335.12,0.34283,242.334,2159682.5,284.78,5689.74,201.0,21.9984,2.75
13099.9,4191.48,0.31996,157.419,1854122.6,234.485,4416.26,99.0,30.0245,2.391
5939.93,1597.24,0.26889,63.6602,743395.4,94.3356,3092.38,19.0,39.3886,2.42
4890.35,1336.27,0.27324,45.919,681366.2,54.0148,1961.64,12.0,43.6499,2.791
10495.1,3749.07,0.35722,99.8773,1455459.5,156.082,3920.76,16.0,36.7655,3.878
11308.4,2677.93,0.2368,136.535,1578226.8,170.601,4723.08,175.0,28.5112,0.787
6046.68,1515.26,0.25059,51.7563,788187.2,95.744,3714.04,15.0,40.3341,1.672
10526.1,2712.45,0.25768,128.835,1440656.2,154.134,3657.24,24.0,34.401,3.021
7799.82,2065.74,0.26484,60.9044,992459.56,102.156,3269.38,51.0,39.2134,13.756
11019.4,3264.4,0.29624,134.714,1512828.1,167.787,4896.95,74.0,29.0905,3.261
11653.5,3153.74,0.27062,150.378,1671019.1,160.862,4118.49,124.0,32.4798,2.473
7185.01,1969.05,0.27404,63.9122,1000742.8,90.0445,3320.8,26.0,37.8273,4.849
14619.8,3939.02,0.26943,210.793,2059297.4,241.357,5003.79,139.0,26.4097,3.511
4691.17,1523.25,0.3247,48.4055,650206.75,60.9025,2196.22,21.0,41.0043,6.438
15120.3,4609.34,0.30484,191.691,2025241.5,258.221,5288.9,126.0,25.4332,6.811
10120.5,2386.48,0.2358,124.318,1404492.9,162.793,4597.1,74.0,30.2141,1.264
8225.25,2046.31,0.24878,67.6528,1126811.2,108.604,3692.91,55.0,37.5282,11.614
15738.4,5430.39,0.34504,150.552,2254916.8,240.411,5512.96,151.0,29.0962,12.308
10753.0,3381.32,0.31445,133.425,1544310.1,163.649,4368.13,47.0,32.156,3.759
6260.14,2266.03,0.36197,80.4865,850431.8,92.0465,3233.63,56.0,38.7091,1.53
5730.93,1992.22,0.34762,56.1867,780667.9,96.3528,2396.55,47.0,41.7948,14.685
9589.77,2937.56,0.30632,81.923,1335535.4,129.746,4075.48,90.0,35.2426,14.212
9922.14,2773.66,0.27954,113.276,1404869.4,151.886,4234.85,54.0,33.5392,2.832
15117.1,3760.87,0.24878,183.838,2144698.2,208.076,5667.95,67.0,22.9925,1.186
14420.8,5090.36,0.35298,136.647,1941710.0,235.748,5045.99,94.0,30.3896,17.724
9498.13,2436.04,0.25647,111.604,1348404.2,145.002,3891.06,41.0,33.6932,2.16
6766.93,2358.91,0.34859,65.1263,946348.5,99.3279,3524.67,41.0,37.0243,14.352
7484.08,3079.49,0.41147,75.1878,1018239.44,102.185,3369.93,58.0,38.2729,11.019
15417.7,3409.17,0.22112,179.987,2193984.5,235.062,4936.67,80.0,27.1281,2.616
22439.7,6637.62,0.29579,293.212,3077687.2,381.227,6347.36,98.0,17.6388,3.321
8652.2,2877.4,0.33256,68.1075,1156397.0,131.659,5071.56,65.0,37.4338,4.747
5079.5,1502.85,0.29586,51.437,667653.0,75.4583,2839.15,40.0,40.7708,16.819
11704.2,3981.74,0.34019,107.449,1708765.2,170.788,4241.98,97.0,33.0321,18.945
14241.5,3851.8,0.27046,173.79,1961588.4,195.674,5143.99,62.0,28.6456,2.392
9351.48,2637.56,0.28204,101.039,1279468.2,160.528,4131.95,73.0,33.2292,0.673
9525.91,3278.0,0.34411,98.3294,1334381.5,144.611,4032.02,34.0,31.4959,2.761
3734.24,1581.18,0.42342,26.8192,514717.53,49.958,1305.38,20.0,45.3727,8.142
12648.2,4188.83,0.33117,134.184,1783541.2,203.609,4458.41,120.0,32.4732,15.481
4722.27,1678.47,0.35543,34.5429,635344.9,67.9679,1427.47,29.0,44.4768,11.242
10321.1,3047.04,0.29522,96.2899,1412268.8,152.363,3572.83,20.0,34.4724,14.239
6546.33,1974.7,0.30164,64.7184,824110.1,97.3712,3240.89,35.0,38.8755,0.0
14470.4,5136.35,0.35495,172.301,2111688.2,280.134,4913.18,77.0,27.1177,2.329
9631.01,3139.1,0.32593,89.1567,1290268.8,140.213,4520.91,100.0,32.1803,3.163
16357.1,5248.83,0.32089,190.51,2236213.2,264.519,5323.57,89.0,24.9708,8.018
11930.6,3576.61,0.29978,96.0295,1637384.8,148.856,4691.91,37.0,35.1439,10.121
8712.43,2766.76,0.31756,100.936,1195261.4,146.145,3331.27,21.0,36.1141,2.783
15587.0,4419.35,0.28352,181.812,2139226.8,264.393,5206.72,89.0,25.7519,6.69
14245.6,5107.6,0.35853,129.013,2036654.9,211.71,5103.35,139.0,26.8988,18.979
3739.25,1460.5,0.39058,27.5043,511392.16,48.664,1623.85,8.0,43.8628,9.845
8043.75,2343.79,0.29138,67.6564,1105441.9,114.423,3790.91,31.0,36.06,2.59
5073.77,1531.16,0.30177,43.3152,702063.25,61.0422,1958.57,25.0,43.8279,2.158
10917.1,3301.52,0.30241,98.7991,1499052.4,163.146,4370.47,34.0,30.7365,5.125
12193.0,2467.47,0.20236,140.75,1669672.9,204.54,4837.33,140.0,46.5464,0.656
5489.62,1483.02,0.27014,48.0935,759802.06,76.4012,2351.27,83.0,41.841,15.017
10727.9,2550.4,0.23773,137.903,1494425.4,163.099,4715.6,174.0,28.5145,0.67
10468.9,3008.16,0.28734,102.43,1485289.2,122.613,4039.78,31.0,31.8428,13.196
14694.4,5032.73,0.34249,157.77,2019412.9,219.525,5130.79,78.0,28.2749,11.033
3410.95,1023.34,0.30001,29.6685,468869.66,45.2534,1635.37,35.0,46.6951,10.06
14636.4,2928.43,0.20007,197.99,2037005.2,269.467,4719.28,89.0,46.5464,0.0
14481.6,2998.18,0.20703,183.622,2036589.0,191.315,4106.38,141.0,31.8491,1.293
15514.3,3837.58,0.24735,245.114,2114828.5,262.457,4771.98,298.0,27.657,4.389
5684.33,1192.64,0.20981,58.7722,786927.5,72.2703,2662.3,19.0,40.8821,1.272
8560.22,3249.41,0.37959,91.3048,1189404.6,136.458,3354.59,62.0,35.824,16.893
8507.9,2737.23,0.32172,74.2901,1200553.2,115.884,3063.34,81.0,38.5169,19.242
11276.2,2813.63,0.24951,103.823,1651307.5,139.932,4563.22,87.0,28.8292,16.186
9783.48,3505.07,0.35826,106.326,1375473.8,147.106,3615.38,19.0,35.3465,3.801
5190.83,2077.8,0.40028,35.0916,736414.9,68.4241,2558.23,39.0,42.7544,2.548
5603.08,1375.61,0.2455,46.2321,784401.0,69.8028,3011.57,14.0,41.8896,2.525
13780.9,4330.59,0.31424,155.508,1967873.4,210.45,5935.85,70.0,24.9692,1.709
7325.81,3228.89,0.44075,61.9212,1044711.4,104.805,2404.14,79.0,40.2479,10.956
16888.0,5860.07,0.34699,194.084,2338663.2,268.208,5798.1,128.0,24.1192,8.687
9932.28,2758.65,0.27774,117.135,1367493.5,145.787,4183.5,127.0,32.7699,2.195
6871.95,1859.9,0.27065,67.3483,930064.5,86.0431,2988.76,20.0,39.0295,1.829
15397.2,5850.55,0.37997,201.736,2085984.2,261.57,5388.24,175.0,24.7229,17.826
6431.05,1924.17,0.29919,64.6697,849471.7,90.241,3373.55,59.0,39.1137,5.179
15124.6,2854.62,0.18874,176.0,2111310.5,215.387,4727.57,27.0,28.4143,1.373
10886.6,2798.68,0.25707,130.993,1515853.8,169.364,4663.03,173.0,28.944,0.774
19085.4,5078.82,0.26611,185.74,2710838.5,259.242,5815.93,238.0,22.0513,8.138
7535.41,2070.56,0.27477,63.1016,1053365.6,95.5546,2813.95,89.0,39.362,12.554
6034.5,1269.59,0.21038,55.7463,825616.75,78.0057,2791.6,18.0,40.3023,1.085
11951.3,4918.62,0.41155,86.0068,1657351.5,184.333,4196.18,101.0,32.5823,6.426
9489.2,2632.9,0.27746,76.1758,1304060.9,123.313,4319.72,52.0,37.0363,15.358
7976.2,3117.25,0.39081,79.6853,1071657.6,132.862,3427.62,59.0,37.207,12.146
5039.7,1412.49,0.28027,43.9844,696497.6,59.9597,2002.46,21.0,43.5153,4.644
9077.49,2160.46,0.238,99.786,1290338.4,128.952,3800.08,41.0,35.115,2.828
11265.2,4198.21,0.37267,77.5297,1491623.4,178.26,4585.7,70.0,31.0622,19.369
4903.42,905.15,0.18459,44.9423,705606.0,56.8471,2186.31,81.0,42.7218,0.668
4780.51,1220.18,0.25524,29.8199,675505.56,57.9746,2276.18,48.0,43.6763,7.866
23180.2,7024.36,0.30303,306.75,3202998.5,370.324,6352.1,107.0,17.5413,3.846
11650.3,3994.9,0.3429,112.188,1711572.4,159.14,4553.2,108.0,31.5889,19.619
7332.46,2765.14,0.3771,78.5698,1007613.4,105.695,3499.91,60.0,38.353,2.067
23068.7,7390.86,0.32038,252.94,3111593.0,259.318,5330.7,255.0,24.5259,5.067
7908.97,2606.32,0.32953,90.4046,1062306.4,133.503,3961.96,44.0,36.0068,5.661
8193.99,2010.63,0.24537,62.9231,1167260.4,95.9572,3091.2,35.0,37.9995,13.464
8687.69,2952.22,0.33981,91.9018,1219932.4,125.833,3597.23,96.0,36.9069,3.792
13673.4,4725.16,0.34557,163.748,1905000.1,245.345,4821.79,96.0,27.0152,3.731
6908.97,2936.94,0.42509,63.8967,989318.8,99.1797,2323.35,84.0,40.1899,14.756
13279.8,4678.84,0.35232,121.756,1874899.4,181.998,3944.53,192.0,34.5898,17.585
5800.35,1974.78,0.34045,59.2711,751898.4,98.2638,2412.74,34.0,40.4209,2.907
5418.27,1105.53,0.20403,53.3202,741086.94,85.6069,2699.89,24.0,37.8212,15.22
6849.02,1629.34,0.23789,54.1313,901648.9,88.9369,3448.31,44.0,38.8016,6.284
5772.35,1669.49,0.28922,51.1725,806155.06,92.1503,2567.82,91.0,40.9542,13.757
7140.24,2301.33,0.3223,66.5821,968442.8,101.055,3333.71,24.0,39.4342,2.575
22798.2,5385.48,0.23622,322.649,3140472.0,406.99,6214.56,165.0,19.8219,0.993
5198.92,1841.96,0.35429,63.8851,705580.94,88.1772,3040.85,29.0,39.8755,6.331
8627.91,2211.48,0.25631,92.4731,1210383.6,127.843,4038.37,161.0,31.6113,1.394
7215.61,1769.2,0.24519,58.0024,1011063.7,93.3588,2546.35,28.0,40.309,14.583
19602.6,5401.65,0.27555,199.873,2697553.5,292.614,6026.22,252.0,20.5858,7.872
9822.29,3737.94,0.38055,96.7213,1406525.5,154.221,3871.13,86.0,35.4367,12.658
8341.32,2274.28,0.27265,85.592,1174894.0,118.01,3913.79,90.0,35.32,5.849
7925.91,3518.05,0.44386,67.5239,1110976.0,114.012,2750.51,61.0,38.1493,14.18
13801.8,4554.82,0.33001,164.903,1888919.2,243.766,4431.29,138.0,30.905,18.598
20936.9,8064.71,0.38519,187.202,2893517.5,375.491,15482.05,141.0,27.2533,3.153
5310.74,981.94,0.18489,47.5963,764639.94,69.7854,2847.81,58.0,40.3022,1.33
13264.0,4291.84,0.32357,163.829,1840705.5,195.152,4864.09,90.0,28.3643,4.976
13344.2,2120.06,0.15887,174.306,1847834.6,222.778,5037.15,104.0,27.2989,3.33
4592.38,1023.85,0.22294,44.818,626671.44,60.4767,2605.11,9.0,42.7855,2.438
16190.4,4547.75,0.28089,248.15,2205742.0,270.36,4736.83,257.0,27.8494,3.998
6413.38,1820.89,0.28392,66.1109,848857.3,96.0152,2801.05,36.0,40.3662,6.991
5546.93,1669.01,0.30088,50.3509,781969.7,73.4788,2461.72,98.0,41.4035,11.854
8683.25,2643.49,0.30443,91.0727,1187166.6,99.1512,4295.84,24.0,36.7534,17.142
6648.23,1738.35,0.26147,57.4579,913513.9,96.6605,3113.07,56.0,39.5451,10.856
8039.25,2297.18,0.28574,87.4432,1110305.5,113.54,3103.93,21.0,37.5014,0.577
5586.84,1298.59,0.23243,53.5006,737943.75,84.9263,3333.04,14.0,40.6323,2.321
14683.5,3757.88,0.25592,198.707,2056748.4,251.009,4956.55,113.0,26.5638,2.143
7578.26,2025.16,0.26723,68.7418,1021965.1,103.896,3476.32,75.0,37.3098,3.608
13993.0,3841.08,0.2745,177.429,1905936.8,245.087,5239.95,91.0,25.4527,5.036
9691.93,4037.25,0.41655,76.1941,1310373.9,151.223,3934.37,22.0,36.2151,10.483
8478.55,2206.94,0.26029,91.5054,1199770.2,128.166,3996.13,164.0,33.5263,1.339
18456.4,5547.63,0.30058,203.347,2523254.8,312.959,6073.89,228.0,21.9522,8.304
6258.62,1496.4,0.23909,63.3977,872937.75,85.2139,2739.54,44.0,40.6544,1.89
7680.88,2259.65,0.29419,61.8979,1083540.9,101.55,3963.96,44.0,37.5819,18.083
15656.1,4564.94,0.29157,189.401,2175255.0,228.157,5658.39,138.0,23.1545,0.969
14674.5,3576.29,0.2437,201.054,2050781.2,240.558,4946.31,133.0,26.9531,2.821
12098.5,3534.24,0.29212,134.416,1721125.2,180.494,4814.4,70.0,32.5284,2.775
5956.13,1523.55,0.25579,67.714,833751.06,75.4737,2822.66,73.0,39.3615,7.659
8457.85,2941.31,0.34776,61.1668,1137996.5,117.392,3770.05,59.0,36.9048,14.15
6253.79,1760.48,0.2815,46.9323,808225.7,88.3439,2144.88,41.0,41.707,11.645
6993.45,2276.44,0.32551,52.0616,980935.25,105.577,3682.75,49.0,38.4339,15.416
17154.6,5151.97,0.30032,203.246,2462924.2,279.784,5323.85,239.0,24.346,14.345
5941.8,1579.45,0.26582,57.4478,774540.6,73.0693,2977.18,41.0,39.4588,18.743
10914.2,3197.13,0.29293,133.917,1500775.9,164.478,4864.0,74.0,25.3944,3.225
8113.47,1640.54,0.20219,76.5341,1067745.8,101.497,3945.15,32.0,38.9136,12.93
14267.4,3239.96,0.22708,167.699,2031306.0,225.818,4833.59,80.0,27.16,3.033
20959.1,5903.17,0.28165,198.343,2996893.5,310.752,6687.33,283.0,18.7346,6.547
17723.0,6252.09,0.35276,201.701,2454618.2,323.306,5847.7,229.0,21.781,9.559
5243.84,1108.79,0.21144,45.4976,732290.5,65.0679,2654.13,15.0,41.5043,3.279
8172.12,2460.07,0.30103,69.083,1082394.9,106.875,3695.52,23.0,36.4116,5.065
9070.3,2915.11,0.32139,93.5201,1285818.2,121.136,3458.48,72.0,36.7712,14.058
3818.42,1188.9,0.31135,33.1619,523417.5,49.7701,1397.85,17.0,44.3278,1.743
18439.8,5286.97,0.28671,144.747,2493211.2,255.811,18791.34,87.0,29.3102,5.111
13300.8,4441.86,0.33395,163.233,1840171.9,195.938,4899.61,76.0,28.2958,3.002
6853.17,2227.04,0.32496,63.8151,964516.4,84.5767,2417.9,74.0,40.268,3.732
17845.7,5184.59,0.29052,211.726,2442501.0,282.366,6143.71,234.0,19.3891,7.976
8624.05,2188.35,0.25374,97.5687,1208432.0,121.526,3230.89,4.0,37.0283,0.44
9863.9,3755.13,0.38069,136.004,1288526.9,190.065,4537.39,184.0,31.3289,2.44
11004.4,3919.52,0.35617,93.3183,1537958.5,143.005,4530.66,113.0,31.8603,16.022
9844.0,3439.45,0.34939,86.5926,1335019.1,156.174,4017.66,17.0,33.8832,19.128
7130.77,2051.04,0.28763,66.0467,1004832.75,90.6921,3597.11,32.0,37.9533,1.797
7549.78,2939.65,0.38936,61.8211,999872.0,119.544,2616.98,76.0,39.1702,14.747
5927.07,2193.84,0.37013,49.1084,832651.94,84.8236,2480.05,27.0,42.657,2.023
6912.95,1757.39,0.25421,72.4757,931037.4,91.9283,2926.27,13.0,34.7658,13.264
11255.5,2603.1,0.23127,127.314,1567632.8,170.778,4731.52,176.0,28.4295,0.683
15872.3,5046.9,0.31796,152.402,2218515.5,265.731,4879.04,122.0,27.2021,3.804
4885.56,1579.7,0.32334,56.2087,664131.8,75.5165,2630.08,49.0,41.8856,12.159
3904.54,1184.85,0.30345,33.5026,531164.3,50.2373,1385.79,32.0,44.4654,11.356
10395.2,3233.18,0.31102,124.394,1394189.6,160.137,4041.51,41.0,33.7611,1.746
17539.7,5404.04,0.3081,229.544,2480173.2,291.286,5725.86,129.0,20.6882,4.008
11653.5,3153.74,0.27062,150.378,1671019.1,160.862,4118.49,124.0,32.5041,2.473
7420.81,1951.3,0.26294,63.4515,1019767.7,100.241,3181.17,31.0,35.3125,4.21
15620.7,4779.47,0.30597,229.909,2125246.2,259.703,5424.45,128.0,23.0519,1.799
13298.1,4059.35,0.30525,170.066,1837333.6,211.259,4757.51,119.0,28.9566,4.751
7517.74,2535.95,0.33732,59.3665,1054190.0,112.739,3258.46,27.0,36.5963,13.903
9334.56,3322.71,0.35595,99.8382,1271843.1,169.158,4242.79,44.0,34.0851,15.597
8160.78,2128.4,0.2608,81.8901,1157155.9,106.922,4081.98,41.0,34.7088,2.585
10778.9,2925.32,0.27139,182.518,1493246.2,201.465,3876.32,154.0,33.1308,3.644
8268.45,2544.44,0.30772,67.7811,1188690.1,101.105,3186.13,65.0,34.7609,17.712
10701.4,3832.9,0.35816,122.802,1481427.5,182.389,3796.1,37.0,32.2474,3.983
7303.41,2785.3,0.38136,65.7062,1063528.1,103.525,3225.58,34.0,38.8759,1.329
4529.91,1146.57,0.25311,41.798,599287.8,66.2123,2603.94,11.0,43.2842,2.126
5236.12,1603.15,0.30617,41.2904,728125.8,63.2774,2699.23,37.0,40.175,9.16
5766.26,1633.76,0.28333,50.8775,795766.94,77.99,2547.03,97.0,40.9698,14.628
12393.9,4868.12,0.39278,97.7466,1661864.0,192.464,5454.32,72.0,32.2304,17.949
11653.5,3153.74,0.27062,150.378,1671019.1,160.862,4118.49,124.0,32.4069,2.473
8867.13,2982.53,0.33635,88.6866,1227649.2,127.395,3919.2,39.0,36.7086,3.761
6619.37,1539.12,0.23251,61.5942,905563.94,100.935,3189.4,56.0,38.8352,14.48
6330.77,984.76,0.15555,66.3352,897799.9,72.6053,2874.73,54.0,41.0181,12.422
10566.1,2108.99,0.19959,146.673,1476404.6,165.275,4621.2,144.0,29.9257,1.754
11985.5,2144.31,0.1789,144.866,1684042.0,171.17,4637.38,150.0,29.7817,1.593
3785.36,1051.59,0.2778,30.4118,538724.56,43.2104,1205.11,41.0,45.1825,15.807
8582.06,3821.3,0.44526,81.8489,1217721.1,138.46,3638.66,47.0,36.7664,5.533
14433.6,3311.45,0.22942,174.161,2046657.0,225.264,4883.59,103.0,28.055,4.696
10402.1,3403.52,0.32719,95.764,1438671.4,140.2,3655.0,67.0,35.4328,14.048
10100.9,2748.6,0.27211,65.9503,1463299.1,115.623,3670.18,53.0,36.2761,15.138
13071.5,2311.71,0.17685,157.004,1774584.6,215.121,4748.92,108.0,28.687,2.51
8818.19,1679.1,0.19041,81.9763,1248920.0,111.022,3559.17,21.0,36.6558,7.024
9638.5,2281.85,0.23674,97.5479,1326768.6,120.357,4200.96,52.0,33.63,7.53
7291.68,2548.82,0.34955,75.4134,1001213.44,114.178,3173.6,72.0,38.2573,15.197
8659.0,3514.63,0.40589,63.5894,1182090.4,128.46,3816.67,79.0,35.8861,10.505
4069.98,1327.87,0.32625,31.6646,571460.4,50.4631,2340.71,49.0,43.4606,3.574
13109.7,5210.52,0.39745,133.093,1837010.1,211.996,4908.6,52.0,28.1732,4.009
5037.6,1470.42,0.29188,48.1747,704561.44,66.9939,2044.57,2.0,42.1533,4.899
7627.27,2019.87,0.26482,97.8305,1043602.8,121.784,3343.66,124.0,36.2867,1.508
7077.64,2312.82,0.32677,87.2543,977289.1,105.783,3046.17,24.0,38.0812,2.224
6193.1,2393.46,0.38647,58.4117,871702.5,103.329,2675.25,51.0,41.0639,5.453
19477.7,5160.05,0.26492,248.66,2683434.2,273.099,5777.39,226.0,19.3435,3.798
6354.53,3027.22,0.47638,65.0841,884597.8,103.889,2305.44,92.0,40.861,13.598
11489.7,3169.41,0.27584,143.786,1541052.0,185.244,4399.24,45.0,46.5464,3.214
14704.8,3903.29,0.26544,183.106,2075003.6,231.289,4585.17,14.0,29.371,3.32
11009.5,3565.08,0.32381,129.372,1468385.8,188.591,4504.7,138.0,30.9863,18.323
4981.59,1216.94,0.24428,45.0799,694125.75,65.9265,1988.57,2.0,42.5801,2.192
13386.0,3760.54,0.28093,167.869,1867352.5,229.096,4376.78,84.0,30.1505,1.631
7018.2,1633.66,0.23277,60.3646,980324.75,83.3147,2889.89,31.0,39.9682,16.476
6049.57,1222.97,0.20215,62.9115,810694.56,89.8874,3391.49,75.0,31.2066,1.327
15175.0,3881.22,0.25576,207.328,2129263.0,242.053,5013.2,122.0,26.5332,2.388
8588.72,1785.61,0.2079,100.03,1206510.1,118.438,3837.56,49.0,35.2732,2.961
8338.03,2192.69,0.26297,72.3446,1142050.1,113.655,3906.75,85.0,34.9731,4.063
9930.93,2748.15,0.27672,95.9616,1402084.5,140.196,3695.24,21.0,35.6407,3.171
6212.71,1277.22,0.20558,54.5468,858759.7,80.8661,2729.63,17.0,40.9087,1.106
5897.01,808.85,0.13716,50.626,834312.9,66.8442,2772.61,2.0,42.2183,1.185
16513.9,6114.79,0.37028,200.31,2273559.8,275.583,5542.8,193.0,20.7274,19.07
12049.1,4982.24,0.41349,97.9334,1692430.0,170.635,3870.47,64.0,31.9309,17.721
23120.2,6894.65,0.2982,300.592,3208190.2,375.076,6329.79,94.0,16.5821,3.1
14083.1,3572.56,0.25367,184.49,1998982.9,220.254,4460.47,24.0,30.0626,2.849
4733.75,1531.96,0.32362,30.6254,674412.5,56.9396,1289.96,49.0,44.3903,20.668
8055.71,2723.25,0.33805,79.5953,1089963.9,113.58,3599.11,21.0,35.1302,11.458
16096.6,4884.33,0.30343,221.028,2242593.8,245.699,5408.79,291.0,24.036,2.165
13076.7,3286.41,0.25131,127.421,1841804.9,172.147,4798.13,66.0,29.3973,3.058
10970.0,3352.51,0.3056,141.009,1549998.1,156.424,4128.53,143.0,32.4269,2.709
4568.11,1544.66,0.33813,42.0574,667169.5,63.7577,2524.37,43.0,42.3255,10.351
9885.64,3727.38,0.37704,70.246,1383551.5,151.396,5023.73,24.0,38.6483,20.647
5513.04,2012.56,0.36505,52.0785,765236.1,94.0397,2272.82,92.0,42.0434,11.864
4033.0,1241.47,0.30782,34.3116,551643.75,51.191,1389.2,32.0,44.4011,11.21
15105.3,4914.48,0.32534,149.631,2173829.8,220.876,5969.92,93.0,24.4016,1.775
13692.0,3664.12,0.26761,192.966,1877160.2,220.066,4575.84,178.0,29.0318,1.611
9420.83,2628.84,0.27904,87.6584,1325367.8,122.157,4321.98,46.0,33.2067,2.013
4961.15,1118.73,0.22549,42.9569,703314.7,57.475,1997.07,10.0,42.3639,6.856
6926.3,2033.94,0.29365,69.2471,956051.2,99.5273,3180.47,37.0,36.474,3.736
6256.29,1963.61,0.31386,55.341,873495.3,91.2776,2723.54,45.0,40.459,1.962
5327.42,1562.44,0.29328,45.7765,738872.9,66.8525,2024.59,19.0,43.1706,1.871
6419.04,1604.76,0.25,54.0522,893848.2,74.7752,3495.07,55.0,38.8205,2.318
8311.12,2894.49,0.34826,89.9488,1142611.8,118.828,3501.83,55.0,31.9128,16.097
5719.38,1936.94,0.33866,47.8968,787590.3,87.9704,2853.41,57.0,41.4402,11.775
10604.7,2518.76,0.23751,90.3026,1491330.5,128.856,4070.01,153.0,28.9286,6.158
13958.5,4404.6,0.31554,164.691,1931180.4,212.578,5275.77,199.0,27.2274,1.742
9465.57,2998.6,0.31679,84.5924,1339231.5,135.829,4142.33,68.0,33.8079,11.804
6470.77,1723.0,0.26627,54.2367,906393.25,73.521,3346.06,60.0,38.837,2.258
14416.6,4022.35,0.279,168.555,1949234.4,239.131,4752.5,80.0,27.4533,20.159
5481.7,1603.48,0.29251,40.0625,749094.0,84.4175,2846.48,40.0,41.4976,14.141
7955.53,1676.65,0.21075,96.774,1057554.2,109.396,4014.4,57.0,35.8901,3.71
5222.1,1590.92,0.30465,47.9455,731104.7,69.283,2032.09,5.0,42.2648,3.44
13619.9,2837.59,0.20834,157.047,1849558.8,220.465,4765.77,110.0,28.5675,1.851
12302.2,4747.36,0.38589,142.52,1779150.6,195.794,4679.94,150.0,29.2302,17.836
6166.18,1369.41,0.22208,56.4109,873259.25,77.806,2417.54,28.0,35.0587,14.543
9181.47,2409.66,0.26244,96.8616,1272726.9,122.066,3822.84,20.0,32.5662,2.26
7920.53,3655.11,0.46147,42.6618,1108391.0,123.381,4032.74,71.0,35.6014,14.3
5765.62,1615.38,0.28017,53.4589,768346.5,88.8595,2664.01,33.0,41.0852,4.44
9716.11,4136.57,0.42574,90.8999,1384123.1,138.765,4352.37,25.0,35.1114,13.3
13120.0,3644.57,0.27778,133.076,1825106.5,160.167,5148.0,155.0,26.9538,12.503
10762.2,3317.82,0.30828,161.279,1509619.0,203.538,4497.64,91.0,30.4668,5.453
6560.0,1949.64,0.2972,50.7171,931540.6,91.5032,3753.2,16.0,36.3514,15.07
5609.98,1430.16,0.25493,63.432,703976.8,81.2703,2999.77,22.0,39.2808,2.505
11871.0,4991.84,0.4205,103.518,1683858.4,161.12,4599.6,74.0,34.2444,15.676
11241.7,3393.54,0.30187,105.198,1570440.8,144.141,4275.4,70.0,32.0618,20.794
8336.62,2224.98,0.26689,69.6811,1164834.9,103.603,3219.79,63.0,39.5009,14.619
5580.24,893.97,0.1602,53.4159,764946.25,61.211,3019.81,19.0,39.7951,3.71
3860.79,1187.33,0.30753,32.828,523428.2,51.6036,1369.51,32.0,44.526,10.899
5580.52,1895.04,0.33958,39.6002,774623.0,80.7586,2866.38,42.0,40.687,15.34
10923.3,3388.09,0.31017,124.498,1453155.5,164.896,4062.45,49.0,33.779,1.784
15287.0,5703.75,0.37311,203.337,2170608.8,251.536,4608.29,114.0,28.7011,4.917
6475.22,1732.13,0.2675,41.3433,894975.56,102.4,3737.26,26.0,38.1665,15.882
19542.5,6276.43,0.32116,263.422,2697536.5,329.893,5596.25,89.0,23.1701,3.485
10912.5,4610.7,0.42251,102.998,1512062.9,176.645,6448.81,52.0,29.0276,19.0
7499.44,1976.78,0.26359,72.0917,1004056.1,97.5307,3389.83,82.0,37.2411,2.69
16529.5,5461.43,0.3304,198.848,2306655.2,245.371,5360.73,170.0,25.0774,1.901
13116.4,3348.3,0.25527,160.718,1842865.6,216.257,4966.58,190.0,28.1033,2.101
6593.68,2813.03,0.42662,64.9861,934042.2,95.3839,2360.6,75.0,40.6931,8.227
6122.91,1244.68,0.20328,59.9558,806704.9,71.6263,2915.92,32.0,39.3328,5.762
4014.51,1226.94,0.30562,34.7406,552613.6,49.4789,1399.56,17.0,44.2681,1.439
6302.36,2106.79,0.33428,54.691,894202.7,87.061,3150.23,50.0,38.3963,2.772
8565.15,3197.54,0.37331,85.4814,1207083.9,134.19,3576.05,47.0,36.9043,3.978
9563.16,2878.96,0.30104,100.523,1329107.2,132.275,3655.57,125.0,35.7456,2.016
8850.72,1835.67,0.2074,68.2832,1284065.4,89.8762,2959.45,43.0,38.8902,9.764
6835.7,1429.86,0.20917,71.3051,901469.44,90.6319,3485.56,78.0,37.7681,2.113
6106.06,2083.78,0.34126,51.7198,889969.7,88.3083,3091.07,86.0,34.9372,11.013
15098.2,4413.68,0.29233,209.293,2117614.0,248.177,5327.27,294.0,24.6578,1.407
7774.53,3098.96,0.3986,78.9133,1102220.4,115.853,3385.26,46.0,37.833,3.29
5036.03,1758.22,0.34912,42.6178,689330.6,79.1642,1615.06,26.0,43.4943,11.046
8000.25,1822.13,0.22775,74.2628,1138881.1,96.1123,3482.46,54.0,33.6094,12.293
7759.35,1568.6,0.20215,71.4919,1090056.4,81.5315,3118.37,29.0,37.8636,14.498
6039.6,1521.85,0.25197,60.6098,845908.25,74.0731,3255.6,34.0,40.3217,14.318
12931.1,3826.11,0.29588,196.518,1720727.2,223.695,4923.7,80.0,27.014,5.578
9203.23,2527.78,0.27466,91.8019,1267194.0,108.122,4008.23,28.0,31.5002,16.409
9153.32,3424.15,0.37408,81.4101,1310318.1,136.99,3961.23,77.0,37.0003,5.805
12954.4,4199.28,0.32415,136.57,1805932.2,179.502,4335.18,37.0,31.1843,3.319
4964.18,1508.44,0.30386,44.3075,690984.6,60.4533,1872.73,19.0,42.9101,2.41
15609.8,5211.44,0.33385,157.318,2243791.5,234.938,6279.6,77.0,24.3147,1.964
9230.74,1733.01,0.18774,88.3928,1285460.5,113.341,4485.47,34.0,35.4964,3.224
9472.99,2111.23,0.22286,109.376,1311456.1,122.683,4294.44,57.0,33.9326,1.604
12855.0,4518.54,0.3515,124.138,1852787.2,183.261,5235.66,151.0,25.9547,16.456
10026.7,2357.19,0.23509,97.347,1411579.4,117.144,3856.85,134.0,34.9755,4.549
11140.1,3816.21,0.34256,102.165,1564097.4,150.292,4280.22,28.0,33.9263,13.213
7801.26,1596.0,0.20458,77.0878,1094566.4,90.1943,3259.61,38.0,37.4045,12.359
8698.94,1816.85,0.20885,80.7603,1238999.8,102.178,3937.28,15.0,35.1153,0.982
17593.1,5025.35,0.28564,239.727,2434967.2,318.818,5226.73,216.0,25.5498,4.58
11243.0,3775.34,0.33579,126.893,1575292.8,178.89,4184.89,46.0,31.041,2.05
6544.31,2174.1,0.33221,70.521,875598.0,100.388,3044.63,58.0,38.9263,9.529
10345.4,2475.18,0.23925,97.9753,1427861.6,147.462,3768.94,38.0,33.0738,8.34
12745.5,4064.1,0.31886,152.107,1786000.8,161.574,5222.98,36.0,28.0108,3.961
8300.11,2194.29,0.26436,76.1171,1160223.2,102.854,4198.92,18.0,34.029,7.961
7184.13,2711.06,0.37736,61.4404,975523.8,110.089,2719.5,48.0,40.0204,16.176
17280.7,6111.63,0.35366,184.271,2412962.2,283.154,4976.19,107.0,26.7579,4.806
4247.65,1479.76,0.34837,34.6515,590620.5,59.9271,1873.33,50.0,44.1004,12.015
8149.89,2379.2,0.29193,93.8059,1150194.2,110.517,3556.75,99.0,36.8259,2.1
11849.0,4415.08,0.37261,110.515,1710534.9,181.023,5165.51,90.0,29.4448,3.196
7329.66,2164.28,0.29527,65.7945,1015026.0,103.588,3300.19,53.0,35.1905,14.967
9674.64,3309.38,0.34206,98.061,1371394.2,139.754,4218.42,101.0,34.718,16.275
8230.77,2326.18,0.28261,95.0869,1163475.5,112.566,3550.26,96.0,37.0403,2.197
9175.78,2792.93,0.30438,87.2607,1271507.4,137.585,3650.52,37.0,35.6804,13.823
9548.34,4337.0,0.45421,64.1384,1350543.9,139.037,3476.88,67.0,35.3794,17.965
15327.8,5491.81,0.35829,182.608,2181668.0,260.461,4653.83,47.0,28.2438,6.895
5387.54,2130.97,0.39553,45.4542,773966.2,73.9616,3281.42,50.0,41.8276,11.153
8310.5,3763.58,0.45287,67.4463,1172630.9,127.032,4032.74,55.0,35.6014,14.399
16877.8,5062.97,0.29997,167.006,2395298.5,225.75,7248.36,163.0,29.1432,13.793
20156.7,8165.14,0.40508,159.139,2772102.5,320.212,6134.27,196.0,18.2869,15.291
17047.8,5396.28,0.31653,210.339,2249061.8,268.747,6201.96,255.0,21.263,2.375
13313.5,3293.16,0.24735,188.238,1814079.9,210.107,4576.88,179.0,29.1223,1.5
8842.58,2648.88,0.29955,95.6847,1257163.0,125.612,3964.98,95.0,34.2769,3.847
4868.6,1669.92,0.34299,41.3052,688637.25,64.8314,2465.88,48.0,42.4487,10.601
7462.29,2689.14,0.36036,65.0988,1035800.56,102.767,2930.63,40.0,38.1887,16.766
16107.2,3874.57,0.24054,201.637,2258029.5,262.134,5700.17,84.0,22.8748,1.404
5047.83,1479.44,0.29308,47.4626,656540.2,75.4136,1941.05,40.0,43.1519,13.959
7541.86,3332.12,0.44181,64.3672,1007517.25,119.667,4730.73,55.0,33.2075,20.414
22106.3,7002.13,0.31674,297.544,3087897.5,407.043,6661.17,129.0,15.8527,7.919
5695.81,1700.26,0.29851,50.1596,797648.0,73.0988,2475.85,86.0,41.4403,12.04
6351.71,927.58,0.14603,56.5432,891908.06,62.3469,3026.43,10.0,39.4044,6.558
9069.78,2359.06,0.2601,75.3451,1244000.4,122.263,3850.72,46.0,34.6196,7.063
4276.88,1444.18,0.33767,32.4042,607417.2,48.2367,1318.91,42.0,42.6908,15.363
8341.26,2764.91,0.33147,78.6188,1142359.2,124.602,3316.84,67.0,37.6368,19.05
10272.6,2929.04,0.28513,92.2831,1453138.6,127.224,3792.94,89.0,36.1899,14.998
7835.3,2971.23,0.37921,77.854,1118370.5,125.76,3318.05,31.0,33.3599,3.142
11331.8,4782.81,0.42206,116.47,1607308.5,208.039,3510.78,155.0,36.6443,16.729
8685.03,2314.17,0.26645,82.4698,1218087.2,114.674,4108.98,48.0,33.9539,1.526
13479.2,4639.91,0.34422,158.335,1895623.4,229.416,4670.94,115.0,29.2714,4.141
6549.54,2093.81,0.31968,60.4282,882247.75,97.581,3148.64,18.0,40.2472,1.5
8755.85,2409.79,0.27522,97.4773,1208008.9,141.527,3325.29,6.0,36.2959,1.279
15917.5,5779.96,0.36311,178.723,2187456.2,310.318,5352.74,133.0,25.7779,19.374
9242.51,2214.73,0.23962,105.62,1303118.4,156.621,3827.97,14.0,33.5887,0.575
14479.4,4664.25,0.32213,178.385,1988253.9,253.624,4833.86,26.0,28.2113,3.018
7962.7,2814.14,0.35341,55.6344,1136116.6,103.368,3244.23,65.0,38.9687,15.146
15684.3,5296.02,0.33766,180.693,2198328.5,261.51,5385.06,166.0,24.1112,2.8
15478.4,5050.77,0.32631,212.508,2156042.2,258.61,5332.17,289.0,24.6094,1.767
9387.4,2156.29,0.2297,110.018,1303531.4,135.064,4194.8,59.0,33.8637,1.463
11500.7,3292.46,0.28628,146.627,1626060.1,156.801,4113.17,109.0,32.1943,3.025
13910.5,3667.06,0.26361,176.276,1904796.8,229.37,4743.54,34.0,29.9974,3.087
13966.2,3743.82,0.26806,178.083,1900723.1,253.715,5161.41,87.0,25.9947,4.96
5179.28,2114.79,0.40831,49.9742,697503.7,81.0881,2295.48,56.0,43.0427,10.773
21315.9,5536.49,0.25973,329.645,2909822.8,415.081,6257.27,150.0,19.7576,1.145
8525.96,2480.68,0.29095,86.4236,1213638.9,122.386,3841.33,40.0,34.323,2.812
6753.15,1618.98,0.23973,73.2914,896262.7,97.5078,3493.09,79.0,36.7753,1.929
20690.1,6596.54,0.31882,262.315,2893512.8,322.144,5579.4,71.0,23.1094,3.07
12693.6,3202.42,0.25228,113.377,1797804.0,143.423,4252.27,144.0,31.9243,14.672
5682.95,1147.4,0.2019,50.8986,815588.2,72.1485,2869.03,57.0,40.2517,1.415
8132.55,1633.87,0.2009,81.103,1141741.4,102.915,3804.83,15.0,32.5446,2.042
12136.8,5383.7,0.44358,118.066,1693286.0,204.358,3916.55,45.0,33.1609,10.616
9404.77,3515.71,0.37382,82.6447,1307602.5,161.129,3952.63,72.0,31.0799,18.178
9760.41,2583.79,0.26472,113.426,1335971.8,146.283,4166.12,126.0,32.7853,2.241
10531.6,2613.47,0.24815,111.721,1410478.2,124.552,4518.54,48.0,31.2588,15.481
8572.77,2429.44,0.28339,93.6287,1186638.5,91.3633,3530.42,35.0,37.3738,19.834
9036.03,3103.0,0.3434,61.9241,1218713.6,136.417,4025.22,58.0,35.0731,16.064
11203.0,3623.14,0.3234,78.7084,1564567.2,150.323,5258.45,33.0,34.7819,18.598
7444.22,2132.58,0.28647,66.0903,1043297.4,114.349,3320.87,75.0,38.3243,14.871
6970.71,2261.64,0.32444,54.2558,940619.4,105.358,3034.78,18.0,39.2614,4.963
11198.0,4490.02,0.40096,88.9759,1520706.5,155.779,5012.77,55.0,32.5764,17.492
8173.41,2219.86,0.27159,95.2271,1040445.94,133.596,3382.68,89.0,37.248,16.656
8685.85,1717.27,0.1977,77.5168,1240935.5,101.29,3724.17,90.0,36.4673,15.122
7522.59,2656.3,0.3531,80.1968,1042561.75,102.602,3323.18,58.0,38.6688,2.387
7234.15,2805.27,0.38778,70.2813,1011178.94,114.686,3029.11,76.0,36.7375,18.363
7029.22,2656.33,0.37789,63.6453,967078.25,93.2391,4042.99,51.0,35.2019,16.279
4767.48,1638.91,0.34376,29.135,676902.3,62.7103,2235.63,55.0,43.1369,10.109
14483.6,4700.44,0.32453,176.254,2108713.8,259.671,4935.79,104.0,26.7787,4.494
5119.78,1553.64,0.30345,49.4807,656639.56,78.1458,1935.61,30.0,43.3138,14.167
4655.35,1872.23,0.40216,38.4314,636248.9,64.6212,1444.29,25.0,44.3348,9.202
9936.39,3263.16,0.3284,75.4085,1392699.6,138.878,3818.69,30.0,38.3684,16.681
16562.2,5490.0,0.33147,191.023,2380926.8,260.344,4910.26,159.0,27.3444,15.498
6927.12,2085.25,0.30102,61.6215,941961.25,97.5687,3072.21,36.0,39.6208,2.76
6312.69,1835.56,0.29077,59.6762,836577.6,83.748,2833.75,58.0,40.3382,8.819
10154.0,1958.65,0.19289,99.3117,1400819.2,122.051,4715.38,87.0,32.8006,16.449
8545.71,2471.04,0.28915,83.0454,1211144.6,124.226,4208.65,77.0,34.0824,5.33
9811.19,2827.43,0.28818,79.6681,1359996.6,107.558,4124.51,38.0,36.9934,12.154
6062.44,1672.86,0.27593,72.5555,842000.8,87.5391,2798.12,72.0,39.4811,7.992
14260.9,2725.95,0.19114,139.049,1965093.4,172.339,3872.63,109.0,32.9309,18.369
14559.8,3476.25,0.23875,183.309,2030152.6,204.72,4056.61,147.0,32.0171,1.678
13333.4,4155.68,0.31167,132.15,1851247.0,165.3,4340.72,44.0,29.3665,14.463
13942.0,4074.0,0.29221,173.422,1982904.4,198.751,4737.9,63.0,28.5884,3.052
6638.34,2229.81,0.33589,64.0242,884938.3,97.9152,3622.27,69.0,37.5936,9.358
5895.79,1573.17,0.26682,56.4232,803730.9,81.533,2455.69,26.0,40.7191,13.497
4926.57,1450.49,0.29442,49.3014,627940.75,70.3015,2149.85,25.0,43.1297,5.76
4747.49,852.9,0.17965,42.0282,641457.8,62.5064,2641.46,10.0,43.2071,2.354
5628.69,1361.9,0.24195,39.0548,795327.9,66.3657,2458.74,21.0,41.7044,3.001
6226.42,1551.74,0.24921,67.6087,879393.5,74.1427,3131.57,14.0,38.6069,1.788
11032.8,3099.24,0.28091,145.632,1561277.9,158.851,4020.49,123.0,26.763,2.868
16393.0,5756.67,0.35116,127.264,2329512.2,237.374,5436.4,66.0,25.2575,16.992
7660.53,1646.42,0.21492,71.7248,1096480.8,76.9827,2879.56,26.0,36.9278,5.585
7077.31,2595.62,0.36675,62.7331,962892.06,100.02,3629.02,62.0,36.9688,12.83
12932.9,3259.57,0.25203,160.235,1804476.6,213.021,4455.79,81.0,30.1771,1.83
12804.8,3500.23,0.27335,154.34,1836244.0,164.858,4808.8,34.0,28.1956,2.161
11930.6,4259.88,0.35705,118.699,1615355.5,172.495,4919.5,140.0,34.0219,20.658
8364.34,2585.92,0.30916,101.06,1135372.5,127.172,3425.5,23.0,37.08,2.853
7023.84,1980.74,0.282,88.1384,963026.94,106.932,3502.53,93.0,37.6551,2.478
11622.7,4030.92,0.34681,126.286,1628361.0,187.381,4178.06,47.0,30.8206,2.103
13930.7,4494.57,0.32263,158.022,1971844.5,231.469,4620.07,45.0,29.2517,2.994
11680.8,4099.75,0.35098,115.873,1637532.4,174.149,4543.03,77.0,31.8647,4.289
8114.49,1419.26,0.1749,72.4599,1140107.4,85.3244,3322.65,31.0,37.0329,16.763
8491.51,2772.59,0.32651,53.9254,1159604.0,114.826,3765.23,25.0,36.4667,14.988
8837.19,2530.18,0.28631,82.6286,1230930.2,116.454,4090.63,40.0,32.8995,1.67
7994.45,2698.56,0.33755,61.8936,1011069.9,114.171,3473.83,46.0,38.3509,10.874
7200.04,2603.66,0.36161,66.5896,1020650.94,93.9951,4142.98,58.0,37.3798,5.217
9809.62,4078.21,0.41573,94.5431,1384122.5,138.715,3716.92,9.0,36.6516,17.703
6769.17,1948.16,0.28779,63.0692,961872.4,80.2188,3701.04,42.0,40.6652,17.85
7892.55,1573.39,0.19935,76.9422,1094009.8,81.4289,3707.68,59.0,35.7978,9.316
10524.8,3069.84,0.29167,131.835,1426196.5,161.439,3952.39,37.0,33.5085,1.83
6432.91,1603.36,0.24924,51.4258,855794.75,71.3429,3070.71,40.0,38.6155,5.75
11660.3,3764.44,0.32284,128.889,1583210.4,162.841,4567.19,120.0,31.3508,5.837
9099.17,2544.33,0.27962,68.2336,1258536.9,119.109,4029.82,50.0,35.5417,13.489
6629.81,2343.65,0.3535,58.8082,922887.75,93.8174,2694.14,54.0,40.4627,3.1
4453.7,912.2,0.20481,43.6736,607225.7,68.6394,2579.27,11.0,42.2215,2.303
6176.95,3017.8,0.48855,55.1615,863716.75,95.2815,2723.8,66.0,40.1537,11.766
9983.38,4520.82,0.45283,67.3663,1278535.1,188.951,3825.15,77.0,35.7385,18.23
6773.92,3462.0,0.51107,57.15,934814.8,106.39,3767.09,33.0,36.4773,15.33
9598.8,3202.89,0.33367,79.4434,1324090.8,131.711,3673.35,114.0,35.8678,14.233
8547.91,1891.14,0.22124,100.013,1197956.5,118.911,3820.09,37.0,34.4849,3.127
9388.37,1779.41,0.18953,91.71,1264861.1,121.606,3754.45,155.0,34.9268,4.939
7905.24,1882.23,0.23809,74.4779,1099908.1,87.9151,3337.18,30.0,37.3104,11.893
5291.44,953.55,0.1802,36.5287,737643.1,77.1553,2672.6,69.0,42.1563,13.846
9173.67,2637.84,0.28754,82.4055,1289648.0,100.737,3989.98,60.0,36.2193,12.094
7994.28,2015.77,0.25215,63.1218,1102187.8,106.51,4053.36,23.0,38.193,1.346
10286.6,2599.72,0.25272,147.818,1356161.6,167.88,4367.34,63.0,30.0841,2.262
6996.83,2203.7,0.31495,57.3032,986734.9,111.751,3402.45,25.0,40.3895,14.971
8685.02,3163.24,0.36421,66.2731,1198096.1,117.573,3439.36,43.0,36.8136,18.036
12080.5,2974.48,0.24622,133.188,1646939.9,151.722,3975.37,225.0,32.4138,2.268
8692.93,2194.5,0.25244,72.324,1162870.5,111.719,3576.4,56.0,39.8878,19.211
12631.1,2299.75,0.18207,162.567,1708965.8,207.185,4689.11,93.0,29.0308,1.776
8906.55,2634.67,0.29581,77.5264,1238624.6,115.384,4361.19,57.0,34.0457,2.943
6483.01,1289.09,0.19884,67.1732,870338.0,86.7164,3305.57,44.0,37.7088,5.127
9306.91,2763.1,0.29688,100.055,1293200.1,134.741,3496.76,120.0,35.3692,1.866
8664.94,1846.05,0.21304,76.1005,1249571.6,112.39,4064.75,103.0,34.7491,1.055
15706.5,6244.12,0.39755,195.139,2084177.8,275.446,6001.09,89.0,26.0799,10.944
8072.38,2289.52,0.28362,94.7175,1139014.5,110.749,3579.83,94.0,36.8682,2.184
7205.92,2075.01,0.28795,74.378,962613.6,106.138,3360.84,96.0,35.6081,12.722
10886.4,4328.78,0.39763,144.667,1494511.5,171.835,4616.11,39.0,29.2959,4.04
7209.39,2373.22,0.32918,59.9636,976229.0,110.099,3717.13,57.0,38.1122,6.582
7842.01,2015.38,0.25699,83.2047,1080286.5,112.271,3100.79,21.0,37.6774,0.582
8436.0,2269.8,0.26906,66.4419,1220679.5,98.1561,3122.13,55.0,38.6532,11.595
7561.62,1804.59,0.23865,72.8274,1098569.8,92.3558,3080.61,16.0,37.858,2.261
5251.44,2021.75,0.38498,48.5834,735219.1,74.6832,2329.96,25.0,42.9264,2.006
4662.85,951.11,0.20397,39.6744,645157.8,52.498,2360.88,43.0,43.104,12.231
4948.29,1401.62,0.28325,41.6758,658748.4,77.3806,2783.78,31.0,42.7636,7.185
5796.53,1005.35,0.17343,51.0851,800938.1,66.5628,3039.1,23.0,39.4237,3.938
20196.2,6758.74,0.33465,246.092,2818013.8,338.778,5546.35,91.0,22.9212,3.442
6459.25,2335.59,0.36158,58.6029,891548.94,94.5064,2818.46,43.0,39.5252,2.506
12161.0,2581.58,0.21228,158.851,1650398.4,188.691,4933.21,142.0,29.6703,0.811
6766.26,1846.69,0.27292,77.2802,926255.6,108.015,3020.72,82.0,39.1544,0.694
4416.82,1598.01,0.3618,46.0449,634466.1,61.9896,2438.07,47.0,43.3707,9.424
9325.49,3059.71,0.3281,71.9557,1297455.9,109.107,4128.23,8.0,36.2675,13.986
8082.19,2119.16,0.2622,75.1168,1078553.5,100.548,3445.04,45.0,37.339,16.411
8532.36,2069.76,0.24257,95.6229,1191523.6,129.876,4018.54,168.0,30.8956,1.5
8830.37,1897.93,0.21493,77.3504,1281269.0,106.543,3884.29,9.0,34.8216,1.39
13475.4,4814.93,0.35731,168.55,1877843.5,227.605,4644.75,99.0,29.7563,7.19
6536.55,2001.48,0.30619,54.2302,871514.4,97.2922,2982.91,57.0,37.1998,15.329
6694.87,2271.7,0.33931,58.9795,936589.6,82.8392,3208.2,34.0,38.7099,4.784
13120.9,4105.2,0.31287,156.231,1816457.0,171.268,4798.8,35.0,28.5929,17.019
8156.65,2463.7,0.30204,90.9541,1147663.6,104.478,3955.08,27.0,36.2561,1.943
10837.7,2275.55,0.20996,124.498,1467571.9,165.572,3943.47,49.0,32.9936,1.409
4278.2,1231.95,0.28795,36.3324,574866.25,55.3566,1440.92,30.0,44.2123,11.789
6984.65,2192.52,0.3139,64.9693,944986.4,96.0591,3092.4,22.0,40.3265,1.529
7053.63,2307.19,0.32709,75.8983,960587.06,101.24,3805.43,32.0,36.0665,2.1
4986.55,1115.58,0.22371,43.4137,703525.44,63.7334,2615.92,48.0,42.0285,7.714
9161.21,3213.59,0.35078,94.4203,1235895.1,140.177,4216.91,105.0,33.2078,6.16
8084.63,3512.2,0.43442,82.3122,1147634.1,126.544,3440.78,43.0,37.6382,3.128
5208.05,1622.33,0.3115,42.7098,721004.2,89.4081,2865.1,32.0,42.1377,8.019
9408.68,3875.08,0.41186,68.6814,1326742.0,135.193,3477.08,46.0,38.5489,9.948
10452.5,2504.37,0.23959,108.086,1477601.2,149.235,4310.49,60.0,33.1163,4.627
8046.47,2236.05,0.27789,67.9161,1152517.4,91.34,3072.69,16.0,38.7903,6.359
7331.25,2192.94,0.29912,55.3338,1047049.56,87.6824,3162.64,33.0,39.0909,9.704
9656.85,3634.07,0.37632,86.0878,1336730.8,150.634,3488.94,47.0,34.0562,14.913
8743.72,2944.5,0.33675,99.7259,1214258.9,126.067,3610.34,15.0,35.5665,2.766
5967.56,1933.09,0.32393,53.6928,815263.6,84.5481,3193.53,13.0,39.4006,7.836
14157.3,4721.29,0.33348,172.068,1924845.0,252.518,4936.47,143.0,27.7085,15.974
5717.31,987.25,0.17267,55.5807,788122.75,64.6496,3033.6,12.0,40.0301,3.846
13814.5,4324.97,0.31307,127.133,1957774.8,167.235,5001.71,67.0,28.1614,15.268
14832.9,5182.3,0.34937,196.247,1990132.0,262.691,5106.95,189.0,26.1093,2.846
25566.8,8199.96,0.32072,304.978,3581581.0,424.802,6997.85,113.0,17.8105,3.752
18154.3,5211.98,0.28709,256.616,2446380.0,312.254,5668.29,319.0,21.6126,2.639
8729.91,2750.72,0.31509,74.4712,1218221.5,125.976,4246.68,19.0,34.0339,9.808
12760.8,4611.61,0.36138,107.268,1774922.9,180.233,4417.62,22.0,32.0252,18.305
10294.8,3760.75,0.3653,94.5346,1470163.9,135.647,3655.01,57.0,34.7629,12.886
6458.52,1380.97,0.21382,64.5865,898018.7,72.4505,3220.17,34.0,38.0233,4.758
3804.06,1177.89,0.30964,28.9607,529429.6,46.1291,1854.86,36.0,45.3519,11.454
8741.44,1795.34,0.20538,106.184,1176127.0,136.41,3986.96,41.0,34.1095,2.022
14861.8,2788.29,0.18761,181.13,2072225.9,224.386,4713.71,27.0,28.3313,1.332
12198.5,4528.14,0.3712,98.6582,1709290.4,156.843,3859.53,59.0,35.2995,13.622
8100.53,2128.69,0.26278,87.4135,1090213.1,96.2932,3763.68,23.0,35.8243,13.449
8523.29,3211.06,0.37673,88.5742,1141269.8,126.36,3635.48,30.0,32.4293,19.096
22387.7,7907.5,0.3532,267.927,3031143.8,383.354,5755.22,186.0,21.7859,18.76
7053.12,1193.67,0.16923,69.55,945886.56,86.6472,3523.02,51.0,37.6168,3.241
15783.1,5581.15,0.35361,239.374,2148495.8,262.845,5341.94,142.0,24.1589,2.25
10140.9,3331.42,0.32851,95.3934,1370665.8,146.842,4619.33,56.0,34.9181,17.213
11406.9,3386.87,0.29691,138.59,1583969.9,160.539,4567.57,63.0,30.1354,3.787
16990.2,7904.76,0.46525,110.637,2343365.5,248.684,4881.65,198.0,27.9839,17.771
8256.92,2965.91,0.3592,54.9108,1175710.2,119.366,3675.17,20.0,39.6086,13.012
8617.87,3177.81,0.36874,88.9582,1143349.8,132.663,3743.07,44.0,35.9476,1.178
15201.4,5792.32,0.38103,196.032,2021862.6,271.663,5168.3,75.0,25.8541,6.566
13677.8,3079.68,0.22515,168.604,1874772.2,225.529,91983.7,30.0,28.5455,3.231
8417.03,2296.92,0.27288,78.5764,1197814.8,115.375,3955.83,68.0,35.2266,10.318
5965.34,1328.56,0.22271,58.071,821581.7,72.3393,2638.82,51.0,41.5899,14.673
13149.0,1861.39,0.14156,120.064,1765637.9,184.426,4084.07,95.0,32.1113,19.789
9954.39,2628.74,0.26407,109.148,1388117.9,232.761,3677.38,152.0,35.5788,20.579
9885.66,3654.68,0.36969,96.8903,1379376.4,138.926,4433.16,130.0,32.6388,15.394
3862.29,955.03,0.24727,33.4869,552599.06,42.9276,1781.57,11.0,44.496,2.012
14998.9,5506.9,0.36715,125.808,2095741.5,197.676,5730.25,143.0,31.5294,17.174
9516.9,2368.33,0.24885,106.999,1326900.1,144.055,4324.08,58.0,33.1094,3.954
17602.6,4206.37,0.23896,210.218,2483410.5,265.781,5556.12,92.0,23.5322,2.292
11911.5,2851.56,0.23939,151.94,1697559.9,164.354,4678.7,30.0,25.1212,2.434
9343.28,3155.3,0.3377,91.8903,1340078.8,125.905,3705.62,33.0,35.0273,4.795
10937.2,3793.69,0.34686,97.6206,1530236.5,165.081,5523.35,51.0,33.1378,1.983
5402.06,960.54,0.1778,51.0781,738694.7,59.5353,2987.67,21.0,40.0758,3.764
8203.41,3345.52,0.40782,88.9405,1141605.9,137.728,4074.47,60.0,34.2167,18.144
7084.16,2511.77,0.35456,60.9565,990870.0,107.263,3710.61,74.0,36.7043,1.386
12669.8,4179.66,0.32989,112.432,1744030.6,168.527,5501.18,80.0,31.7669,20.532
4923.39,978.94,0.19883,48.3718,651078.9,80.8097,3055.42,20.0,38.1901,3.125
5430.04,2010.74,0.37029,49.0726,763419.8,74.5495,2231.61,29.0,42.4553,2.831
12595.4,5426.86,0.43086,112.777,1795703.6,199.133,4949.97,62.0,30.7863,9.074
12224.0,2644.04,0.21629,150.068,1725396.0,176.791,4686.89,139.0,29.8226,1.734
8973.19,2564.07,0.28574,94.55,1240681.2,144.046,3261.37,20.0,36.5827,1.469
12133.1,3786.41,0.31207,112.184,1748584.6,169.129,3635.75,135.0,36.0585,19.533
8575.06,2470.77,0.28813,94.2846,1178899.9,105.576,3451.91,18.0,31.483,12.031
6283.08,1178.83,0.18761,60.8273,866904.2,79.6276,2697.1,41.0,39.1521,15.76
6719.18,2407.59,0.35831,79.8251,915375.0,94.7613,3273.84,61.0,38.53,1.333
6638.69,3224.75,0.48575,87.5126,924406.94,149.281,3754.13,107.0,37.2235,15.582
11169.8,3712.66,0.33238,131.321,1576602.2,186.628,4522.38,68.0,32.2435,4.579
8825.95,2563.49,0.29044,85.478,1213045.5,145.086,3343.21,9.0,36.5878,0.0
14332.9,5899.14,0.41158,190.865,1911592.6,277.289,4952.14,83.0,25.985,5.91
7825.53,2151.16,0.27489,88.0885,1077061.0,108.115,3095.83,21.0,37.9168,0.611
7389.92,2618.23,0.35429,52.781,1002270.0,109.839,2726.31,48.0,36.4168,17.098
4916.19,986.55,0.20067,47.1867,704882.56,55.0155,2193.46,81.0,42.7963,0.698
11532.4,2424.84,0.21026,141.781,1622593.9,169.953,4707.73,138.0,29.8334,2.178
8581.14,1974.13,0.23005,90.6348,1180253.9,98.6132,3524.61,35.0,35.8238,14.013
12768.0,3187.17,0.24962,139.533,1751882.4,186.771,4389.51,23.0,29.6257,1.895
17337.3,5960.34,0.34378,220.696,2386380.5,302.577,4907.84,143.0,26.5436,7.415
5940.49,1920.17,0.32323,67.5047,826827.06,92.2163,2978.32,38.0,40.2338,2.063
9175.23,2829.7,0.3084,83.0834,1291258.6,140.577,4058.45,64.0,34.0063,12.311
9456.6,3824.27,0.4044,93.0012,1371410.2,113.782,3658.85,45.0,36.7128,9.861
12677.8,3952.21,0.31174,157.705,1800198.0,232.143,4320.55,82.0,29.4948,1.651
6943.25,2742.6,0.395,52.5964,972800.06,118.721,2974.43,13.0,39.5236,14.253
9851.21,2395.78,0.24319,146.865,1387675.5,148.418,4097.54,134.0,32.4696,2.841
10956.2,3553.4,0.32432,114.934,1505470.8,147.659,4644.64,88.0,31.6283,17.825
7155.37,2195.17,0.30678,62.424,969297.9,98.1256,2749.26,75.0,37.8309,16.608
4502.1,1569.61,0.34863,37.7705,613648.9,62.6775,1872.65,58.0,43.9735,12.207
10811.2,3286.55,0.30399,129.517,1544653.6,172.501,4339.97,40.0,32.1475,3.896
10471.9,3401.74,0.32484,96.5656,1486037.8,145.895,4411.37,96.0,33.4642,6.208
7960.6,2660.49,0.3342,76.4068,1114398.1,102.045,3124.75,21.0,35.7433,6.794
11190.8,3052.55,0.27277,151.238,1605639.4,161.482,4107.31,125.0,32.464,2.409
9257.37,2193.99,0.23699,112.054,1284669.2,127.573,4184.16,60.0,30.8967,2.746
8187.65,2850.47,0.34814,65.7399,1083291.9,110.897,3930.34,67.0,34.0568,16.522
7223.31,1891.86,0.26191,62.2366,1007612.1,90.9996,3768.83,49.0,39.3623,8.919
3794.31,1010.1,0.26621,36.5278,536920.9,43.0525,1774.01,11.0,43.8845,12.136
7607.29,2174.45,0.28583,67.8392,1057131.8,94.7229,2851.92,94.0,39.1889,6.038
7771.2,2375.92,0.30573,71.3214,1093691.8,101.47,3511.21,57.0,33.6517,15.666
6680.59,1464.71,0.21924,59.3967,911366.1,82.5588,3686.34,45.0,37.7782,10.725
7724.86,2612.12,0.33814,60.1726,1083455.9,97.7837,3466.31,75.0,37.9619,13.293
7348.22,2250.55,0.30627,62.6836,997746.1,101.633,3308.86,30.0,40.171,2.468
6101.19,1469.92,0.24092,52.5946,801213.06,76.3881,3102.99,35.0,38.3161,5.7
7604.52,2240.32,0.2946,75.7015,1025668.06,110.049,3664.12,82.0,37.8548,4.116
10454.7,3683.19,0.35229,70.2749,1449514.9,166.735,4734.87,62.0,32.3386,20.981
7537.49,2029.4,0.26924,50.5355,1032135.75,89.4008,3842.9,26.0,36.64,14.522
8033.35,1490.63,0.18555,74.2917,1128086.5,105.497,3764.73,13.0,34.3299,1.816
8359.93,2641.7,0.31599,67.2667,1208842.4,101.701,3129.37,50.0,40.19,16.365
9002.22,3473.06,0.3858,103.344,1178182.5,150.261,3837.02,88.0,36.1954,15.97
16319.7,6821.73,0.418,99.181,2287099.2,250.268,13934.76,60.0,32.9924,12.234
9641.33,3069.47,0.31836,95.2061,1346426.1,130.764,3649.54,81.0,36.5987,12.792
7617.54,1981.82,0.26016,71.2819,1047713.8,92.1768,3343.58,61.0,38.166,13.838
17050.1,5755.95,0.33759,212.88,2445861.0,254.81,5278.85,91.0,25.6844,4.929
14045.1,3598.32,0.25619,192.081,1908582.5,216.544,4627.96,176.0,28.8358,1.864
7830.47,2804.06,0.35809,64.4531,1062029.6,121.046,3807.84,57.0,35.9275,15.242
11946.4,4454.11,0.37284,130.334,1671544.9,199.801,4205.34,55.0,32.3266,3.887
11338.8,3070.38,0.27078,147.109,1597748.5,152.675,4146.75,113.0,32.2583,3.275
14677.5,4152.67,0.28292,195.516,2043445.6,221.06,5622.4,138.0,22.7863,0.812
16705.4,4373.69,0.26181,234.091,2369623.8,265.904,5514.82,90.0,22.4418,2.883
6633.14,2144.75,0.32333,58.8912,917006.9,99.2688,3614.08,62.0,36.3833,2.125
6157.7,2060.31,0.33459,54.074,884079.8,81.9657,2401.39,80.0,41.7268,10.243
9744.65,4093.35,0.42006,87.0983,1357309.5,144.995,3838.71,107.0,34.2265,3.963
18548.1,5052.23,0.27238,253.186,2483178.0,306.871,5750.74,312.0,46.5464,2.874
8008.36,1913.27,0.2389,82.8804,1137587.5,91.6463,3953.65,27.0,36.709,12.365
7240.78,2745.9,0.37922,63.3806,1056793.5,97.2408,3208.97,30.0,38.2218,1.51
10487.4,3042.56,0.29011,128.436,1410257.9,162.454,3640.06,20.0,33.9333,2.504
9438.69,3135.06,0.33214,84.3603,1282889.8,145.253,4062.07,38.0,36.2238,5.822
7824.98,2327.82,0.29748,63.7625,1046968.2,107.429,3733.6,65.0,38.5066,5.985
8153.86,2738.64,0.33587,69.6359,1153261.1,108.91,3443.72,33.0,35.4634,4.355
7361.15,2277.52,0.30939,72.3102,1027183.0,104.416,3345.19,75.0,39.9193,13.39
13038.2,3995.03,0.3064,134.375,1806526.1,166.778,5402.59,73.0,29.3957,5.037
7245.99,2105.57,0.29058,82.7408,1008115.94,105.359,3526.91,44.0,37.6494,4.532
6349.96,867.28,0.13658,48.6055,898187.7,75.4155,2711.53,1.0,46.5464,0.669
13491.3,3978.65,0.2949,169.471,1854253.5,217.905,4729.72,121.0,27.7527,5.659
7574.97,3546.67,0.4682,67.4882,1116377.1,105.452,3798.09,30.0,38.9047,12.842
4362.68,871.88,0.19984,44.5078,592235.9,62.9292,2591.14,12.0,42.4552,2.467
7593.68,2013.62,0.26517,65.4494,1054306.6,103.448,3547.1,22.0,37.7906,1.701
7275.63,2542.42,0.34944,62.4179,951117.44,118.087,2935.74,31.0,38.1394,10.137
9686.32,1771.29,0.18286,102.616,1382522.2,129.568,4187.64,48.0,34.1788,1.007
21307.6,6090.24,0.28582,299.107,2903922.2,324.811,6502.03,284.0,26.3672,2.04
4066.14,1307.92,0.32166,35.3093,551552.75,47.9108,1436.34,34.0,44.3248,11.479
8317.13,2524.68,0.30355,82.1937,1125008.8,111.094,4047.04,23.0,34.9985,14.152
8478.94,3723.07,0.43909,66.0167,1261414.4,124.394,3557.65,37.0,37.2675,1.039
17514.3,3964.46,0.22635,205.734,2474559.8,267.813,5574.95,95.0,23.5116,1.861
6288.95,2222.2,0.35334,66.109,892362.4,87.432,3475.85,75.0,40.1517,14.299
14535.6,6237.32,0.4291,189.449,2104520.0,289.888,4971.56,115.0,28.3747,6.113
9365.32,3472.83,0.37081,127.581,1236226.4,191.842,4332.99,174.0,31.4634,2.175
8123.1,2273.16,0.27983,87.8733,1103966.0,130.325,3536.58,52.0,35.7003,2.857
12557.7,4062.03,0.32346,154.049,1753470.1,213.58,4563.18,86.0,29.9428,3.845
8853.5,2518.83,0.2845,79.9949,1253296.0,117.851,4386.45,53.0,33.4931,1.335
21116.9,5908.5,0.27979,297.512,2874043.5,315.676,6575.03,288.0,18.6689,1.286
5448.85,1618.3,0.29699,47.1738,759417.56,70.8557,3065.55,18.0,41.0548,2.117
22947.3,8359.22,0.36427,199.078,3110357.2,353.203,7334.7,183.0,20.375,20.416
6640.68,2128.11,0.32046,64.6045,890626.6,98.063,3109.07,18.0,40.4703,1.638
9087.46,2397.42,0.26381,101.992,1271479.1,138.164,3617.13,10.0,34.0989,0.948
11175.0,2829.17,0.25316,114.305,1578742.4,150.914,4335.6,64.0,33.0534,4.759
9689.21,3581.17,0.3696,80.8766,1310408.8,159.638,4236.73,97.0,38.1301,19.984
6272.7,2188.47,0.34888,57.5937,862327.75,87.0864,3230.37,14.0,39.3036,3.785
5790.5,1681.15,0.29032,67.2607,793005.9,74.2636,3429.32,75.0,38.4539,11.3
6990.76,2063.52,0.29517,54.9642,966544.2,95.2223,2978.75,39.0,38.7136,10.637
5075.75,1051.53,0.20716,44.9276,734924.5,60.0874,2159.7,77.0,42.8993,0.812
4848.68,867.24,0.17886,44.6144,697093.25,55.8604,2186.03,80.0,42.7861,0.725
9777.32,2825.05,0.28893,89.1703,1375104.4,142.204,4014.82,5.0,34.6026,2.149
3809.08,1103.83,0.28978,35.8734,520009.72,47.2288,1397.24,17.0,44.318,1.365
7781.36,2332.32,0.29973,74.5033,1089433.8,111.397,3581.96,63.0,38.4148,12.09
6888.79,2313.42,0.33582,59.0626,954766.75,99.5818,4070.35,73.0,35.3291,1.481
4404.11,1622.74,0.36846,32.942,604057.25,59.4577,1479.9,33.0,44.4674,0.0
9030.02,1902.04,0.21063,73.9466,1270384.0,95.8249,3656.4,21.0,33.3823,9.282
6304.65,1486.28,0.23574,57.4082,911428.25,70.3261,3371.96,53.0,38.2102,17.895
13855.8,3676.27,0.26532,160.263,1891151.1,203.906,4969.93,114.0,28.6131,20.387
8493.88,2809.98,0.33082,67.8854,1122195.8,123.217,4879.11,69.0,32.2589,5.014
4650.64,1323.59,0.2846,40.0114,638200.94,55.8237,1766.63,47.0,44.4572,9.023
11085.7,2747.04,0.2478,109.806,1560915.5,150.221,4366.78,71.0,32.8607,3.063
14517.0,3494.62,0.24072,174.918,2052693.1,224.383,4553.46,27.0,29.4177,2.233
17132.2,4136.95,0.24147,199.876,2356995.8,271.191,5932.61,241.0,20.8196,9.668
8069.65,1516.45,0.18792,79.5633,1138848.0,100.395,3798.56,14.0,34.1124,2.185
5594.18,1110.65,0.19853,65.5338,752938.94,68.5613,3534.75,54.0,38.5628,7.358
8428.96,2058.58,0.24422,96.4205,1194829.6,119.74,3806.6,56.0,35.1576,4.027
9225.94,3380.66,0.36642,71.8455,1294505.1,120.231,4105.61,29.0,37.3846,18.251
4595.43,909.46,0.1979,36.6481,633381.0,43.8986,1982.21,63.0,43.6014,14.049
7771.51,2611.69,0.33605,87.7227,1090997.9,104.429,3552.33,21.0,34.8738,12.636
14410.7,5323.17,0.36939,140.011,2055172.5,196.007,5306.9,82.0,25.5461,17.985
12118.2,3964.92,0.32718,150.912,1715988.0,212.782,4890.47,155.0,28.5109,0.0
8968.43,3258.61,0.36334,63.8995,1284686.0,120.052,4404.36,53.0,39.0288,11.763
8255.54,2252.99,0.2729,85.9112,1130283.0,119.27,3254.28,84.0,38.5779,1.659
10843.9,2477.09,0.22843,113.014,1527702.9,149.958,4580.95,62.0,32.5067,1.823
12345.6,4367.64,0.35378,117.681,1750547.0,190.383,4720.14,57.0,31.4543,8.771
7657.53,1828.28,0.23875,74.9791,1039691.0,96.2097,3776.26,35.0,36.9215,5.34
8519.41,3263.58,0.38307,70.141,1193587.8,132.412,4701.79,69.0,37.1087,15.301
3998.6,1251.96,0.31309,38.3145,556520.94,65.7025,2053.07,31.0,43.8947,1.909
9922.15,2810.5,0.28325,100.671,1395084.5,150.191,4031.13,36.0,33.0875,2.79
7889.01,2116.45,0.26827,86.5404,1073957.5,103.355,3777.57,28.0,36.3055,15.137
10826.6,2660.29,0.24571,151.029,1532815.5,163.273,4647.61,25.0,23.2898,1.777
11916.2,2662.39,0.22342,127.417,1660855.5,151.433,4441.88,48.0,30.9953,2.396
8595.96,2851.58,0.33173,68.988,1146134.9,136.44,5325.46,64.0,32.2124,4.147
6960.51,1895.42,0.27231,63.5603,908871.2,93.0179,3488.18,74.0,36.4698,14.123
12331.2,4103.61,0.33278,127.985,1723839.2,199.819,4602.22,97.0,28.0098,12.631
7894.9,2129.65,0.26975,84.6834,1133424.5,112.298,3796.1,3.0,33.7963,1.732
6395.7,2342.71,0.36629,80.1922,869906.75,92.917,3215.39,58.0,38.6439,1.284
12296.3,3247.97,0.26414,155.574,1726525.1,198.563,4797.09,56.0,28.5554,2.826
5321.75,2085.65,0.39191,45.6096,759397.5,95.8355,2305.93,62.0,41.7453,14.982
7867.95,3015.82,0.3833,89.2545,1054364.0,151.581,3678.54,58.0,35.6615,10.076
20024.1,6535.64,0.32638,248.836,2785402.2,321.599,5503.08,90.0,23.3107,3.595
7893.81,1597.02,0.20231,102.63,1109307.4,118.983,3776.8,40.0,35.3705,2.531
8152.12,3260.88,0.4,65.8575,1100988.8,125.351,3831.63,82.0,36.283,14.99
9690.86,3639.6,0.37557,130.339,1293744.8,178.398,4446.02,189.0,30.8544,1.481
11346.5,3295.76,0.29046,136.459,1573718.5,177.249,4104.15,44.0,32.4839,3.175
6656.47,1829.75,0.27488,62.4813,922962.75,88.9568,2846.64,55.0,39.8517,16.52
14853.2,5483.69,0.36919,163.516,2064043.4,231.122,5057.67,169.0,27.3428,5.721
8728.33,2369.11,0.27142,100.36,1218788.4,125.942,3830.6,32.0,36.0764,4.744
15288.3,4002.76,0.26181,182.573,2167009.8,210.62,5694.35,68.0,23.0142,1.323
6662.64,2133.45,0.32021,54.2368,920714.94,100.523,3606.34,71.0,37.1392,1.266
7088.56,2359.68,0.33288,62.7638,927805.4,116.41,2950.52,27.0,38.1993,12.248
7781.12,1899.07,0.24406,82.9447,1112071.0,121.418,3445.77,55.0,46.5464,2.671
9315.44,2167.33,0.23265,111.512,1298469.2,128.635,4194.69,57.0,33.9664,2.121
17995.6,5280.95,0.29345,217.515,2511887.2,295.598,5718.73,203.0,21.9762,2.027
9858.16,2885.58,0.2927,89.2062,1404978.5,144.144,4092.82,4.0,34.4931,2.307
8328.34,2104.89,0.25273,51.2182,1167886.1,99.0388,3505.95,52.0,38.3816,14.024
8952.55,3477.8,0.38847,95.7672,1286971.6,123.914,3815.12,33.0,36.4552,8.895
8882.58,2875.31,0.3237,99.3876,1253668.8,139.505,4181.14,52.0,34.5391,13.771
3425.48,1287.08,0.37573,24.618,466895.97,46.0849,1340.41,5.0,45.5307,3.592
6276.29,1301.22,0.20732,54.3216,822907.5,72.2409,3068.93,53.0,40.1153,16.211
8120.04,2129.8,0.26228,70.4716,1136631.6,107.312,4087.36,17.0,34.2969,4.977
4001.6,943.2,0.2357,43.2292,541916.25,59.4636,2482.3,15.0,42.7567,13.505
3741.37,1185.78,0.31693,24.5388,516462.0,40.4597,1294.66,18.0,45.66,5.636
9446.15,4395.36,0.4653,69.389,1328398.8,138.717,3019.27,66.0,37.4229,18.258
16672.2,4841.45,0.29039,195.876,2321766.0,247.016,5120.3,54.0,27.1891,7.825
4748.78,1518.45,0.31975,50.4312,661922.56,64.7587,2149.98,26.0,43.0375,3.368
11846.1,4737.16,0.39989,136.803,1576674.2,191.026,4117.43,40.0,32.9617,5.25
7214.27,2506.22,0.34739,61.9615,967226.7,116.521,2976.73,32.0,39.3058,6.973
10082.1,4156.19,0.41223,92.1583,1417306.2,137.454,3927.57,38.0,35.5423,10.412
7547.15,2253.71,0.29861,56.8662,990182.06,101.787,3313.08,47.0,40.2343,4.555
5849.2,1404.12,0.24005,55.6246,764341.56,87.9334,4313.13,20.0,39.8204,5.748
5251.86,769.28,0.14647,55.1821,728932.06,54.531,3004.38,17.0,39.9518,3.868
16362.4,7368.25,0.45031,199.376,2288091.2,269.652,5492.83,122.0,25.4696,18.005
6810.3,3062.12,0.44963,46.3042,966329.1,116.98,3127.75,52.0,40.0175,12.991
5935.92,859.46,0.14478,44.9734,834762.94,69.2101,2730.99,1.0,42.1015,0.939
9592.74,2459.59,0.2564,83.4425,1372290.0,121.752,3937.12,40.0,34.8107,1.616
5601.37,1260.0,0.22494,45.152,796250.94,78.5922,2347.41,64.0,42.0778,13.097
6020.95,1515.88,0.25176,51.0818,845619.56,71.2325,3251.07,58.0,38.323,2.253
8275.91,2776.05,0.33543,73.2396,1099108.6,127.643,3583.81,82.0,34.4232,14.372
9834.52,3413.76,0.34712,100.131,1366544.8,150.666,4978.85,38.0,32.2191,1.505
7528.09,2735.42,0.36336,76.3966,1012006.7,124.796,3350.13,64.0,37.3109,9.397
9324.54,3788.7,0.40631,90.9574,1320953.9,120.409,3648.45,28.0,30.0202,16.699
5270.11,1699.33,0.32244,47.4254,745821.06,69.4402,2037.04,2.0,42.2465,3.907
8671.62,2255.39,0.26008,63.7176,1218272.6,103.648,3614.75,35.0,36.2963,18.785
7662.35,2162.3,0.28219,73.0762,1056595.9,107.623,3207.31,28.0,37.4262,4.51
6719.99,2140.56,0.31853,66.2344,908802.7,103.394,3571.77,64.0,38.7706,15.426
5383.18,1137.85,0.21137,50.7951,771658.06,70.5515,2873.42,58.0,40.2026,1.808
7944.47,1624.94,0.20453,75.017,1138315.0,106.542,4034.5,104.0,34.9238,0.938
7170.37,2050.73,0.286,53.3601,933178.3,117.029,5157.99,21.0,36.6452,16.882
6948.44,2153.04,0.30985,65.2699,945950.9,94.9581,3138.04,20.0,40.1006,1.686
23322.4,6558.72,0.28121,333.368,3200924.8,415.852,6313.31,185.0,19.7568,1.377
5217.0,1069.34,0.20497,45.3411,753458.6,61.9903,2187.87,80.0,42.7776,0.675
4096.27,1216.5,0.29697,33.676,562334.75,50.395,1408.75,17.0,44.2712,1.437
15092.9,3879.79,0.25706,186.403,2120834.2,217.015,5714.51,67.0,23.0197,1.253
15117.1,3760.87,0.24878,183.838,2144698.2,208.076,5667.95,67.0,23.1595,1.186
5425.34,1989.87,0.36677,45.0176,790701.6,77.8279,2568.19,47.0,42.0018,10.701
8486.82,2619.47,0.30865,71.5684,1146188.4,116.461,3647.75,81.0,36.0841,5.479
22746.9,5624.55,0.24726,340.71,3117290.2,393.389,6221.27,162.0,19.8426,1.182
7120.23,2372.0,0.33313,53.5732,982901.7,97.2311,3785.78,22.0,37.2802,14.301
7375.59,1210.5,0.16412,69.5637,996607.56,95.4406,3357.94,35.0,38.8746,18.26
6284.55,2163.58,0.34426,59.4093,867507.06,90.8505,2528.97,73.0,39.5531,15.383
6003.66,1898.59,0.31623,63.6462,839098.0,81.1066,3708.93,74.0,38.8506,5.598
5085.97,1832.06,0.36021,49.6582,706214.5,66.9311,2190.27,18.0,43.0306,3.399
7863.06,2003.24,0.25476,84.5573,1101691.5,125.65,3129.74,4.0,36.9864,0.647
6381.54,2368.3,0.37111,59.8701,845494.8,112.341,2852.56,5.0,38.2213,10.718
9816.63,4273.8,0.43536,102.342,1276152.1,167.583,3774.32,80.0,35.661,16.827
14431.0,5794.76,0.40154,127.334,2047042.8,187.706,5144.6,119.0,27.6811,17.363
9187.46,3097.67,0.33716,95.2349,1281323.6,119.565,3342.85,51.0,35.9652,13.249
16569.1,5507.94,0.33242,164.067,2394586.8,239.641,4919.5,61.0,27.7698,3.51
11447.5,5004.78,0.43719,99.1942,1594917.4,176.444,3906.41,27.0,35.4995,13.7
7731.63,2352.12,0.30422,71.1955,1076540.8,102.124,3176.19,38.0,37.2213,4.649
10464.7,2416.34,0.2309,129.886,1421204.1,163.203,3997.93,74.0,32.7451,3.443
11925.7,3146.86,0.26387,151.918,1683752.5,178.252,4772.81,123.0,29.8956,1.742
7687.66,2643.33,0.34384,37.6993,1081061.2,108.054,3869.12,23.0,35.4955,14.504
11250.5,3192.44,0.28375,103.103,1543649.6,161.767,4484.25,76.0,32.2944,15.557
8971.98,1914.68,0.2134,97.6512,1242594.0,128.283,3679.48,23.0,33.8601,1.976
6840.93,2814.42,0.4114,84.2206,872775.56,145.561,3588.43,63.0,36.5244,15.854
7872.66,1533.22,0.19475,77.8944,1102771.9,99.4939,3813.42,12.0,33.9978,2.519
6888.81,2125.03,0.30847,52.0698,970073.56,80.8024,3202.11,57.0,36.8256,6.846
11911.5,4120.93,0.34596,124.91,1660183.6,184.166,4265.4,42.0,30.3227,1.963
8235.16,2830.24,0.34367,73.4907,1146240.4,121.983,3818.67,72.0,35.0379,18.629
8323.68,2849.05,0.34228,68.3825,1105992.6,123.432,4568.12,67.0,33.734,4.729
15073.5,3907.85,0.25925,186.11,2130790.8,217.243,5668.96,69.0,23.0001,1.318
7184.12,1438.89,0.20028,90.4313,997812.9,93.6217,3849.16,105.0,36.5799,5.422
8201.12,1583.12,0.19303,76.4436,1151537.5,93.2308,3167.42,32.0,36.252,11.745
8721.26,2228.79,0.25555,73.0078,1273739.8,102.131,3157.91,12.0,37.3192,1.388
7132.89,2302.13,0.32274,71.7153,963148.8,110.656,3382.62,79.0,33.6918,4.108
10430.2,3155.88,0.30257,129.471,1410804.1,157.599,3934.16,38.0,34.0871,2.037
10614.0,3431.01,0.32325,136.824,1474779.5,168.095,5069.92,44.0,28.1099,3.389
12247.4,4432.48,0.36191,104.956,1783578.5,185.923,5053.99,98.0,29.5501,20.69
8785.28,1652.22,0.18806,105.934,1154658.2,137.366,3825.57,121.0,35.4937,18.131
16725.2,5590.35,0.33424,193.996,2230864.2,279.15,5174.78,222.0,26.0623,3.305
4180.68,1290.25,0.30862,35.1387,576070.56,50.3245,1382.27,32.0,44.5042,11.473
13724.3,3463.94,0.25239,161.166,1935525.1,178.427,4627.64,59.0,29.8364,1.613
6126.66,2043.98,0.33362,51.8967,856454.9,83.7182,2550.18,20.0,41.5358,3.941
7809.75,1914.66,0.24516,66.3935,1058152.8,190.886,3538.12,134.0,36.7322,17.008
14296.7,3383.7,0.23667,173.897,2012525.8,211.779,5643.76,63.0,23.0546,1.587
8890.17,3375.19,0.37965,75.0815,1218759.8,140.594,4561.9,49.0,35.6788,17.802
13729.3,3307.17,0.24088,100.538,1893442.1,298.186,4626.07,175.0,26.6779,18.824
15218.3,4529.08,0.2976,154.042,2170400.8,226.015,6248.52,94.0,24.5936,1.71
10285.5,2949.61,0.28677,109.881,1448568.5,149.409,4360.31,57.0,32.8181,4.561
6013.05,1406.93,0.23397,53.6625,836257.94,65.6661,2482.92,43.0,41.2907,13.091
10074.4,4083.67,0.40535,98.2312,1405089.2,146.275,3497.97,70.0,35.6868,17.855
10594.6,4167.8,0.39338,98.615,1523887.4,156.741,4496.63,101.0,35.443,14.236
7756.56,3535.66,0.45582,69.2586,1093808.9,127.137,3065.74,33.0,37.4837,13.32
6271.04,1622.75,0.25876,67.4312,894591.2,77.2745,3096.87,7.0,38.9464,1.789
7464.79,1839.57,0.24643,67.7281,1033583.56,101.381,3642.12,24.0,37.1889,1.592
7451.1,2261.93,0.30356,70.4601,1008191.1,105.841,3381.03,75.0,35.3622,3.782
5118.05,1632.01,0.31887,55.1578,705615.3,70.6417,2712.57,38.0,42.0106,9.563
12782.4,5628.94,0.44036,166.556,1796037.9,242.422,4666.4,100.0,29.1733,7.282
8752.71,2842.63,0.32477,101.478,1195419.2,134.448,3598.79,19.0,36.2293,2.691
16117.3,5824.99,0.36141,182.667,2269908.2,265.856,5648.51,157.0,24.4781,2.115
6873.07,2635.88,0.3835,59.043,906335.8,107.754,3778.98,42.0,36.7096,13.785
4944.71,1257.91,0.25439,44.3378,683492.3,59.2571,1906.13,14.0,43.8391,2.528
5147.75,2037.17,0.39573,35.5157,729949.25,67.507,2510.44,38.0,44.7421,4.472
15615.1,4580.55,0.29334,189.546,2149233.5,254.454,5276.17,94.0,26.3647,7.243
10231.0,2726.72,0.26651,121.109,1447135.4,156.519,4415.96,40.0,32.9695,3.044
14394.4,4573.35,0.31771,174.568,1961177.2,262.221,4867.14,28.0,28.3984,2.861
5353.32,1917.95,0.35827,41.7994,764654.1,75.3623,2538.07,36.0,41.0959,12.5
7538.87,2832.41,0.3757,71.5001,1041396.06,103.041,3179.03,19.0,38.2516,3.015
8354.67,2564.95,0.307,67.656,1192720.4,100.785,3140.33,16.0,38.4825,6.411
7029.47,2603.11,0.37031,80.3487,954067.0,101.557,3307.23,56.0,38.1513,1.14
10009.1,4376.95,0.43729,102.287,1308529.1,171.615,3821.5,83.0,35.7195,16.481
7854.32,2119.67,0.26987,63.5912,1169636.1,94.3871,2702.39,43.0,39.7454,14.088
5914.58,1242.69,0.2101,57.3596,796320.75,73.0924,2727.47,31.0,46.5464,9.085
9725.02,3531.21,0.3631,90.7703,1365620.1,136.084,4276.76,22.0,35.5101,19.542
6921.72,2296.04,0.33171,71.8794,990024.06,109.041,3192.29,77.0,37.3213,17.108
8376.24,1593.15,0.19019,64.8952,1175639.9,85.6578,3153.53,28.0,38.4076,15.202
11654.9,2507.32,0.21513,156.201,1647007.0,172.984,4605.99,53.0,29.989,0.932
8164.57,1767.48,0.21648,65.9554,1158750.4,89.4885,2877.22,41.0,39.5167,16.38
8507.0,2578.09,0.30305,95.7775,1165224.8,145.279,3258.87,8.0,36.5875,1.952
7858.13,2299.4,0.29261,68.7841,1100840.9,106.861,4045.37,18.0,34.2754,4.7
3838.05,1047.43,0.2729,33.0611,541357.5,44.6411,1215.42,38.0,45.0108,17.332
9209.59,2163.17,0.23488,107.187,1273281.0,130.552,4227.44,54.0,33.9858,1.552
10078.0,3536.32,0.35089,105.383,1403699.0,143.146,3735.81,12.0,34.7766,2.688
10265.6,3173.86,0.30917,104.43,1482875.9,149.856,4222.92,157.0,30.7121,17.917
13834.3,3890.46,0.28121,191.847,1887895.1,210.363,4623.83,184.0,28.5093,2.029
5497.72,989.16,0.17992,48.3213,787875.44,68.4922,2884.25,58.0,40.0389,1.1
8951.49,2879.7,0.3217,93.4371,1268218.6,137.637,4486.64,106.0,33.4122,17.775
15951.2,4945.61,0.31004,200.07,2208535.8,281.304,5217.87,178.0,22.7482,19.845
7717.7,2554.71,0.33101,90.5386,1036893.0,122.295,3200.7,84.0,38.778,1.997
6739.31,2343.56,0.34774,81.1136,928990.5,93.8308,3252.7,62.0,38.5563,2.097
15281.0,5064.79,0.33144,211.211,2120215.8,262.593,5278.93,290.0,24.5885,1.99
19610.7,6281.14,0.32029,244.893,2648851.8,343.581,5823.65,347.0,20.8279,3.657
6022.26,1013.13,0.16823,54.5373,825673.1,67.7663,2460.13,25.0,41.6738,12.342
5842.87,1547.0,0.26476,41.0877,792751.56,98.2257,2641.86,25.0,41.1094,14.559
9089.56,2043.26,0.22479,101.894,1233245.1,142.785,4017.06,39.0,34.2459,1.995
9703.13,2591.84,0.26711,111.12,1327499.5,153.994,4207.94,70.0,32.5322,1.127
10731.9,3581.04,0.33368,98.5697,1431603.8,155.857,4564.94,45.0,31.1429,13.972
10492.8,2848.88,0.2715,107.385,1493612.6,155.88,4028.99,45.0,33.4115,1.694
15695.6,5518.75,0.35161,129.869,2229116.2,206.847,5967.28,82.0,24.8877,20.731
9269.87,2697.68,0.29101,87.8,1317155.6,131.644,3461.73,5.0,35.594,2.412
13727.3,4547.94,0.3313,138.912,1840931.9,192.005,4846.51,179.0,28.6978,16.888
4481.55,949.37,0.21183,45.252,607662.3,69.3909,2628.28,13.0,43.0552,2.432
8562.42,3162.23,0.36931,86.173,1220722.4,126.965,3779.47,71.0,34.9058,13.683
5427.62,1504.44,0.27718,45.2472,798107.25,70.9529,2837.98,12.0,40.3889,7.475
7804.45,2317.37,0.29692,62.5514,1100174.5,98.6515,2725.02,13.0,40.8071,10.313
6635.22,1558.48,0.23487,71.0511,875038.9,97.7348,3438.25,77.0,37.8628,1.295
17239.9,5278.02,0.30615,255.788,2350508.0,264.497,4868.75,269.0,26.7576,4.389
9254.3,2937.56,0.31742,75.3499,1269374.9,107.759,3873.61,53.0,34.0122,14.891
8458.88,4101.85,0.48491,87.4634,1144208.4,158.787,4062.36,99.0,33.2326,3.51
13916.4,3250.31,0.23355,175.573,1891553.0,206.429,4895.06,104.0,27.7147,2.243
9923.36,3819.99,0.38494,94.4969,1390683.1,124.047,4294.71,42.0,36.0156,14.711
12584.9,3904.93,0.31028,127.461,1690090.2,183.49,4736.32,43.0,31.5695,1.53
15371.0,5269.81,0.34284,218.56,2120027.8,258.188,5317.36,281.0,24.7365,1.978
7113.51,1955.7,0.27492,91.1701,968673.6,101.375,3330.74,27.0,36.5675,5.538
17222.8,5522.11,0.32062,190.647,2303430.5,276.982,5337.28,194.0,25.0097,2.747
16648.5,5759.02,0.34591,151.158,2280594.5,256.912,5581.52,124.0,20.134,20.006
8505.62,2043.1,0.2402,73.8949,1185341.9,99.7791,3581.58,27.0,36.0872,18.207
8586.17,3189.38,0.37145,72.0936,1208534.8,134.541,3844.3,93.0,35.5248,14.108
5039.24,1418.54,0.28149,45.9698,704165.25,63.6796,1977.94,15.0,46.5464,3.531
13012.6,3159.07,0.24277,160.04,1837428.5,195.972,5039.02,199.0,27.4524,1.798
8608.25,3383.73,0.39307,64.9441,1183114.6,125.47,3818.96,45.0,37.5276,18.98
11598.3,3697.85,0.31882,113.91,1601556.6,151.749,4843.51,61.0,30.3544,16.882
5518.73,847.3,0.15353,50.9398,752788.7,61.2334,3024.16,19.0,39.8361,3.988
7779.84,3044.88,0.39138,87.59,1029019.3,124.262,3479.08,36.0,37.2289,14.7
14687.2,4935.68,0.33605,128.698,2113310.5,209.141,5252.05,114.0,25.5134,20.024
14312.2,4377.45,0.30585,155.259,2033520.5,223.469,4696.56,80.0,29.6017,5.658
5905.72,2046.66,0.34655,54.6313,821880.1,93.6659,2771.7,46.0,39.9488,16.568
6653.57,1731.68,0.26026,62.7283,919728.4,87.9262,2881.65,29.0,39.5532,5.819
8672.9,2136.02,0.24628,86.5055,1227495.8,107.833,4629.37,26.0,33.4226,1.742
8087.31,1804.1,0.22307,77.5603,1152699.0,99.2038,3729.02,25.0,34.7588,1.512
6971.7,1579.92,0.22661,66.6434,950060.56,96.2577,3091.78,46.0,37.077,3.989
3802.24,956.63,0.25159,36.3751,539934.6,46.6922,1778.8,12.0,44.4892,2.118
7430.07,1856.26,0.24983,90.2553,1014560.7,96.7849,3272.2,25.0,38.2411,16.66
4908.74,955.75,0.1947,42.534,663940.44,69.904,2638.29,13.0,42.813,2.32
4217.67,996.61,0.23629,41.5057,586310.06,48.1308,2364.38,40.0,43.1056,8.921
13300.1,3142.85,0.2363,190.937,1812445.8,211.348,4595.57,179.0,29.0029,1.512
11181.0,3547.97,0.31732,132.659,1573509.9,171.572,4223.49,42.0,31.8057,2.974
8133.05,2603.26,0.32008,75.5193,1112363.8,118.463,4053.43,86.0,37.707,4.423
9378.64,2778.92,0.2963,101.826,1331685.2,122.39,4180.95,100.0,33.0267,6.519
12433.8,4196.87,0.33753,164.137,1723422.9,194.913,4874.65,85.0,28.3768,4.67
15026.3,3855.57,0.25658,185.905,2126933.5,210.951,5697.93,66.0,25.7207,1.287
10836.3,2606.95,0.24057,112.172,1532381.1,148.996,4346.86,61.0,33.0375,4.481
10605.3,4331.0,0.40838,90.6229,1502130.4,140.507,4414.34,59.0,35.8194,15.549
7851.5,2530.93,0.32234,76.8515,1066884.9,107.205,3341.11,101.0,33.1292,9.333
13612.0,4686.88,0.34431,96.144,1871574.8,192.783,4940.52,128.0,34.363,20.682
4172.39,763.91,0.18308,41.6702,558028.7,60.7116,2367.5,41.0,41.8682,10.632
12381.9,3801.06,0.30698,141.555,1684397.6,174.704,4056.55,184.0,31.8089,3.219
5797.83,2069.38,0.35692,51.3846,815583.2,79.7252,2375.68,77.0,40.8348,12.029
4172.64,1771.49,0.42454,43.2281,575017.44,73.7737,2325.26,39.0,42.9021,12.994
6228.79,1330.01,0.21352,52.4386,889680.44,69.7963,2449.39,65.0,42.1117,4.147
11158.9,2821.76,0.25287,135.506,1554162.5,174.044,4721.18,172.0,28.8362,0.708
7467.34,1496.85,0.20045,66.5434,1029899.75,92.6091,3311.32,15.0,36.7749,10.281
7909.69,2436.28,0.30801,66.928,1083498.0,110.649,3503.82,46.0,35.5181,3.119
14958.8,5019.52,0.33555,187.436,2091644.1,260.288,5406.88,152.0,24.5329,1.384
13590.9,3466.67,0.25507,163.673,1878771.2,202.327,3771.1,130.0,33.7693,19.453
11728.8,2532.0,0.21587,141.835,1662255.4,181.764,4622.2,55.0,29.8271,0.939
8532.55,2071.63,0.24279,98.8767,1198311.6,122.141,3793.98,46.0,34.9433,2.949
8811.54,2497.36,0.28341,61.9039,1251922.6,116.813,2910.72,32.0,38.2742,13.798
9047.21,3164.25,0.34974,73.3044,1225951.1,116.812,3620.65,11.0,36.56,15.673
11461.2,3064.39,0.26737,145.322,1631317.1,159.806,4124.92,119.0,32.4405,2.955
11326.1,2893.89,0.2555,105.247,1566772.5,137.649,4762.58,109.0,29.9225,19.912
12798.8,4196.13,0.32785,157.941,1776490.4,200.804,4868.79,85.0,28.4074,2.928
7975.02,2816.21,0.35312,73.1765,1107392.6,121.963,3326.31,62.0,37.326,14.175
8070.01,2034.78,0.25214,71.8586,1064804.5,112.942,3094.49,47.0,37.6743,17.001
15021.0,3801.73,0.25309,206.268,2097761.0,258.619,4972.84,138.0,26.7114,2.854
8608.68,1960.13,0.22769,71.9007,1179806.4,96.2198,3446.15,58.0,37.647,12.766
10395.6,3449.71,0.33184,68.8786,1410724.1,150.568,4700.05,84.0,32.5234,18.462
5709.87,2078.41,0.364,60.4101,773585.6,87.684,3444.52,37.0,38.0169,9.427
5607.02,1076.94,0.19206,52.7159,806924.2,69.2803,2867.09,57.0,39.4407,1.348
13018.4,3142.68,0.2414,162.039,1832386.8,205.372,5020.01,193.0,26.0682,1.903
12683.9,2526.94,0.19922,152.417,1726218.4,192.012,4792.21,140.0,29.7103,0.888
5004.3,1715.5,0.3428,46.7478,713762.0,71.5358,2354.36,46.0,42.7276,8.308
7314.0,2254.84,0.30829,68.6323,979737.25,108.552,3374.91,47.0,37.687,13.182
7763.25,1789.2,0.23047,75.3564,1085024.8,92.4754,3411.15,40.0,33.1287,17.353
15097.4,5959.25,0.39472,134.484,2123056.8,212.889,4941.24,144.0,27.72,20.962
5776.31,1289.65,0.22326,43.0919,785358.2,91.2491,3225.83,44.0,39.1425,13.578
6123.35,1170.95,0.19122,53.8692,848892.0,66.7921,3101.97,18.0,39.5573,4.009
7548.11,2602.02,0.34472,78.0297,1055641.8,99.9275,3775.56,33.0,36.0844,2.234
5979.56,2168.12,0.36258,54.489,828816.2,79.8358,2635.06,43.0,40.8157,5.263
5264.33,1918.12,0.36436,33.7762,745461.1,67.2131,1520.79,28.0,43.8484,12.07
18192.5,5416.43,0.29772,226.267,2497334.2,304.769,5909.58,207.0,20.7605,3.224
8586.32,1754.18,0.20429,75.2717,1155085.2,104.201,3631.15,43.0,37.485,19.005
14125.3,7007.72,0.49611,141.958,1940200.6,233.414,4325.11,67.0,28.4733,20.417
6763.42,1375.24,0.20333,69.6472,917640.94,83.9783,3328.89,86.0,37.7431,13.375
16525.4,5328.12,0.32242,212.15,2179035.2,254.28,6195.34,255.0,21.8054,2.511
3114.98,908.14,0.29153,23.8122,423115.5,34.5528,1312.5,2.0,45.1061,2.422
8110.08,2006.94,0.24746,65.8597,1150854.6,91.5675,3312.34,47.0,38.1043,14.592
9405.18,3500.64,0.3722,97.0538,1335440.6,142.934,3728.98,33.0,35.658,3.045
23589.3,7253.86,0.3075,310.112,3266603.5,383.685,6331.64,101.0,17.7069,3.686
6073.79,2061.72,0.33944,66.3182,854216.25,113.354,2913.67,25.0,39.3782,15.13
6227.27,1195.34,0.19195,60.1604,822135.94,95.1467,3109.76,59.0,39.6679,13.81
5129.29,1596.98,0.31134,32.4372,720233.2,63.7756,2437.61,41.0,43.3875,8.2
14096.5,4168.65,0.29572,169.637,1967441.9,235.017,5345.39,158.0,24.8055,2.159
9072.45,2331.14,0.25694,102.627,1271124.5,131.283,3700.35,61.0,35.0033,15.721
7884.35,2274.67,0.2885,81.3146,1054706.6,108.592,3723.5,86.0,35.0194,16.256
7303.94,2211.04,0.30271,72.0729,1035059.6,88.1552,3244.4,30.0,37.1639,0.0
11983.9,3455.57,0.28835,127.037,1705213.9,173.058,3958.72,109.0,47.4559,16.582
8669.21,2437.63,0.28118,64.9807,1203093.0,116.831,3444.11,38.0,38.36,7.556
11401.3,2473.78,0.21697,133.652,1606415.6,191.431,4536.9,48.0,30.4485,0.971
8467.89,3148.76,0.37184,71.8682,1193024.1,112.575,3939.15,34.0,35.32,17.173
6218.6,2379.89,0.3827,77.841,774717.06,122.02,1899.38,81.0,42.6314,12.708
20206.5,7672.38,0.37969,154.251,2762744.0,327.53,6147.02,116.0,21.9865,11.105
9291.3,2199.9,0.23676,100.158,1330427.1,129.77,3833.45,56.0,35.0809,2.815
9773.43,4080.1,0.41746,96.1425,1388025.0,145.844,4319.13,115.0,33.4868,14.797
9400.91,3769.34,0.40095,67.7572,1321238.8,137.37,4247.64,62.0,34.5128,13.973
8238.97,1967.72,0.23883,90.5284,1147164.6,123.672,3212.57,4.0,37.0257,0.431
10607.3,3414.38,0.32188,123.057,1531171.1,172.475,4282.39,66.0,32.2389,18.567
14851.5,4155.12,0.27977,186.887,2063448.1,224.075,5639.56,139.0,22.7826,0.77
9486.49,2255.46,0.23775,104.264,1294271.6,145.669,4027.73,37.0,33.978,1.815
4707.36,1115.94,0.23706,52.7709,649947.4,84.1434,2767.75,53.0,41.59,8.064
10150.6,5217.01,0.51396,92.8909,1458986.8,163.026,3836.52,54.0,33.0199,16.148
8632.14,2338.29,0.27088,67.4665,1147630.1,105.282,3818.38,13.0,46.5464,5.48
7891.08,2573.23,0.32609,71.639,1060341.5,113.42,3472.95,76.0,38.2642,3.895
6501.78,1691.43,0.26014,55.2899,928811.44,76.4022,2562.96,60.0,41.4424,3.016
14742.8,5402.95,0.36648,161.652,2047614.5,234.796,5004.8,81.0,27.3471,5.55
6025.19,2049.4,0.34013,51.6455,835346.0,88.6416,3070.48,93.0,39.1852,13.439
7376.92,2062.71,0.27961,70.085,1020229.5,93.954,3261.58,34.0,37.1825,9.915
5778.83,1844.72,0.31922,51.0176,805656.3,78.8065,2532.87,36.0,41.7402,3.275
12436.9,2579.96,0.20744,148.84,1708069.6,201.349,4724.49,136.0,29.7904,0.729
5666.75,2440.48,0.43066,52.129,772593.7,107.285,2494.06,69.0,40.8074,11.311
6127.95,1533.05,0.25017,69.2287,852482.8,77.9644,2837.32,72.0,39.3247,9.011
9817.26,2493.04,0.25394,106.532,1399482.5,154.775,3917.03,39.0,33.4187,2.077
9353.56,2191.82,0.23433,110.027,1299412.2,122.529,4215.17,56.0,34.2468,2.108
7928.74,1901.23,0.23978,59.5421,1110970.6,76.984,3334.09,39.0,37.6441,11.428
10122.2,3441.29,0.33997,119.761,1393086.8,169.161,3820.24,33.0,32.9987,3.028
10458.6,3181.65,0.30421,96.8108,1509273.8,153.295,4236.47,158.0,32.8909,18.053
8420.58,2360.1,0.28027,81.8767,1123483.0,118.376,3617.3,10.0,34.3288,17.767
5531.32,1112.08,0.20105,46.4297,792307.94,74.9624,2860.27,59.0,40.2741,1.398
10246.0,2762.85,0.26965,122.179,1425985.1,162.699,4645.21,75.0,29.9597,1.563
8568.65,2436.02,0.28429,90.5013,1204823.2,124.784,3737.56,10.0,35.6214,2.134
7318.32,2699.24,0.36883,62.1747,946720.94,119.047,2974.91,44.0,38.1999,13.179
6918.14,1844.38,0.2666,67.1163,977999.0,76.9809,3566.28,48.0,37.8618,12.117
5017.97,985.04,0.1963,43.381,683429.9,65.7956,2733.67,13.0,42.3989,2.048
6053.98,2484.3,0.41035,78.4672,821990.75,102.07,3308.42,50.0,37.9744,1.976
9995.61,2987.45,0.29887,99.7725,1417513.9,132.996,3690.9,139.0,35.653,2.132
6324.77,2769.66,0.4379,57.1317,880603.3,92.9466,2977.46,39.0,39.4058,14.902
5663.86,1503.6,0.26547,47.1606,723619.4,74.1236,2485.73,26.0,42.0983,3.646
8345.91,2169.1,0.25989,61.5887,1190066.0,93.4365,2832.93,13.0,38.5773,12.642
7735.82,2062.92,0.26667,70.7108,1063833.4,104.788,3586.69,39.0,35.5495,3.89
8339.72,1523.67,0.1827,86.1564,1129804.1,124.632,3932.64,63.0,36.2929,10.902
10665.3,4582.2,0.42963,109.745,1517608.9,192.06,3626.51,101.0,36.4244,19.416
7315.66,2723.12,0.37223,66.6373,934858.94,115.941,3024.82,73.0,38.2873,15.748
6089.27,2233.86,0.36685,63.3028,818494.8,94.352,3405.22,81.0,38.0195,11.726
6041.67,1765.39,0.2922,53.6524,853559.94,75.0364,3294.59,49.0,39.7796,3.161
7777.25,1853.39,0.2383,73.8626,1135470.6,92.6142,3055.54,15.0,37.9598,1.705
13668.7,5340.68,0.39072,157.255,1877411.9,222.509,4813.2,80.0,28.659,4.5
9230.47,2263.17,0.24518,82.1687,1313768.0,117.193,3885.24,36.0,34.8869,1.471
13599.8,3394.88,0.24962,188.256,1841477.8,220.135,4610.98,182.0,28.9364,1.888
6259.7,1331.15,0.21265,65.4397,876222.6,72.1062,2973.75,93.0,39.0185,2.651
5510.54,1388.35,0.25194,58.6554,717894.44,89.3817,3473.06,15.0,40.3201,1.811
20115.6,5251.66,0.26107,295.041,2726614.5,309.628,6495.78,276.0,18.6326,1.798
10077.5,1964.9,0.19497,111.385,1375695.8,189.403,3373.37,98.0,36.0045,18.357
11943.5,3294.08,0.2758,148.516,1611634.9,169.007,4995.72,60.0,29.3369,12.88
13048.9,3519.88,0.26974,175.776,1750595.1,225.462,4973.27,85.0,27.328,6.973
18799.2,4333.53,0.23051,229.676,2634558.5,265.471,5545.95,83.0,23.7431,2.309
2783.15,970.82,0.34882,23.77,374315.5,33.6462,1382.48,2.0,45.8496,4.721
7953.13,1658.64,0.20855,78.1034,1141414.1,109.03,4038.63,102.0,34.969,1.012
14110.1,3091.58,0.2191,174.957,1991178.9,204.395,4033.51,144.0,32.2222,1.551
15167.4,4656.71,0.30702,184.56,2088712.6,263.51,5142.61,103.0,25.5722,7.136
11974.1,4073.81,0.34021,160.458,1653856.6,225.761,4856.73,136.0,29.4867,15.119
9145.85,2784.88,0.30449,77.7208,1261224.0,116.614,3983.27,69.0,35.6478,3.943
6623.2,1663.79,0.2512,67.296,923934.6,97.3862,2815.4,104.0,39.1695,4.392
3827.35,1142.52,0.29851,35.0386,521688.56,48.3092,1377.11,17.0,44.379,1.994
12960.6,4858.15,0.37483,113.747,1830580.2,194.342,4202.8,93.0,33.7027,20.427
13341.7,4168.3,0.31242,107.162,1856153.9,181.006,4198.24,92.0,32.9316,18.434
10743.6,4188.04,0.38981,135.586,1459029.0,191.354,4530.87,182.0,30.0405,4.029
5448.27,2182.69,0.40062,53.3141,732654.7,97.0756,2568.58,56.0,40.6987,15.982
11362.1,4224.48,0.3718,112.911,1541188.0,172.307,4681.48,94.0,32.902,14.04
5924.04,2122.74,0.35832,36.6673,816419.44,84.1033,2375.8,15.0,41.3394,15.558
6271.86,1538.87,0.24536,45.1449,846134.3,100.604,2999.11,89.0,39.8507,18.77
7299.99,2150.34,0.29456,66.3808,1011061.6,90.3051,3348.72,46.0,37.2982,6.487
7568.21,2113.7,0.27928,80.0276,1071546.9,108.745,3859.2,40.0,34.6378,2.949
6987.84,1748.38,0.2502,69.2398,955381.8,92.9025,3167.37,41.0,37.0931,3.853
10370.7,2425.85,0.23391,122.068,1412183.5,147.734,3643.43,13.0,34.7656,2.114
7465.94,2302.74,0.30843,64.0065,985724.56,98.4304,4033.69,71.0,38.2541,14.469
5897.08,2079.13,0.35256,71.7941,819236.9,94.7029,3023.7,33.0,40.3605,1.622
5758.15,970.55,0.16855,50.6336,816589.6,73.7726,2601.71,1.0,42.5112,1.469
15959.6,6088.45,0.38149,179.752,2214272.5,254.338,4181.78,107.0,31.3455,7.925
4465.62,1729.67,0.38733,46.7983,659783.06,63.6453,2350.45,57.0,42.7324,10.843
10606.7,2456.82,0.23162,121.178,1442486.5,155.963,3658.38,31.0,34.7506,2.212
6126.21,1451.09,0.23686,59.6807,826735.6,85.0572,2514.16,31.0,40.7978,13.204
15860.6,4934.39,0.3111,185.285,2183549.8,268.682,5351.61,113.0,24.7352,7.841
8514.5,2642.5,0.31035,73.5693,1173613.5,116.903,3797.37,45.0,36.5762,6.607
6827.43,2036.55,0.29828,71.9753,962291.8,86.521,3223.56,13.0,38.8733,3.527
16176.4,4991.42,0.30856,135.883,2251692.5,228.836,5952.69,64.0,26.4197,2.836
5984.26,1195.93,0.19984,53.8839,854928.06,67.0438,2934.83,14.0,39.4408,3.716
19635.3,5129.99,0.26126,228.247,2743081.5,296.446,5572.84,116.0,23.6098,3.481
13359.4,4933.63,0.3693,158.436,1882759.5,195.76,5240.2,40.0,28.0694,9.211
5557.11,1259.9,0.22671,36.9567,763797.5,63.4014,2058.51,14.0,42.4924,10.074
5616.15,1980.75,0.35268,70.3824,778651.44,85.7735,2931.9,36.0,40.5396,0.0
7196.7,1727.16,0.23999,65.4536,1012456.4,86.2629,3644.85,34.0,37.5769,1.906
16238.1,3454.24,0.21272,198.649,2287467.2,251.152,5646.79,95.0,46.5464,0.0
9537.02,4079.42,0.42774,85.702,1326401.8,141.937,3729.33,105.0,34.751,4.807
12224.4,4505.15,0.36853,117.452,1766454.4,192.542,3877.77,171.0,35.2129,18.143
6502.19,1675.78,0.25772,66.3897,887572.3,83.8295,2946.02,112.0,38.8374,3.852
5520.31,1914.52,0.34681,60.2599,762128.25,74.7686,2681.48,38.0,40.4463,10.311
7005.64,2113.84,0.30173,64.0777,929959.9,102.223,3527.13,59.0,39.4354,4.599
20260.4,6422.15,0.31698,257.929,2814036.2,314.685,5480.41,77.0,23.297,4.21
21866.7,7463.17,0.3413,185.85,3104302.5,360.425,16913.7,98.0,26.9238,2.706
7472.13,1557.29,0.20841,65.11,1027931.56,97.5578,3078.93,38.0,37.2381,3.987
4465.62,1729.67,0.38733,46.7983,659783.06,63.6453,2350.45,57.0,42.9753,10.843
9368.34,3756.21,0.40094,72.3681,1316930.9,131.152,4495.06,51.0,36.0701,15.632
11091.6,3327.99,0.30004,136.267,1557949.0,165.819,4372.89,43.0,32.3269,2.932
3948.84,1527.91,0.38692,25.5882,535731.0,52.2995,1488.01,4.0,44.2661,1.939
9501.23,2132.02,0.22439,97.4117,1331192.5,125.772,3488.43,110.0,37.1,2.273
12733.5,3724.42,0.29248,160.288,1781127.5,214.125,4775.6,76.0,28.6825,3.408
8135.39,2375.26,0.29196,65.2086,1095617.8,105.033,3530.76,35.0,33.8401,13.724
7297.7,3004.16,0.41165,65.0583,1041722.94,97.0191,2365.25,69.0,40.3511,11.747
12122.7,3356.55,0.27688,166.704,1717495.0,206.863,4597.43,111.0,29.8541,2.006
9318.36,3962.02,0.42518,68.9942,1310852.0,137.417,4510.78,61.0,32.9455,15.85
8117.7,2822.71,0.34772,60.1931,1075534.8,137.337,2890.65,58.0,39.0525,11.286
11997.5,3440.13,0.28673,132.908,1684907.2,184.919,4577.24,48.0,29.6202,3.454
7117.99,2373.9,0.3335,79.6279,974005.06,100.201,3314.0,64.0,38.5985,1.856
7722.56,2285.83,0.29599,79.0763,1056237.9,100.953,2947.47,109.0,37.8044,1.662
11176.4,3714.2,0.33232,112.929,1578380.0,173.929,4458.18,81.0,33.9518,3.405
6113.08,2074.65,0.33937,52.4734,854369.1,81.8176,3155.08,51.0,39.6462,11.59
13907.2,4078.59,0.29327,185.382,1949305.2,226.513,4426.22,22.0,30.0551,2.595
6746.12,2108.28,0.31251,63.3504,914862.8,93.1285,3193.33,14.0,39.7671,0.0
14199.3,3728.73,0.26259,185.876,1917693.5,215.068,4628.99,178.0,28.6656,1.932
10130.8,3457.81,0.34131,123.519,1414014.1,179.364,3770.59,32.0,32.6222,3.762
14366.2,5051.21,0.3516,190.753,2024864.8,260.619,4362.33,89.0,30.2203,5.861
13039.3,4732.83,0.36296,159.797,1811062.0,214.343,4624.5,100.0,29.6923,6.074
8659.57,1809.53,0.20896,72.9464,1152149.8,119.331,3180.93,48.0,35.6502,13.63
8138.57,2462.63,0.30258,85.1655,1159929.4,117.119,3452.66,25.0,37.3994,4.702
14330.3,3930.46,0.27427,191.422,1877971.6,232.418,5516.54,240.0,20.5307,3.728
6374.94,1342.75,0.21062,54.4244,873619.7,85.3685,2811.55,17.0,40.3535,1.064
11867.5,3127.82,0.26356,113.942,1671817.9,131.489,4279.89,137.0,31.4415,14.708
8904.76,3300.87,0.37068,93.4741,1246737.5,121.19,3543.71,49.0,35.6511,15.339
6047.61,1802.23,0.298,53.2049,842409.6,75.5459,2527.81,38.0,41.7527,3.001
15138.7,4600.83,0.30391,174.559,2092595.0,248.623,4958.1,34.0,27.8067,3.105
9988.86,2814.46,0.28175,112.028,1374735.0,146.954,4175.41,111.0,32.6698,2.206
7326.36,1991.03,0.27176,70.0225,1002987.3,102.135,3478.38,45.0,36.0231,5.155
7539.44,2731.1,0.36224,79.2013,1038809.44,96.9764,3852.4,32.0,35.6388,2.167
5856.63,2290.52,0.39109,45.9514,841418.3,85.1854,2556.66,39.0,42.6898,9.502
7913.82,1940.02,0.24514,65.2688,1093339.2,112.087,3620.82,24.0,37.2302,1.516
7012.13,2276.74,0.32468,63.9644,981279.1,102.183,3350.07,67.0,37.9689,8.795
8689.83,2046.31,0.23548,84.0181,1232893.1,106.06,4672.99,28.0,33.2014,2.359
7263.21,2381.88,0.32793,65.7346,983255.25,97.4697,3128.34,17.0,40.1234,1.748
6836.29,2011.1,0.29418,66.7677,945064.6,88.3601,3086.42,51.0,39.5219,1.998
7805.54,2671.01,0.34219,65.361,1124136.0,97.9209,5191.45,53.0,41.0244,15.114
11904.9,2305.94,0.19369,140.074,1649154.2,173.487,4647.94,150.0,29.9688,2.058
4639.72,1524.62,0.3286,36.82,626563.06,65.3541,2520.31,36.0,41.9149,13.144
8154.12,2092.42,0.2566,90.0816,1089538.0,124.416,3909.83,36.0,36.1817,5.174
8991.33,3438.48,0.38242,87.3357,1276745.9,139.336,3340.11,40.0,37.522,14.117
8786.38,1956.49,0.22267,101.012,1188193.0,118.899,3863.45,26.0,34.3264,2.298
7589.98,2818.41,0.37133,69.8578,1090717.9,107.426,3674.21,44.0,36.6575,13.649
19743.9,7678.89,0.38892,128.963,2824527.8,284.274,9561.17,110.0,30.9777,17.024
5959.14,1900.24,0.31887,50.3812,843158.94,80.671,2828.65,12.0,40.7643,0.0
7411.83,3078.93,0.4154,35.3189,967448.3,113.328,3148.28,55.0,38.2153,15.722
5440.25,1678.27,0.30849,45.5839,756988.3,75.9217,2020.73,3.0,42.2367,4.793
5562.44,1568.46,0.28197,59.033,724261.7,79.0841,2560.27,30.0,38.5656,1.752
8194.22,2200.85,0.26858,83.8366,1121003.8,126.296,3590.42,50.0,36.2042,4.99
6242.03,1483.42,0.23765,75.6733,825733.7,92.787,3363.39,76.0,37.8473,2.352
10996.8,3664.7,0.33325,78.7304,1489172.8,151.382,4871.27,71.0,33.6614,19.273
14322.7,4854.15,0.33891,156.358,2030630.2,233.341,4835.55,52.0,28.5488,3.575
8483.05,2984.12,0.35177,54.1043,1197872.9,122.137,4341.08,13.0,36.8365,18.226
5891.71,1403.14,0.23815,52.3194,843399.9,88.5941,2269.81,20.0,41.3852,9.893
15129.9,4069.19,0.26895,123.108,2043137.5,221.527,4727.18,141.0,28.9539,4.483
8292.09,2247.2,0.271,88.0196,1117839.4,134.644,3670.31,40.0,35.8201,3.983
21360.8,5960.42,0.27903,250.053,3000992.2,317.937,5754.47,215.0,22.8204,5.925
9009.37,3386.63,0.3759,68.2672,1268871.8,121.847,3480.99,56.0,35.8609,14.42
12049.3,4667.3,0.38735,141.43,1617239.1,200.523,4320.47,81.0,32.212,20.643
6130.8,1106.12,0.18042,65.955,824302.94,79.9543,3272.02,35.0,37.9487,4.903
3994.25,1252.37,0.31354,35.3672,545525.75,50.4388,1401.02,17.0,44.4045,1.567
5746.29,1536.11,0.26732,57.2694,782857.1,75.5962,2464.08,13.0,41.0165,12.61
4632.65,1062.14,0.22927,38.1013,638239.9,54.0738,1972.2,14.0,43.2682,12.335
9159.67,1783.56,0.19471,101.662,1294938.8,132.519,4208.84,44.0,33.6603,0.768
13740.2,4861.18,0.35379,157.625,1897848.6,206.391,4973.89,85.0,27.8126,5.546
10163.9,2307.74,0.22705,120.234,1381408.5,157.649,3600.2,23.0,34.7635,2.166
8367.58,1704.65,0.20372,72.0678,1203260.6,110.925,4057.08,101.0,34.8833,1.023
8351.3,2918.09,0.34941,92.343,1188409.5,144.367,4034.13,126.0,35.6233,18.844
5559.05,1381.41,0.24849,43.312,799537.7,66.0241,2517.76,13.0,41.5784,3.718
6170.71,1762.06,0.28555,69.3488,873924.56,78.0717,2814.73,75.0,37.1969,8.052
10642.0,3147.64,0.29577,78.764,1463421.1,141.283,4538.87,67.0,31.9446,14.304
10364.4,2277.44,0.21973,148.896,1464567.0,173.907,4545.63,50.0,30.4007,1.008
14117.7,6248.2,0.44257,139.291,1925113.0,222.407,5615.29,156.0,26.5226,17.951
10584.0,3716.7,0.35116,102.915,1479554.2,161.754,4230.97,67.0,33.508,14.041
5506.2,1497.51,0.27196,46.4266,770692.3,67.0133,2076.39,5.0,42.0338,3.569
7885.68,2676.94,0.33946,85.1267,1089242.9,103.971,3932.74,43.0,35.8513,13.732
7746.55,1763.28,0.22762,66.883,1014391.44,92.9116,3314.92,17.0,38.2936,8.135
6001.61,854.86,0.14243,48.8983,849742.3,73.7229,2724.54,1.0,42.2001,0.767
17982.9,6349.24,0.35307,186.507,2523340.5,269.512,5630.55,153.0,23.5509,2.619
8055.03,2474.6,0.30721,73.513,1127919.9,99.8246,3195.93,57.0,37.6847,11.733
5995.67,1795.59,0.29948,59.7673,827154.75,81.4987,2662.04,45.0,40.7759,2.053
5664.43,1111.87,0.19628,50.0671,812031.75,71.7476,2887.42,57.0,39.9788,1.135
11969.7,4721.86,0.39448,110.098,1570036.8,187.245,4553.81,82.0,32.8448,18.847
4849.32,1294.41,0.26692,46.0447,679205.2,61.329,1897.22,13.0,43.953,5.404
9992.63,2903.81,0.29059,99.6463,1374573.4,135.078,3594.43,25.0,35.9646,2.932
10402.5,3344.38,0.32149,91.513,1441520.8,145.203,3786.05,24.0,36.0033,3.334
10242.9,2539.46,0.24792,125.126,1416768.4,158.404,4632.97,74.0,29.6138,1.629
12536.5,2790.01,0.22255,169.726,1712692.5,213.087,4760.93,91.0,28.5778,1.858
11334.6,2409.67,0.21259,144.277,1599382.4,181.767,4613.64,53.0,29.9361,1.163
8243.09,1686.54,0.2046,73.6298,1181381.2,110.229,4054.07,101.0,34.911,1.042
13330.2,3422.51,0.25674,146.689,1829796.4,195.48,4382.76,20.0,30.8084,1.869
11828.3,3277.92,0.27712,159.646,1664539.9,229.253,4202.0,74.0,25.2153,1.767
6455.4,3091.87,0.47895,57.1542,905759.75,115.649,2458.92,63.0,41.5138,12.423
10254.5,3546.69,0.34586,76.5911,1389968.2,146.532,4140.54,103.0,30.7207,9.154
8913.62,2284.03,0.25624,76.2415,1278949.4,115.197,4361.61,94.0,33.7421,1.72
9564.77,2951.66,0.30859,104.19,1314801.8,136.171,4041.36,20.0,33.4083,3.348
4805.83,908.06,0.18894,40.9387,690613.06,54.1481,2183.92,80.0,42.8149,0.697
8588.45,2738.3,0.31883,57.0891,1172521.6,114.599,3989.71,45.0,35.9139,16.532
7619.97,2747.52,0.36056,86.6227,1032522.56,108.001,3754.56,45.0,35.3873,8.868
3836.91,1248.06,0.32527,31.2721,543050.5,49.9264,1947.91,64.0,44.8434,8.337
6883.16,2169.43,0.31517,64.5427,949959.25,98.15,3146.3,49.0,39.4285,2.433
7105.77,1856.07,0.2612,64.5199,979618.75,89.3714,3081.06,52.0,39.5006,2.149
12225.4,3002.16,0.24556,129.582,1661571.9,154.113,3969.49,227.0,32.4261,2.478
9316.52,2913.83,0.31275,91.9968,1323427.6,132.237,3838.62,28.0,35.164,5.773
6678.2,1659.17,0.24844,69.2455,877325.6,102.462,3442.5,76.0,37.8245,1.26
8301.78,2297.03,0.27669,87.2905,1162019.0,119.751,4707.67,51.0,32.9963,3.525
3881.88,1235.68,0.31831,34.6864,527278.5,49.785,1364.94,34.0,44.6544,11.404
8631.16,2477.55,0.28704,83.4264,1232763.4,120.245,3981.21,47.0,36.161,2.707
5547.72,1345.14,0.24246,47.9821,815863.94,67.4957,2332.48,71.0,42.3637,11.943
6619.06,2120.75,0.3204,64.2253,954048.3,85.7783,3683.91,75.0,38.6333,14.02
7024.07,2117.74,0.30149,62.5418,970540.7,92.2206,3117.21,46.0,39.6146,1.703
4752.59,968.69,0.20382,40.0049,647197.4,62.8109,2402.81,37.0,42.5988,12.575
6150.99,1930.41,0.31383,71.3828,856341.94,89.6202,3044.04,35.0,40.2526,1.614
8111.04,2026.89,0.24989,75.3945,1114717.1,102.386,3522.4,32.0,36.0448,4.886
5135.75,2005.91,0.39057,34.7138,727450.94,67.2172,2598.33,38.0,42.7396,1.835
9935.77,3616.85,0.36402,74.3494,1372910.5,128.308,5098.99,33.0,38.1002,19.045
12455.1,3331.56,0.26748,165.361,1749466.6,201.489,4842.26,75.0,28.0382,3.553
6078.08,1798.04,0.29582,61.7903,838623.25,89.3856,2824.02,53.0,40.3634,12.647
13433.4,4025.03,0.29962,167.373,1860304.5,219.855,4747.96,119.0,28.9438,4.828
12204.6,3331.73,0.27298,147.006,1675395.8,194.601,4292.03,28.0,30.9109,3.435
6507.13,2251.39,0.34598,57.9741,916284.25,87.2037,2835.6,45.0,39.416,2.337
16788.7,5483.99,0.32664,184.34,2335620.2,279.795,5604.02,98.0,23.6274,7.301
6027.61,1410.41,0.23399,68.7814,843230.3,73.7722,2821.28,72.0,39.7776,9.436
4478.18,1422.06,0.31755,32.6009,636055.6,51.5987,1429.17,39.0,44.4558,19.016
8577.02,1566.72,0.18266,74.4666,1169866.5,104.299,3969.57,17.0,36.2015,9.291
13721.6,6008.32,0.43787,192.005,1789191.6,267.681,4812.16,100.0,26.4688,10.254
8018.73,2028.49,0.25296,85.9664,1104817.1,117.005,3492.31,23.0,36.7652,11.599
16711.1,4518.46,0.27038,184.64,2289847.8,231.062,5919.21,80.0,22.1491,19.294
10363.8,3596.88,0.34706,105.522,1452960.0,133.031,4458.35,77.0,32.372,14.169
4826.17,1153.31,0.23897,40.3917,675131.7,54.668,2534.28,47.0,40.9306,12.209
7712.36,1424.14,0.18465,79.9914,1081899.5,96.987,3782.34,11.0,34.5307,1.847
9592.7,3501.68,0.36503,64.6374,1310401.9,144.283,4605.75,58.0,35.4069,18.217
6312.5,1910.01,0.30257,53.276,880717.3,78.3429,3301.19,61.0,37.6263,2.42
8325.79,2648.68,0.31812,88.5664,1108347.6,96.9454,3704.61,42.0,36.6224,15.546
9725.85,4082.19,0.41972,98.2231,1335960.2,179.365,4411.14,47.0,32.745,17.536
9695.3,2619.11,0.27014,108.673,1373241.0,146.549,3963.75,39.0,33.5674,2.227
6053.34,1366.01,0.22566,68.4746,849280.4,73.3962,2830.58,75.0,39.4275,7.445
8673.91,2323.24,0.26784,81.5383,1225252.2,108.836,4031.17,36.0,34.1436,3.718
9263.07,2587.21,0.2793,80.7184,1260727.9,126.254,3878.42,31.0,35.2112,1.896
9077.55,2543.49,0.28019,81.1314,1273893.8,136.847,3933.79,5.0,34.7514,2.06
10219.8,2835.27,0.27742,111.66,1437352.9,154.584,4275.66,56.0,33.9156,3.499
11780.2,3005.55,0.25513,151.392,1584917.2,164.159,4483.97,59.0,30.6671,2.332
8274.05,2236.26,0.27027,78.2127,1154487.8,101.817,4100.54,62.0,34.4414,2.393
10783.2,3505.48,0.32508,67.3839,1537671.4,144.641,3343.12,45.0,37.0922,15.874
4371.98,1288.99,0.29482,35.4509,609556.94,52.5779,2050.96,57.0,44.2764,10.509
14709.1,4657.8,0.31666,168.913,2043638.5,218.421,5206.2,181.0,25.8331,1.938
5450.79,1661.23,0.30476,57.2776,763247.06,81.6198,2999.43,48.0,36.1072,14.781
13784.0,3230.15,0.23434,173.462,1931898.9,202.506,4034.52,134.0,32.1878,1.543
9130.21,2603.52,0.28515,86.7189,1230765.9,107.453,3676.38,40.0,37.0895,14.214
11448.1,4936.4,0.43119,129.693,1545437.4,206.575,4627.68,147.0,30.8819,3.494
5633.96,1550.03,0.27512,60.5938,710058.2,86.9693,3091.36,16.0,39.462,2.266
14146.9,3849.15,0.27208,180.204,1962523.1,211.061,5619.32,138.0,22.8108,1.704
9152.35,3480.02,0.38023,110.185,1284007.0,171.511,4057.38,94.0,33.8492,12.763
7759.37,1844.87,0.23776,62.605,1095501.6,100.35,2956.37,31.0,38.5959,5.489
10244.5,2227.78,0.21746,108.016,1469328.2,143.824,4165.86,103.0,33.6785,16.389
13147.2,3468.68,0.26383,113.919,1848833.6,144.789,4282.43,161.0,32.1784,20.73
7458.96,2172.72,0.29128,76.5557,1002422.9,108.384,3652.18,61.0,36.6123,2.859
14180.6,3705.47,0.2613,190.993,1940209.5,211.974,4585.32,176.0,28.8192,1.82
9440.97,2944.63,0.31189,84.7434,1343844.9,148.41,3829.81,2.0,35.4176,1.97
5977.9,1847.26,0.30901,68.0622,824800.0,87.836,3057.67,36.0,40.5128,1.764
7941.42,2867.81,0.36112,73.9316,1118423.8,128.684,3761.5,56.0,35.6088,16.058
7825.68,3113.91,0.3979,77.6324,1096946.2,119.703,3293.93,39.0,37.7319,2.59
4936.74,1202.23,0.24352,52.9493,641557.44,70.6325,3081.54,30.0,40.8271,8.087
22255.9,8615.41,0.3871,182.82,3064213.5,357.718,15547.66,128.0,23.3615,13.604
12808.4,4629.2,0.36141,142.932,1854971.0,227.096,4525.86,107.0,29.9153,19.472
13451.7,5130.13,0.38137,186.423,1771281.0,256.047,4909.18,70.0,27.055,5.713
11172.8,3074.33,0.27516,108.529,1547322.1,140.164,4580.22,103.0,30.5221,18.503
7116.36,2034.49,0.28588,66.4644,953693.06,98.2418,3598.13,87.0,37.1515,1.781
18222.1,6573.25,0.36072,185.573,2577990.0,274.844,5863.75,149.0,22.102,2.854
11290.3,4127.65,0.36559,84.9629,1511767.0,177.11,4451.76,32.0,31.8192,18.399
6319.28,1543.08,0.24418,56.9078,892631.5,85.1252,3139.75,36.0,38.9839,14.041
13035.3,3157.11,0.24219,161.176,1860590.4,212.812,4942.55,208.0,28.0873,1.793
7254.35,2358.52,0.32511,78.7017,997892.3,102.662,3758.1,32.0,36.041,2.1
14475.0,4252.61,0.29378,193.574,2009242.9,228.834,5636.71,142.0,22.8531,0.747
9948.35,3726.57,0.37459,128.095,1320346.9,190.356,4448.16,185.0,31.3705,3.2
8486.07,2602.09,0.30663,71.8667,1190226.2,123.011,3583.08,45.0,37.0424,14.461
14512.1,4438.97,0.30588,163.894,2010396.2,219.395,5527.19,190.0,26.8511,1.864
5322.51,1074.91,0.20195,44.8978,725179.25,71.9059,2740.03,12.0,43.1807,9.18
9273.46,2275.47,0.24537,105.016,1306271.8,156.06,3835.34,15.0,34.2317,0.534
9033.38,2487.4,0.27535,96.9303,1312994.8,142.69,4159.91,120.0,34.4445,13.026
8922.28,2547.53,0.28552,83.3472,1273524.2,117.137,3995.4,75.0,35.7005,5.272
14318.1,5078.95,0.35472,161.81,2043022.2,237.838,4457.2,85.0,28.8421,8.396
18528.5,5749.79,0.31032,179.58,2647876.0,258.348,6009.59,239.0,25.4855,9.456
9846.66,2411.57,0.24491,107.561,1401153.5,153.433,3824.07,12.0,34.154,0.552
5305.59,2108.49,0.3974,34.4491,752560.5,69.9739,2554.77,38.0,42.5677,2.149
12651.9,4838.73,0.38245,72.867,1738385.4,180.21,4408.83,102.0,29.8477,7.231
4826.28,1574.98,0.32633,46.675,698904.06,62.7391,2530.64,42.0,42.6462,7.413
12213.7,3073.51,0.25164,146.398,1690883.2,196.788,4220.42,67.0,31.7219,1.975
12943.6,3296.29,0.25466,147.686,1814566.2,219.251,4322.86,85.0,28.5811,1.648
8782.54,3038.89,0.34601,128.887,1159557.9,173.309,4292.39,184.0,29.6449,2.752
7080.38,1600.36,0.22602,66.483,944355.06,81.8555,3286.51,17.0,38.3583,3.766
9935.41,3221.14,0.3242,89.9065,1394922.4,131.037,4562.51,41.0,33.2536,2.137
11764.5,3647.97,0.31008,142.484,1569796.0,195.156,4504.15,67.0,30.7903,3.398
9278.7,2110.45,0.22745,97.0404,1306798.4,134.846,3865.55,49.0,34.989,3.404
8739.08,2210.05,0.25289,95.3438,1237785.4,125.702,4090.86,163.0,33.1977,1.342
8816.23,2458.97,0.27891,81.9783,1230621.0,106.796,4253.56,61.0,34.6746,1.87
5889.21,1924.69,0.32681,56.0572,812109.4,82.2289,3175.28,17.0,36.7287,8.209
5445.38,999.92,0.18362,50.0605,781739.25,70.5207,2860.39,60.0,40.2904,1.266
10332.9,2838.29,0.27468,125.676,1431013.2,163.434,4648.45,70.0,29.9102,2.129
5149.45,1567.48,0.30439,48.6234,726824.8,65.4187,2018.24,13.0,42.2406,4.565
9114.92,3045.22,0.33409,67.2939,1302350.6,118.416,3664.16,24.0,32.3861,18.114
11648.0,3532.97,0.30331,96.3515,1618820.1,162.48,3954.69,23.0,34.8842,2.483
10719.0,3012.42,0.28103,128.129,1518602.1,154.367,4330.91,47.0,31.5906,2.889
9460.09,3970.53,0.41971,85.8057,1310544.5,138.869,3827.31,111.0,34.357,4.158
5791.54,2033.32,0.35108,57.5725,758625.7,107.342,2625.23,0.0,40.7254,12.057
11916.0,2804.63,0.23536,143.787,1652042.8,192.106,4147.9,66.0,31.9605,2.042
14445.8,4445.77,0.30775,167.997,2038063.1,219.391,5329.02,195.0,27.489,3.563
14455.6,5891.88,0.40758,182.615,2010387.2,256.921,4442.16,120.0,29.1774,19.771
7787.44,1736.68,0.22301,70.8615,1037834.9,91.1906,3467.39,16.0,38.237,7.438
6427.87,2903.1,0.45164,76.4991,791673.8,143.596,2036.85,86.0,41.8158,15.516
7519.77,1998.22,0.26572,94.4347,1018192.25,129.755,3308.04,11.0,37.7583,1.737
10035.8,2863.6,0.28533,103.707,1375358.0,166.436,4183.42,73.0,33.2308,0.845
10577.6,2856.5,0.27005,115.902,1500414.9,153.325,4401.16,69.0,32.5126,4.459
7970.63,2291.78,0.28752,60.5966,1108194.4,102.814,2820.64,28.0,37.2627,17.251
4423.04,1561.47,0.35303,32.7986,623038.3,52.3725,1465.71,36.0,44.1067,4.864
5369.24,1475.71,0.27484,40.6068,743390.0,62.2004,2952.05,45.0,39.3186,13.486
7002.22,2483.63,0.35469,75.419,973529.1,101.845,3061.77,12.0,38.6339,11.105
8935.46,2627.09,0.294,77.3051,1243243.8,112.561,4302.99,57.0,36.0201,3.044
8995.05,2102.58,0.23374,107.955,1224812.0,138.803,4007.17,36.0,34.7231,1.941
12077.0,5027.43,0.41628,111.356,1719582.4,176.689,3977.07,77.0,34.4984,14.185
7066.45,2198.69,0.31114,62.7246,974088.44,88.5701,3290.17,29.0,38.2767,8.593
9852.61,3409.71,0.34607,101.855,1383620.6,162.527,4321.19,104.0,32.4695,17.313
11949.8,4252.74,0.35588,93.0639,1648775.0,180.152,5650.39,54.0,31.1019,17.199
15992.9,4880.69,0.30517,204.225,2118786.8,256.603,6131.09,254.0,23.2348,3.92
7460.84,1736.94,0.2328,52.4123,1021019.7,94.5234,2814.42,41.0,39.9147,7.962
6111.48,866.61,0.1418,53.6437,869101.56,65.5147,2759.6,1.0,42.0758,1.621
11313.6,2364.57,0.209,146.726,1597840.6,177.782,4613.87,54.0,29.9249,0.954
22540.6,6523.89,0.28942,200.059,3224333.5,330.195,6139.85,307.0,19.7319,8.234
4511.38,1242.95,0.27551,41.4253,607122.1,61.3389,2604.1,12.0,43.3593,6.457
7263.37,2067.33,0.28462,72.1376,1001544.06,89.5913,3920.38,60.0,35.6318,2.233
16673.9,5272.74,0.31622,195.466,2280821.0,256.632,6192.24,198.0,19.5094,17.781
10187.4,4292.06,0.42131,87.9377,1375568.4,168.553,3816.36,54.0,37.3498,17.721
8164.69,2354.77,0.2884,92.5553,1150399.1,118.226,3990.5,119.0,31.2104,5.206
14472.3,4933.63,0.3409,186.743,1990376.8,227.97,4330.59,40.0,27.2172,2.775
14828.1,4925.55,0.33217,166.62,2064643.2,211.757,5093.29,144.0,27.2118,6.379
7924.24,1887.19,0.23815,71.5172,1098864.9,96.535,3286.94,45.0,37.0091,17.255
4126.11,1198.39,0.29044,33.2941,562200.44,50.9517,1380.84,32.0,44.4941,11.487
4550.45,962.27,0.21146,42.1102,615046.2,62.1705,2517.05,13.0,43.8317,6.166
14832.5,5554.28,0.37446,179.311,2007039.8,257.98,5587.17,231.0,26.2424,6.296
4337.65,1484.6,0.34225,34.9934,595609.25,54.3569,1437.52,19.0,44.2087,1.665
9252.19,2786.26,0.30114,99.9877,1280526.5,129.069,3888.01,17.0,33.8739,1.836
5958.0,2062.3,0.34613,70.8099,825472.2,88.2903,3030.17,34.0,39.2735,1.653
7362.35,2652.15,0.36023,56.1126,1054543.8,98.2655,4304.9,13.0,36.4045,16.835
12243.0,3243.52,0.26492,143.896,1651407.6,173.142,4630.17,62.0,30.6191,2.964
17622.8,6351.19,0.36039,236.08,2413991.8,275.115,5534.85,135.0,23.4034,1.808
6389.91,1991.33,0.31163,56.546,840891.25,105.048,2875.98,5.0,39.2885,6.149
18631.8,5692.89,0.30554,221.645,2569097.0,290.176,5718.71,198.0,21.9613,2.289
5965.56,1666.2,0.2793,60.1226,854387.56,74.0631,3257.12,45.0,40.5315,10.564
8742.62,2784.48,0.31849,68.6557,1205543.4,113.995,3916.29,48.0,38.6965,9.202
11318.0,2896.85,0.25595,150.231,1529806.6,170.56,4476.15,53.0,30.4316,3.314
12908.6,4964.94,0.38462,117.407,1831704.1,185.655,4959.81,64.0,30.6613,3.038
14843.7,4720.42,0.318,170.343,2017969.6,259.824,5070.59,143.0,26.5924,11.526
7167.44,2171.66,0.30298,66.6546,994071.8,94.6073,3149.89,52.0,39.2185,2.442
17318.8,4890.87,0.2824,207.736,2396769.0,272.375,5950.18,238.0,21.9298,10.047
11676.1,3073.75,0.26325,140.283,1597919.1,158.349,4576.59,98.0,31.4393,2.082
11650.1,4462.79,0.38306,121.831,1700092.8,193.382,5081.5,78.0,28.4898,18.974
6814.3,2399.48,0.35212,62.7097,918745.0,105.412,3492.48,66.0,37.4096,5.791
4168.28,1224.99,0.29388,37.2752,593730.1,48.7737,1892.47,9.0,43.7867,8.047
10836.8,2766.99,0.25533,124.811,1502673.6,163.175,4652.77,70.0,29.9002,1.576
6323.08,1321.34,0.20897,67.2205,841391.7,79.798,3067.06,35.0,38.403,10.058
5815.95,1399.21,0.24058,54.2673,807876.1,79.5242,2420.04,15.0,40.9312,4.584
5495.53,1444.22,0.26279,47.7365,764528.56,66.9746,2980.03,15.0,46.5464,1.874
10168.9,3467.22,0.34096,93.825,1417925.2,153.684,5038.95,42.0,32.0899,1.573
6019.64,1377.55,0.22884,68.5297,836087.06,78.0579,2828.17,74.0,39.3635,8.496
14297.1,4748.47,0.33212,120.904,2063803.4,187.876,5798.93,78.0,27.1689,15.844
11602.7,3930.43,0.33875,123.073,1575090.0,184.144,4006.34,31.0,33.2788,3.322
7841.74,1943.85,0.24788,100.916,1044003.1,122.479,3447.82,8.0,37.1157,1.144
9061.08,2264.86,0.24995,89.3408,1297101.1,116.712,4109.18,98.0,34.7134,2.154
13126.7,5103.84,0.38881,99.1694,1779854.4,205.429,4496.59,46.0,37.0245,11.561
13777.8,5776.09,0.41923,121.807,1936740.2,230.426,4510.87,53.0,28.9936,3.467
9510.65,2604.16,0.27381,100.581,1335020.2,133.252,3965.44,28.0,34.5322,6.201
11297.0,3802.88,0.33662,113.104,1574197.8,166.951,4541.24,77.0,33.8655,15.474
7625.17,2075.14,0.27214,48.4733,1046395.5,89.3303,3753.18,26.0,36.7982,13.779
4000.26,1087.13,0.27176,33.732,569494.4,46.039,1773.46,12.0,44.4892,1.73
5235.88,1616.68,0.30876,33.8428,739620.94,61.8631,2927.42,42.0,42.3589,14.869
11687.7,3492.99,0.29886,102.712,1652894.2,179.072,4915.17,130.0,33.4474,5.984
8074.03,1738.47,0.21531,84.5788,1136560.6,108.104,3836.33,42.0,36.514,3.102
7749.39,2231.2,0.28791,85.0234,1025985.8,112.391,3270.33,21.0,46.5464,16.502
5221.99,1167.18,0.22351,45.9814,745158.94,74.095,2893.53,58.0,46.5464,1.123
9207.43,3687.96,0.40054,88.7843,1218317.6,163.961,3630.95,70.0,36.7211,16.448
5829.53,1877.4,0.32204,54.6666,797960.2,80.4663,3194.24,9.0,39.4666,7.742
14721.8,3547.36,0.24095,169.903,2071456.8,215.279,5693.16,67.0,23.4382,1.504
14032.6,5097.96,0.36329,169.036,1928803.9,195.701,5163.64,141.0,26.7239,12.212
7800.41,2667.38,0.34195,63.7611,1089567.6,114.632,3487.07,46.0,39.7888,16.393
9915.23,3784.28,0.38166,99.4485,1346047.9,156.258,3529.12,113.0,34.6096,12.338
9168.84,2131.43,0.23246,58.0019,1283756.6,97.7883,4230.18,74.0,35.8056,16.421
9253.84,2652.01,0.28658,100.135,1266476.1,160.321,4149.07,72.0,33.192,0.556
3608.7,1319.73,0.3657,25.667,494647.3,45.4677,1414.1,5.0,45.292,5.769
14781.2,3100.55,0.20976,171.997,2086678.2,200.97,4090.27,141.0,31.9319,1.618
11564.4,3874.47,0.33503,128.74,1597669.9,153.394,4788.61,75.0,29.6564,6.345
13713.1,4907.02,0.35783,189.025,1844928.8,254.942,5054.48,83.0,26.9246,5.587
10789.3,3063.08,0.28389,97.0022,1467296.5,139.693,6325.32,37.0,30.5208,14.777
12810.1,4569.04,0.35667,111.537,1822810.1,182.605,4425.5,68.0,31.5378,2.612
7671.16,1972.13,0.25708,67.0392,1057812.8,107.054,3590.27,23.0,36.7191,1.835
18265.6,6029.3,0.33009,257.53,2470654.0,320.677,5719.37,327.0,21.328,2.663
13919.8,4149.69,0.29811,147.487,1902332.9,217.529,4619.86,27.0,30.9476,3.33
11628.4,4914.74,0.42264,109.948,1616873.2,177.182,4492.33,66.0,32.4058,12.744
14274.8,5265.7,0.36888,186.439,1888752.1,254.725,5174.27,72.0,26.2529,7.115
9478.24,2461.55,0.2597,106.802,1347667.0,149.842,3885.47,43.0,33.6211,2.221
8816.59,2795.62,0.31708,63.4435,1226132.2,116.663,3448.94,41.0,38.7771,15.03
22150.1,6442.72,0.29086,288.576,3040562.2,321.844,6629.35,296.0,18.5428,1.476
11117.9,2838.13,0.25527,99.4119,1525380.4,135.948,4435.32,34.0,33.4571,6.374
9927.32,3626.35,0.36528,96.3556,1409452.6,136.375,3836.57,93.0,35.1193,15.317
7356.91,2822.53,0.38365,67.2724,987570.8,102.675,2970.51,39.0,38.0236,16.151
8354.59,2811.33,0.3365,95.3561,1170990.6,116.897,3322.5,38.0,34.4613,14.72
7617.03,2863.18,0.37589,55.1066,1093355.1,110.192,3580.77,29.0,39.4744,15.042
6703.58,1377.39,0.20547,68.6825,948556.2,75.228,3283.63,25.0,34.3548,15.678
10340.9,3521.28,0.34051,65.7238,1431961.9,159.123,5412.3,72.0,30.7347,19.85
8846.31,2334.99,0.26395,81.5471,1269896.4,117.349,4043.17,100.0,34.9319,1.451
10004.2,3410.9,0.34094,95.6581,1396259.9,150.818,4690.2,37.0,32.6005,1.549
8696.52,2937.02,0.33772,92.5531,1241168.6,117.74,4167.55,40.0,32.7241,6.832
14070.0,4506.05,0.32025,164.961,1946698.8,221.743,5277.61,197.0,29.4103,1.749
7399.92,2221.04,0.30014,80.8943,1052563.9,102.932,3417.01,25.0,35.0391,5.211
8474.67,2704.51,0.31912,83.5966,1211672.9,130.31,3524.76,28.0,37.0637,4.111
14799.0,3730.15,0.25205,161.582,2102812.5,189.441,4776.96,45.0,29.3039,15.863
21011.5,6173.89,0.29383,256.713,2874320.0,295.022,5814.97,214.0,22.9033,5.651
4871.07,1588.95,0.3262,44.7623,674595.06,60.7459,1858.99,18.0,43.6524,2.709
6065.74,1267.3,0.20892,53.1724,834318.6,80.0655,2738.97,17.0,40.6142,1.327
10928.9,3796.08,0.34734,109.813,1596610.1,161.247,4409.47,74.0,31.9602,5.494
14128.4,2920.88,0.20673,179.808,2009609.5,219.86,4860.82,76.0,27.4294,3.502
13264.5,4845.78,0.36531,97.6713,1841438.1,181.883,5545.22,102.0,27.9791,16.298
14525.9,5046.85,0.34743,185.495,2042207.5,253.854,5217.47,154.0,25.4048,2.447
15223.4,5398.8,0.35463,173.556,2111462.5,236.057,5002.14,119.0,27.3739,19.872
15060.0,4727.64,0.31392,186.642,2075347.6,236.02,5467.87,166.0,25.1054,2.107
13684.5,2821.0,0.20614,165.354,1853015.4,225.64,4748.76,103.0,28.6143,1.651
16559.5,5014.89,0.30284,242.575,2249973.8,276.205,4887.36,274.0,26.8555,4.048
9530.92,2758.01,0.28937,106.995,1308301.1,139.494,4296.3,110.0,33.5957,16.568
3684.52,1298.17,0.35233,14.6838,522155.34,40.3684,1158.72,48.0,44.2005,8.838
8836.82,3110.34,0.35197,115.333,1208520.1,103.428,4770.24,98.0,33.2007,3.462
8129.18,1367.66,0.16824,77.2629,1083097.4,102.48,3609.09,30.0,35.6502,6.947
7225.77,1991.15,0.27556,70.1617,1028245.3,83.9248,3207.3,13.0,39.0368,3.494
6631.44,1779.07,0.26827,58.4477,919364.94,86.2341,3563.85,34.0,37.9525,1.992
15570.4,5205.41,0.33431,217.708,2161324.8,257.765,5314.76,292.0,24.4349,2.001
9032.3,3548.13,0.39282,78.9572,1206526.0,134.758,3803.73,47.0,35.3879,10.177
14274.0,3219.33,0.22553,126.788,2021391.6,249.236,4283.41,138.0,27.3801,17.96
6755.7,2695.45,0.39898,58.452,967287.9,102.319,2727.79,89.0,40.7895,14.54
5551.2,1705.09,0.30715,62.1789,732112.44,88.5729,2681.67,32.0,41.1501,4.349
7178.49,2067.07,0.28795,67.0835,1003921.44,98.066,3164.64,30.0,36.6685,4.522
12008.4,3461.41,0.28824,133.656,1686885.5,161.667,4460.55,55.0,30.6487,3.766
8315.36,2294.95,0.27598,93.2461,1173516.8,115.615,3537.78,92.0,37.0096,2.993
11160.3,2830.2,0.25359,113.632,1580619.5,157.408,4403.55,77.0,33.0367,3.374
7044.68,2051.8,0.29125,57.1055,924802.75,99.0361,3807.47,56.0,40.3479,17.344
13551.7,3219.33,0.23755,179.183,1921081.4,196.396,5583.9,68.0,23.7275,1.109
7674.86,1751.95,0.22827,71.865,1032535.06,97.2637,3515.93,54.0,36.7679,7.568
8332.55,2952.97,0.35438,72.1676,1152887.8,118.576,3487.48,78.0,32.7811,18.314
13553.0,3815.95,0.28155,168.235,1886121.9,197.34,5229.7,55.0,28.3973,2.159
5447.99,1445.66,0.26535,53.2251,712227.7,88.9238,3313.02,17.0,40.058,1.889
14145.0,5233.75,0.37,186.974,1877048.1,256.158,5037.31,138.0,26.5693,6.987
6905.55,1891.31,0.27388,56.1336,907541.06,92.3896,3287.96,44.0,39.3505,5.625
9014.47,2505.75,0.27796,80.2711,1250842.0,108.232,4047.53,60.0,34.255,2.605
9380.15,2392.48,0.25505,106.312,1324332.9,155.041,3810.88,13.0,34.2503,0.794
14489.8,5690.06,0.39269,188.382,1890957.5,261.601,5168.25,64.0,28.3346,8.641
8069.88,2132.42,0.26424,79.8939,1106096.6,98.3919,3565.38,44.0,37.2136,14.203
7619.67,2619.54,0.34378,68.9199,1081233.9,114.79,3452.84,10.0,36.6643,14.209
9312.19,3083.85,0.33116,70.2116,1320371.2,116.593,3374.19,51.0,37.8346,17.449
4119.46,1333.36,0.32367,35.3804,565013.94,52.9203,1392.68,32.0,44.4019,11.276
14672.0,5428.85,0.37001,101.208,2031862.8,222.081,4556.98,112.0,31.2105,17.69
5118.84,1473.59,0.28787,73.6424,692393.1,69.2322,3162.85,44.0,38.7964,9.809
5890.62,1953.79,0.33167,57.6212,835973.06,82.9612,2455.9,61.0,41.5955,9.687
5845.69,1829.73,0.313,53.245,798666.3,85.3699,2397.5,47.0,41.3771,14.611
9551.12,2992.58,0.31332,71.2041,1347587.1,118.796,3783.38,39.0,33.619,18.568
8627.86,2585.93,0.29971,92.68,1219504.1,115.26,3629.49,96.0,36.9366,2.169
4576.61,1436.37,0.31385,36.0464,654308.5,58.0657,1882.16,14.0,44.3745,8.837
13670.4,3692.58,0.27011,164.628,1879413.8,220.243,4883.99,115.0,28.68,4.875
14648.6,4799.59,0.32764,172.185,2009699.0,257.127,4864.58,29.0,28.0178,3.064
8081.25,1488.17,0.18415,97.9611,1070060.6,135.999,3932.89,63.0,34.1356,0.0
8605.42,3296.35,0.38305,61.7997,1196107.4,135.425,3791.11,49.0,35.4502,16.405
6983.31,1859.86,0.26632,41.6289,955010.75,109.582,3544.25,27.0,40.5641,14.401
13028.4,4392.59,0.33715,137.46,1810186.9,188.071,4339.38,55.0,31.2052,3.195
12931.8,3631.38,0.28081,139.258,1771343.8,180.467,4644.31,109.0,30.3503,2.467
13277.1,4081.78,0.30743,189.563,1771354.2,267.457,4341.48,34.0,33.2932,3.517
5789.25,1918.02,0.3313,63.6071,805840.75,86.829,3317.86,66.0,38.6469,1.565
6260.98,2099.79,0.33537,67.0875,824892.7,94.2051,3123.94,59.0,39.5859,9.08
7892.23,2469.53,0.3129,60.1147,1089133.4,101.282,3563.24,27.0,37.9313,9.395
6385.21,1457.75,0.2283,67.7974,902821.0,76.6277,2848.0,72.0,39.3131,7.201
7183.22,2339.65,0.32571,63.4908,965681.4,104.705,3096.26,20.0,40.2996,1.387
7017.18,2690.62,0.38343,65.5682,1028815.6,93.6411,3219.51,25.0,38.8346,1.585
7226.87,3168.69,0.43845,69.3673,1022423.6,116.039,4020.45,60.0,35.5241,16.563
11333.3,3424.69,0.30217,105.89,1562230.6,162.889,4273.06,13.0,34.647,3.923
6190.26,1512.32,0.2443,67.8518,865971.25,78.106,2807.83,83.0,39.4315,8.257
6429.19,1605.05,0.24965,71.2571,916446.3,73.7331,3155.19,14.0,38.9228,2.362
15566.1,4827.67,0.31013,162.802,2222136.2,212.984,5789.28,152.0,26.1041,13.508
8415.95,3040.54,0.36128,50.3923,1209312.6,128.365,3716.69,58.0,42.7666,17.294
9137.38,2435.03,0.26649,104.763,1246588.5,154.125,4146.42,74.0,31.9534,0.663
6601.16,2153.4,0.32621,44.9309,887494.2,106.243,3877.57,34.0,38.2539,13.259
9382.86,3140.75,0.33473,70.7949,1289642.2,135.191,3943.01,60.0,34.9578,16.647
9452.74,3530.09,0.37344,85.9216,1346124.9,142.769,3576.88,45.0,34.5201,3.616
9217.31,1993.16,0.21624,98.3651,1295104.0,123.162,3874.54,53.0,34.8409,2.775
15297.3,6574.33,0.42977,102.824,2131675.2,242.872,10570.24,62.0,34.0313,16.134
11104.6,3964.65,0.35702,92.8962,1553645.0,137.856,4464.68,70.0,32.5882,17.007
9186.47,1778.97,0.19365,90.7814,1291815.5,100.063,4747.27,24.0,32.9439,2.369
8632.74,2190.95,0.25379,98.1934,1173640.5,124.204,3494.5,12.0,36.8056,1.461
6097.44,1488.03,0.24404,52.3841,789057.44,96.0355,3863.47,15.0,38.6398,2.03
8210.14,2339.8,0.28498,68.8384,1077545.9,104.751,3960.34,15.0,36.2488,8.31
6962.4,2389.98,0.34326,46.7101,916655.6,89.4531,3109.08,58.0,39.441,16.772
17857.3,5341.82,0.29913,205.861,2565344.5,288.391,5323.81,245.0,23.3454,14.353
13926.7,3563.84,0.25589,187.355,1907004.6,215.018,4593.23,183.0,29.1249,1.581
9585.46,2373.55,0.24761,116.396,1317024.2,136.911,4149.27,126.0,32.902,2.555
8215.46,1965.91,0.23929,89.9302,1144934.5,124.357,3211.65,4.0,37.0308,0.43
17600.4,4901.69,0.27849,192.117,2403459.2,230.915,5547.11,96.0,23.8054,17.505
8175.88,3263.07,0.3991,79.2005,1104261.4,126.401,3669.44,38.0,36.488,14.514
12804.8,3103.31,0.24235,159.011,1760507.8,203.365,4217.15,58.0,31.8886,1.932
8573.39,2114.41,0.24662,100.744,1170469.5,113.84,3813.82,29.0,35.0991,2.212
5898.7,2142.56,0.36322,71.5019,831604.0,82.4002,2987.02,34.0,40.4311,4.44
13478.1,4797.79,0.35596,127.773,1895409.0,189.569,5745.4,143.0,29.1737,15.261
5618.46,1163.12,0.20701,53.6116,725199.06,87.0351,2701.35,5.0,41.367,11.584
4878.16,999.42,0.20487,45.9551,701323.4,55.8395,2189.69,81.0,42.8473,0.756
6369.06,1428.83,0.22433,53.8798,908975.06,74.5971,3258.22,27.0,37.9083,5.275
7365.7,1978.62,0.26862,59.0679,1036131.94,94.2684,2903.87,44.0,39.3221,13.62
8757.74,3669.29,0.41897,91.573,1238682.4,126.135,3871.71,65.0,35.3557,10.717
14831.0,5222.33,0.35212,195.334,1962547.2,244.1,5231.91,77.0,26.8006,6.322
9205.21,2902.74,0.31533,88.0657,1237946.0,109.998,3792.75,39.0,37.2013,12.601
9123.91,1892.06,0.20737,81.447,1302383.5,118.212,3689.98,25.0,35.0012,4.571
12227.5,3325.6,0.27197,118.473,1690443.1,156.881,4398.07,58.0,30.8242,13.68
4232.65,1377.56,0.32546,36.1128,571236.4,53.0907,1420.72,29.0,44.4408,11.955
12874.5,4174.61,0.32425,153.051,1768452.8,196.773,4558.93,45.0,30.4081,3.805
10854.1,2835.66,0.26125,132.429,1520832.0,162.843,4327.66,39.0,31.7415,3.89
5238.12,1216.06,0.23215,43.178,730740.1,72.6946,2537.53,22.0,41.7433,9.94
10616.2,3112.66,0.29319,126.437,1433415.9,163.775,3995.41,40.0,28.8812,1.598
12999.0,3229.16,0.24841,162.732,1795130.0,203.416,4718.67,108.0,29.1094,3.899
8904.82,2281.53,0.25621,83.1145,1257462.6,114.262,4730.57,30.0,33.0014,1.744
6326.52,1050.53,0.16605,52.4251,891130.9,76.2949,2634.77,1.0,42.1915,1.761
10344.2,2216.06,0.21423,103.09,1471579.0,142.397,4290.42,47.0,33.5024,0.756
17588.0,6391.23,0.36338,186.827,2392419.2,284.168,5993.51,118.0,26.1076,15.893
13124.5,3561.85,0.27138,159.88,1818827.5,202.895,5111.2,56.0,28.4715,1.68
7231.57,2268.59,0.3137,72.3248,997265.44,101.8,3286.78,88.0,37.6657,9.617
9156.66,2136.38,0.23331,90.9106,1249585.0,94.5775,3719.81,17.0,36.3993,8.561
23173.0,5874.77,0.25351,320.585,3175041.5,411.706,6235.26,134.0,19.8488,1.03
9911.5,2594.25,0.26174,96.3534,1369189.4,108.346,3917.16,41.0,35.6165,12.742
5336.84,1194.63,0.22384,54.6402,687370.9,81.9598,2567.72,4.0,40.9381,14.925
13714.6,5176.08,0.37741,156.083,1933021.1,215.604,5452.06,36.0,27.105,11.047
11038.3,2291.55,0.20759,127.526,1513491.2,170.329,3912.74,54.0,33.125,1.287
9149.1,2372.69,0.25933,97.37,1268237.5,131.587,4158.07,38.0,34.1273,2.263
8644.45,2349.4,0.27178,69.152,1220767.9,96.6098,3343.26,122.0,35.913,15.644
8689.68,3054.89,0.35155,75.8992,1205021.4,126.057,3431.61,95.0,36.8718,13.981
6820.32,1435.68,0.2105,99.1623,947139.06,91.0591,3779.97,111.0,35.9971,5.475
8446.49,2603.96,0.30828,97.1319,1146458.9,120.857,3728.77,42.0,35.4349,3.6
5647.48,1151.92,0.20397,47.4985,809467.3,69.1663,2873.69,58.0,39.7991,1.184
9502.16,2432.5,0.25599,119.58,1292945.5,134.406,4152.78,135.0,33.1118,2.013
7244.24,1776.14,0.24517,73.0774,1006209.44,89.9946,3118.65,29.0,38.5719,11.264
5417.2,1407.4,0.2598,43.7967,771167.1,61.66,2403.78,15.0,41.7358,3.814
9494.15,2614.25,0.27535,66.2821,1354691.6,116.753,3627.55,60.0,36.3971,16.901
5539.7,1427.27,0.25764,46.9494,772783.8,69.2798,2949.64,13.0,40.758,2.587
5621.79,2082.47,0.37042,47.8952,793967.56,80.1886,2332.33,18.0,40.8717,1.797
14346.5,2813.95,0.19614,181.125,1999074.6,227.352,4673.02,21.0,28.7156,1.453
15905.5,4918.77,0.30924,193.142,2186273.2,265.819,5247.37,83.0,25.5657,4.858
15561.2,4989.13,0.32061,199.682,2049687.9,280.049,29068.17,183.0,27.2261,2.615
8272.55,3036.07,0.367,64.2769,1117414.6,119.36,5724.89,85.0,33.6279,20.898
5625.39,1388.97,0.24691,72.8856,784419.4,73.9984,3069.39,14.0,39.026,2.635
14863.1,4182.12,0.28137,173.106,2043353.8,242.561,4978.23,33.0,27.9921,3.412
7003.28,1487.69,0.21242,56.3954,956753.75,85.6564,2713.99,26.0,40.7305,4.675
15134.2,5205.32,0.34394,148.115,2095990.8,250.512,4873.79,122.0,28.661,18.47
8169.96,2294.13,0.2808,70.4512,1142423.2,104.21,4087.85,13.0,35.5931,4.806
6796.97,1916.53,0.28196,75.2392,926459.8,108.524,3068.2,77.0,33.624,0.754
10788.3,4028.81,0.37344,131.204,1475874.9,195.649,4566.08,172.0,30.6689,3.059
6764.24,1997.39,0.29528,71.9376,915261.25,87.6914,3062.23,18.0,38.6492,2.145
13329.1,3113.14,0.23355,84.2629,1820404.9,169.833,4337.94,114.0,32.8583,17.306
17524.0,6000.76,0.34243,194.673,2409970.0,294.23,5742.38,130.0,22.5075,20.967
6270.78,1432.2,0.22839,58.0932,833632.1,75.0211,3118.33,35.0,38.8827,8.228
11050.6,3600.81,0.32584,71.2914,1558124.0,155.432,3834.96,32.0,34.1943,15.425
7926.39,2834.56,0.35761,51.6601,1118331.8,109.084,3631.04,50.0,36.2041,13.191
5331.79,1275.77,0.23927,42.0391,717604.06,81.136,2579.1,41.0,40.7548,9.291
11342.0,4262.16,0.37578,104.913,1655711.5,164.728,4481.27,67.0,31.5233,2.773
9716.11,2142.14,0.22047,108.271,1351238.8,134.005,4215.75,53.0,34.0443,1.651
17484.3,5941.38,0.33981,155.293,2493640.2,258.154,5684.31,128.0,24.2856,10.57
9336.79,2418.73,0.25905,100.157,1325651.9,135.207,4042.56,52.0,33.9742,2.973
5632.43,1382.8,0.2455,47.6401,778837.0,72.0088,3135.47,52.0,39.622,2.686
7462.08,3150.71,0.42222,44.0477,1029334.44,140.914,7052.55,50.0,39.5281,19.026
5309.07,1085.82,0.20452,43.2747,751605.0,63.3307,2778.62,13.0,41.5414,2.202
8698.48,2736.12,0.31455,90.4573,1222459.9,131.484,3605.1,65.0,36.4336,13.109
6108.91,805.4,0.13184,48.1485,867263.5,68.9671,2727.14,2.0,42.3765,0.895
5890.12,1728.66,0.29348,47.1213,839436.8,97.6352,2473.43,38.0,41.5386,13.922
7736.83,1680.12,0.21715,71.4359,1036780.1,103.642,3167.4,56.0,38.7215,14.199
9110.89,2762.57,0.30321,73.4944,1288411.9,121.326,4335.92,23.0,32.0229,9.193
19590.9,6610.35,0.33741,254.187,2718416.8,323.67,5481.59,88.0,23.3608,3.792
2941.46,833.02,0.28319,24.6766,415720.75,41.9878,1646.76,50.0,46.6352,10.273
6094.51,2017.15,0.33097,61.9768,850671.0,87.7002,2684.83,42.0,40.5941,2.121
7500.34,1881.18,0.25081,53.0393,1052895.2,84.7827,3434.71,18.0,38.7305,13.408
9050.66,2064.55,0.22811,108.99,1238843.8,137.42,3990.83,37.0,34.2385,2.139
15524.0,4120.93,0.26545,201.59,2103783.2,241.532,5411.36,50.0,22.9623,1.911
11416.4,4427.76,0.38784,132.541,1614748.2,184.084,4966.57,142.0,28.7773,12.163
6696.98,2213.94,0.33058,69.3208,946442.4,102.946,3096.29,31.0,36.2014,4.874
5239.96,1454.45,0.27756,47.0773,752840.94,61.3605,2470.41,19.0,41.7124,3.324
5209.76,1475.83,0.28328,44.5229,720727.5,63.4877,2035.09,25.0,43.3114,2.151
7209.25,2193.35,0.30424,65.3032,1002105.44,99.5763,3819.81,36.0,46.5464,3.258
16522.5,5059.66,0.30622,194.482,2291736.5,213.118,5145.81,127.0,26.9101,20.335
8514.19,1486.27,0.17456,77.8706,1203143.5,117.657,3911.7,95.0,35.6304,4.19
10989.0,4270.46,0.38861,67.8025,1547635.8,175.919,5136.81,23.0,37.2596,16.618
19684.3,5403.97,0.27453,252.799,2708820.5,273.8,5662.64,210.0,23.1415,5.502
8227.38,1809.01,0.21987,71.0805,1135980.9,100.863,3459.28,61.0,37.4615,13.3
10745.9,2598.26,0.24179,130.813,1492351.8,169.38,4683.17,173.0,28.9464,0.644
10952.2,3602.76,0.32895,111.706,1543060.6,167.761,4487.85,80.0,31.9671,3.308
7359.98,1702.85,0.23136,72.8218,1063265.2,90.6175,2993.77,19.0,46.5464,1.472
15052.0,4741.54,0.31501,159.948,2074559.1,229.032,5440.47,194.0,26.0683,1.309
15516.8,3840.26,0.24749,245.142,2115378.5,262.489,4771.07,298.0,27.7657,4.422
9876.24,2715.26,0.27492,109.589,1405355.5,147.332,4003.53,45.0,33.4605,1.792
16603.8,5272.95,0.31757,201.278,2198568.2,235.484,5442.55,115.0,24.0926,9.977
7574.06,2683.55,0.3543,66.948,1061638.1,113.133,3711.46,14.0,36.1434,16.179
8427.51,2098.04,0.24895,90.024,1164420.8,99.3416,3957.3,49.0,34.9526,1.47
7871.18,2306.58,0.29304,70.0587,1103096.1,95.0772,3379.23,73.0,37.8,15.825
8535.38,4082.73,0.47833,83.1612,1213184.0,138.496,3276.26,40.0,35.6081,6.603
9393.41,3130.24,0.33323,100.715,1309499.2,132.857,3629.11,14.0,32.3242,1.955
5979.83,2015.32,0.33701,57.5484,822932.0,90.4662,2674.97,43.0,40.6742,3.126
7195.87,2504.34,0.34802,70.5776,999434.5,109.539,3594.62,20.0,36.0326,12.777
7154.02,2055.09,0.28726,77.0141,1002863.56,95.8681,3198.48,55.0,38.2656,12.191
4398.88,1610.87,0.3662,37.3497,608731.5,56.4911,1438.46,51.0,44.3538,10.775
7429.73,1707.82,0.22986,78.4277,1064909.1,108.955,3961.91,97.0,35.6374,5.054
6682.64,1536.47,0.22991,62.2915,929513.5,83.2674,3583.02,27.0,37.9769,2.001
10130.8,4476.34,0.44185,87.7622,1269645.9,184.168,2761.53,115.0,39.1067,18.356
9698.19,3341.54,0.34455,105.617,1363182.9,133.748,3670.05,11.0,35.0238,3.234
9540.59,2905.69,0.30456,101.162,1322215.1,131.794,3910.46,22.0,35.2567,2.215
9955.72,3250.02,0.32644,120.906,1375235.2,170.007,3841.12,31.0,32.6809,2.233
14719.9,5171.7,0.35134,141.59,2123184.0,194.338,4368.05,111.0,32.6194,18.751
9516.23,3468.64,0.36449,104.496,1340115.5,134.661,3645.61,20.0,35.3315,2.047
15128.3,4038.74,0.26696,187.504,2138482.2,211.001,5701.27,66.0,22.9694,1.291
11385.9,3949.87,0.3469,102.611,1608026.9,151.838,4209.46,11.0,37.9659,16.569
9789.79,2837.18,0.28981,98.8124,1373546.2,131.056,4154.92,21.0,34.3257,3.166
7411.27,3442.42,0.46448,74.5124,1019796.06,132.543,3448.94,76.0,38.5276,15.393
5875.84,1925.28,0.32766,57.0766,818508.8,78.0498,2722.87,41.0,40.5145,10.986
7836.44,2387.18,0.30462,93.1734,1021266.06,140.974,3521.84,71.0,36.6934,15.711
9401.99,3032.78,0.32256,69.8859,1274637.6,136.064,3861.64,83.0,36.1166,17.664
8641.48,2077.53,0.24041,90.126,1215521.5,129.508,4011.33,159.0,33.7282,1.409
6176.91,1334.08,0.21597,71.9145,810817.2,91.3783,3396.58,82.0,38.1143,1.328
15394.2,4427.14,0.28758,187.144,2146311.2,234.794,5642.71,135.0,26.9222,0.925
9390.63,2159.85,0.23,105.998,1275969.2,131.137,3933.52,50.0,27.391,2.244
12348.0,2558.97,0.20723,146.855,1737899.8,173.008,4693.03,152.0,29.4484,1.582
11104.7,2883.74,0.25968,148.197,1599052.6,157.29,4113.19,130.0,32.5041,2.546
9147.92,2147.1,0.2347,104.717,1285742.6,126.629,3852.11,54.0,35.4525,3.005
8781.76,3191.04,0.36337,90.5925,1256128.2,118.852,5358.78,47.0,33.2739,16.906
9455.87,3623.85,0.38323,90.88,1351381.8,137.123,3929.44,31.0,35.7308,18.035
6450.68,2086.91,0.32351,58.3739,921681.1,89.4879,2610.43,61.0,41.3954,6.094
4146.91,1014.56,0.24465,35.1082,570640.75,54.8496,1779.37,23.0,43.9569,2.36
4661.98,739.6,0.15864,39.5506,658259.44,47.6285,2195.69,11.0,46.5464,2.76
7856.3,2427.95,0.30904,90.8685,1107354.8,117.788,3518.55,92.0,37.0829,2.114
7634.35,2702.72,0.35402,56.6777,1095692.1,104.025,3247.8,6.0,39.1173,15.344
5433.08,1117.09,0.2056,52.0941,775377.2,67.5353,2858.26,58.0,40.4463,1.275
8548.91,3250.63,0.38023,84.6481,1175502.9,134.119,3496.42,89.0,37.5161,17.641
17937.8,4972.31,0.27719,246.221,2469814.5,288.514,5161.09,279.0,27.0887,4.595
13456.8,3940.19,0.2928,160.338,1885080.1,238.397,4377.41,85.0,29.7233,1.551
11671.7,3493.47,0.29931,133.522,1608263.5,159.628,5062.96,74.0,29.2281,3.768
7262.69,1714.48,0.23606,56.4973,951066.25,93.3504,3009.97,47.0,39.1265,4.54
5656.56,1887.59,0.33369,59.0801,760884.1,91.3066,2860.61,52.0,40.4577,9.347
6813.88,1848.3,0.27125,66.6747,958335.44,80.3008,3976.42,51.0,36.1309,3.719
12010.6,2920.83,0.24318,157.551,1712474.8,169.978,4692.19,21.0,28.106,1.553
7772.81,2142.65,0.27565,68.8643,1085295.1,105.818,3713.87,16.0,36.5044,2.331
16182.1,4388.81,0.27121,154.602,2314412.0,212.859,5509.17,162.0,24.7549,11.744
12620.4,3230.67,0.25598,139.085,1786660.5,186.828,4732.04,59.0,30.1281,1.092
10412.6,3712.53,0.35654,91.6145,1449107.8,142.77,4630.89,104.0,28.0705,17.035
14958.5,3828.99,0.25597,191.592,2114837.8,211.148,5699.27,67.0,27.4232,1.323
6694.95,1495.48,0.22337,55.7707,920257.06,80.21,2914.98,49.0,39.3189,15.953
5861.0,2167.94,0.36989,54.0651,808432.1,89.32,2554.08,42.0,41.4813,6.944
13365.2,4532.28,0.33911,156.373,1855703.9,209.326,4804.79,133.0,29.0993,6.698
15595.3,4581.79,0.29379,208.552,2049549.5,241.411,6261.7,255.0,21.6878,2.459
18266.1,7441.39,0.40738,199.027,2382173.0,265.309,4463.7,129.0,29.8533,4.806
7179.1,2598.01,0.36188,66.0874,1050495.9,95.754,3182.68,30.0,38.8346,1.549
15872.4,5122.38,0.32272,211.653,2216342.0,272.207,5363.69,283.0,24.5716,1.678
6226.42,1551.74,0.24921,67.6087,879393.5,74.1427,3131.57,14.0,38.995,1.788
9133.17,2682.3,0.29368,66.8913,1319314.6,102.456,3119.97,48.0,37.8504,13.933
10353.6,3132.62,0.30256,94.921,1470202.8,140.425,4195.88,108.0,32.9238,4.391
9716.89,3345.87,0.34433,93.7844,1390022.1,148.442,3682.02,94.0,34.5174,15.01
6443.53,2030.92,0.31518,58.9929,885115.0,82.2832,3343.42,59.0,38.6908,15.339
7531.26,2134.16,0.28337,73.7199,1050254.8,96.217,3232.07,46.0,37.4299,13.868
10193.0,2457.41,0.24108,126.81,1410553.4,162.448,4635.95,70.0,28.3113,1.502
13754.3,3921.03,0.28507,148.07,1873165.5,204.575,4594.74,41.0,29.755,2.11
7669.91,1826.1,0.23808,59.9124,1087504.6,80.7387,3032.53,33.0,38.006,9.945
9347.98,3571.81,0.38209,84.464,1336424.4,138.898,4234.08,22.0,34.4591,3.645
21739.3,6037.06,0.2777,242.934,2998332.8,259.881,5193.62,149.0,24.9215,14.785
8773.3,3956.9,0.45101,93.0201,1247180.1,152.813,3851.56,83.0,35.0567,18.264
4659.55,1121.65,0.24072,39.8635,625495.75,57.6543,2459.45,50.0,42.5163,8.689
9570.7,2394.62,0.2502,89.524,1352164.1,135.842,3765.98,139.0,35.8956,10.897
3805.29,1178.42,0.30967,34.6247,522627.2,46.5867,1397.4,17.0,44.3967,1.649
8879.18,2070.76,0.23321,103.63,1241752.1,130.673,3547.42,12.0,34.0022,0.92
9643.71,2508.87,0.26015,111.675,1340430.9,133.916,4109.23,55.0,34.0215,2.35
16265.5,5831.04,0.35849,227.665,2214313.8,319.435,5916.35,193.0,20.9352,2.749
12994.0,3785.49,0.29132,166.398,1800340.4,202.038,4841.8,69.0,28.2376,3.297
10817.4,3944.66,0.36465,96.3325,1551831.2,143.253,4571.29,92.0,31.9714,18.914
8174.64,2653.84,0.32464,63.0559,1140630.9,110.427,3659.31,14.0,37.2507,15.271
9070.31,3422.64,0.37734,88.3078,1253279.1,134.003,3670.09,105.0,35.2284,3.915
6292.48,1508.92,0.23979,68.8094,889576.75,76.7287,2820.57,70.0,39.4635,7.214
6441.0,2141.14,0.33242,72.7027,881830.0,106.686,3343.8,73.0,38.0943,13.611
9609.71,3212.36,0.33428,92.379,1367353.6,138.834,4130.35,91.0,33.0744,5.113
8373.26,1887.59,0.22543,87.3882,1179561.0,119.756,4014.61,166.0,33.5297,1.238
12273.5,4043.06,0.32941,135.893,1668077.6,181.921,4620.53,103.0,31.7324,5.638
7231.98,2528.57,0.34963,60.595,943174.1,115.432,2928.8,26.0,38.1539,11.177
7852.92,2399.29,0.30552,64.9361,1087675.6,98.7637,3472.04,47.0,37.1431,8.607
11490.4,2486.57,0.2164,151.853,1615624.0,166.341,4673.86,146.0,29.4653,1.868
8489.69,2265.31,0.26683,97.9973,1160584.9,125.572,3434.85,122.0,35.6456,1.503
7725.9,1890.41,0.24468,59.1627,1061217.6,94.815,2723.57,36.0,39.1014,15.303
6059.03,2113.35,0.34879,57.9136,842621.56,88.9925,2695.43,41.0,40.6732,2.047
6274.1,1383.74,0.22054,75.4629,824948.56,86.8104,3409.25,81.0,37.5291,1.467
18446.3,5975.37,0.32393,184.436,2622347.8,261.763,5181.87,54.0,25.5387,7.815
6473.58,1593.43,0.24614,70.2872,854957.7,88.8042,3436.3,78.0,37.5518,1.209
5727.89,1560.21,0.27238,56.051,795048.56,77.3761,2742.43,46.0,40.2421,4.892
14993.9,4417.91,0.29464,195.473,2086121.6,224.076,5623.48,141.0,22.7557,0.905
8029.66,2528.94,0.31494,66.032,1125432.5,104.82,3312.74,31.0,40.0494,18.025
5717.42,1913.53,0.33468,71.1554,791928.4,86.9858,3045.79,38.0,40.2727,1.709
9797.55,2419.16,0.24691,142.103,1382717.0,156.051,4153.45,116.0,32.4552,2.527
7706.38,1808.33,0.23465,71.1319,1070889.6,94.8519,3489.72,40.0,36.1993,17.687
12907.4,3405.36,0.26383,154.15,1777968.8,179.769,4496.38,29.0,30.6198,2.407
6873.86,2107.63,0.30661,50.6614,954918.06,98.0062,3104.67,12.0,38.6514,10.084
5476.64,1408.86,0.25724,54.1156,741318.5,79.2385,2304.23,22.0,41.7903,2.256
6630.83,1438.23,0.2169,60.2599,905973.06,77.8224,3403.57,27.0,46.5464,0.0
13862.6,5734.87,0.41369,201.09,1838386.9,265.369,4825.29,90.0,26.428,6.552
11253.9,2650.43,0.23551,126.296,1569873.6,166.708,4731.53,176.0,28.4296,0.677
23904.4,6585.35,0.27548,214.824,3358691.0,303.205,6567.95,256.0,19.5961,17.128
13006.4,3844.08,0.29555,191.394,1716971.4,218.174,5055.4,80.0,27.0712,5.919
7432.01,1692.12,0.22767,68.757,1054506.4,87.5253,2773.3,48.0,40.247,17.56
8899.37,2036.67,0.22885,98.1575,1261790.5,124.735,3835.24,61.0,34.8298,2.997
9965.05,2609.35,0.26185,100.302,1422739.5,149.637,3964.18,39.0,33.1888,1.523
7355.12,2707.13,0.36806,63.0117,948939.0,121.052,2963.5,35.0,39.4967,13.302
7924.29,1369.51,0.17282,76.8397,1129503.9,90.2072,3680.59,21.0,34.9091,1.364
9062.4,1958.25,0.21608,74.6453,1298013.1,113.221,3919.29,14.0,35.0231,1.101
8357.59,1886.89,0.22576,89.1413,1175288.6,107.757,3909.69,40.0,34.3903,1.687
6882.15,1791.22,0.26027,77.2501,916516.5,96.6785,3490.88,74.0,37.4203,1.985
13045.0,3860.3,0.29592,163.757,1815412.5,216.659,4841.89,60.0,26.8102,3.282
11696.3,4063.8,0.34744,97.8769,1616330.8,193.412,4055.7,81.0,32.3673,20.22
7622.92,2261.32,0.29664,71.3075,1031721.5,107.621,3432.96,72.0,36.7415,3.617
6713.65,2690.43,0.40074,57.0486,979933.6,97.6873,3104.11,52.0,39.4526,11.054
14670.1,5115.9,0.34872,159.504,2006872.0,225.019,5183.28,92.0,26.4875,5.565
13534.2,3363.17,0.24849,165.788,1911446.2,195.821,5065.27,197.0,27.4926,1.987
4766.5,1103.12,0.23143,35.3774,657680.44,54.9548,1889.57,41.0,43.7679,12.967
8845.68,2689.63,0.30406,96.6938,1181239.4,122.805,4303.33,112.0,33.1029,3.243
15522.5,5199.52,0.33496,213.741,2155150.5,234.283,4517.98,117.0,29.2141,5.411
22127.8,7043.62,0.31831,220.447,3068060.0,342.042,6573.52,245.0,18.9523,5.127
9832.13,2919.85,0.29697,88.2458,1380809.8,134.721,4542.73,44.0,33.4922,3.046
9688.01,3015.97,0.3113,112.427,1341536.9,139.854,4303.75,106.0,32.3203,20.952
8726.67,2133.35,0.24446,85.7823,1248891.9,115.184,3898.65,2.0,34.4269,1.695
8502.07,3144.19,0.36981,93.9257,1094733.0,149.496,3978.32,75.0,33.7834,15.626
14539.1,4685.49,0.32226,152.439,2064302.1,227.477,5270.47,90.0,28.4488,1.602
9856.76,3275.3,0.33228,93.4404,1351962.0,142.141,3642.85,22.0,35.943,2.672
6611.7,1422.47,0.21514,59.9414,884382.25,81.4391,3175.52,39.0,46.5464,5.861
14288.3,3969.26,0.27779,161.06,1987547.8,237.015,4853.76,107.0,28.0298,0.0
6384.88,1837.44,0.28777,63.6279,883396.7,95.7481,3429.4,51.0,37.2514,13.449
5686.84,1699.75,0.29889,64.8927,794764.6,87.7004,3029.03,31.0,38.9786,2.267
8049.28,1214.91,0.15093,72.7682,1080113.8,94.2734,3777.7,21.0,36.213,7.843
6853.17,2227.04,0.32496,63.8151,964516.4,84.5767,2891.14,58.0,38.4063,19.362
11103.9,3170.09,0.28549,110.041,1516040.6,139.76,4314.67,122.0,31.1177,18.422
10801.7,2456.61,0.22742,121.5,1457475.5,154.546,3643.43,24.0,34.7359,2.202
11464.9,3100.11,0.2704,114.847,1609034.4,135.381,4591.39,65.0,28.4582,17.244
8321.86,2720.17,0.32687,95.0295,1129838.2,123.806,3256.41,85.0,38.5359,1.974
13423.1,3134.64,0.23352,170.618,1839377.6,221.875,35263.57,21.0,28.6128,3.117
6653.2,1904.85,0.2863,67.9554,897210.25,95.2873,2995.0,23.0,39.0611,2.124
11488.8,2779.04,0.24189,149.654,1585642.0,193.57,4014.81,63.0,32.2434,1.9
15068.2,4696.22,0.31166,189.268,2088749.2,227.584,5607.47,145.0,22.7878,1.436
12712.3,5032.34,0.39586,135.45,1787919.8,202.08,4763.21,172.0,29.5412,17.171
16786.4,5798.61,0.34543,201.41,2359889.2,282.229,4787.57,97.0,27.6975,4.567
14048.1,5690.1,0.40504,191.466,1852736.6,268.174,5136.52,71.0,26.2529,6.638
18618.1,5639.46,0.3029,238.461,2555699.8,302.914,5469.22,291.0,24.4571,3.558
11108.8,3692.38,0.33238,95.7287,1519559.6,131.177,4446.55,29.0,32.0463,17.092
8750.08,2030.78,0.23208,84.3675,1235163.0,121.72,3948.44,74.0,34.8159,4.653
17281.0,5788.15,0.33494,225.553,2342549.0,314.948,4963.39,121.0,26.3484,6.481
10918.6,3318.11,0.30389,91.4182,1530099.6,157.425,3691.37,16.0,33.9149,2.491
8504.89,2005.97,0.23586,85.3435,1216025.6,112.204,3806.62,156.0,36.6481,5.011
4883.87,1413.96,0.28951,39.835,668530.4,63.9606,2600.67,59.0,41.7684,10.699
12602.5,3408.32,0.27044,154.972,1798693.1,183.174,4782.51,44.0,28.3457,1.956
6784.08,1938.46,0.28573,70.2452,893034.5,96.1086,3768.45,65.0,37.2391,4.577
4658.47,1933.72,0.41509,48.1383,649360.3,76.9886,2321.22,34.0,43.2683,6.244
5874.07,1181.62,0.20115,63.8561,831447.94,69.0309,3094.22,32.0,38.5854,3.091
7558.5,2688.89,0.35574,65.2436,1074530.0,100.836,4006.57,75.0,37.1897,8.017
14607.2,3838.26,0.26276,183.324,1995681.9,243.657,5179.39,91.0,26.0044,4.618
6226.4,1947.48,0.31277,63.6252,826438.44,104.75,3071.12,61.0,38.156,15.688
7885.9,2307.72,0.29263,89.5845,1116116.5,104.553,3969.22,25.0,35.4979,1.751
15609.3,5252.87,0.33652,221.495,2159247.8,255.394,5336.75,283.0,24.5248,1.864
8339.07,3375.98,0.40483,65.7976,1104333.1,133.7,3056.61,76.0,40.1535,15.692
8078.74,2315.22,0.28658,90.1111,1115916.0,109.647,3083.3,44.0,37.6264,1.288
8214.52,3122.13,0.38007,82.6099,1109448.6,130.47,4193.05,32.0,34.7701,4.02
6915.17,1637.39,0.23678,82.3541,958311.9,107.749,3866.66,31.0,36.3756,1.419
5850.79,1418.99,0.24252,68.4288,810826.4,77.5344,2783.08,70.0,38.3616,16.906
7151.76,1167.69,0.16327,64.9536,987255.9,82.6326,3138.59,77.0,38.7871,16.046
9215.51,3430.8,0.37228,59.7356,1282168.9,144.285,3804.81,13.0,37.0585,15.802
7564.12,2014.59,0.26633,58.5232,1063870.0,94.4617,3526.24,33.0,40.0277,12.429
4819.29,853.17,0.17703,41.8938,650524.56,66.4518,2641.46,10.0,42.8042,2.285
4875.98,1382.81,0.28359,44.2735,675330.7,59.1634,1906.0,14.0,43.7593,3.424
7352.44,2509.77,0.34135,75.1436,1023417.3,101.159,3665.95,32.0,36.1879,2.024
15688.6,5226.7,0.33315,156.636,2148675.0,245.097,7134.63,30.0,35.9801,4.523
4953.14,1325.12,0.26753,49.2004,690440.6,64.0198,2132.53,13.0,43.4086,10.918
6528.24,1769.05,0.27098,69.7337,874587.75,88.5184,2979.29,18.0,39.0916,1.831
9045.47,2345.04,0.25925,82.429,1273267.9,116.51,4018.45,77.0,29.1256,3.748
15366.9,4306.3,0.28023,179.584,2146852.0,245.846,4569.31,20.0,29.2638,3.474
15688.7,5568.02,0.3549,186.875,2195843.2,251.729,4372.48,42.0,26.3271,1.906
15754.1,5644.77,0.3583,185.638,2201649.2,254.555,4384.88,41.0,25.8483,1.937
8607.01,3340.43,0.3881,117.231,1234809.8,152.483,3776.0,72.0,35.2019,5.317
7632.84,2488.16,0.32598,53.7625,1053309.5,118.398,3073.6,59.0,38.9669,12.904
8144.32,2271.3,0.27888,90.0579,1125130.4,115.366,3075.94,32.0,37.6912,0.92
14153.6,4441.74,0.31382,164.404,1951871.9,199.649,4990.35,136.0,27.8667,6.731
8875.92,2077.79,0.23409,98.7931,1236927.8,128.029,3550.26,16.0,33.7018,1.513
5583.07,1339.03,0.23983,42.585,755075.44,72.8847,2966.73,16.0,43.4008,9.432
7438.12,1462.7,0.19664,78.3634,1060599.2,105.212,3269.18,30.0,38.6263,2.635
12231.8,3679.78,0.30083,106.895,1691069.2,175.394,4162.06,29.0,33.1336,4.092
4512.24,1976.72,0.43807,23.112,617509.5,69.8731,1780.58,28.0,44.5682,6.925
15996.5,5401.58,0.33767,129.22,2301920.8,214.752,4919.07,80.0,28.0429,9.346
11345.5,3276.21,0.28876,130.266,1604892.9,186.532,4336.49,72.0,30.3572,3.51
4806.36,984.47,0.20482,47.1208,692705.7,57.535,2187.41,80.0,42.8336,0.618
9093.05,2650.73,0.29151,93.3939,1256336.5,123.139,3454.08,26.0,36.3796,2.509
7239.3,3045.06,0.42062,70.3364,957327.06,128.455,3069.41,72.0,39.5886,16.795
8701.13,3483.86,0.40039,38.5302,1154738.8,120.883,3898.68,85.0,38.2897,16.861
10793.4,4448.83,0.41218,132.463,1458234.6,209.053,4515.53,172.0,30.7164,7.012
24210.0,10001.5,0.41311,183.588,3299817.5,388.695,5392.34,77.0,25.2876,14.527
4092.52,934.49,0.22834,32.4958,586214.5,43.5158,1176.24,38.0,45.518,17.094
5012.61,2585.06,0.51571,46.3424,700856.25,95.4066,2096.19,57.0,40.7015,12.846
9052.71,2737.47,0.30239,96.5473,1269301.5,128.971,4041.55,111.0,31.8829,3.711
7155.65,2173.33,0.30372,61.1054,1003966.9,110.269,3497.52,26.0,37.6479,14.748
19931.6,7961.77,0.39945,240.381,2645767.2,320.255,6949.92,150.0,22.9318,3.324
7330.82,2495.67,0.34043,61.7533,1047710.06,101.371,3685.55,42.0,37.7644,14.316
10328.2,2645.9,0.25618,95.7019,1415636.9,126.132,5092.01,40.0,31.534,9.229
10538.2,2979.72,0.28275,129.415,1470998.6,173.832,4148.88,68.0,33.248,1.496
4087.87,1276.98,0.31238,35.2844,558760.56,52.4224,1388.76,32.0,44.4466,11.676
18789.0,4648.68,0.24741,176.032,2664577.2,227.503,5732.74,231.0,22.063,19.48
6488.46,3686.94,0.56823,92.7664,818033.75,142.706,2116.87,78.0,41.6643,16.598
5764.68,1117.16,0.19379,54.9415,778462.25,73.3862,2505.6,27.0,41.7016,12.263
13181.6,5078.55,0.38527,161.283,1824634.0,225.368,4876.71,143.0,27.7912,15.219
14653.3,4981.62,0.33996,192.212,1997371.1,257.874,4681.31,29.0,28.5167,1.993
10622.4,2626.68,0.24727,109.253,1500023.1,149.006,4310.99,68.0,32.9141,4.43
10532.5,3640.98,0.34569,81.0969,1467467.1,156.514,3885.21,33.0,34.2371,3.657
14958.5,3828.99,0.25597,191.592,2114837.8,211.148,14911.05,97.0,26.2378,2.725
12827.8,5046.03,0.39336,126.887,1828900.4,214.01,4980.05,121.0,27.7113,20.519
6402.13,746.11,0.11654,59.7649,853572.2,76.2685,3077.46,58.0,39.903,14.887
10480.2,4050.35,0.38647,119.517,1513409.6,177.4,3789.28,164.0,35.8593,17.021
15911.0,5100.22,0.32054,198.253,2208083.5,237.168,5373.12,170.0,24.2065,1.957
16737.7,5283.4,0.31565,188.829,2261566.8,266.072,5380.14,205.0,24.5835,2.597
7429.89,1743.77,0.23469,77.3155,1002399.9,117.705,3395.52,37.0,29.8406,1.634
12568.1,4105.72,0.32667,89.949,1694828.2,177.498,8074.73,63.0,37.9494,17.765
7043.59,2790.49,0.39617,70.5014,986059.7,102.047,3918.41,60.0,34.6412,18.988
7416.52,2537.19,0.34209,68.1884,1045924.6,97.6621,3488.5,53.0,36.9422,15.341
15589.5,4964.43,0.31844,171.933,2154767.5,228.555,4955.12,129.0,28.8047,4.216
3848.26,1102.54,0.2865,32.179,524084.44,48.1151,1389.21,17.0,44.3722,1.381
7067.22,2695.73,0.38144,101.291,959736.5,138.375,3838.19,50.0,35.777,2.705
10277.7,1506.29,0.14655,140.254,1432084.2,160.611,4616.85,149.0,30.0762,1.806
7241.61,1823.46,0.2518,56.6359,1022202.06,78.2042,3528.32,40.0,38.6042,14.441
12593.9,2826.61,0.22444,109.502,1748226.2,172.666,5092.26,4.0,30.8594,7.528
6645.65,2283.01,0.34353,48.4476,855359.06,103.239,2208.51,43.0,42.2603,7.069
11249.2,2886.06,0.25655,128.533,1586069.9,164.298,4227.61,60.0,32.5335,1.467
9313.39,2562.62,0.27515,84.3059,1318494.2,128.888,4015.6,89.0,35.4214,11.795
9117.69,2430.23,0.26654,105.699,1261571.0,135.468,3286.38,5.0,37.5281,1.365
8661.17,2657.34,0.30681,73.345,1224884.8,119.613,3472.34,24.0,32.6642,13.69
15037.6,4270.74,0.284,202.635,2081575.2,267.557,5073.15,161.0,25.1532,4.525
8806.23,1737.49,0.1973,75.3575,1270923.6,101.308,3902.27,16.0,35.0075,1.229
16629.7,5064.01,0.30451,211.323,2189410.0,254.382,6212.49,250.0,21.4235,2.241
6307.01,1648.72,0.26141,67.7795,896398.2,77.0164,3117.4,13.0,38.7056,1.778
11438.3,2952.63,0.25813,125.817,1588508.8,179.817,4735.19,164.0,28.3267,1.12
10151.7,3420.86,0.33697,99.0171,1380538.9,111.74,4779.26,13.0,35.2576,20.219
5097.85,1638.3,0.32137,36.42,724329.94,62.7964,2039.56,7.0,43.3486,3.478
6802.56,3064.91,0.45055,66.431,932850.8,94.5267,3398.7,34.0,38.0968,12.225
7561.84,2034.93,0.2691,56.1256,1039307.25,94.7037,3065.99,45.0,39.0923,11.785
5833.67,925.55,0.15865,55.697,811356.2,56.1371,3009.62,18.0,39.6123,4.054
5663.44,1901.7,0.33578,40.8458,747655.56,90.8804,2991.42,31.0,42.3812,9.812
15568.9,6095.25,0.3915,182.743,2179361.8,265.709,4782.81,31.0,26.9809,2.078
11532.1,4055.15,0.35164,124.332,1608977.6,189.477,4190.04,49.0,30.904,2.677
4902.75,986.23,0.20115,44.6855,698901.25,65.6329,2684.31,18.0,42.3935,2.753
6965.39,2619.17,0.37602,63.8655,909279.06,119.979,2754.38,31.0,38.8711,3.993
6768.22,2442.33,0.36085,59.627,919607.4,102.539,2501.24,39.0,41.0562,15.667
7292.31,1737.86,0.23831,76.2888,980856.2,85.5002,2877.6,95.0,37.5685,2.535
14418.0,4967.78,0.34455,135.656,2066289.8,202.629,5161.21,128.0,26.7745,19.399
21690.0,8443.73,0.38929,198.422,3003873.8,317.214,7638.15,131.0,25.9685,20.196
9742.15,2177.13,0.22347,111.976,1360984.2,129.636,4169.52,61.0,34.097,1.746
6337.7,1884.59,0.29736,66.3156,892575.4,108.274,2959.85,17.0,39.1765,13.37
7037.86,1861.29,0.26446,66.0348,974530.4,81.8251,2979.31,63.0,35.5663,17.095
5396.22,1687.53,0.31272,44.7035,754888.94,60.7051,2087.27,17.0,43.9704,8.992
5109.58,1932.42,0.37819,43.3174,689876.2,76.158,1560.9,36.0,43.5078,11.754
9776.6,2561.84,0.26203,105.247,1375487.6,152.853,4008.9,42.0,32.708,2.917
8171.39,2861.96,0.35024,68.0996,1146772.5,115.788,3599.43,83.0,38.5563,12.55
11506.1,2996.34,0.26041,151.325,1633778.6,160.956,4709.07,33.0,29.1294,2.497
5074.33,1854.64,0.36549,46.2842,729630.1,77.725,2349.52,62.0,42.3761,11.738
7554.73,1975.33,0.26146,83.8042,1022342.8,128.002,3469.8,41.0,36.6563,1.608
8522.1,2100.21,0.24644,103.663,1188888.9,121.871,3232.69,4.0,36.9374,0.601
5372.14,2004.89,0.3732,42.6774,754662.5,76.7689,2914.57,45.0,37.9941,12.313
7965.46,1988.44,0.24963,73.2659,1159104.5,91.8852,3209.14,29.0,36.9667,2.151
6941.19,1723.31,0.24827,65.5807,959938.3,96.9151,3371.84,43.0,37.3082,8.939
9443.31,3122.03,0.3306,84.5058,1306315.0,129.078,4041.45,108.0,34.416,17.247
5961.06,1814.31,0.30436,52.9948,778867.9,87.7023,2664.68,49.0,38.8463,12.99
10449.2,2926.75,0.28009,109.384,1450501.9,160.976,4326.72,63.0,27.4683,4.23
3549.58,1067.47,0.30073,30.6918,498668.1,46.9705,1958.97,62.0,44.9457,4.788
10299.5,2451.38,0.238,91.5789,1444087.6,136.397,3742.33,148.0,35.5383,3.12
11977.3,3031.15,0.25307,128.942,1662320.5,172.153,4483.33,65.0,30.9475,3.715
10320.0,3195.68,0.30965,113.41,1417074.6,150.068,4453.56,102.0,32.8579,4.531
9388.54,2934.2,0.31252,94.8273,1283363.2,129.017,3851.11,50.0,33.9867,3.031
7180.47,2816.94,0.3923,63.8198,1050557.6,95.1843,3213.44,30.0,38.8942,1.428
8508.33,2496.89,0.29346,87.2565,1169339.0,122.198,3319.83,21.0,37.6867,0.854
4917.2,1251.04,0.25442,43.4062,680504.56,59.8658,1851.41,19.0,43.7167,2.404
14696.9,3991.42,0.27158,160.356,2068493.5,217.245,5624.94,101.0,26.4187,18.744
9462.25,3245.5,0.34299,97.965,1318186.8,128.134,3564.45,99.0,35.4598,16.534
14793.0,4499.53,0.30416,167.494,2101561.2,230.299,5154.89,86.0,26.0619,19.996
21791.0,6053.88,0.27781,200.295,3107613.2,306.83,6504.97,308.0,18.9355,9.327
11875.2,2911.4,0.24516,149.585,1680667.6,181.862,4674.35,57.0,29.4946,0.971
12378.0,4094.77,0.33081,153.014,1761358.9,217.317,4936.93,81.0,28.9852,1.55
12043.9,3271.71,0.27164,130.028,1644380.4,182.882,4245.34,75.0,31.1215,2.084
10296.8,3269.47,0.31752,124.17,1376364.1,168.777,4023.7,38.0,33.6957,1.586
4516.98,978.69,0.21666,44.6773,612563.6,67.8881,2654.6,13.0,42.9204,2.373
13760.4,3809.07,0.27681,203.062,1814178.6,222.456,5585.51,248.0,21.5767,4.063
9739.5,3089.79,0.31724,86.9263,1380357.9,129.81,4127.99,5.0,34.087,1.987
6375.66,1712.76,0.26864,50.3958,902787.9,77.4976,2481.5,58.0,41.7809,8.646
7576.94,2035.75,0.26867,67.7198,1004028.5,93.1234,3971.39,12.0,34.8688,11.163
5420.81,1396.61,0.25763,52.6861,768021.44,71.021,2309.42,72.0,42.7544,5.732
8420.09,2234.41,0.26536,75.7693,1145149.9,93.2334,4215.65,75.0,34.5563,15.906
5501.68,1840.24,0.33448,35.8686,788208.56,68.0265,2112.3,29.0,42.6373,12.755
7372.95,1339.76,0.18171,64.3083,987768.9,80.8924,88105.91,27.0,36.0346,8.674
11156.0,2780.26,0.24921,136.291,1546687.0,175.013,4680.87,168.0,28.8767,0.927
7408.34,2493.87,0.33663,76.1362,1030389.2,99.1356,3722.02,34.0,36.4377,2.319
10744.8,2808.64,0.26139,144.447,1444937.4,172.234,4478.86,68.0,30.3395,4.706
4265.59,1264.94,0.29654,40.5549,579939.75,51.0942,1833.94,48.0,44.1844,12.2
12029.7,2928.95,0.24347,125.575,1676537.4,165.342,4506.17,61.0,30.358,2.546
9008.92,2724.24,0.30239,69.8332,1305426.9,118.783,3282.54,30.0,37.5868,2.237
4068.86,1139.69,0.2801,36.3845,583458.7,48.6581,1810.6,11.0,44.4422,2.222
4832.08,1552.81,0.32135,46.1206,698334.44,63.1253,2530.69,40.0,42.6695,7.816
5714.37,1342.52,0.23493,53.513,820673.7,71.1389,2903.85,57.0,39.788,1.899
6195.3,1401.86,0.22627,50.0494,853232.25,75.0717,2852.48,27.0,40.2466,4.636
7773.7,2156.64,0.27742,74.2539,1069733.8,103.689,3465.13,51.0,36.4315,14.11
9355.67,3594.78,0.38423,79.9706,1252123.8,141.498,3897.0,44.0,34.9158,13.185
20986.1,6340.37,0.30212,256.639,2932957.8,310.57,5734.77,216.0,23.3292,5.093
27462.2,10651.4,0.38785,266.422,3831779.5,378.278,6491.95,166.0,22.4087,18.959
13028.2,3176.0,0.24377,136.038,1805518.8,145.29,4550.21,57.0,30.4592,2.715
4642.78,1541.41,0.332,33.6373,658510.8,50.8776,1444.22,42.0,44.151,9.574
8225.35,2413.56,0.29342,93.0353,1166901.8,112.682,3542.79,93.0,37.3931,4.495
9154.79,2846.73,0.31095,90.0383,1219648.9,145.452,3884.41,88.0,36.1175,17.729
9309.11,2982.79,0.32041,77.6322,1274421.8,114.097,3693.17,51.0,35.867,9.03
6236.52,932.47,0.14951,46.2675,879444.8,74.1833,2673.54,1.0,42.1523,0.618
12419.6,4398.43,0.35415,119.299,1717513.4,154.448,4246.97,137.0,31.8869,11.575
6926.79,3254.44,0.46983,84.8907,862800.94,136.522,2161.88,99.0,40.992,7.153
7623.9,2012.07,0.26391,75.6176,1008669.9,106.938,2998.48,67.0,39.0391,17.45
7873.19,2298.03,0.29188,92.977,1069330.6,109.728,3454.7,17.0,39.3187,17.081
4206.9,1294.08,0.3076,32.6421,592051.06,50.3926,2045.25,51.0,44.7448,5.25
10656.3,3299.36,0.30961,127.969,1477146.0,188.104,4095.94,35.0,46.5464,2.153
12419.4,5305.24,0.42717,89.3234,1753558.0,175.785,4488.28,77.0,36.9555,17.087
14590.9,5448.47,0.37341,197.896,1991564.9,262.806,4701.74,54.0,29.136,2.359
5581.73,1008.02,0.18059,48.4431,799273.44,67.5888,2882.38,58.0,40.0982,1.112
12321.7,2564.85,0.20815,150.01,1680605.0,199.503,4907.85,138.0,29.7493,0.684
12017.6,3566.71,0.29679,108.658,1655418.8,182.473,4671.22,123.0,29.6468,3.269
16920.7,6269.03,0.37049,236.181,2299234.5,266.461,5395.32,141.0,24.2433,2.177
5335.93,2498.83,0.4683,46.5019,762544.9,86.9249,2330.37,46.0,42.2523,11.083
9570.7,2394.62,0.2502,89.524,1352164.1,135.842,3765.98,139.0,28.3999,10.897
20292.3,6238.66,0.30743,258.671,2817770.8,333.928,5594.51,69.0,23.3048,3.404
6749.09,2800.71,0.41497,83.211,915793.6,104.48,3564.25,76.0,37.3604,10.038
8163.88,2881.96,0.35301,88.8713,1109359.5,133.501,2942.68,67.0,39.4952,13.978
4747.24,966.16,0.20352,44.7951,680987.0,54.5618,2186.94,80.0,42.7934,0.685
6114.17,1407.22,0.23015,56.7079,842809.7,77.8559,2715.08,22.0,40.5469,2.442
5628.77,1040.67,0.18488,56.5266,793286.3,63.4079,2377.8,21.0,41.2068,13.428
5988.86,1969.37,0.32883,56.7223,819119.44,87.1138,3200.58,13.0,39.4628,7.882
6926.88,3300.95,0.47654,58.0459,970550.5,99.157,2926.98,34.0,39.5473,13.372
10846.8,2451.9,0.22604,72.0292,1539337.5,135.108,4215.02,67.0,33.7511,16.276
7490.97,2880.02,0.38446,64.7577,1045240.06,101.551,3183.69,47.0,37.1264,18.06
8630.52,2458.32,0.28484,95.4877,1187139.8,151.265,3225.39,10.0,36.7779,1.72
10018.2,3079.45,0.30738,120.752,1408443.5,222.229,3815.17,118.0,35.386,17.779
5574.47,1512.24,0.27127,45.3581,782472.7,65.8853,2903.67,19.0,42.308,1.978
14489.8,5690.06,0.39269,188.382,1890957.5,261.601,5168.25,64.0,24.5252,5.565
7409.38,2461.04,0.33215,77.3609,1020528.25,97.1141,3700.1,36.0,34.5428,2.854
8513.44,2329.4,0.27361,76.8381,1184411.9,105.24,4011.6,62.0,34.9152,1.88
17826.8,5474.24,0.30707,189.436,2529990.0,253.091,5129.55,38.0,25.5187,8.129
8533.67,2356.25,0.27611,86.9239,1213648.1,124.478,3185.13,37.0,37.689,12.329
7996.7,1824.8,0.22819,72.0042,1091737.0,90.2151,3539.22,37.0,34.0849,15.002
10611.2,3703.77,0.34904,125.808,1464048.0,179.462,3826.85,33.0,32.8017,2.211
11912.8,3745.52,0.31441,127.1,1605138.0,175.854,4201.03,37.0,33.5613,1.912
9037.89,2931.22,0.32432,93.4496,1208034.8,126.815,3833.3,47.0,35.9458,3.413
16554.6,4573.56,0.27627,174.169,2278719.8,221.198,5357.99,199.0,24.567,17.402
9483.33,3721.9,0.39246,87.512,1375079.5,134.731,4038.26,49.0,35.1273,15.387
11029.2,5469.72,0.49593,96.2063,1532801.6,188.431,3958.67,44.0,33.6274,18.455
6518.87,1334.36,0.20469,57.3745,899764.44,75.7344,3124.87,29.0,39.7081,13.719
12069.2,3255.6,0.26974,156.458,1690182.8,195.008,4772.58,86.0,28.8596,2.803
9347.74,2812.67,0.30089,77.5169,1260829.4,120.169,3391.01,87.0,37.7732,16.837
7387.84,2268.52,0.30706,74.5633,1024636.75,91.6769,3740.84,32.0,36.5145,2.624
7822.94,2577.52,0.32948,93.1232,1084419.4,118.492,3169.23,46.0,36.9771,11.969
6299.91,1350.02,0.21429,58.1531,854339.0,75.1716,2526.49,37.0,41.3942,7.332
10519.6,3766.41,0.35803,100.921,1473227.9,158.618,4486.55,52.0,33.3692,3.316
9990.47,3952.16,0.39559,126.171,1330547.0,189.91,4444.26,188.0,30.8362,1.38
4740.69,1368.7,0.28871,40.6168,645087.44,62.6391,2423.44,48.0,40.5716,13.79
17216.8,5925.01,0.34414,198.019,2315013.5,290.218,5627.82,182.0,23.1921,5.364
19091.0,4328.0,0.2267,224.281,2679479.2,290.118,5587.54,110.0,23.4797,1.787
8609.13,3355.54,0.38976,79.3332,1167960.0,117.87,3436.26,83.0,36.0948,12.916
8798.79,3320.88,0.37742,73.5174,1188137.4,139.922,3738.84,48.0,36.1105,16.935
6128.98,1451.85,0.23688,58.5824,827526.4,78.7861,3202.84,27.0,39.0369,6.423
13719.1,4074.94,0.29702,139.219,1909510.4,197.494,4827.87,133.0,28.5066,2.261
11183.2,3875.41,0.34653,120.346,1550999.4,153.816,4574.15,123.0,29.8878,14.494
7464.04,3251.77,0.43565,69.7232,1049273.6,118.039,2971.5,29.0,36.4172,12.711
13429.5,4495.09,0.33471,164.181,1921992.8,211.602,5156.4,158.0,23.5035,12.87
8421.91,2507.09,0.29768,94.3509,1192034.6,111.321,4027.89,34.0,33.1736,4.573
8337.46,2170.62,0.26034,55.7408,1183571.9,95.3994,3575.37,52.0,37.6631,13.775
5796.84,1234.16,0.2129,58.1091,803362.75,76.6132,2663.98,19.0,40.8819,1.307
15410.5,5892.9,0.38239,142.884,2154918.2,233.458,4845.31,129.0,27.5881,20.338
6238.71,2163.76,0.34682,59.752,870845.4,93.8014,3414.94,68.0,37.7756,1.41
3852.5,967.27,0.25107,32.5402,546465.4,46.2995,1779.59,8.0,44.5123,2.448
6153.64,1677.18,0.27255,59.3119,863706.56,89.7788,2691.26,73.0,39.9123,16.165
4614.63,781.0,0.16924,44.2054,621201.25,54.3111,2558.9,12.0,43.2024,6.112
9101.99,3170.98,0.34838,117.764,1261484.6,141.929,3925.05,60.0,34.5785,2.54
18177.9,5061.49,0.27844,260.718,2462704.5,308.437,5721.22,322.0,21.0432,2.802
4461.59,1061.71,0.23796,41.2292,614825.44,50.4238,2479.47,44.0,42.9282,9.64
12213.7,3073.51,0.25164,146.398,1690883.2,196.788,4220.42,67.0,29.3729,1.975
7313.8,3370.01,0.46077,45.9195,1050556.2,120.865,4425.55,33.0,37.6985,20.544
8266.68,2311.07,0.27956,68.2167,1085689.0,104.529,3962.86,15.0,36.1675,8.319
9791.33,2480.9,0.25337,116.825,1341420.4,134.191,4164.4,128.0,32.8512,2.069
9660.41,2542.23,0.26315,103.452,1364132.5,146.837,4029.35,43.0,33.0664,1.605
10433.3,3184.72,0.30524,101.384,1440800.9,141.14,4444.04,70.0,32.221,17.214
14714.6,3493.33,0.2374,195.738,2045894.2,258.738,4969.72,112.0,26.8206,2.256
10751.4,2585.39,0.24047,133.25,1491489.4,171.49,4672.06,175.0,28.4622,0.685
10577.7,2637.05,0.2493,99.2414,1500741.1,126.939,4295.24,52.0,32.5899,2.515
10269.5,4224.11,0.41132,127.75,1370765.0,192.614,4484.37,194.0,46.5464,1.86
7916.67,2484.83,0.31387,72.9497,1062020.4,109.277,3707.84,69.0,36.3285,3.15
8777.92,2129.71,0.24262,84.1268,1252579.9,115.67,4022.13,7.0,34.2454,1.816
11083.4,3378.1,0.30478,128.278,1517679.2,156.524,4904.62,73.0,29.2591,3.124
11002.9,3864.68,0.35124,99.1767,1534331.8,133.061,3982.5,50.0,35.3531,12.612
8095.8,3197.56,0.39496,95.7693,1155740.2,123.975,3415.99,24.0,36.067,14.422
9807.36,2707.07,0.27602,56.1197,1371750.6,126.009,3733.92,43.0,35.6182,14.608
11722.2,3563.39,0.30398,140.631,1602506.4,179.542,4476.89,85.0,31.3452,3.183
6053.47,1806.77,0.29846,59.663,837844.94,81.6153,2658.1,44.0,40.5825,2.142
6880.05,2255.77,0.32787,58.101,942049.1,91.0488,3172.08,47.0,38.545,11.635
17183.5,6040.88,0.35155,164.569,2357951.0,253.214,5203.58,114.0,26.1076,6.57
5495.29,1780.71,0.32404,67.466,754891.3,79.4929,3006.0,31.0,40.4661,1.852
11381.2,3466.39,0.30457,106.734,1679083.4,150.618,4488.0,92.0,32.1667,20.058
12891.7,3339.72,0.25905,153.841,1845755.4,170.825,4762.18,29.0,28.7873,2.548
12046.0,2624.27,0.21785,145.256,1709359.9,181.045,4642.48,50.0,29.6825,0.864
16117.3,5729.87,0.35551,185.975,2226718.0,260.433,4653.5,31.0,26.5164,1.819
14835.4,5413.77,0.36492,178.236,2029780.0,298.035,5323.82,129.0,25.8627,19.464
13578.7,5644.96,0.41572,191.175,1828448.8,264.702,3987.03,196.0,32.2616,16.377
10604.5,4222.25,0.39815,110.505,1457782.2,174.512,4680.53,51.0,31.4831,14.271
8263.62,3080.3,0.37275,73.0483,1110208.1,125.816,4252.35,58.0,36.6477,12.947
5545.88,1744.23,0.3145,63.0355,727148.1,81.5243,2658.72,59.0,41.0938,5.233
5830.78,1827.77,0.31346,54.7363,799328.0,78.8683,3208.65,13.0,39.4633,7.972
5594.77,1461.26,0.26118,57.2816,766242.94,103.249,2738.41,27.0,41.1658,14.893
8434.67,2274.08,0.26961,87.4282,1168881.2,109.339,4056.13,40.0,34.8647,2.909
7044.86,2666.32,0.37847,63.6456,1029942.25,97.392,3199.87,29.0,38.8839,1.086
15238.2,4666.2,0.30621,185.609,2110431.8,228.007,5548.23,72.0,21.6895,15.09
8154.72,2473.26,0.30329,94.5914,1147763.5,108.768,3981.3,23.0,36.0743,2.508
9814.74,3260.18,0.33217,95.292,1338423.1,138.146,3431.93,58.0,36.5682,16.836
12556.0,3256.1,0.25932,158.781,1746163.9,196.644,4841.89,64.0,28.2978,2.769
7948.79,2039.58,0.25658,95.8466,1056974.6,121.035,3816.56,47.0,36.3586,4.52
10302.2,3335.83,0.32379,80.9848,1446741.8,149.258,3868.64,33.0,33.9484,3.569
11040.9,4512.49,0.4087,88.972,1563110.9,163.438,3676.7,53.0,35.4266,15.241
7025.88,2061.81,0.29345,78.125,957893.8,109.399,3086.61,80.0,39.0802,0.843
17365.9,4188.15,0.24117,203.329,2442429.0,266.088,5680.54,92.0,22.9621,1.49
11809.5,2261.67,0.19151,149.943,1654133.4,170.628,4641.73,144.0,29.7537,1.662
7540.14,2513.2,0.3333,82.775,1047365.44,96.7594,3408.52,51.0,37.1501,3.205
7171.97,2374.6,0.33109,52.3333,1008420.06,109.473,3240.74,10.0,40.8392,10.762
5973.09,808.62,0.13537,48.6493,847396.44,70.7778,2717.92,1.0,42.1529,0.741
5945.25,2222.61,0.37384,62.2712,779275.1,92.6763,2728.99,36.0,40.6578,6.098
14252.3,6041.03,0.42386,166.13,1993450.9,256.618,4924.92,179.0,27.6496,19.805
6485.27,1611.3,0.24845,72.1529,882756.25,98.1559,3190.86,56.0,39.3151,8.679
10546.4,3334.49,0.31617,103.163,1450924.9,156.346,3915.19,36.0,33.5876,6.744
9213.4,2599.6,0.28215,104.335,1228053.6,121.82,3948.9,75.0,35.2273,15.463
5879.17,1834.85,0.31209,54.7437,804905.25,78.6281,3202.8,13.0,39.5285,8.089
6774.99,1714.45,0.25305,73.8758,906377.2,98.6621,3448.7,75.0,37.8097,1.698
11307.8,2583.85,0.2285,125.191,1554613.1,170.207,4018.48,65.0,32.5855,1.359
12984.3,3409.56,0.26259,145.593,1771918.1,182.089,4511.31,23.0,30.4023,2.088
6357.91,1688.73,0.26561,52.5004,882657.94,75.7706,3351.58,56.0,38.8057,2.284
16419.7,3638.33,0.22158,216.292,2307728.5,260.536,5557.71,91.0,23.6409,2.195
10276.1,3207.32,0.31211,111.275,1494880.2,136.103,3788.51,57.0,35.1288,1.937
7042.99,1505.87,0.21381,70.5063,973153.06,93.1974,3270.29,82.0,38.0294,11.082
8651.89,3892.56,0.4499,87.6646,1055050.2,157.249,2374.8,87.0,40.1504,17.435
10346.3,3695.21,0.35715,118.626,1437430.2,209.769,4416.34,96.0,31.4254,16.347
5387.34,1194.45,0.22171,52.9535,672374.3,87.684,2904.47,17.0,39.4735,2.272
13475.4,4814.93,0.35731,168.55,1877843.5,227.605,4644.75,99.0,29.7563,7.19
14676.3,3408.68,0.23225,179.986,2068374.5,226.871,4823.58,78.0,27.6384,3.857
10671.9,3616.94,0.33892,91.7696,1478062.4,138.81,5619.54,130.0,46.5464,0.0
12371.0,3587.05,0.28995,110.065,1787159.5,142.322,4727.17,85.0,29.9826,17.163
14453.8,4408.32,0.30499,171.072,2008361.1,235.987,5059.56,113.0,28.508,6.267
7354.6,2025.71,0.27543,58.1425,974718.1,90.6879,3115.46,49.0,39.8974,4.818
14422.9,2652.61,0.18391,180.821,2007713.2,231.404,4689.45,26.0,28.613,1.343
16476.0,5849.69,0.35504,159.582,2275249.8,248.231,5091.76,106.0,27.3647,7.246
9708.25,3524.94,0.36308,72.9224,1316754.4,143.208,4274.34,68.0,30.8588,17.76
14909.3,4689.81,0.31455,169.339,2050688.6,225.364,5501.12,125.0,24.8631,6.847
18220.4,6560.02,0.36003,165.312,2525861.0,299.178,7960.89,80.0,26.6969,10.494
5761.18,1935.44,0.33594,54.9343,790266.44,81.6474,3181.43,15.0,39.4601,7.778
7024.11,2706.32,0.38529,64.9198,1028739.2,93.0633,3237.93,29.0,39.2614,1.075
8395.91,1952.8,0.23258,76.3068,1152538.6,110.332,3668.14,39.0,36.4332,7.106
9632.83,2333.93,0.24228,118.733,1326752.4,160.18,4592.63,75.0,30.1426,1.372
17261.2,6674.28,0.38666,158.189,2419380.5,259.913,5444.56,93.0,25.6952,19.35
18129.2,5177.69,0.28559,249.306,2415217.5,313.34,5624.94,322.0,22.0231,3.023
5162.45,1038.58,0.20117,44.1609,744613.56,60.5679,2190.95,80.0,42.7893,0.662
14333.4,4624.29,0.32262,155.193,2059627.6,219.412,5809.78,78.0,24.8692,1.645
6312.69,1835.56,0.29077,59.6762,836577.6,83.748,2833.75,58.0,40.3382,8.819
10067.7,3586.92,0.35627,79.318,1409603.5,131.859,5279.76,60.0,30.4537,17.848
5559.07,1421.88,0.25577,46.7162,706036.9,78.4533,2510.36,21.0,41.6227,3.491
10774.7,3104.89,0.28816,115.711,1466270.4,185.502,3925.32,93.0,32.9767,8.896
16854.0,4987.49,0.29592,174.378,2341801.8,257.306,5341.8,83.0,24.9214,5.99
14314.8,3923.96,0.27411,135.529,1946122.6,221.526,4072.87,101.0,32.0822,19.919
9233.52,2329.52,0.25228,84.957,1302518.2,125.469,4775.18,30.0,32.6237,2.983
8426.88,2170.79,0.2576,86.0838,1214422.9,115.467,3999.74,5.0,34.0529,2.024
8393.74,3281.89,0.39099,75.5989,1151293.1,118.948,3329.72,60.0,34.8298,13.003
7718.33,1857.63,0.24067,68.725,1116764.6,87.9335,3090.17,54.0,39.2195,18.304
11142.2,3689.24,0.3311,128.377,1593175.5,160.737,4079.08,128.0,33.9459,16.313
14256.2,3385.23,0.23745,162.268,1947003.2,191.333,5036.01,134.0,29.3834,1.472
7539.8,2951.79,0.39149,69.8674,1068853.1,123.057,2928.32,50.0,35.3404,11.051
16712.7,6688.95,0.40023,191.572,2315122.0,293.242,7679.46,195.0,27.9473,6.069
5178.22,1438.99,0.27789,32.4499,730584.4,63.1822,2501.33,51.0,42.7272,3.215
4099.37,1310.89,0.31977,34.1176,560211.06,49.863,1432.12,17.0,44.2072,1.267
7707.64,1412.83,0.1833,77.8731,1078417.4,89.276,3159.7,20.0,37.1319,13.178
11665.2,4480.42,0.38408,129.884,1602228.4,188.457,4634.08,70.0,27.5818,15.435
5384.81,1420.22,0.26374,51.7004,702983.1,81.5623,3048.37,57.0,39.1421,6.385
9741.31,3210.64,0.32959,94.9572,1378747.9,153.908,3857.37,32.0,34.92,5.499
4160.35,671.39,0.16137,41.4043,573363.2,53.4997,2271.63,28.0,42.2959,13.138
7562.76,1809.1,0.23921,77.0429,1019021.6,119.989,3508.74,37.0,46.5464,1.606
8503.27,2908.82,0.34208,90.8927,1136893.6,113.716,3702.98,53.0,35.7683,15.647
6178.13,1059.07,0.17142,57.5687,813962.2,66.2478,2877.45,41.0,38.2578,4.385
10297.0,2813.04,0.27319,121.114,1425536.9,167.308,4659.26,74.0,28.7262,2.261
8408.98,2369.12,0.28173,89.3125,1147646.6,110.842,3806.03,30.0,36.1592,14.163
6898.61,2509.05,0.3637,63.1767,980189.9,99.3143,3416.85,52.0,37.5423,7.321
14929.8,4982.11,0.3337,175.302,2091590.2,250.074,5691.35,194.0,27.3812,3.003
13182.0,4215.07,0.31975,111.747,1919360.9,160.596,4877.16,95.0,30.637,18.254
6382.37,1973.08,0.30914,47.7251,900961.7,74.3857,2528.5,19.0,41.7408,11.093
14321.0,4028.94,0.28133,161.206,1976556.4,204.594,4859.05,129.0,28.4589,5.026
6604.86,1735.45,0.26275,50.4903,897974.94,83.5106,2634.85,23.0,40.8297,8.302
7087.52,2629.26,0.37097,67.021,1001093.56,107.127,2997.94,58.0,38.0977,16.349
6289.42,1659.5,0.26385,58.4362,863885.94,79.6201,2523.32,4.0,40.217,3.442
5948.17,1451.41,0.244,48.4282,778502.44,91.2291,3687.54,19.0,39.9752,8.625
28120.0,8104.11,0.28819,330.392,3815623.2,443.728,6578.72,151.0,19.7739,2.78
13022.6,3854.94,0.29601,132.253,1799198.4,192.551,5075.85,71.0,27.4569,15.463
5304.28,1383.65,0.26085,52.1932,731583.1,80.7393,2280.51,11.0,42.3447,2.901
5449.77,1858.59,0.34104,46.6686,778034.94,74.7299,2563.9,44.0,42.2647,7.112
11405.4,2925.43,0.25649,149.987,1624123.6,164.144,4663.76,31.0,29.4778,2.368
15932.3,5239.14,0.32883,162.822,2279381.8,220.496,5848.73,176.0,29.2656,11.173
3991.39,1459.72,0.36571,26.2204,548335.44,48.5355,1864.75,3.0,45.2074,7.825
11643.5,4904.95,0.42126,79.2012,1663758.9,177.331,3547.76,26.0,32.5937,18.134
8303.85,3099.94,0.37331,77.5138,1208330.4,110.102,3216.59,77.0,37.4903,15.412
4106.03,1489.5,0.36275,34.6868,571245.25,53.8659,2018.13,48.0,44.2856,7.062
7100.6,1734.61,0.24429,71.2896,965838.94,95.6664,3098.37,44.0,37.6012,4.711
10771.0,3273.76,0.30394,85.9533,1524456.9,126.505,5676.27,12.0,29.127,2.211
5816.82,1867.68,0.32108,59.863,769568.06,106.259,2879.43,5.0,39.3564,10.783
7826.31,3241.84,0.41422,87.0211,1108454.8,124.917,3362.68,36.0,37.4481,3.751
13932.0,3401.43,0.24414,164.999,1963703.9,209.559,4998.82,196.0,27.757,2.44
8655.89,2220.6,0.25654,98.0298,1216529.8,127.111,3774.84,46.0,34.7488,2.935
11876.7,4125.09,0.34732,92.4816,1642876.8,182.755,4339.91,62.0,31.6656,20.794
13646.3,5896.52,0.43209,96.6624,1914562.2,215.539,4558.01,88.0,30.9651,18.882
14566.2,5079.89,0.34874,179.028,2042683.8,228.355,5181.24,148.0,26.6748,17.179
12295.4,3200.41,0.26029,172.391,1727326.2,189.67,4688.65,102.0,29.2509,2.093
6423.52,3117.51,0.48532,45.8404,909144.6,104.666,2590.43,23.0,39.0151,12.939
15919.4,6124.28,0.3847,154.171,2219519.0,235.715,6161.14,66.0,26.3682,8.918
6792.98,1925.51,0.28345,77.4288,924020.0,106.283,3064.68,80.0,38.8982,0.788
15826.8,4096.43,0.25882,211.96,2188247.2,262.491,5130.13,155.0,25.2799,2.711
9618.7,2184.78,0.22713,113.367,1345968.0,130.115,4179.04,62.0,34.1739,1.913
18494.6,5456.43,0.29502,226.416,2604045.8,292.443,5785.16,111.0,20.6722,3.163
8970.25,1890.32,0.21073,97.6902,1263550.1,127.138,3806.48,41.0,34.7775,3.016
7673.56,2206.17,0.2875,57.9515,1089859.5,89.4753,3068.11,70.0,39.7894,16.147
15964.6,5053.23,0.31652,167.289,2250992.0,206.295,6738.22,163.0,26.768,15.543
12323.9,4401.72,0.35716,107.921,1607467.4,196.93,4682.84,74.0,32.6928,17.933
6781.38,2172.67,0.32038,61.1482,960982.5,100.104,2863.08,51.0,38.1693,14.63
23121.1,6148.23,0.26591,342.271,3155909.2,412.271,6241.1,141.0,19.7396,1.097
12588.1,2484.66,0.19738,156.21,1711990.4,197.667,4975.83,145.0,29.3075,0.894
8694.85,2227.53,0.25618,101.827,1215215.9,124.381,4045.34,149.0,31.8474,1.95
7054.58,2145.05,0.30406,52.5933,980519.56,92.9359,2816.19,11.0,41.1513,13.096
7190.9,1996.5,0.27764,79.3196,989385.8,112.01,3066.54,83.0,39.1804,1.854
10201.0,2768.81,0.27142,108.208,1453099.4,150.206,4048.24,45.0,33.7181,1.733
8556.61,2465.48,0.28813,76.7094,1196865.4,106.213,4077.21,62.0,36.3271,2.073
5962.82,2087.19,0.35003,56.6448,809815.9,86.1475,3185.59,23.0,39.3745,7.636
9218.55,3334.96,0.36176,76.0205,1258537.1,132.03,3903.68,96.0,33.8806,8.238
9745.61,3365.91,0.34537,115.696,1384377.9,141.192,3877.28,81.0,34.6442,4.592
10628.6,3366.16,0.3167,104.981,1482526.5,152.746,4396.75,16.0,32.6413,4.339
9350.05,3165.37,0.33854,95.0173,1322842.0,121.515,3592.02,86.0,35.0849,13.83
12579.3,3320.64,0.26397,155.643,1790189.5,181.279,4787.76,44.0,28.3903,1.937
13463.4,4921.25,0.36552,93.3683,1880714.6,198.254,7654.57,93.0,32.1323,20.116
17127.9,6001.43,0.35038,177.493,2356056.5,274.371,5172.79,74.0,26.4049,17.497
8091.47,2252.2,0.27834,97.6761,1141468.5,107.869,3551.08,96.0,36.9841,2.057
5139.09,1805.43,0.35131,34.533,726497.2,63.394,1524.37,28.0,43.3161,11.778
13179.0,3998.54,0.3034,149.945,1839480.2,218.111,4690.99,111.0,29.1008,4.43
5083.78,2053.82,0.40399,33.5027,719382.1,72.319,1787.7,32.0,42.5719,1.676
14788.1,4428.57,0.29946,166.604,2094857.2,231.788,5135.19,211.0,26.167,11.528
7298.7,2806.67,0.38454,61.7922,1067984.1,99.5389,3225.22,30.0,38.8583,1.528
6081.11,1911.07,0.31426,56.7365,845960.3,91.9219,2791.25,68.0,40.0888,13.542
12150.4,2252.29,0.18536,146.35,1654018.8,195.696,4841.73,141.0,29.8264,0.494
8596.96,3443.62,0.40056,91.5238,1238721.9,125.919,3631.47,29.0,34.0323,12.573
10083.2,4157.23,0.41229,92.0973,1417330.1,137.4,3928.26,38.0,35.5517,10.415
10934.7,4886.74,0.4469,96.6705,1530481.8,172.409,4075.65,107.0,31.4323,18.77
12528.3,3752.59,0.29952,151.918,1730092.0,211.984,4509.53,53.0,30.3138,4.322
16149.7,5073.74,0.31416,164.94,2312670.5,245.902,5068.01,41.0,27.0297,2.557
15660.7,5040.84,0.32187,217.555,2174259.8,240.861,5376.71,284.0,24.7352,1.856
23871.7,7398.59,0.30993,297.351,3329672.0,387.893,6267.72,132.0,17.962,3.316
11787.2,3742.2,0.31747,117.016,1691620.9,171.158,3979.38,22.0,33.2471,3.923
11638.1,4583.39,0.39382,132.548,1603413.8,181.688,4621.89,90.0,29.3328,13.988
8072.2,2615.28,0.32398,89.6307,1131502.8,121.158,3121.98,16.0,37.6353,2.891
4348.11,1395.49,0.32094,31.3625,615799.06,51.694,1307.11,43.0,45.272,19.033
21378.5,7067.54,0.33059,255.879,2859726.8,329.407,6107.73,289.0,20.1587,3.16
7630.01,3065.33,0.40174,53.3503,1076990.1,114.73,2975.32,70.0,38.922,10.865
7973.35,1459.67,0.18306,72.943,1122466.5,97.5015,3724.91,12.0,34.1864,1.819
9003.81,4053.33,0.45017,85.684,1243689.4,143.836,4516.37,81.0,33.1745,18.756
8771.04,1813.13,0.20671,87.0763,1228050.4,107.588,3810.02,11.0,33.9239,2.72
5585.84,1682.48,0.3012,41.5521,768055.4,70.104,2866.62,67.0,41.1398,10.747
14772.6,4293.28,0.29062,178.337,2042376.1,252.969,5161.65,96.0,25.5073,6.09
9162.27,3262.55,0.35608,91.6112,1251006.2,145.22,4045.5,34.0,35.0671,15.638
9427.13,3382.5,0.3588,74.3959,1325770.2,119.526,4091.2,25.0,35.1321,11.596
5334.18,935.72,0.17541,49.6403,734061.6,59.5348,2876.4,23.0,39.7033,4.043
11836.3,3554.89,0.30033,132.328,1629012.6,165.951,4814.29,71.0,30.582,11.359
7751.39,2288.84,0.29528,55.956,1087511.6,83.0973,3406.95,19.0,37.8255,13.785
4962.92,1650.77,0.33262,39.7999,685640.8,58.5633,2288.99,20.0,43.1497,12.624
4172.97,1304.44,0.31259,35.6311,571731.5,50.7492,1430.72,17.0,44.2372,1.684
8921.47,2576.17,0.28876,96.5202,1212522.8,164.772,4114.26,78.0,33.4393,0.629
13403.2,4409.75,0.329,161.888,1834227.8,199.808,4989.9,75.0,27.6811,3.021
9258.84,2596.54,0.28043,65.6756,1305233.5,113.771,3533.76,17.0,35.2271,14.92
16003.6,5806.38,0.36281,186.123,2231484.8,273.655,5576.16,148.0,24.5059,3.21
13442.6,3330.0,0.24771,190.526,1830799.6,210.6,4588.65,174.0,29.1054,1.64
9199.48,3282.81,0.35684,107.428,1287908.0,132.395,3601.5,21.0,35.3066,3.858
18696.2,6493.08,0.34729,194.771,2580197.5,326.261,5955.19,236.0,20.2858,10.999
7355.93,1582.7,0.21515,66.2151,999109.56,95.7347,3079.78,37.0,37.5947,3.67
6540.0,1906.38,0.29149,69.5373,947380.9,76.4483,3153.96,14.0,38.6024,2.091
22164.4,7614.83,0.34356,182.68,3147776.5,362.872,17147.08,89.0,23.018,2.519
8741.63,2849.66,0.32598,65.999,1212267.6,116.817,3369.97,36.0,36.1865,14.137
5965.56,1666.2,0.2793,60.1226,854387.56,74.0631,3257.12,45.0,40.5315,10.564
7124.74,3136.79,0.44026,45.3809,1015913.1,123.284,2957.93,39.0,41.6867,9.556
11230.6,2931.56,0.26103,129.524,1486559.4,144.571,4466.63,54.0,32.3106,16.569
7122.28,1922.0,0.26985,63.7838,946257.56,99.1888,3247.31,58.0,38.7752,13.322
10379.1,2755.13,0.26544,124.924,1476755.5,162.731,4315.17,46.0,31.8792,2.724
14385.0,2905.33,0.20196,179.777,1987168.6,222.04,4699.24,36.0,28.5352,1.326
6441.0,1070.58,0.16621,65.175,918765.9,74.1552,2713.91,42.0,39.6238,19.431
6091.53,1969.43,0.3233,56.5204,867268.0,80.7616,2490.09,60.0,41.2786,5.2
23581.3,9246.19,0.39209,235.666,3270553.5,406.502,10215.87,217.0,19.6365,20.502
7223.7,2765.73,0.38286,54.5582,1011939.0,109.147,3046.76,77.0,38.7307,10.75
12804.9,3717.76,0.29033,133.769,1768307.2,163.997,4731.93,56.0,28.2196,3.23
7088.34,1581.65,0.22313,55.2975,951343.56,91.9433,2853.7,40.0,40.0911,5.962
5110.76,1383.18,0.27064,46.6555,715931.94,59.0035,1930.16,24.0,43.5252,2.711
9856.31,3999.94,0.40582,102.913,1371434.6,145.852,3652.22,163.0,34.615,18.648
8785.5,2656.93,0.30242,82.9614,1199444.4,150.248,3810.37,73.0,35.6685,16.017
7920.04,2870.11,0.36238,72.3784,1117725.8,106.79,3601.4,39.0,36.8782,17.922
8560.74,2451.99,0.28642,98.2949,1177497.5,106.407,3069.22,26.0,37.0477,10.74
9151.02,2376.89,0.25974,82.5835,1301087.1,121.941,3952.12,65.0,34.6989,3.678
6218.1,1391.57,0.22379,69.5671,885730.9,76.3308,3060.13,18.0,38.6069,1.492
6459.64,2319.85,0.35912,66.9214,930225.4,90.2147,3220.08,30.0,38.8959,1.307
7228.49,1927.89,0.2667,67.1268,1016916.3,88.1749,3511.58,14.0,39.0532,2.743
8288.95,1764.14,0.21283,78.5353,1188882.1,99.8269,3942.38,9.0,34.714,1.266
7512.09,2029.59,0.27017,91.5482,1047712.5,111.053,3847.7,92.0,34.8626,4.822
12694.9,4499.34,0.35442,164.648,1797808.0,231.88,4675.03,109.0,29.2103,6.226
9061.49,1926.35,0.21258,94.2186,1278206.5,152.427,3809.91,14.0,34.1918,0.0
11318.0,2528.05,0.22336,153.769,1603423.8,172.457,4604.25,54.0,29.9952,0.991
9893.27,2761.1,0.27908,104.086,1359308.8,163.007,4191.82,72.0,32.9473,0.858
6658.51,2590.61,0.38906,62.2494,951212.06,92.8279,2366.39,65.0,39.9505,14.93
21800.1,8823.9,0.40476,190.842,3056260.2,382.516,15643.47,139.0,23.0673,1.332
5013.28,1811.43,0.36132,49.732,710512.56,83.3167,2317.53,81.0,41.543,13.777
9589.48,4278.73,0.44618,93.585,1345311.4,156.025,3534.78,79.0,36.3095,17.7
11193.1,2717.17,0.24275,107.92,1559226.0,143.287,4749.73,42.0,29.1887,16.612
14342.2,4643.78,0.32378,146.962,2032953.9,237.599,4746.53,103.0,28.8119,5.485
8683.71,2112.23,0.24324,102.993,1209806.9,135.819,3557.58,13.0,34.6158,0.872
10753.3,2620.84,0.24372,129.652,1489204.1,154.313,4335.47,93.0,31.4257,2.274
9989.16,2904.45,0.29076,76.8994,1360695.8,138.119,4558.54,55.0,31.83,17.773
4688.26,1250.21,0.26666,45.2437,642677.8,62.1322,2116.7,20.0,43.1209,4.328
9785.06,3219.0,0.32897,103.451,1354139.8,132.968,3916.73,26.0,34.0661,3.85
21621.7,6173.73,0.28553,293.708,2941152.0,326.345,6600.15,257.0,18.7901,2.283
6915.17,1771.24,0.25613,56.0042,996602.9,71.7427,3212.64,26.0,39.0689,16.222
8959.09,3679.86,0.41074,82.0099,1231765.8,140.565,3714.49,54.0,35.6517,11.711
13973.1,6098.46,0.43644,92.0489,1967002.4,214.544,10746.62,59.0,35.3244,14.17
6122.28,1825.96,0.29824,51.7705,855669.75,79.29,2725.31,19.0,40.7355,3.235
8500.52,2594.44,0.3052,67.2152,1181434.4,115.498,3470.04,91.0,37.2092,16.826
15683.3,5738.05,0.36587,137.495,2211544.5,230.747,6488.3,63.0,25.3589,9.343
8490.03,2286.05,0.26926,110.443,1182238.1,140.102,3928.85,112.0,35.7851,3.236
5705.7,1248.14,0.21875,46.6399,801591.94,68.4495,3169.64,56.0,40.0218,1.182
22425.9,6684.66,0.29807,317.18,3106157.2,362.374,6316.68,106.0,17.6034,3.072
5598.97,1503.53,0.26853,55.3704,791950.56,69.3989,2533.31,68.0,41.7644,3.99
8074.28,2178.2,0.26977,72.3144,1093305.8,98.7353,3922.65,82.0,34.3398,13.842
13020.6,4275.2,0.32834,86.4154,1844554.0,199.566,6269.7,74.0,33.0613,10.975
4895.11,1646.91,0.33643,49.0992,682559.06,68.9326,2167.04,28.0,42.7348,1.817
10729.6,2610.8,0.24332,128.532,1509829.4,156.036,4336.28,42.0,32.3272,2.676
4942.25,2011.86,0.40707,34.7229,700928.75,64.4044,2528.99,39.0,42.7253,3.082
13887.5,5110.77,0.36801,176.544,1908054.6,247.485,4777.37,146.0,28.1754,18.838
10836.8,2766.99,0.25533,124.811,1502673.6,163.175,4652.77,70.0,29.8464,1.576
8757.03,3030.74,0.34609,45.4894,1151780.8,125.238,3534.4,55.0,37.1028,13.908
12152.3,6143.57,0.50554,138.349,1676816.4,231.296,5081.36,136.0,28.9087,19.316
6733.67,1793.88,0.2664,57.2381,954976.6,79.9142,3032.69,29.0,38.7383,14.177
12588.6,3986.4,0.31666,149.632,1788147.4,208.835,4947.82,76.0,28.9863,1.563
9227.31,2915.54,0.31596,44.1419,1270136.9,128.247,3770.08,22.0,35.6814,14.547
7130.26,3058.34,0.42892,62.7538,1016907.4,102.047,2453.22,61.0,40.2023,13.161
5172.62,1223.61,0.23655,43.9433,709082.56,71.3959,2714.42,48.0,40.4107,15.554
5873.43,1898.03,0.32315,67.7419,812651.94,93.415,2792.03,39.0,39.8042,5.24
5927.61,1120.8,0.18908,54.1951,766376.5,71.935,2882.4,45.0,39.5608,19.117
5748.16,1851.6,0.32212,39.0262,796289.9,77.8492,2271.47,28.0,41.8142,14.179
5867.7,1460.66,0.24893,59.7699,772910.75,68.0751,2955.59,36.0,39.2852,5.605
9559.65,2944.62,0.30802,97.1727,1358927.1,137.962,3847.02,110.0,34.7189,19.444
7557.6,2271.56,0.30056,55.8171,1045483.7,99.5615,2742.82,72.0,39.7776,16.423
6807.77,1668.87,0.24514,63.7817,936799.44,83.9793,2796.87,37.0,40.2958,16.626
10807.5,2785.16,0.2577,111.667,1526496.4,154.779,4357.99,66.0,32.5554,4.919
5898.91,1886.68,0.31983,67.1479,814089.4,91.4648,2977.21,33.0,40.6555,1.992
16593.1,6642.44,0.40031,188.99,2266649.2,283.527,5431.75,200.0,26.1485,6.001
14334.7,4386.17,0.30598,165.12,2051389.4,199.592,4984.45,175.0,24.3084,13.867
11246.0,3381.46,0.30068,104.339,1639035.6,142.906,4432.17,86.0,26.4152,19.434
14094.6,4468.91,0.31706,158.941,1938312.9,208.693,5262.89,203.0,26.6816,1.47
7957.48,2733.87,0.34355,82.4364,1063348.8,120.181,3175.43,85.0,38.973,8.462
9448.3,2339.71,0.24763,106.383,1341192.5,149.727,3928.6,40.0,33.2389,2.152
24075.7,7702.34,0.31992,261.628,3334064.8,340.381,5968.95,233.0,21.8206,5.628
11121.1,2832.7,0.25471,99.743,1536844.9,141.187,4470.41,36.0,33.2408,10.625
12386.1,3714.8,0.29991,107.077,1711783.4,157.517,4936.32,94.0,30.8244,15.23
7862.4,2440.27,0.31037,90.5925,1067232.8,118.993,3230.32,85.0,38.6743,1.758
5206.0,1766.84,0.33938,31.7382,733921.1,67.2417,2547.99,64.0,42.4963,11.876
7010.55,1670.03,0.23821,64.946,996599.06,74.3202,3448.56,34.0,39.0319,5.396
9201.79,2916.49,0.31694,101.893,1280869.1,127.255,3914.22,29.0,33.967,2.618
7026.11,2295.51,0.32671,81.347,947041.0,96.4253,3242.55,21.0,35.1621,11.382
8380.36,2205.42,0.26316,81.0763,1185049.2,105.0,3923.42,43.0,34.5996,2.038
6656.63,2424.45,0.36421,62.4555,939367.4,97.9125,3195.41,53.0,38.284,6.112
5064.19,1072.03,0.21168,46.5961,711054.7,65.5986,2702.67,21.0,41.549,3.361
12441.8,3407.14,0.27384,161.177,1723095.4,210.494,4761.8,64.0,28.7963,3.525
10581.5,3382.68,0.31967,111.369,1534476.0,140.206,3788.5,57.0,35.1286,1.846
9228.89,2179.11,0.23611,117.071,1279926.5,145.08,4154.28,51.0,32.168,3.084
3949.56,1087.19,0.27526,33.2062,560715.25,45.7786,1764.88,11.0,42.1806,1.973
10836.0,3846.63,0.35498,122.435,1511980.4,178.289,3813.22,33.0,33.1299,2.979
5312.31,2148.32,0.4044,44.487,768241.06,85.9719,2439.84,46.0,43.1816,11.249
14256.0,5448.36,0.38218,198.235,1883461.9,239.984,5453.99,82.0,26.613,6.734
6523.47,1674.32,0.25666,53.4801,916384.9,78.5483,3405.62,56.0,37.8287,2.573
23484.6,6949.46,0.29591,305.026,3252710.5,378.384,6348.86,98.0,17.5782,3.572
14297.0,3655.41,0.25567,130.936,2007389.4,183.32,5146.63,68.0,27.4446,5.091
9369.93,2309.1,0.24643,87.3176,1321886.9,123.786,4573.41,31.0,33.1655,4.834
8701.36,2904.95,0.33385,73.7879,1227536.6,120.241,3130.73,34.0,37.7095,14.776
9071.16,2424.91,0.26732,104.496,1239863.0,153.853,4137.75,78.0,33.1873,0.594
6350.2,2129.42,0.33533,66.038,830519.3,94.6884,3609.78,75.0,37.2475,4.978
16991.5,5292.2,0.31146,208.745,2239853.5,279.402,6605.61,243.0,22.9533,2.569
8658.9,3133.95,0.36193,66.4183,1205478.1,138.447,4018.92,47.0,34.5028,15.092
9157.89,3443.96,0.37606,92.1778,1311997.6,142.926,3433.39,102.0,35.206,15.595
14050.5,6507.81,0.46317,115.193,2003860.2,235.137,6353.71,174.0,29.8739,19.934
8371.14,3175.04,0.37928,63.0333,1143962.2,119.654,4082.51,34.0,34.9505,17.36
5730.87,784.01,0.1368,50.9233,812823.9,66.5458,2718.09,1.0,42.2444,0.769
11578.3,3530.39,0.30491,91.2148,1613973.5,157.635,4681.56,52.0,30.9286,11.894
14070.2,4652.06,0.33063,153.574,2004711.4,227.019,4967.85,110.0,28.2528,17.23
15490.8,3854.27,0.24881,249.799,2108224.5,261.771,4773.4,298.0,27.6559,4.393
7659.68,2520.85,0.3291,75.96,1026943.8,107.839,3792.52,47.0,35.3318,4.956
6013.64,1101.84,0.18322,52.9817,813868.5,61.949,2433.17,20.0,41.2802,16.762
8601.75,3346.25,0.38901,58.7998,1182320.5,137.173,3776.87,51.0,36.3229,13.732
16548.2,5291.71,0.31977,176.215,2271420.8,226.786,4893.34,32.0,27.4193,16.146
13739.9,4917.17,0.35787,194.93,1836573.1,231.494,4962.22,76.0,27.5751,6.668
12887.1,4522.21,0.3509,95.731,1815111.1,184.536,5127.28,95.0,30.6725,4.598
15721.9,4817.65,0.30642,171.19,2213923.8,221.214,5302.98,78.0,21.1382,17.792
4877.55,1445.85,0.29642,37.0972,669754.2,64.9586,1490.78,11.0,43.9864,6.164
8077.98,2114.61,0.26177,85.046,1103837.6,127.146,3582.24,44.0,36.0,5.125
5772.31,1396.01,0.24184,56.8611,796262.4,83.6407,2631.84,23.0,40.9908,1.289
12180.9,3328.74,0.27327,151.512,1721469.1,207.045,4700.44,65.0,29.286,3.492
5050.35,1125.28,0.22281,47.0495,639923.94,62.5796,2067.49,18.0,42.4323,8.605
5151.85,1732.33,0.33625,48.2766,715073.06,73.6707,2646.17,26.0,41.0921,4.67
8768.29,2755.44,0.31425,75.6089,1159764.6,129.123,3180.78,60.0,38.8746,15.341
6831.71,1771.24,0.25926,71.7693,904251.25,95.6178,3669.8,63.0,36.5793,4.518
7823.98,2540.21,0.32466,86.8018,1102370.5,103.857,3482.71,26.0,35.4641,7.703
15024.1,3890.08,0.25892,184.361,2119913.8,218.145,5697.0,63.0,23.0142,1.323
9486.88,2546.9,0.26846,61.6688,1254692.2,131.435,3315.94,25.0,37.825,13.041
6897.71,2046.98,0.29676,71.5765,931485.1,108.522,3051.17,82.0,39.0408,0.852
5802.29,1746.69,0.30103,47.5739,824838.9,62.1104,2613.27,37.0,41.8769,11.705
8993.44,3126.25,0.34761,90.1403,1271111.8,137.882,3240.17,19.0,36.9694,0.0
8814.24,2589.29,0.29376,88.7522,1250176.6,120.657,3341.85,6.0,36.2963,2.688
9432.72,2543.68,0.26966,113.238,1283443.2,156.167,4102.52,68.0,32.373,1.14
9972.31,3545.09,0.35549,89.2126,1423976.1,130.85,3784.92,9.0,36.2066,5.168
5642.77,1572.53,0.27868,43.4063,731956.06,78.1666,2667.26,58.0,41.3594,5.165
7753.33,2219.57,0.28627,71.3263,1084816.2,91.1113,3355.81,28.0,29.5915,15.364
9801.04,3770.64,0.38471,84.607,1393273.6,140.087,3799.68,48.0,34.4391,8.742
8201.94,2425.65,0.29574,87.227,1089030.4,105.573,3455.87,29.0,32.6638,14.732
7883.39,2247.5,0.28509,95.0942,1065973.0,133.243,3764.3,70.0,36.5951,14.52
5939.75,1754.81,0.29543,63.5034,742703.7,92.5569,3105.14,18.0,39.3541,2.291
7828.31,2659.68,0.33975,70.9825,1046815.5,116.767,4440.29,72.0,33.3119,3.009
13326.8,4625.65,0.34709,150.972,1851312.5,174.817,5219.9,38.0,26.3658,17.273
6729.59,2073.18,0.30806,65.8793,935409.94,90.2808,3298.71,17.0,38.686,2.462
11503.0,3300.21,0.28689,114.915,1594220.6,136.379,4725.75,65.0,32.184,19.328
12026.4,3554.48,0.29555,102.486,1665495.8,180.257,4593.05,123.0,30.0272,2.813
16972.2,4571.63,0.26935,189.102,2340941.5,236.266,5346.12,233.0,24.7084,7.629
13549.8,3785.43,0.27937,167.645,1876567.6,202.523,5242.12,55.0,25.8341,2.195
14905.6,4911.05,0.32947,156.713,2072352.1,239.484,5349.14,209.0,26.5863,1.369
6030.5,2516.36,0.41727,50.6878,828002.8,98.399,2679.14,84.0,40.2533,14.871
8033.35,1490.63,0.18555,74.2917,1128086.5,105.497,3764.73,13.0,34.3299,1.816
9452.75,2206.86,0.23346,93.8294,1282413.2,98.3487,3969.78,23.0,35.5773,10.922
6171.25,1273.52,0.20636,67.9931,876193.8,70.9983,3101.64,16.0,39.13,1.755
7522.79,2584.93,0.34361,91.5091,983928.0,131.613,4436.2,96.0,32.9669,11.016
6946.54,2374.91,0.34188,62.1442,909294.94,103.601,2738.53,28.0,38.1032,2.626
5121.67,1994.0,0.38932,36.2778,724008.1,70.5239,2132.72,18.0,43.3347,13.041
12592.6,4514.87,0.35853,160.923,1833163.4,269.217,4726.86,87.0,25.5289,3.262
8696.29,2527.07,0.29059,77.3209,1197406.9,109.687,4616.27,81.0,34.3408,20.338
8142.28,2028.29,0.2491,68.3601,1145594.6,99.8826,4123.61,17.0,34.1309,8.135
7706.77,2570.44,0.33353,70.3135,1084883.0,106.87,3592.94,39.0,35.6735,10.449
8047.73,1892.38,0.23514,98.184,1124471.4,114.174,4118.93,63.0,34.1427,14.898
20414.4,7615.74,0.37305,204.237,2922891.2,335.137,5584.48,219.0,21.2756,15.764
9391.91,2915.98,0.31047,96.4859,1284615.4,141.004,3872.77,117.0,33.5974,2.224
18393.9,4997.41,0.27168,186.452,2615885.2,229.514,5700.22,233.0,21.1802,5.998
8283.97,2193.78,0.26482,76.3274,1121153.5,109.959,3138.06,114.0,35.5036,11.066
12200.4,4949.19,0.40565,158.346,1700069.0,217.837,4442.47,132.0,30.9327,14.764
5139.08,908.36,0.17675,49.3321,704488.7,56.0601,2887.66,19.0,36.4726,3.962
18802.9,4945.22,0.263,189.603,2679609.8,285.299,5709.67,232.0,21.7618,8.894
13757.4,3526.11,0.2563,159.419,1931115.6,210.979,5120.05,184.0,26.0002,2.161
7081.5,3236.25,0.457,55.7111,992334.25,122.828,2796.51,59.0,39.44,13.233
6754.75,1537.16,0.22756,51.0229,956553.1,71.7029,3362.18,22.0,38.9478,9.63
11524.5,3099.09,0.26891,111.443,1619345.8,165.642,5019.66,40.0,32.7862,0.0
5772.0,1672.13,0.28969,58.5238,763582.0,85.6786,2671.21,32.0,41.0214,4.344
16756.9,5766.86,0.34414,157.664,2377991.0,255.972,6806.64,87.0,24.3201,4.043
7245.96,1721.37,0.23756,64.4606,1004761.44,82.6971,3396.92,31.0,37.3893,5.187
9822.19,3919.75,0.39907,84.4541,1380721.0,128.221,4975.7,37.0,37.6148,17.552
14671.0,3244.51,0.22115,199.324,2024782.9,257.988,5048.25,120.0,26.1961,2.641
7043.97,1948.11,0.27656,57.6687,967752.8,93.1092,2621.36,77.0,41.2353,3.882
9095.24,3672.88,0.40382,88.0222,1270024.2,131.884,3913.12,85.0,34.456,11.834
3973.8,939.35,0.23638,33.9649,567396.1,43.6092,1776.69,12.0,44.9574,3.522
6869.91,2600.97,0.3786,53.4461,1007257.4,90.4824,4038.73,16.0,37.0428,15.855
15313.0,3809.68,0.24878,213.413,2101827.8,252.74,5125.24,154.0,25.2136,2.766
12752.5,3889.23,0.30497,156.6,1802976.6,174.559,6147.74,54.0,25.1491,16.942
8915.18,2558.39,0.28697,78.8187,1245000.2,112.8,4277.8,63.0,33.6183,4.345
17158.0,5056.73,0.29471,157.182,2356784.5,244.468,5689.36,173.0,22.1685,3.553
6672.39,2327.98,0.34889,76.3471,912838.4,95.461,3241.06,61.0,38.5302,1.117
8875.29,2239.97,0.25238,83.2649,1255236.0,111.769,4732.17,26.0,32.9313,1.806
8726.62,2968.58,0.34017,67.802,1166199.1,132.29,5329.18,63.0,32.7684,3.516
6350.89,1934.79,0.30464,64.9747,841721.1,89.2083,2882.71,5.0,39.5866,8.367
13375.2,4458.34,0.33332,152.838,1827685.5,214.266,5203.51,24.0,30.7277,9.629
18489.2,5202.07,0.28135,182.543,2613281.0,222.299,5694.46,56.0,21.9736,17.943
15109.1,3277.32,0.21691,207.573,2091930.6,235.229,4987.64,146.0,26.4881,2.504
16727.0,5463.21,0.32661,111.66,2324184.0,260.583,4574.25,104.0,29.2236,20.928
5182.64,1214.72,0.23438,51.4287,679507.5,84.7212,3236.45,20.0,41.4117,1.865
7225.16,2099.77,0.29061,78.804,980295.7,111.794,3082.25,76.0,38.3834,1.221
9935.28,3228.71,0.32497,105.949,1388996.2,135.731,3801.02,15.0,34.9806,2.257
7368.78,1465.78,0.19891,64.4383,1033827.2,76.3536,3111.89,35.0,38.5598,12.42
9425.83,2546.11,0.27012,103.773,1343611.0,147.574,4290.56,148.0,46.5464,17.578
7880.15,1934.49,0.24548,88.4417,1106134.4,102.61,3865.7,31.0,36.3679,1.647
6829.31,1679.2,0.24588,52.8873,960260.4,79.199,2890.7,39.0,40.1026,15.82
7748.59,1889.16,0.2438,65.2409,1071249.9,105.521,3665.06,24.0,37.027,1.65
8686.97,2346.33,0.27009,77.9223,1237724.5,108.683,3151.88,26.0,37.7492,13.992
9630.28,3561.72,0.36984,100.49,1296327.0,164.207,4526.78,42.0,32.3654,15.128
7822.37,2804.21,0.35848,69.7061,1084840.6,112.967,3212.46,22.0,38.3867,4.075
19497.3,5764.1,0.29563,237.615,2698316.5,290.673,5778.45,185.0,21.6591,2.892
6842.07,1817.87,0.26569,52.9912,966786.25,95.1921,3217.33,8.0,40.5012,8.412
8859.43,2558.55,0.28879,79.7662,1233886.1,112.87,4268.21,61.0,35.1277,1.977
13254.2,4669.1,0.35227,162.362,1846089.8,210.126,4877.6,83.0,28.4065,5.503
7726.64,3252.35,0.42092,52.1266,1115101.5,123.58,3889.35,34.0,37.7607,16.631
15360.2,4467.49,0.29084,160.318,2190615.0,212.826,6819.86,80.0,26.3048,19.813
17905.3,6339.14,0.35403,185.378,2527589.8,272.13,5661.13,149.0,22.8014,2.912
16231.5,5890.77,0.36292,158.759,2299248.0,201.348,7653.25,66.0,23.3588,18.332
8135.49,2575.99,0.31663,66.8719,1126076.0,95.9078,3298.19,35.0,36.9898,16.872
9036.87,2026.18,0.22421,103.117,1228972.5,141.617,4255.72,37.0,32.826,2.124
11138.4,2706.81,0.24301,113.32,1560248.6,158.203,4398.61,65.0,33.3703,3.759
13928.9,4862.46,0.34909,122.862,2022031.0,179.56,5123.58,85.0,25.11,16.385
5739.11,1336.47,0.23287,51.8119,831641.4,71.2598,2859.28,59.0,40.3002,1.419
8601.84,3352.45,0.38973,79.4708,1165924.1,117.525,3435.88,83.0,38.6854,12.913
8551.17,3566.6,0.41708,89.5801,1187945.5,125.692,4328.25,21.0,34.7916,10.341
18288.2,4750.45,0.25975,120.789,2506150.2,248.696,4903.44,164.0,28.6473,20.216
14016.2,4261.08,0.30401,180.735,1942525.5,225.365,4890.33,114.0,28.7144,4.703
9390.63,2159.85,0.23,105.998,1275969.2,131.137,3933.52,50.0,32.351,2.244
16652.1,5491.39,0.32977,190.731,2303891.2,273.319,5305.06,85.0,24.9359,7.11
4714.35,1623.95,0.34446,43.6304,641978.8,59.7032,1939.97,36.0,42.9554,4.7
8168.32,2103.36,0.2575,73.7491,1130304.9,104.359,3645.21,44.0,34.3129,5.888
13599.7,4444.32,0.32679,132.845,1908193.0,194.047,4368.62,36.0,31.1451,3.267
8526.15,3045.92,0.35724,76.8992,1164283.4,130.136,3423.15,16.0,37.5333,12.727
4025.09,921.01,0.22881,41.2742,538854.56,60.2602,2424.45,21.0,41.0263,10.712
8951.67,2030.44,0.22682,59.5595,1255331.6,99.3944,3350.47,30.0,39.652,9.137
5640.69,1518.73,0.26924,60.2489,710464.3,91.7805,3046.6,22.0,39.5917,2.129
6952.59,2652.06,0.38144,63.9586,1016332.4,97.9292,3221.86,30.0,37.7664,1.129
8191.94,3393.46,0.41424,85.6217,1179269.2,125.215,3444.55,39.0,35.2991,15.327
5505.55,1415.02,0.25701,55.4806,759263.8,81.8348,2267.62,15.0,38.9706,3.383
3651.48,1334.77,0.36554,26.3627,504199.2,44.2728,1399.62,10.0,44.8434,6.016
8117.95,2120.8,0.26124,59.8102,1153811.8,89.1389,3049.9,26.0,39.3882,16.727
4965.34,1409.72,0.28391,36.4536,680503.2,65.075,2024.12,15.0,43.4038,13.79
10335.1,3586.45,0.34701,107.337,1439823.8,167.331,4634.91,63.0,31.0849,17.536
8824.79,3389.73,0.38411,81.7551,1239037.0,132.12,4724.35,101.0,36.1224,16.352
7829.4,1490.76,0.1904,79.342,1099387.4,103.305,3770.02,15.0,34.3319,1.737
9315.29,2496.02,0.26794,120.912,1297828.5,139.221,4330.46,62.0,32.7575,4.689
19604.6,6147.31,0.31356,229.71,2780448.2,298.188,5678.11,102.0,22.9447,4.128
9218.21,3302.04,0.3582,90.6624,1224082.5,138.306,4235.96,97.0,33.1124,3.792
7760.42,1873.48,0.24141,64.7349,1051425.6,82.3464,3754.79,32.0,37.521,10.851
12571.9,2571.56,0.20454,152.04,1710276.0,194.778,4819.18,140.0,25.6602,0.912
5894.32,2142.41,0.36347,49.3186,823684.25,79.0579,2514.62,27.0,41.4851,2.597
9658.52,2431.77,0.25177,73.9381,1329584.5,122.304,4033.73,50.0,35.3572,4.869
9889.02,3100.08,0.31348,94.7955,1404683.6,136.517,4115.67,109.0,33.4199,4.617
10957.1,2541.84,0.23198,115.475,1551933.8,152.143,4420.58,65.0,32.6667,3.365
16789.4,6365.23,0.37912,197.682,2311434.8,279.964,5592.83,192.0,22.3492,19.315
10237.8,3471.67,0.3391,73.4749,1450605.2,143.697,3737.07,30.0,38.1688,16.918
4022.15,1256.76,0.31245,33.6864,547090.06,52.6533,1387.17,32.0,44.4548,11.298
29197.7,10545.2,0.36116,300.7,3978967.8,467.841,8872.85,172.0,15.5049,16.147
12720.9,4843.79,0.38077,85.0802,1781229.0,184.13,4019.2,38.0,34.8854,13.77
7069.24,1886.09,0.2668,58.2686,1024783.1,76.9447,3168.44,22.0,39.9961,9.937
8179.88,2980.2,0.36433,84.2874,1116769.6,121.949,4036.6,23.0,36.1469,2.758
10736.5,2382.91,0.22194,115.65,1466485.9,176.615,3869.68,61.0,33.3184,1.282
6983.39,1804.27,0.25836,57.7755,956805.6,85.3331,2882.4,26.0,40.5235,5.284
16222.8,4388.63,0.27052,241.386,2200152.8,266.94,4807.68,285.0,27.7245,3.5
4180.84,1262.65,0.302,34.647,569928.75,50.8459,1405.39,31.0,44.3941,11.51
5993.55,1318.26,0.21994,57.2346,821270.9,83.0374,2722.5,22.0,40.4838,1.766
6109.63,1280.42,0.20957,67.6855,858570.7,75.5879,3055.93,19.0,39.1684,1.614
6608.25,2334.14,0.35321,76.2705,896717.94,95.8155,3200.13,60.0,38.4385,1.881
12743.3,4203.19,0.32983,149.604,1770044.4,200.115,5071.26,95.0,28.6215,20.806
10524.1,3667.65,0.3485,99.1895,1427808.1,147.205,3544.34,107.0,33.2949,16.07
9994.4,2707.92,0.27094,112.582,1333180.4,127.522,4982.18,31.0,30.9526,13.517
14197.7,4297.98,0.30272,193.243,1942399.1,220.403,4611.44,169.0,28.9852,2.19
9234.23,3027.45,0.32785,86.0448,1297235.6,138.266,3818.37,3.0,35.2337,2.224
16534.3,5228.3,0.3162,180.118,2285043.8,243.49,6627.68,93.0,27.8253,6.686
10770.4,2731.29,0.25359,132.366,1498116.0,168.971,4664.07,173.0,28.7369,0.735
5616.15,2388.87,0.42535,50.6705,819220.44,83.5623,2327.62,85.0,41.3426,14.13
11055.7,2431.03,0.21988,147.113,1557992.0,176.007,4588.1,55.0,30.0976,0.877
16008.4,5203.51,0.32504,207.253,2248333.5,256.944,5350.77,292.0,24.5489,1.937
4661.19,1451.71,0.31144,36.6787,662703.6,55.4868,2645.21,13.0,44.4541,3.229
9276.13,3742.63,0.40346,94.6043,1346548.0,140.11,3976.07,38.0,33.7821,17.025
14938.4,4822.02,0.32279,228.369,2047689.2,246.053,5354.66,134.0,24.5976,2.04
10948.8,3144.66,0.28721,98.9712,1528776.4,131.091,4666.91,44.0,34.9294,14.787
25192.6,8601.04,0.34141,253.796,3517912.5,399.59,8055.64,207.0,21.3034,7.003
5924.16,1625.27,0.27434,70.2103,828514.5,76.8064,2821.4,70.0,39.4964,9.314
5642.27,2000.45,0.35454,58.6779,764590.25,97.6572,2855.15,53.0,38.203,9.663
13271.5,3067.67,0.23114,196.516,1803300.0,212.138,4563.89,170.0,29.0203,2.018
7602.38,1819.37,0.23931,75.7684,1010995.6,102.683,3409.13,30.0,37.978,12.666
6870.07,2384.39,0.34706,52.5789,913463.44,106.418,2553.57,33.0,40.894,11.367
9190.38,1902.55,0.20701,97.5409,1263848.4,120.708,4184.95,40.0,34.1095,2.287
13029.4,3285.33,0.25214,167.588,1844013.5,192.075,5023.29,205.0,27.8925,1.984
15193.2,3844.24,0.25302,211.591,2143826.8,263.796,5036.08,213.0,18.7027,14.377
8829.76,2308.84,0.26148,87.8651,1230621.9,113.99,4127.35,43.0,36.2061,1.9
18828.1,5658.83,0.30055,253.932,2546860.2,310.722,5726.18,331.0,21.4114,2.527
9424.86,2032.0,0.2156,99.7599,1334476.9,121.996,3563.73,119.0,46.5464,2.625
9459.97,3535.53,0.37373,95.739,1293569.9,146.316,3792.1,79.0,36.9593,1.831
3712.23,1092.15,0.2942,35.0896,520656.97,44.5674,1865.07,11.0,44.2888,9.927
7653.48,1662.51,0.21722,54.1859,1075091.6,80.3248,3440.92,23.0,40.9283,8.553
5697.35,2372.74,0.41646,51.608,806113.9,84.9304,2150.31,4.0,41.443,10.217
13569.0,4653.51,0.34295,144.616,1883479.6,195.868,5170.67,41.0,27.8407,4.025
16143.3,5953.45,0.36878,116.055,2098869.2,226.518,4260.26,154.0,30.9032,4.692
14052.3,4979.66,0.35436,132.749,1919581.1,210.877,4290.97,143.0,30.9476,14.454
14179.4,4790.56,0.33785,157.768,2027150.2,198.283,5761.87,88.0,24.9448,2.16
8575.06,2470.77,0.28813,94.2846,1178899.9,105.576,3451.91,18.0,36.9877,12.031
7356.6,2370.5,0.32222,60.8775,1028090.1,96.8529,2823.66,43.0,38.5865,13.954
11576.6,2444.67,0.21117,154.092,1639317.0,176.843,4604.2,54.0,29.9901,0.943
9272.16,2375.15,0.25615,110.289,1302283.8,152.045,3830.04,15.0,34.1488,0.545
9209.28,1724.64,0.18727,88.8109,1300466.4,132.615,4338.28,44.0,34.129,0.0
4751.31,1378.21,0.29006,45.1035,684940.5,59.8135,2310.36,35.0,46.5464,20.544
4926.16,1381.2,0.28038,47.291,685441.8,69.3651,2615.65,15.0,41.0866,9.091
4930.13,1191.97,0.24177,38.0094,690077.8,50.2508,1921.15,53.0,43.7402,10.161
10805.9,3079.12,0.28494,119.847,1477045.2,170.989,3869.65,26.0,33.1632,3.451
16401.7,7025.3,0.42832,195.575,2197658.8,264.931,6011.67,121.0,26.034,18.645
7141.33,2417.53,0.33852,75.1943,983780.1,97.0269,3762.45,31.0,36.4615,1.758
9764.38,3307.54,0.33873,105.37,1362954.2,139.035,3650.11,16.0,35.3033,2.696
8594.4,2713.41,0.31571,80.469,1217891.1,121.321,3710.51,1.0,35.4547,0.0
5479.07,1815.16,0.33128,44.286,769562.4,84.8082,2775.07,45.0,41.9723,8.294
8020.79,2728.73,0.3402,72.6842,1143903.6,106.127,3131.09,46.0,34.9464,12.131
7321.81,3034.06,0.41438,65.0018,974925.0,120.458,3059.5,38.0,39.4982,9.845
15018.8,5214.57,0.3472,116.801,2106688.5,193.796,5448.92,161.0,28.0827,10.65
16964.0,6401.2,0.37734,190.106,2383512.0,288.459,5717.39,58.0,22.8383,10.093
10329.4,2998.24,0.29026,97.5395,1463571.9,137.738,3688.72,137.0,34.812,2.147
8191.2,3580.3,0.43709,79.0969,1168568.4,125.067,3332.71,38.0,33.8964,5.54
7279.97,2508.06,0.34451,67.5012,970808.0,104.082,3330.52,53.0,38.9542,7.766
9406.15,2251.69,0.23938,95.88,1328077.9,127.556,4097.99,32.0,34.3218,3.317
7093.6,2191.05,0.30887,84.9452,1009288.1,96.233,3413.46,27.0,37.1008,14.918
10601.3,3325.83,0.31371,104.218,1520452.0,145.272,4528.59,69.0,30.8336,4.077
9371.59,3763.1,0.40154,92.5974,1324609.2,148.918,3869.78,89.0,34.9678,12.383
7144.37,2427.6,0.33979,65.2304,965509.6,108.013,3099.44,27.0,40.2344,1.622
22375.6,5173.14,0.23119,332.715,3066894.8,390.236,6219.83,157.0,19.8473,0.952
11429.8,2455.84,0.21486,156.655,1610647.5,171.119,4606.05,54.0,29.9846,0.951
5685.95,1336.08,0.23497,41.3707,781174.75,80.3286,2986.64,27.0,40.2702,15.556
13475.4,4814.93,0.35731,168.55,1877843.5,227.605,4644.75,99.0,29.7563,7.19
17545.6,6576.66,0.37483,196.17,2443019.2,266.892,4689.19,106.0,29.0252,20.261
5750.75,1839.08,0.31979,40.6986,812198.25,72.8084,2604.41,40.0,40.6973,10.534
14817.7,3612.7,0.2438,179.61,2076444.2,204.306,3985.65,142.0,32.5938,1.489
6147.73,1889.43,0.30733,53.4982,832620.4,87.2546,2643.28,34.0,42.125,13.289
12825.2,5002.58,0.39005,133.496,1709939.9,193.369,4746.55,77.0,32.9116,6.911
16982.9,5773.69,0.33997,204.113,2390837.8,257.185,4953.18,124.0,26.8372,5.391
10657.0,3114.55,0.29225,114.071,1530490.5,135.847,3811.49,67.0,34.9469,2.395
3873.9,978.11,0.25248,31.1705,535249.4,47.1085,1966.27,41.0,44.9889,4.485
7616.39,2282.01,0.29961,67.1893,1064577.2,99.1404,3433.12,48.0,37.288,11.555
6246.9,2393.84,0.3832,67.285,892911.3,105.766,3098.23,43.0,38.9057,9.068
6471.41,1833.09,0.28325,55.004,851177.94,103.108,3586.03,20.0,39.1586,5.147
5825.1,1264.73,0.21711,44.7398,805831.75,73.6248,2661.11,27.0,40.952,6.015
5891.39,1611.38,0.27351,48.656,763073.5,72.1712,2085.28,32.0,41.8523,12.838
8656.95,2643.65,0.30537,72.6323,1199407.5,106.959,3765.72,25.0,35.1762,14.847
11235.4,4116.26,0.36636,68.8649,1560952.5,163.753,4642.62,98.0,32.5381,18.047
3871.83,1178.1,0.30427,35.8058,528702.75,49.505,1399.06,17.0,44.3129,1.425
13455.1,4015.35,0.29842,165.464,1854486.6,218.762,4823.53,120.0,27.9192,5.71
20251.9,6319.22,0.31203,246.294,2806489.5,327.388,5538.49,84.0,23.2918,3.397
9329.87,3362.02,0.36035,94.5874,1352035.1,147.13,3608.39,102.0,36.9642,17.027
7108.05,2713.6,0.38176,64.3724,1035039.25,99.3446,3214.06,28.0,38.8825,1.234
6196.22,2181.19,0.35201,58.0973,850623.2,83.7181,2658.75,34.0,41.1628,4.215
4693.25,883.79,0.18831,44.5076,634666.4,65.1147,2632.24,11.0,42.8899,2.137
7755.39,2609.33,0.33645,58.9492,1063062.1,106.892,2976.91,49.0,38.1892,9.976
6484.67,2483.59,0.38299,52.507,886576.4,104.257,2851.44,87.0,39.5275,14.227
8251.61,2715.3,0.32906,69.0297,1166687.6,111.635,3369.39,71.0,39.4859,11.714
14771.5,4223.36,0.28591,180.932,2054172.2,245.702,4423.05,26.0,30.1336,3.41
14768.0,4633.96,0.31378,163.318,2120740.5,231.14,4608.6,56.0,29.3218,4.025
13067.1,3623.36,0.27728,161.255,1846816.6,202.747,4680.44,96.0,30.3722,1.802
14263.8,4459.61,0.31265,141.415,1956489.9,216.15,5381.4,16.0,30.4641,8.489
16219.5,4220.47,0.2602,141.826,2295014.8,283.374,4411.55,138.0,24.8007,18.117
6880.49,2650.99,0.38529,61.2526,962293.8,98.8188,2430.53,74.0,40.1121,4.326
13136.3,5060.9,0.38526,117.788,1798735.5,196.256,4668.51,123.0,34.0247,18.97
6977.59,1287.6,0.18453,77.3677,942460.7,93.9625,3242.36,24.0,36.7433,18.176
14052.3,4979.66,0.35436,132.749,1919581.1,210.877,4290.97,143.0,30.9476,14.454
9003.7,2934.1,0.32587,102.651,1252605.0,118.408,3654.11,21.0,35.2285,2.274
7919.69,2632.05,0.33234,72.7053,1106287.8,113.911,3586.5,19.0,35.9208,14.252
20349.2,7136.15,0.35068,313.078,2673346.2,258.596,6178.03,212.0,21.8769,4.521
7346.51,1685.58,0.22943,52.1822,994853.2,100.887,2774.4,35.0,39.7454,6.082
10448.2,2618.48,0.25061,99.2468,1482653.5,145.167,4367.39,47.0,33.7411,1.218
7845.45,2676.5,0.34115,77.4223,1105559.5,111.734,3359.35,46.0,37.4496,2.69
14375.8,5241.83,0.36462,166.165,2014795.1,253.959,4636.08,114.0,31.1965,11.333
13212.4,4128.61,0.31247,133.653,1867915.9,181.4,4503.65,43.0,30.7048,5.403
6697.01,1641.95,0.24517,67.6294,893741.8,90.4824,3824.45,58.0,34.6186,4.084
9444.63,2067.63,0.21892,111.532,1278751.4,144.735,3998.49,33.0,34.6916,2.284
12983.6,3284.44,0.25296,147.953,1809503.1,208.473,5074.49,208.0,25.7919,1.848
6811.17,1844.39,0.27078,63.8406,940281.7,83.2003,3452.47,28.0,37.0882,5.597
8190.14,2197.65,0.26832,85.876,1145676.1,117.396,3910.07,27.0,35.6638,2.87
7494.94,2749.57,0.36685,72.3926,1049687.2,117.648,3425.9,24.0,36.5507,17.153
11015.9,3637.03,0.33016,123.62,1506207.6,178.561,3917.85,17.0,32.9589,2.898
15270.1,3895.82,0.25512,184.105,2155944.8,208.907,5709.8,66.0,22.9454,1.153
6081.2,1866.62,0.30694,65.8673,858435.9,93.4285,3144.64,68.0,38.8969,14.776
11262.8,2391.95,0.21237,147.465,1587728.8,186.267,4641.8,45.0,29.714,1.095
15302.8,4374.41,0.28585,188.561,2162466.2,227.319,5699.58,69.0,22.9675,1.396
9017.74,2915.08,0.32326,77.5201,1222805.0,121.347,3707.62,101.0,36.3963,12.457
4949.13,1421.66,0.28725,45.0663,681101.25,56.1106,1885.77,24.0,43.4047,2.109
6746.43,1666.36,0.24699,63.8365,916993.94,78.9544,3248.14,51.0,38.9634,7.669
4219.25,800.23,0.18966,39.7881,555274.9,60.4688,2563.76,12.0,41.8132,2.093
7894.96,2422.3,0.30681,94.047,1068697.9,104.415,3400.1,23.0,31.802,16.269
14741.1,5309.82,0.3602,136.449,2024783.5,229.062,4239.73,130.0,30.6663,17.548
10117.5,3329.27,0.32906,117.396,1474765.1,154.349,3761.7,73.0,35.3669,4.156
15853.4,5328.14,0.33608,200.134,2136125.0,256.222,5127.36,161.0,26.1505,5.124
15723.9,4069.77,0.25882,191.103,2199888.5,226.554,5336.54,223.0,21.5042,5.236
6458.59,2051.35,0.31761,63.7722,867070.5,92.2471,3294.6,56.0,39.0736,8.465
4798.42,1732.4,0.36103,39.4802,648247.6,63.2321,2000.15,47.0,43.6254,9.627
8561.77,2977.3,0.34774,67.8661,1147264.5,135.732,5149.86,60.0,33.1307,5.749
5460.11,2114.65,0.38729,41.7236,763170.4,83.9011,2591.99,33.0,40.5174,14.222
11612.2,3955.92,0.34066,108.162,1671958.6,162.283,5341.14,68.0,32.7997,20.763
8160.66,2180.84,0.26723,67.0862,1127303.6,118.238,3758.54,23.0,36.7573,1.382
9554.36,2551.61,0.26706,115.477,1311144.2,136.514,4194.52,132.0,32.6982,4.425
4766.94,1720.04,0.36082,40.0957,642823.5,76.1471,1632.9,7.0,44.5975,13.689
7193.62,1996.63,0.27755,62.281,1038935.1,82.7129,3640.66,41.0,40.1724,16.392
7957.78,3302.73,0.41503,39.5237,1070921.0,151.089,3023.54,7.0,43.3632,17.08
14145.8,4013.62,0.28373,173.553,1992206.0,235.693,5222.04,170.0,20.9741,1.962
5268.42,2599.1,0.49333,44.6519,746852.3,90.4554,2585.59,39.0,41.1901,11.633
17141.4,5245.91,0.30603,169.101,2470829.8,261.845,5358.83,176.0,24.8128,20.169
18554.1,4510.28,0.24308,210.087,2632443.5,277.499,5529.62,254.0,23.3345,9.466
15264.9,4124.51,0.27019,187.411,2157689.0,218.923,5693.95,64.0,23.071,1.702
8209.92,2440.75,0.29729,69.041,1173860.5,95.7438,3099.86,16.0,38.629,6.288
6724.42,1855.86,0.27598,68.2249,926316.44,85.0767,3082.26,51.0,39.5707,2.353
10317.8,3239.69,0.31399,99.9038,1434448.6,134.18,3878.7,22.0,34.5217,3.706
8897.55,2910.48,0.32711,69.5919,1260095.5,107.694,3269.96,50.0,34.9665,18.251
9361.41,2528.5,0.27009,84.3511,1325700.5,112.873,4848.03,22.0,32.4855,1.834
3760.97,1160.96,0.30868,31.1648,516930.16,48.7518,1355.61,24.0,44.4642,1.651
12459.2,2480.74,0.1991,152.441,1776048.1,179.458,4606.82,56.0,29.9721,0.984
5783.17,1901.06,0.32872,60.4337,769591.3,95.6485,2682.77,54.0,39.3589,17.031
5407.81,2193.77,0.40566,52.3155,745624.75,97.763,2424.22,70.0,41.2495,14.316
4233.83,831.6,0.19641,40.7758,553422.44,63.4748,2571.78,11.0,43.4875,2.157
7294.74,2632.45,0.36086,66.0795,1041610.06,105.736,3494.03,9.0,34.8422,14.103
7659.64,2700.65,0.35258,78.6324,1043311.06,100.263,3474.81,22.0,36.6442,17.82
7556.46,2599.46,0.344,78.0752,1056045.8,100.911,3776.58,32.0,36.2475,2.236
6695.62,1848.84,0.27612,61.5783,916868.3,89.9437,3268.22,26.0,38.0399,17.613
7736.64,2189.78,0.28304,90.0194,1080394.1,100.945,4220.04,41.0,34.5683,1.439
6458.15,2125.72,0.32915,60.9719,909094.6,93.9827,2740.22,41.0,40.5716,1.839
9648.29,2258.17,0.23404,86.8633,1369354.5,117.152,4259.82,88.0,34.2145,14.226
8288.35,3428.68,0.41367,86.5631,1175305.9,134.259,3508.62,61.0,36.0948,16.641
10964.3,3138.87,0.28628,127.84,1547575.5,169.867,4427.86,39.0,31.5544,3.129
7705.94,1345.05,0.17454,90.2558,1085699.2,115.168,3891.95,76.0,35.7262,15.172
8920.76,2974.12,0.33339,70.8042,1234995.2,126.613,3845.09,41.0,37.3076,15.093
6773.65,2063.4,0.30462,67.2137,932800.94,96.1087,3045.41,51.0,39.4017,2.645
15924.3,4981.41,0.31281,219.382,2198087.2,253.21,5422.49,281.0,24.2624,2.011
15180.0,4474.83,0.29478,203.085,1990285.8,236.708,5741.8,248.0,21.7414,2.841
11067.0,2459.1,0.2222,145.228,1559547.5,185.195,4617.04,52.0,29.9101,0.919
10122.3,2564.09,0.25331,141.211,1426356.6,151.243,4012.01,130.0,33.5249,3.245
5919.62,2045.9,0.34561,59.008,849236.94,76.7466,2554.03,64.0,41.6442,5.868
8407.04,2979.0,0.35434,67.2697,1188133.8,121.873,4112.76,37.0,39.4255,16.295
13054.5,4114.52,0.31518,142.451,1871425.1,171.532,4657.81,109.0,32.4891,17.072
4911.72,1303.11,0.2653,44.5547,689217.5,56.7521,1956.45,15.0,43.4501,2.443
10635.4,3239.76,0.30462,107.081,1473286.9,151.095,4397.77,13.0,32.5443,3.857
15496.1,5119.54,0.33037,168.934,2157256.5,225.215,5359.19,125.0,24.8498,12.71
10240.2,3967.76,0.38746,135.023,1374128.0,180.252,4465.26,171.0,30.7694,2.259
8123.33,2927.72,0.3604,70.773,1115797.6,118.697,3963.12,83.0,35.9645,8.332
5706.24,1904.92,0.33383,49.5675,801720.25,75.9449,2469.15,25.0,42.56,4.75
22747.6,7018.28,0.30852,295.452,3065096.8,340.837,6633.51,282.0,18.6116,1.543
10606.8,2083.76,0.19645,150.839,1484757.8,163.569,4625.43,143.0,29.8812,1.841
11754.0,3660.76,0.31144,93.7467,1630028.1,158.186,4892.28,102.0,34.4955,3.414
9550.73,2631.65,0.27554,96.876,1310275.1,162.637,4143.17,73.0,33.1914,0.63
9689.82,2548.5,0.263,107.075,1365058.2,148.592,4446.78,48.0,33.4046,3.579
6517.61,1655.63,0.25402,73.7602,856640.4,93.6179,3444.62,76.0,37.9431,1.33
9600.98,2423.26,0.25239,102.999,1350123.1,146.233,3917.15,48.0,33.3926,2.276
6443.12,1344.58,0.20868,60.0768,934346.0,100.556,2662.9,36.0,40.4689,15.582
7941.66,2608.26,0.32842,67.9345,1116844.1,105.01,3404.87,41.0,37.1266,4.325
8668.95,2103.92,0.24269,83.1674,1221931.8,104.433,3830.02,75.0,34.3278,4.355
19959.1,7520.49,0.37679,190.187,2799875.8,344.923,8947.77,114.0,23.4989,14.215
6727.04,1965.07,0.29211,61.2941,912188.25,97.7751,3581.78,71.0,39.7427,9.139
12886.7,3718.2,0.28853,160.988,1797055.4,200.701,4924.29,59.0,22.5365,2.533
15451.2,4473.33,0.28951,184.183,2143913.0,230.595,5634.03,136.0,22.8233,0.87
9256.92,3466.33,0.37445,122.296,1286351.2,166.485,3632.62,36.0,33.5014,3.36
9593.19,2985.32,0.31119,77.0444,1349474.1,126.883,3891.51,75.0,35.1655,5.455
10953.1,4087.91,0.37321,132.359,1457570.6,184.428,4198.73,39.0,33.5667,4.406
5203.66,1874.0,0.36013,32.7639,725548.9,71.2102,2541.38,44.0,42.3562,13.572
11979.5,2834.87,0.23664,144.185,1672422.4,192.01,4062.86,66.0,32.4176,1.941
7660.57,1968.5,0.25696,94.113,1038389.3,121.846,3429.8,12.0,37.1169,1.377
13113.9,4387.71,0.33458,112.899,1835370.4,170.489,4941.26,83.0,28.2744,20.426
10207.8,3949.02,0.38686,75.5599,1370949.2,150.441,3970.54,34.0,35.5759,17.337
4535.46,939.07,0.20705,34.4919,635079.7,46.6947,1872.03,61.0,43.9652,13.057
5524.37,1297.79,0.23492,70.4676,775246.25,67.7943,3057.15,16.0,39.1014,1.422
4753.12,1123.5,0.23637,46.5998,651657.75,62.6274,2774.2,10.0,41.5901,2.715
12226.2,2919.26,0.23877,152.058,1703790.1,195.263,4070.5,67.0,32.4176,2.144
6795.94,2039.69,0.30013,58.0807,971459.06,97.3362,3109.0,19.0,39.7131,17.284
5405.2,1258.82,0.23289,50.8703,792485.25,69.2391,2241.28,69.0,42.2584,8.582
6264.07,1400.48,0.22357,60.3125,865779.8,80.555,2853.05,18.0,40.3969,2.028
24320.1,7836.45,0.32222,279.708,3218491.2,352.882,6145.64,203.0,19.8548,20.884
8206.57,3726.64,0.4541,64.3912,1172461.2,124.076,2866.46,87.0,37.9536,12.285
6778.91,2327.87,0.34339,65.1666,881546.56,104.061,3108.44,16.0,39.8681,13.027
6846.24,1957.79,0.28596,69.5706,956917.25,88.736,3633.4,30.0,35.5746,1.866
11508.1,4125.09,0.35845,126.275,1618157.4,179.311,4207.18,50.0,31.7061,2.354
5309.1,1568.41,0.29541,44.5376,737971.94,65.4238,2024.12,19.0,43.087,1.942
19176.2,6485.67,0.33821,210.048,2645269.8,340.62,6106.35,218.0,21.781,11.722
6549.17,1535.01,0.23438,73.8642,860007.75,94.3663,3428.63,75.0,36.1833,1.781
7188.72,2161.95,0.30074,66.6977,996850.3,94.5735,3150.02,53.0,39.588,2.459
13560.0,3069.54,0.22636,180.835,1838394.6,194.34,4648.12,131.0,29.286,2.618
6229.72,1432.53,0.22995,69.6106,876365.4,75.0529,2838.24,76.0,39.5953,7.529
12779.3,3263.36,0.25536,128.798,1724209.0,167.638,4147.36,222.0,31.6289,3.229
7090.6,1657.18,0.23371,74.9154,984052.3,99.8296,2982.73,30.0,46.5464,11.496
16590.6,4432.57,0.26717,249.246,2263502.0,257.616,4900.72,287.0,27.575,4.345
7048.19,1685.03,0.23907,59.8928,966893.94,97.7875,3474.2,51.0,37.0587,11.909
9479.34,4021.91,0.42428,97.448,1352749.1,134.35,3340.2,129.0,33.5533,16.747
17364.9,4355.21,0.2508,235.024,2433302.0,257.79,5492.53,109.0,24.0026,2.53
7983.63,3122.99,0.39117,67.1034,1146372.5,103.59,3868.06,73.0,34.8382,17.655
6844.29,2791.26,0.40782,49.0322,949677.44,99.7857,3319.61,35.0,39.3545,3.937
11485.5,2785.72,0.24254,150.924,1643388.4,168.328,4657.2,30.0,29.2054,2.015
5062.79,1714.53,0.33865,38.1651,684944.6,71.6227,1710.66,7.0,43.4656,13.236
7858.42,2010.3,0.25581,84.0451,1114698.0,108.745,3850.78,43.0,33.3802,1.961
4164.32,998.7,0.23982,37.0409,573920.25,51.3218,1831.56,22.0,44.0355,2.15
24417.4,8739.4,0.35791,223.358,3327209.0,309.15,6933.53,236.0,24.7821,1.551
14181.3,5397.65,0.38061,168.339,1963870.0,230.167,5016.12,109.0,27.0234,5.72
11806.1,4268.67,0.36156,113.308,1664212.8,168.037,4368.29,137.0,31.202,15.954
23054.7,7671.22,0.33273,261.659,3120947.5,336.452,6227.54,243.0,20.2296,16.91
8258.61,2357.77,0.28549,90.5637,1167474.8,126.941,3967.87,165.0,34.0915,1.316
9956.05,4481.83,0.45016,62.9311,1413980.8,149.652,3553.06,66.0,35.0756,18.014
9334.81,3586.8,0.38423,87.4959,1314390.6,132.893,3623.26,58.0,35.3865,7.448
5616.15,1470.46,0.26182,48.8408,714125.4,80.0385,2379.89,22.0,43.6,5.197
6477.07,1583.4,0.24446,62.2313,816024.7,91.5932,3158.49,25.0,39.4099,2.139
11931.7,2888.45,0.24208,126.682,1623210.9,153.762,3970.83,226.0,32.4092,2.484
10702.7,2693.22,0.25163,130.205,1515571.9,157.922,4345.7,46.0,32.3661,2.74
10313.4,3147.08,0.30514,114.112,1448767.6,169.306,4076.98,76.0,34.0553,4.792
15375.6,4664.93,0.30339,175.96,2089849.2,207.06,4970.27,185.0,27.3857,2.527
7021.06,2087.73,0.29735,56.1608,995622.1,87.307,3337.61,35.0,38.8992,14.624
7690.52,1806.41,0.23488,76.7012,1023527.25,101.2,3251.79,38.0,37.4589,16.139
12721.4,3718.6,0.29231,115.523,1714536.9,202.306,4449.89,122.0,30.9234,5.05
6567.12,1822.83,0.27756,55.3278,897979.7,80.1346,2368.77,24.0,41.0735,11.848
16845.2,4919.66,0.29205,157.903,2399488.0,239.558,4914.35,117.0,27.662,20.64
11219.7,3096.22,0.27596,122.72,1577239.9,159.282,4753.7,130.0,29.7761,13.133
5685.58,1722.06,0.30288,60.5452,761748.56,90.0683,2646.71,28.0,41.245,4.314
6679.97,1748.45,0.26174,79.6768,910861.0,116.519,3376.85,58.0,38.9155,9.892
9430.29,4028.09,0.42714,85.1629,1326677.5,151.919,3945.53,76.0,33.7392,14.365
7289.26,1776.84,0.24376,64.6108,1002044.56,88.447,3355.04,42.0,37.7031,15.561
13845.5,5405.44,0.39041,147.152,1944839.4,209.94,5201.72,124.0,28.5763,20.066
12811.3,2630.58,0.20533,174.745,1755139.1,203.097,4739.5,98.0,28.6287,1.755
8669.93,2684.51,0.30963,88.9192,1243296.0,119.199,3392.97,36.0,37.3142,9.984
11758.9,3275.14,0.27852,132.665,1644044.0,171.653,4533.78,92.0,30.8998,1.937
18628.1,5533.88,0.29707,229.28,2608632.0,282.309,5813.89,119.0,22.1333,3.038
5839.74,1197.29,0.20502,67.9582,810159.75,75.0813,2807.67,66.0,39.6537,7.238
8866.71,2176.81,0.2455,86.4372,1229718.4,119.342,3932.96,18.0,33.5865,2.43
7750.85,1916.77,0.24729,67.6898,1093287.6,84.9561,2974.2,33.0,38.5611,18.741
8014.26,2785.76,0.3476,67.854,1090171.6,112.234,3543.96,65.0,37.6693,14.384
9350.52,3628.93,0.38809,90.4372,1339330.5,136.822,3245.61,60.0,34.7488,14.598
5819.05,2353.58,0.40446,34.209,821751.75,82.4912,2723.17,47.0,42.3646,2.854
7075.37,2136.16,0.30191,66.9473,981383.3,95.9449,3093.39,57.0,39.5613,2.802
7891.25,2632.16,0.33355,68.9677,1116312.4,98.2062,3177.51,29.0,38.1627,9.483
20189.5,5487.3,0.27178,214.619,2770652.0,246.164,5918.09,86.0,22.553,19.514
5257.13,1440.37,0.27398,49.6865,676494.5,76.0815,3055.71,55.0,39.2093,6.308
14668.0,5695.96,0.38832,127.87,2051192.9,229.01,5736.27,40.0,32.2337,3.15
14020.3,4560.36,0.32526,155.761,1947951.8,208.714,5097.37,64.0,27.2163,3.701
6314.79,2462.53,0.38996,75.5956,855132.56,115.994,3437.96,58.0,38.0155,15.192
19862.0,7324.61,0.36877,130.713,2798742.0,317.691,16592.32,73.0,30.5937,7.718
11685.4,3152.01,0.26973,130.143,1637359.0,173.178,4956.28,72.0,29.716,3.277
8427.4,2168.1,0.25726,96.6068,1146536.4,134.821,3403.5,6.0,37.1473,1.213
6925.92,1849.33,0.26701,58.5337,914832.1,82.0322,2624.99,54.0,38.4513,4.68
7853.9,2836.4,0.36114,86.003,1071298.6,115.277,3537.43,57.0,37.335,16.233
3281.67,631.17,0.19233,29.9806,460424.84,34.1339,1718.96,46.0,46.2986,5.619
10390.7,3042.2,0.29278,96.8261,1450197.8,159.095,4280.35,164.0,28.2442,4.274
9194.7,2649.15,0.28811,91.0137,1254459.4,122.53,3798.58,38.0,46.5464,2.093
16319.7,6821.73,0.418,99.181,2287099.2,250.268,13934.76,60.0,32.9924,17.538
6896.76,2029.66,0.29429,66.979,938462.4,92.3641,2983.92,23.0,39.0949,2.048
5736.82,1728.06,0.30122,48.7475,793308.4,88.1715,2354.14,75.0,41.7168,14.391
7027.91,2150.37,0.30597,63.7578,952334.2,96.8604,3090.54,20.0,40.3207,1.726
8712.87,2016.94,0.23148,66.9153,1248758.1,91.8831,3308.67,69.0,39.8844,19.876
8752.84,2569.77,0.29359,99.7981,1206554.2,119.27,4144.04,103.0,34.0371,6.137
16625.7,6322.37,0.38027,216.163,2278901.5,312.624,5384.29,177.0,19.6303,20.939
9183.14,2531.43,0.27566,102.779,1260365.9,133.373,3359.71,122.0,36.2591,1.248
8632.6,2513.05,0.29111,78.818,1201563.5,110.706,4299.76,61.0,34.1864,1.349
13836.8,3987.04,0.28814,182.309,1936684.4,222.895,4429.55,24.0,30.078,2.646
14547.9,4475.78,0.30765,186.698,2029804.5,245.563,5319.6,171.0,24.5623,1.59
7194.88,2372.31,0.32972,64.9456,960425.44,101.226,3745.15,71.0,37.531,6.891
13723.4,5168.99,0.37665,157.262,1899947.9,196.651,5256.69,46.0,27.5428,6.23
7124.84,2500.75,0.35099,55.5753,1036592.1,102.087,3345.21,15.0,39.3103,11.193
8425.74,1700.15,0.20178,85.6084,1179690.0,103.144,3721.55,14.0,34.4018,1.929
8627.16,2582.45,0.29933,78.2908,1200848.6,111.088,4264.45,62.0,36.8841,14.364
5595.9,1499.6,0.26798,62.7177,702754.4,84.9826,3093.45,20.0,39.4516,2.185
11837.2,3283.61,0.27739,142.134,1574018.2,186.869,4456.64,62.0,30.4446,3.926
9882.43,2980.15,0.30156,98.4301,1394629.1,138.843,3973.74,22.0,34.0259,5.362
11997.0,5084.2,0.42378,100.094,1644816.2,201.189,3979.5,35.0,30.6919,18.978
5645.39,2561.13,0.45366,72.0558,811331.06,130.526,3768.8,79.0,38.2038,16.043
9572.74,4024.94,0.42045,86.2303,1308774.4,141.752,3952.69,37.0,37.9397,13.187
7401.31,2052.72,0.27734,57.4064,1039185.44,92.6634,2673.5,28.0,39.7684,13.305
12683.5,4381.62,0.34545,151.538,1785879.6,176.463,5082.28,46.0,27.9594,5.64
11156.0,2780.26,0.24921,136.291,1546687.0,175.013,4680.87,168.0,28.8767,0.927
14346.1,3845.46,0.26804,157.194,2033987.6,200.52,5356.67,170.0,27.212,18.611
12496.9,5517.44,0.4415,103.576,1736795.5,198.306,4273.89,45.0,32.5404,16.251
15377.2,4100.31,0.26664,239.758,2107483.5,269.995,4736.59,298.0,27.7799,4.232
10348.4,2963.87,0.2864,115.608,1505790.6,150.756,3629.48,167.0,36.1528,16.809
9583.84,2456.51,0.25631,57.4054,1358302.0,107.472,4660.71,76.0,34.3923,17.595
4214.67,925.95,0.21969,40.648,551313.8,61.668,2528.3,16.0,43.6882,2.526
13294.0,4463.23,0.33573,150.182,1870315.2,204.74,4947.59,81.0,28.003,4.32
5990.33,1367.81,0.22833,41.6325,814678.94,90.0008,3039.94,27.0,41.3418,15.94
8750.62,1789.85,0.20453,96.6148,1224981.2,117.14,3849.87,61.0,35.0284,2.721
10257.1,3195.78,0.31156,95.8072,1420739.1,148.823,3950.52,26.0,34.8208,3.749
11726.3,2818.55,0.24036,142.74,1627545.6,189.779,4049.02,69.0,32.4556,2.048
9558.47,2907.72,0.3042,98.6186,1318031.4,141.563,3567.15,121.0,34.9579,1.599
4889.58,1577.01,0.32252,61.3262,657505.75,85.7834,2626.44,40.0,42.3095,12.248
21283.4,5979.0,0.28092,291.13,2885371.5,319.409,6620.41,292.0,18.657,1.4
5948.76,1675.61,0.28167,56.1323,778549.9,80.299,3043.34,44.0,39.6814,5.461
12047.5,4054.33,0.33652,143.029,1661566.8,172.843,4211.26,43.0,31.9483,3.347
6060.55,1609.17,0.26551,40.2904,836078.0,90.3615,3500.28,26.0,37.3855,15.745
12158.7,2562.38,0.21074,139.217,1722766.1,184.288,4613.63,52.0,29.925,0.98
11680.7,3754.86,0.32145,170.003,1646682.5,240.01,4556.95,152.0,27.5854,18.931
6330.39,1700.52,0.26862,63.7222,828557.6,84.0524,2773.81,31.0,38.8965,3.758
6090.15,1297.14,0.21298,58.2729,838846.56,80.5255,2810.99,17.0,40.3307,1.068
10795.4,3066.35,0.28404,92.77,1522848.0,165.341,3613.08,101.0,35.7281,5.648
8915.72,3650.33,0.40942,66.0753,1261348.0,137.727,3110.18,58.0,35.3592,12.429
14697.0,3476.31,0.23653,204.255,2041486.8,251.593,4959.57,137.0,26.7828,2.675
12384.1,3243.59,0.26191,149.259,1772194.2,173.595,4798.05,21.0,28.8369,1.589
3971.38,1228.69,0.30938,36.8135,543976.7,48.4647,1428.49,16.0,44.2179,1.817
5389.08,1161.68,0.21556,52.0487,775574.56,69.827,2868.53,59.0,40.3509,1.459
12165.2,3174.39,0.26094,158.709,1718189.8,173.83,4710.58,30.0,29.0374,2.151
8547.47,2485.49,0.29078,73.4654,1219594.4,100.005,3565.67,42.0,30.7004,19.048
7579.54,2024.65,0.26712,67.8839,1054411.4,89.7121,3533.14,85.0,36.6638,10.362
7972.53,2922.26,0.36654,67.0168,1128175.0,119.786,3396.97,65.0,39.5157,19.396
9147.09,2828.26,0.30919,104.05,1291446.5,131.358,3595.69,17.0,35.5938,2.554
10260.4,2474.76,0.24119,121.535,1460880.5,147.076,4354.37,50.0,29.3401,2.316
5050.57,968.57,0.19177,45.0553,725479.4,57.72,2184.76,80.0,42.7856,0.693
8063.92,1959.61,0.243,101.498,1120947.5,119.491,3223.97,4.0,37.1083,0.484
14743.6,3700.71,0.251,182.774,2090045.8,210.995,5637.01,65.0,23.3754,1.057
6268.24,1700.6,0.2713,62.5153,840281.4,95.0587,2993.77,55.0,40.0404,8.584
6675.5,1699.35,0.25456,65.282,916025.56,98.936,3040.0,57.0,39.595,12.443
10041.1,3018.48,0.30061,101.125,1383921.6,119.306,3838.72,44.0,35.0199,16.505
9012.28,3512.31,0.38972,78.8114,1222712.2,133.842,3700.49,96.0,35.4396,6.301
9091.42,2818.79,0.31004,91.4254,1271910.0,129.299,3869.3,100.0,34.9038,19.66
7673.19,2389.8,0.31144,80.1702,1047694.56,108.611,3740.72,28.0,37.7423,7.105
13439.3,4391.23,0.32674,157.174,1878267.2,174.898,5188.65,44.0,27.6896,5.697
9845.61,3966.86,0.4029,94.5235,1376178.2,140.97,3414.1,66.0,34.9659,13.849
7850.92,1950.07,0.24838,95.2288,1110319.2,111.874,3549.26,32.0,36.1407,4.722
13543.7,4444.38,0.32815,139.197,1943472.4,214.044,5068.35,95.0,26.7631,18.392
7119.96,1898.75,0.26667,67.3814,974231.2,88.2918,3173.76,48.0,39.0849,1.652
7111.48,1909.9,0.26856,68.3038,982198.75,102.627,3515.6,26.0,38.9793,2.301
11717.8,3245.09,0.27693,134.793,1625102.4,162.351,4459.6,98.0,32.2369,2.115
6642.11,1170.5,0.17622,87.2909,914447.7,89.3671,3669.12,119.0,33.6008,14.972
14178.2,4656.23,0.3284,174.246,2057703.9,258.329,4938.99,104.0,26.7352,4.489
15377.4,3690.88,0.24001,208.839,2128636.5,245.343,5102.49,149.0,25.3914,3.078
5689.84,1383.59,0.24316,68.4937,795330.3,75.4115,3066.74,13.0,38.7444,2.958
11910.5,4320.56,0.36275,98.968,1630844.9,182.238,4270.92,66.0,31.877,20.057
10117.5,3302.58,0.32642,129.05,1353069.5,171.483,3970.39,43.0,33.7568,2.223
14352.5,4548.82,0.31693,151.831,1965491.1,222.029,5168.97,14.0,30.5844,9.792
9037.9,2387.35,0.26414,85.9327,1221154.4,112.059,3616.39,9.0,35.6783,15.329
14623.5,4854.46,0.33196,114.953,2020449.1,194.497,5950.78,116.0,26.2271,18.302
9237.62,2714.1,0.2938,86.0682,1296262.5,142.524,3943.85,6.0,35.1073,2.158
5914.76,1722.51,0.29122,60.3458,741568.75,96.6734,3127.69,16.0,38.8733,2.204
11567.8,2376.18,0.20541,127.585,1617621.1,153.677,4597.28,49.0,30.361,6.07
9103.55,3070.52,0.33728,93.5366,1303196.9,128.604,3959.01,73.0,37.2465,4.645
5367.17,1855.14,0.34564,52.3449,741398.5,81.0182,2601.37,46.0,41.3924,10.205
11484.0,2833.78,0.24675,123.623,1599736.4,165.003,4974.56,75.0,29.5154,2.922
7739.17,1979.66,0.25579,88.0217,1087290.0,109.093,3884.18,20.0,35.5217,1.791
4460.23,1469.8,0.32953,42.917,599634.8,70.0282,1571.55,35.0,43.8077,10.669
12937.2,3958.55,0.30598,166.105,1805125.5,204.836,5068.78,74.0,28.6807,2.902
4219.7,1303.21,0.30883,35.0986,579534.7,52.1543,1388.34,32.0,44.5311,11.449
10313.7,3040.74,0.29482,78.2289,1426871.9,123.948,5051.07,53.0,34.7245,13.134
16085.7,5845.34,0.36338,125.104,2211851.2,287.305,5152.38,164.0,26.7724,16.704
16498.4,5791.65,0.35104,136.058,2348805.5,229.594,5318.06,88.0,25.8093,16.354
14134.8,6876.41,0.48648,195.95,1877093.2,292.861,5282.82,203.0,26.8822,19.099
9361.12,2313.22,0.2471,106.836,1322442.4,154.25,3810.55,13.0,34.2713,0.533
14168.3,5421.67,0.38266,124.054,2033481.6,202.219,4716.73,124.0,30.0007,15.813
12888.0,3030.63,0.23515,187.83,1802431.8,245.961,4877.79,149.0,27.2461,3.291
7454.81,2438.41,0.32709,75.2787,1035170.1,101.67,3738.09,33.0,36.0898,2.583
4000.16,1220.34,0.30507,33.1363,549783.94,50.4681,1401.47,18.0,44.3295,1.66
16072.3,5130.09,0.31918,213.331,2230586.5,258.018,5412.58,285.0,24.0454,1.96
5030.97,1615.89,0.32118,53.1839,695391.0,69.0958,2579.6,28.0,41.3391,3.549
6784.82,1736.87,0.25599,60.0735,928718.8,80.6336,3219.47,35.0,38.7282,12.843
8404.62,1965.18,0.23382,77.9733,1197300.1,103.117,3711.06,16.0,35.8514,11.723
5075.05,1325.55,0.26118,47.7118,699726.94,62.9545,2222.53,16.0,42.659,3.002
16818.0,5642.8,0.33552,165.263,2428790.2,260.318,5048.47,58.0,27.7698,3.256
15358.2,5184.8,0.33759,109.661,2225201.0,194.355,5494.72,100.0,27.3298,19.949
10685.6,3219.38,0.30128,96.0122,1506462.2,142.533,4405.14,103.0,32.459,3.831
7036.22,2672.74,0.37985,52.4497,997239.5,108.048,2689.31,78.0,40.0242,12.803
9072.47,3046.8,0.33582,77.6597,1231065.6,117.832,4912.95,110.0,34.5622,14.547
18143.4,6746.25,0.37182,226.249,2434467.2,364.416,5586.25,273.0,20.8036,9.279
11094.5,3224.55,0.29064,94.9761,1574587.2,142.432,4287.46,107.0,32.2955,4.064
8590.1,2003.54,0.23323,81.455,1220744.9,94.6636,3744.6,65.0,36.8431,3.362
7908.11,1387.82,0.17549,75.3396,1115212.1,89.9537,3153.68,25.0,39.0098,12.405
7838.9,3271.9,0.41739,68.1046,1107353.1,115.583,2464.4,80.0,39.6934,13.404
20406.6,7698.26,0.37724,170.946,2830072.5,305.811,10835.65,109.0,24.4555,17.941
11379.6,2479.66,0.2179,152.58,1606692.5,179.435,4610.75,51.0,29.9282,1.014
14613.7,3653.45,0.25,205.486,2040708.6,251.409,4934.76,138.0,26.4545,3.18
7229.39,2470.39,0.34171,63.5217,990452.75,105.515,3378.81,66.0,38.2053,12.84
6719.37,2263.03,0.33679,70.2352,934951.9,117.485,2926.85,74.0,40.3756,13.81
7647.7,1204.04,0.15743,55.6813,1072121.0,73.3113,2891.83,50.0,38.9171,10.635
7328.39,1805.54,0.24637,56.4628,1044679.1,87.1644,3279.34,28.0,37.8899,7.366
6385.11,2335.72,0.3658,78.8848,867366.75,96.6143,3207.68,55.0,38.8031,1.24
5740.74,2155.09,0.3754,56.9345,804673.2,71.7393,2535.15,35.0,41.1604,11.043
9214.38,2588.68,0.28093,92.5885,1291802.8,126.322,3960.29,28.0,34.3365,3.069
12595.8,3158.44,0.25075,200.253,1715653.4,202.482,4570.46,174.0,29.0917,1.7
14038.8,3257.59,0.23204,180.65,2004261.9,228.215,4793.18,80.0,27.8365,3.982
24374.2,7712.32,0.31641,302.952,3407335.8,394.492,6272.59,120.0,17.8231,3.587
10736.4,2638.61,0.24576,125.363,1492003.6,167.794,4700.12,172.0,28.6449,0.585
8165.98,2118.49,0.25942,80.8266,1145387.5,110.548,3785.16,69.0,33.8377,4.24
20737.2,6769.77,0.32645,200.69,2949752.5,293.355,6452.24,249.0,22.836,20.713
14489.8,5690.06,0.39269,188.382,1890957.5,261.601,5168.25,64.0,24.5252,5.565
10849.3,2680.0,0.24702,153.695,1528536.6,189.236,4607.59,60.0,29.9254,1.349
15136.9,2926.85,0.19335,168.627,2064049.0,233.525,5902.83,63.0,26.094,0.0
6625.52,2382.77,0.35963,63.9679,939370.94,88.6165,2419.18,65.0,40.237,3.893
7744.52,2835.27,0.3661,58.8302,1072598.1,105.142,2987.37,65.0,39.6884,5.667
9399.12,3107.39,0.3306,71.9213,1274782.4,131.624,4412.34,71.0,33.557,3.434
5966.34,770.75,0.12918,49.9584,841852.4,72.5218,2703.21,1.0,42.0414,0.869
7812.1,3164.86,0.40512,76.3018,1098069.5,126.353,3302.12,45.0,37.777,2.894
10299.6,4022.04,0.3905,104.664,1427003.0,149.396,3733.24,162.0,34.4309,18.69
9730.89,2758.34,0.28346,91.8044,1319095.5,113.574,4306.3,36.0,35.3105,14.491
3996.08,1190.8,0.29799,34.6506,545485.44,50.7406,1386.41,32.0,44.4769,11.286
8675.11,2291.08,0.26409,90.9649,1183234.8,121.088,3222.84,71.0,38.6689,1.95
11733.6,4254.83,0.36261,113.183,1693875.6,198.815,4192.64,76.0,33.2871,18.149
8379.86,1716.48,0.20483,70.5435,1204285.5,110.663,4057.08,101.0,34.8833,1.022
7567.45,2183.35,0.28851,87.2961,1043554.75,102.438,3581.6,32.0,37.6601,8.16
10715.2,3356.16,0.31321,132.204,1457468.9,154.99,4735.02,73.0,30.0495,5.126
6473.86,1830.68,0.28278,33.5801,870283.94,89.1416,2578.45,58.0,40.0802,8.124
9052.71,3279.1,0.36222,91.6887,1239793.4,117.105,3732.76,40.0,36.0196,15.146
10511.4,4195.93,0.39917,101.096,1404091.0,147.836,3515.47,114.0,37.5287,17.189
9783.53,2877.95,0.29416,112.936,1363566.5,158.858,4312.27,66.0,33.2099,3.239
14192.8,4815.28,0.33927,165.529,1968419.5,224.132,5347.65,196.0,26.4562,1.394
5286.46,1199.05,0.22681,48.1076,679788.75,59.2029,2103.99,21.0,43.1536,5.278
7724.31,2386.34,0.30893,66.2267,1076394.8,104.098,2879.23,72.0,38.4176,9.455
5709.04,1823.63,0.31942,56.4905,781151.44,78.57,3194.52,12.0,39.4052,8.065
6578.74,2621.46,0.39847,45.7364,910998.25,98.3475,2286.3,4.0,40.5036,10.41
12535.4,4675.02,0.37294,125.206,1759295.4,198.702,4241.0,44.0,30.9333,2.361
14906.3,5045.34,0.33847,157.316,2132814.0,208.816,5866.15,88.0,24.8128,2.033
21206.0,7246.53,0.34172,224.133,2910333.2,336.062,5318.8,141.0,24.6343,14.442
5362.81,1134.89,0.21162,43.424,735117.3,70.8799,2923.66,24.0,41.6782,10.778
12650.9,4046.93,0.31989,153.392,1790008.4,156.958,5127.1,32.0,27.8986,4.195
4964.18,1508.44,0.30386,44.3075,690984.6,60.4533,1872.73,19.0,43.8882,2.41
9337.83,3488.01,0.37353,100.745,1335832.4,128.116,3517.08,54.0,35.9366,12.312
6808.48,3385.02,0.49717,45.9562,941729.75,113.031,2292.83,14.0,41.4418,12.831
16100.4,4890.66,0.30376,188.318,2156377.2,254.019,5363.35,186.0,24.8218,3.342
9825.33,3559.62,0.36229,84.4337,1402403.2,159.068,3426.78,14.0,36.1265,4.905
22105.8,5316.65,0.2405,322.777,3033528.0,390.169,6220.54,167.0,20.7538,0.982
8425.36,3026.85,0.35925,93.2177,1157892.5,164.02,4017.39,49.0,33.3621,19.08
10777.2,4482.49,0.41592,95.5451,1509555.0,162.87,3435.06,58.0,33.9394,18.531
12905.1,3598.62,0.27885,156.417,1799214.8,202.988,4595.06,107.0,29.924,5.377
10250.8,2414.78,0.23556,123.768,1419155.9,163.45,4691.55,67.0,27.0318,1.579
7194.79,2094.11,0.29105,68.0037,1017080.9,81.4014,3557.24,84.0,39.1759,15.221
6760.67,1826.67,0.27019,55.1964,891837.1,92.1748,2859.29,53.0,38.6478,15.317
8262.12,2435.02,0.29472,57.3286,1156183.1,120.914,3009.31,32.0,37.7568,5.93
6171.59,2363.28,0.38292,41.0332,831846.4,95.3501,1997.43,7.0,41.9707,12.271
16060.6,5918.44,0.3685,177.633,2191721.2,262.796,5958.43,140.0,27.0294,14.861
7776.78,1537.8,0.19774,69.0073,1116899.8,89.7363,3112.75,57.0,38.4767,14.59
12858.5,3473.02,0.27009,152.497,1787917.9,188.088,4554.66,17.0,29.4452,2.449
16261.4,5588.68,0.34367,171.953,2179313.8,252.369,5346.82,103.0,24.658,4.516
8114.02,2962.69,0.36513,62.2895,1065703.1,119.983,3668.14,61.0,38.471,14.793
7114.45,2149.05,0.30206,61.2274,978481.44,91.4667,2650.55,11.0,40.1058,5.386
8442.89,2825.5,0.33466,71.9063,1135756.1,108.737,3897.28,64.0,38.3979,1.657
14192.7,4107.93,0.28943,167.74,1963371.0,232.959,4840.61,115.0,26.8699,4.895
4801.3,1451.41,0.30229,35.6715,673291.56,54.9558,2171.29,4.0,43.5231,6.097
19493.3,5726.87,0.29378,246.18,2681209.2,313.579,5501.13,195.0,24.4979,4.726
15789.2,4249.82,0.26915,180.952,2228472.0,227.423,5720.06,71.0,25.3586,17.533
14673.7,4525.54,0.30841,155.693,2081776.1,223.233,5749.13,72.0,25.55,1.89
5876.73,2409.63,0.41002,60.9425,827205.75,101.677,2466.73,57.0,41.328,10.378
6957.35,1662.88,0.23901,83.7404,966988.56,106.851,3739.97,22.0,36.8469,1.602
6934.24,2560.02,0.36918,74.0973,932908.06,105.902,2888.2,103.0,36.1528,7.928
8224.34,1929.64,0.23462,79.2396,1150341.9,107.439,3902.14,41.0,35.3291,2.128
6137.04,1555.25,0.25342,68.3844,876407.06,71.937,3072.85,16.0,38.7779,2.927
7743.73,3081.08,0.39788,72.0434,1039138.3,125.719,3931.61,71.0,35.5855,16.889
18502.2,5760.33,0.31133,257.456,2533383.0,318.05,5734.54,328.0,19.9643,2.605
7448.02,1756.76,0.23586,69.1355,1017521.94,95.4155,3405.79,101.0,33.332,12.132
5401.29,1286.01,0.23809,45.2038,746918.94,63.0358,2866.95,13.0,41.6277,1.928
8345.29,1956.94,0.23449,91.1979,1121064.0,126.636,3873.5,25.0,33.6668,4.262
5988.45,1326.82,0.22156,54.7017,812786.5,75.3716,2532.35,40.0,40.9076,12.624
9345.63,3096.7,0.33135,92.6267,1305861.4,140.765,5067.35,122.0,34.2548,8.284
10223.9,3363.26,0.32896,93.5029,1424714.8,148.959,4782.23,45.0,32.7116,1.465
13835.9,3876.91,0.2802,157.902,1928325.0,238.146,4455.14,82.0,29.6835,1.574
10175.7,3097.61,0.30441,125.74,1361625.6,162.718,4020.43,37.0,33.5445,1.434
10218.9,3067.43,0.30017,93.4058,1452171.2,134.638,4127.44,102.0,34.427,4.105
5991.55,1444.74,0.24112,54.0739,830808.6,66.4476,2474.8,43.0,39.3167,15.964
8580.74,3346.94,0.39005,87.2657,1166675.5,135.628,3686.9,42.0,36.3842,14.656
8326.57,2332.97,0.28018,59.9098,1174178.0,100.627,3629.4,70.0,38.0785,15.919
14004.1,3140.64,0.22426,206.756,1951191.5,223.607,4973.84,113.0,26.6201,2.275
6541.48,2113.46,0.32308,63.297,878964.75,99.1076,3064.2,22.0,39.9402,2.82
10290.1,2818.12,0.27386,95.1978,1455512.5,144.098,3717.32,124.0,35.5269,2.03
6630.08,1837.26,0.2771,68.1331,938671.8,82.5993,3235.89,19.0,38.921,3.74
5921.4,1951.76,0.32961,52.1844,849890.25,80.8258,2433.62,63.0,42.1709,11.982
6930.11,2119.87,0.30589,65.8001,917801.8,102.832,3151.18,75.0,38.6345,12.342
16042.5,6555.42,0.40862,190.123,2225076.2,248.975,5395.27,118.0,24.0023,11.878
9808.98,4216.32,0.42984,107.554,1356301.2,166.399,4532.62,79.0,32.7107,13.76
19031.4,7050.41,0.37046,158.398,2687527.2,288.459,7361.86,107.0,22.1628,10.285
8149.2,2192.64,0.26906,87.9301,1148417.2,118.428,3346.47,5.0,36.4269,2.459
6671.34,2305.58,0.34559,57.1747,952754.5,87.4335,4851.55,31.0,37.3557,12.236
9020.81,3256.55,0.361,89.6936,1280761.6,125.972,3488.0,11.0,37.1424,6.206
9560.63,2927.9,0.30624,96.986,1335980.1,139.46,4150.56,36.0,34.4823,1.658
8264.75,2847.82,0.34457,62.1798,1156713.5,120.959,3657.89,31.0,38.3743,17.212
9599.41,2303.45,0.23995,94.2239,1331523.4,121.037,3787.06,64.0,34.3882,16.428
4853.46,1639.19,0.33773,40.3199,661953.75,71.4351,1465.32,7.0,43.9028,7.165
7657.59,1884.5,0.24609,87.6334,1059233.6,112.823,3841.82,21.0,36.3489,1.537
5343.93,1132.76,0.21197,44.2017,771233.75,68.6529,2198.32,76.0,42.7428,0.874
11219.7,2633.57,0.23472,128.768,1565385.5,169.067,8297.38,179.0,28.4314,0.677
6719.87,1623.84,0.24164,73.4125,930594.06,86.3046,3081.23,39.0,37.7637,12.498
12920.0,4785.19,0.37037,170.043,1773571.0,203.413,4901.15,161.0,28.0393,6.83
4504.01,834.45,0.18526,40.4435,599255.4,55.8799,2586.23,21.0,43.3684,5.043
7632.08,1941.58,0.25439,69.8865,1064045.9,90.1147,3025.11,14.0,36.5054,14.204
5519.49,1452.97,0.26324,55.3402,765227.1,79.4664,2973.2,29.0,40.145,6.107
6885.62,2130.43,0.3094,68.6567,963399.4,85.1012,2866.86,44.0,39.9609,12.794
10081.2,4157.55,0.4124,100.262,1441389.9,133.845,3907.9,18.0,36.1709,17.334
14248.6,3771.24,0.26467,198.783,1946365.2,257.45,4880.47,149.0,25.3981,2.992
9567.13,2715.47,0.28383,90.2935,1385360.0,125.993,3739.18,75.0,35.4598,15.9
8837.02,4050.08,0.4583,64.5159,1257114.0,128.932,3387.88,63.0,36.0647,17.559
8244.2,3017.65,0.36603,56.1864,1183296.9,125.756,4673.62,19.0,36.7629,16.766
7565.1,2712.0,0.35848,60.7387,1072533.6,128.461,3439.06,40.0,38.0358,14.824
6945.59,1959.04,0.28205,70.1798,970971.94,83.9166,3327.19,33.0,36.4905,5.813
10414.0,3444.75,0.33078,123.458,1434758.5,178.399,3838.76,33.0,32.7313,3.52
20685.4,7200.1,0.34807,180.608,2935360.0,272.536,7002.44,58.0,20.8814,20.419
6218.62,1753.97,0.28205,52.6478,869712.44,74.9586,3305.43,54.0,39.2569,3.05
7716.92,2016.98,0.26137,81.226,1094733.4,105.166,3801.44,37.0,34.6858,2.752
10501.0,2941.25,0.28009,124.492,1462887.1,172.859,4183.11,56.0,33.0132,1.356
6465.16,1815.42,0.2808,52.385,896036.06,78.2767,3361.49,60.0,38.7201,2.279
11573.8,3040.22,0.26268,150.577,1550500.2,175.48,4556.65,69.0,30.7628,3.813
5187.42,1617.42,0.31179,55.498,716262.1,68.659,2552.86,33.0,41.7802,2.979
8316.61,2820.37,0.33912,83.2041,1173001.0,121.08,3877.34,46.0,33.8951,5.007
15878.7,5570.86,0.35083,163.465,2300360.5,252.677,4995.05,61.0,28.4157,4.643
13591.7,4496.79,0.33084,124.825,1941669.5,180.522,5536.17,80.0,30.2682,20.517
7768.61,2085.83,0.26849,55.2074,1024281.0,100.591,3235.42,48.0,38.4542,4.254
5224.6,1340.13,0.2565,49.3527,664015.25,74.7739,2302.05,21.0,42.3831,4.689
7081.19,1630.32,0.23023,93.1763,970788.9,83.7631,3177.53,22.0,37.1369,12.105
4858.59,1672.72,0.34428,47.9733,692364.75,84.4795,2172.88,68.0,43.0344,11.479
12117.6,2923.99,0.2413,135.442,1651651.8,152.891,3971.15,230.0,32.4613,2.562
8845.53,3342.74,0.3779,72.4944,1194296.6,133.186,4887.03,80.0,31.8773,16.471
6489.15,2196.76,0.33852,62.5085,836814.44,99.7115,2900.72,5.0,38.9154,13.815
13335.7,4640.1,0.34794,84.2808,1817580.1,174.766,4706.2,127.0,30.1862,6.151
9141.55,2687.28,0.29396,89.4391,1283192.9,121.742,4408.27,41.0,33.4075,1.713
11207.8,3544.91,0.31628,95.7323,1580934.1,141.706,4473.15,95.0,32.3016,18.687
8715.46,2517.28,0.28882,86.0708,1239803.0,130.271,3772.78,4.0,35.3221,2.215
10268.5,3915.24,0.38128,76.1994,1410581.1,155.503,4628.77,104.0,36.0435,18.223
8625.69,3417.3,0.39617,73.5595,1231464.0,111.509,3655.45,19.0,37.9844,11.325
8343.74,2853.75,0.34202,95.8908,1092915.6,143.81,3529.81,83.0,36.9378,16.559
15357.9,5137.14,0.33449,215.049,2138580.0,251.151,5338.58,285.0,24.7091,1.562
9379.88,2711.23,0.28904,106.05,1340072.5,141.818,4020.52,55.0,32.7795,1.866
12477.8,3341.34,0.26778,153.785,1778408.0,169.071,4777.47,31.0,28.5766,1.581
13371.4,4456.86,0.33331,177.817,1814255.4,245.393,4553.62,31.0,28.7848,1.933
6000.21,1347.75,0.22461,66.9159,834094.4,74.712,2834.12,72.0,38.2515,6.74
8520.68,2596.07,0.30467,103.045,1201706.0,112.936,4025.18,96.0,33.8225,3.664
6778.38,1573.44,0.23212,64.0654,919756.75,80.1362,3508.56,50.0,37.4965,11.193
5299.4,1738.8,0.32811,57.1346,723855.94,74.2822,3141.25,10.0,39.7658,7.065
7655.89,1774.32,0.23175,60.2814,1069179.9,90.9642,3149.18,25.0,38.9947,11.295
8354.12,2847.22,0.34081,62.7399,1156187.2,113.0,3715.85,15.0,37.1809,17.315
12756.0,3874.24,0.30371,162.299,1785019.2,222.51,4301.87,86.0,30.488,1.654
8713.31,1841.02,0.21128,83.8387,1188069.5,116.562,3692.39,38.0,35.0307,1.897
8232.73,1944.46,0.23618,99.3937,1130332.2,126.107,3426.16,9.0,35.7952,1.213
11912.5,3728.86,0.31302,142.156,1653548.9,184.079,4359.53,64.0,32.3207,10.905
5986.41,2132.19,0.35617,48.4739,849319.9,79.9289,2551.36,30.0,41.9218,3.459
8746.45,2714.11,0.3103,102.86,1229022.8,115.667,4088.59,98.0,33.0508,4.421
9908.15,3662.99,0.36969,108.176,1379816.9,160.583,4446.83,139.0,31.9052,20.441
9961.37,3221.18,0.32336,117.747,1404447.0,154.565,4261.92,48.0,33.1925,3.314
9243.45,2627.83,0.28429,115.215,1298024.5,156.726,4194.39,49.0,33.7044,2.802
10257.3,2962.59,0.28882,49.4712,1389974.9,121.287,4389.66,109.0,32.9477,13.31
5362.82,1256.89,0.23437,49.2846,759504.44,74.4948,2961.69,59.0,40.0995,1.049
7867.18,2593.17,0.32961,82.5518,1070876.8,116.444,3386.35,67.0,36.9407,17.475
8965.42,1913.22,0.21339,100.103,1260085.5,129.644,3664.89,24.0,33.926,1.626
10225.7,3793.66,0.37099,91.7975,1370933.9,165.304,4563.46,81.0,31.3402,16.366
6814.42,1829.4,0.26846,68.853,904440.2,104.666,3476.67,75.0,37.7757,1.72
7930.92,2304.91,0.29062,83.1068,1132025.4,118.349,3788.34,18.0,35.0043,2.957
14236.5,3124.72,0.21948,171.879,2010497.6,206.65,4074.08,145.0,31.97,1.433
8447.87,2190.49,0.25929,92.385,1194542.4,127.001,4021.95,161.0,33.2919,1.394
14666.4,4711.02,0.32121,155.193,2102956.0,244.44,4961.75,48.0,27.0535,2.305
5387.72,1527.32,0.28348,41.2895,743696.4,62.2148,2802.34,57.0,42.5039,11.959
11195.3,3471.84,0.31011,118.457,1560690.8,180.286,4144.56,43.0,31.6939,2.227
7259.78,2327.18,0.32055,71.9286,1046736.8,104.975,2831.76,50.0,39.2098,11.513
8789.1,2765.68,0.31467,99.2508,1217033.2,139.902,3267.36,13.0,35.4907,1.628
9384.23,3603.8,0.38402,74.6273,1341037.0,129.566,2809.15,55.0,39.222,14.875
6065.01,1570.87,0.259,66.0619,767343.25,92.426,3053.14,18.0,39.6759,4.097
11047.1,3249.38,0.29413,135.203,1582655.6,176.496,4449.36,42.0,31.7747,3.078
6682.57,1677.2,0.25098,62.9356,936662.3,77.9109,2823.96,38.0,40.1169,15.317
6621.41,1907.66,0.2881,62.7689,872289.2,97.8011,2778.85,0.0,38.5617,13.622
15978.7,5213.82,0.32629,182.561,2238034.5,240.59,5345.82,131.0,26.4906,20.846
12533.0,4052.44,0.32334,124.3,1714747.0,213.215,4153.86,76.0,31.9233,5.992
19328.4,5818.17,0.30101,204.363,2697453.0,317.316,6022.71,237.0,21.1134,4.753
7871.39,2332.16,0.29628,97.4016,1068890.4,135.408,3924.81,77.0,34.9464,18.033
8419.57,3091.62,0.36719,54.195,1207367.6,119.837,3641.59,20.0,38.212,11.622
13956.1,4978.61,0.35673,163.391,2047986.6,263.32,4857.75,84.0,26.0054,3.018
9536.47,1766.76,0.18526,103.026,1353883.4,129.31,4256.13,42.0,33.6603,0.872
8864.28,1967.14,0.22191,104.147,1245825.5,116.487,3865.98,55.0,34.8594,4.985
6249.47,2448.25,0.39175,74.7004,850315.5,97.7076,3148.7,52.0,39.034,2.397
8134.82,3106.02,0.38181,69.7501,1146484.4,114.279,3311.01,30.0,37.2873,18.823
7210.31,2356.17,0.32677,72.1117,1003005.2,122.913,3255.59,39.0,35.0405,5.69
16391.4,5489.12,0.33487,176.017,2298794.5,248.439,4922.39,31.0,26.751,5.859
7855.85,2148.58,0.2735,86.7059,1065883.0,92.9896,3604.51,36.0,35.4357,12.172
9425.45,3836.53,0.40703,84.4684,1307506.1,140.329,3761.97,111.0,34.6245,4.331
8676.53,2512.11,0.28952,81.1601,1211800.6,104.617,4265.89,63.0,36.4085,5.792
7516.5,2982.63,0.39681,52.4337,1065305.0,115.965,4921.26,46.0,37.3303,15.656
11735.4,3906.44,0.33287,110.743,1619738.5,175.216,4847.79,95.0,32.2717,20.906
19329.0,7630.5,0.39476,137.738,2586783.2,293.107,5684.73,114.0,25.0572,19.366
7557.66,2195.84,0.29054,61.6417,944584.5,117.464,3322.51,31.0,38.3906,3.452
9246.04,3345.45,0.36182,83.6387,1322158.9,133.279,4138.86,25.0,35.6617,3.633
3827.55,1019.62,0.26638,33.6678,543021.6,46.601,1773.37,12.0,44.497,1.836
9285.36,3001.28,0.32322,99.0026,1272237.4,144.299,3591.38,118.0,33.1455,1.48
10193.6,3150.95,0.30911,127.562,1363098.4,166.662,4019.18,37.0,33.5786,1.541
16445.0,5574.31,0.33896,158.364,2350530.2,235.986,5630.21,142.0,23.2699,10.477
6075.64,859.3,0.14143,42.9058,853154.8,74.5258,2684.34,1.0,42.1568,0.908
9945.23,3625.13,0.3645,108.963,1399029.4,141.093,3663.21,18.0,35.2361,3.378
15425.9,6415.92,0.41591,193.341,2013546.8,277.784,5259.3,92.0,26.2176,5.806
11895.3,3661.08,0.30777,150.273,1667887.5,162.759,5174.76,44.0,27.1219,3.287
17051.8,6139.85,0.36007,219.734,2329482.2,323.042,4919.53,140.0,26.598,7.676
8995.66,2327.79,0.25876,100.991,1256072.9,131.738,3239.13,5.0,37.0583,0.559
10969.7,2645.31,0.24114,117.211,1509869.6,175.199,3877.36,57.0,33.3082,1.322
9445.13,2586.46,0.27384,104.193,1342672.4,153.347,3799.92,9.0,34.3155,0.862
10869.0,4490.89,0.41318,98.1241,1460952.9,173.868,3963.43,83.0,33.8517,18.719
13649.4,4464.43,0.32707,131.798,1928980.8,169.63,5175.5,154.0,27.7525,18.04
5853.13,1526.14,0.26073,64.679,732672.7,87.1599,3092.67,16.0,39.4297,2.286
5874.42,1917.21,0.32636,57.9981,823391.8,90.4889,2619.15,39.0,40.7416,2.256
6922.24,1677.69,0.24236,77.3458,921448.56,90.7998,3446.09,80.0,37.8165,2.142
7239.6,2641.48,0.36486,74.8937,1000482.2,96.7536,3207.01,16.0,35.5342,3.01
9581.08,2213.3,0.231,106.492,1316684.5,145.681,4006.3,37.0,34.0777,2.02
6119.21,1769.85,0.28922,67.8378,813347.44,85.5835,2980.76,19.0,39.066,2.354
6319.08,1694.91,0.26822,54.5333,824298.7,84.3189,3258.21,39.0,38.5904,5.841
8205.71,2703.64,0.32948,79.1386,1152754.4,114.543,3855.68,27.0,35.5119,18.097
11293.3,2797.7,0.24773,132.405,1563612.2,154.287,3695.52,37.0,34.6177,2.446
7269.61,2499.05,0.34376,59.2284,959008.7,112.288,3040.29,32.0,37.1966,6.142
9489.44,3865.03,0.40729,117.411,1311084.2,156.651,3912.8,79.0,34.3418,2.651
5048.02,1034.15,0.20486,48.1834,641718.56,64.2689,2112.91,19.0,42.4701,13.354
18465.5,5093.59,0.27584,240.835,2540237.2,297.299,5417.54,203.0,23.9696,4.895
10957.1,2541.84,0.23198,115.475,1551933.8,152.143,4420.58,65.0,32.6667,5.933
14834.7,5059.67,0.34106,152.815,2065090.6,243.82,4859.26,119.0,28.599,17.938
6896.18,1297.26,0.18811,68.9126,985456.56,71.3093,2674.89,63.0,40.1164,15.908
4905.85,1682.4,0.34293,29.4286,698316.25,60.2098,2406.4,43.0,42.7271,9.784
4812.61,797.7,0.16575,33.974,659849.4,49.0128,1814.97,17.0,43.6767,9.556
3003.64,1149.14,0.38258,24.7059,406267.2,39.7635,1341.59,3.0,45.5128,4.6
11912.3,4434.07,0.37222,133.598,1676828.0,192.61,4141.0,66.0,32.469,4.681
15368.3,3837.11,0.24967,202.982,2133911.0,252.103,5049.95,135.0,26.5689,2.368
5839.81,1939.04,0.33203,68.246,799378.9,93.8876,2960.47,31.0,40.0369,5.28
13989.9,4506.45,0.32212,155.202,2014738.2,205.417,5552.26,86.0,25.5074,1.363
13461.9,4240.87,0.31502,157.141,1837991.0,233.995,4587.35,60.0,29.7796,16.165
6544.25,1718.55,0.2626,60.139,923712.2,89.6191,3178.45,38.0,38.5809,14.924
9934.11,4305.52,0.4334,70.6462,1379134.4,166.173,4445.77,48.0,33.2847,14.898
14736.4,4422.52,0.3001,203.935,2018806.8,247.064,5459.86,62.0,24.4653,1.612
8497.39,2331.21,0.27434,87.0219,1166382.2,118.892,3266.15,86.0,38.5157,1.678
9130.65,3671.45,0.4021,86.3827,1220603.5,152.804,3532.74,98.0,36.3204,17.004
7359.79,2452.73,0.33326,69.141,1030064.25,111.129,3475.85,22.0,36.2314,14.401
3747.39,1170.28,0.31229,32.6855,512832.7,47.9021,1349.47,23.0,44.4935,2.034
5585.76,2398.16,0.42933,62.151,733141.4,106.119,3096.85,50.0,39.3261,10.005
6514.93,1293.16,0.19849,64.2445,892433.7,86.4784,3168.58,20.0,39.0232,12.258
9265.41,2409.73,0.26007,110.527,1274677.2,148.695,4138.19,72.0,33.6109,1.287
8073.0,1512.78,0.18738,80.8602,1154551.0,89.9152,3693.63,19.0,36.0427,1.285
10400.5,4634.38,0.44559,89.4828,1301358.1,179.169,2747.25,112.0,39.1388,18.015
7760.26,2299.18,0.29627,73.3685,1046577.7,106.374,3739.04,91.0,36.3877,12.226
12028.5,3824.68,0.31796,132.72,1676190.1,218.654,4677.56,120.0,30.5017,15.925
14251.4,3992.74,0.28016,183.264,1904419.9,240.601,4983.28,166.0,27.2527,2.389
11068.1,3621.02,0.32715,92.9843,1582669.6,146.002,4298.32,85.0,32.6269,7.576
7814.5,2526.63,0.32332,53.4192,1091699.1,117.457,3661.61,21.0,36.8388,11.926
5222.72,1992.74,0.38155,34.322,739716.5,67.2334,2638.47,38.0,42.7306,1.41
6532.45,1691.57,0.25894,43.0656,889268.3,100.019,3035.65,29.0,43.3405,12.9
11370.1,2761.68,0.24288,90.9972,1592634.4,136.862,4066.76,160.0,32.7567,4.793
10597.6,3014.84,0.28448,131.79,1455930.4,156.82,4852.31,71.0,29.6087,3.419
7735.44,1706.44,0.2206,73.5278,1097281.6,104.053,3952.37,49.0,35.0952,0.0
6823.57,2165.83,0.3174,53.2997,931672.5,91.9995,2731.12,40.0,37.6857,10.456
10596.6,2792.87,0.26356,125.378,1477446.1,162.954,4620.43,73.0,30.0462,1.509
14420.8,5176.37,0.35895,130.927,2083428.6,206.685,5028.51,58.0,27.8734,17.501
7751.4,1564.06,0.20177,76.9825,1040836.6,102.75,2968.68,67.0,38.7605,17.702
7008.59,1837.92,0.26223,65.0862,959367.5,92.0597,3070.27,53.0,39.6863,2.782
5354.7,1915.97,0.35781,41.849,765016.56,75.2904,2538.16,36.0,41.0974,12.503
4780.31,1276.6,0.26705,29.9928,681184.94,57.3799,2285.48,49.0,43.7788,9.049
6195.45,1468.45,0.23702,52.6726,865200.0,69.7529,3333.1,54.0,35.8187,2.661
12314.1,3268.11,0.26539,159.124,1724368.4,193.16,4801.94,65.0,28.8911,3.222
6468.83,1753.43,0.27105,69.2397,876438.5,93.3942,3226.78,60.0,39.0631,7.673
8767.81,2320.41,0.26465,125.017,1177388.2,178.491,4187.69,98.0,31.5403,18.199
7766.85,2013.16,0.25919,76.5793,1097578.6,95.0469,3192.55,27.0,38.4656,10.83
14941.2,3760.85,0.25171,180.344,2107353.5,213.641,5683.07,68.0,23.088,1.423
13196.2,3886.02,0.29448,148.597,1819525.0,196.482,4988.55,76.0,27.5947,8.355
8160.25,3367.33,0.41265,83.5705,1173747.0,135.189,3494.34,69.0,37.4323,8.535
5526.61,1504.36,0.2722,57.6953,733538.8,84.3843,2663.35,33.0,41.0957,4.205
5521.75,1639.61,0.29693,53.1393,717093.4,94.3717,3301.26,18.0,37.9395,3.0
7176.23,1868.87,0.26042,69.2689,1016739.2,86.2222,3705.95,29.0,37.6718,2.009
8498.07,2271.24,0.26726,89.2729,1204181.9,130.613,3989.26,159.0,33.0341,1.355
7080.36,2297.74,0.32452,93.921,1008359.5,95.907,3587.89,26.0,37.343,7.225
10105.4,2048.52,0.20271,102.392,1426628.6,140.191,4313.89,51.0,33.2554,0.918
7995.07,2526.33,0.31598,63.1781,1138565.0,94.7862,4898.78,44.0,36.8583,12.973
14828.5,4203.78,0.28349,245.22,2019874.2,264.111,4837.27,273.0,27.4366,4.03
6109.24,1530.45,0.25051,67.6245,867405.25,79.5884,3093.3,11.0,38.8672,1.503
5507.1,1366.59,0.24815,70.6004,763474.25,78.7955,2795.87,72.0,39.287,6.959
6966.15,2640.33,0.37902,62.2973,1009897.06,95.0128,3223.9,29.0,38.8517,1.303
8960.94,2797.09,0.31214,116.709,1222957.6,139.876,4119.31,124.0,33.1121,3.519
13643.7,4203.83,0.30811,161.593,1902840.4,218.377,4873.06,85.0,26.6977,3.605
7486.44,1996.36,0.26666,67.1875,991281.3,92.0788,3976.44,13.0,34.9563,11.363
9132.61,4162.97,0.45583,96.1712,1234248.5,161.21,4148.97,96.0,33.1647,18.418
7874.63,1950.66,0.24771,71.977,1047567.25,98.7366,3575.61,90.0,38.2514,12.01
5071.95,1152.56,0.22724,44.763,699136.56,66.2543,2525.39,21.0,42.7079,9.309
15397.7,4693.97,0.30484,177.856,2095615.0,205.628,4930.46,189.0,28.9037,2.599
8049.57,2224.61,0.27636,75.5867,1107334.4,92.96,3379.93,38.0,37.0354,12.248
5437.66,2361.55,0.43429,51.8438,774562.7,98.2416,2400.82,55.0,42.2325,11.069
10498.6,3766.9,0.3588,101.888,1453369.1,161.511,5796.84,40.0,33.6691,1.612
16689.7,7695.99,0.46112,204.899,2196403.0,269.45,6214.97,121.0,21.9158,9.759
14292.9,4289.79,0.30013,166.249,1951891.6,247.599,4785.18,23.0,27.6203,2.724
8748.26,2736.47,0.3128,93.4925,1165125.8,116.889,3797.89,36.0,37.1837,13.778
4076.14,982.62,0.24106,40.5218,541689.8,75.3292,2302.21,31.0,44.2645,9.687
5322.81,1333.63,0.25054,50.6448,701728.75,82.0663,3418.09,16.0,39.9464,1.735
6572.35,2804.95,0.42678,85.4475,855206.3,140.034,3098.49,77.0,38.8811,10.889
10115.3,2965.49,0.29316,96.7605,1357203.2,129.121,4727.4,52.0,31.8473,17.106
7328.2,2012.32,0.27459,57.4772,1036045.6,98.8065,3045.74,45.0,38.5642,9.57
14237.3,3184.04,0.22364,173.911,2009825.1,227.768,4826.3,79.0,27.8009,3.217
11168.1,3857.17,0.34537,89.443,1580596.9,163.272,4121.07,116.0,34.3542,14.214
7918.48,2086.47,0.26349,82.7789,1084706.0,114.149,3117.92,20.0,37.6752,0.688
10015.3,3121.66,0.31168,95.2742,1412969.2,132.943,4167.06,110.0,32.8762,4.128
9879.25,2693.3,0.27262,114.438,1376222.5,142.686,4404.04,37.0,46.5464,0.0
9595.1,2688.88,0.28023,105.519,1258446.1,140.769,3785.81,73.0,35.9687,11.978
6331.6,1904.52,0.30079,65.4382,834338.94,88.931,2573.31,28.0,39.7337,3.169
8472.91,2320.11,0.27382,96.6406,1195972.8,113.247,3583.83,84.0,36.9032,2.183
10480.9,3265.34,0.31155,98.1669,1450251.5,136.65,3687.59,28.0,36.8384,2.996
6334.81,2971.41,0.46906,46.8776,898011.1,116.984,4417.43,72.0,41.9393,12.672
9133.24,3011.72,0.32975,101.861,1272805.5,137.766,4129.71,41.0,34.5143,1.98
9435.78,3724.9,0.39476,91.4085,1321163.5,140.087,3965.39,35.0,35.4021,16.652
6257.99,2058.85,0.32899,58.6928,866495.44,91.0849,2729.61,44.0,40.4197,2.099
15143.8,4671.47,0.30847,211.18,2109256.5,249.599,5337.91,293.0,24.7099,1.671
11086.1,2831.62,0.25542,131.598,1521343.2,153.226,3749.11,29.0,34.8223,2.475
4573.61,1064.2,0.23268,35.1795,633260.56,53.0939,1927.29,7.0,43.5454,11.84
5507.86,1570.72,0.28517,53.4941,743417.7,85.3964,2449.24,48.0,41.8545,16.122
7368.78,1465.78,0.19891,64.4383,1033827.2,76.3536,3111.89,35.0,36.3354,12.42
6427.86,2130.78,0.33149,54.4214,900943.3,91.8666,2708.93,44.0,40.5118,1.981
9220.09,2415.2,0.26194,97.541,1305522.8,126.819,3620.51,119.0,35.4135,1.982
6965.31,1933.21,0.27754,54.0071,976234.44,89.4795,3503.95,47.0,34.0147,17.391
9910.52,2932.37,0.29588,106.084,1374617.1,165.288,4293.45,61.0,32.8516,3.845
11081.8,4038.65,0.36443,63.3825,1523765.8,187.091,10779.62,58.0,35.2654,2.831
7092.72,2413.86,0.34032,60.7735,988600.06,96.6115,3537.92,28.0,37.6663,5.936
11471.4,4681.68,0.40811,103.692,1648536.2,181.668,4112.6,91.0,34.1449,8.103
4236.27,1376.4,0.3249,35.0902,576542.3,54.2159,1426.57,34.0,44.3511,11.733
9446.4,2323.16,0.24593,74.3984,1253919.6,130.814,3385.0,51.0,40.3041,15.485
10350.0,3875.04,0.3744,64.8042,1458382.4,144.898,4740.51,25.0,35.1885,17.022
6248.04,2270.51,0.36339,69.7564,855626.4,94.7177,3117.07,33.0,39.9903,3.367
9295.9,2623.66,0.28223,80.6374,1316074.0,123.005,4233.37,77.0,33.3421,5.0
8997.19,3001.17,0.33356,64.1229,1200456.8,134.99,4535.97,88.0,31.9972,3.825
4765.08,1341.81,0.28159,46.561,654499.6,58.9792,1922.65,17.0,43.507,3.841
15024.1,5027.55,0.33463,176.376,2103559.2,264.032,5316.84,161.0,24.2979,1.502
11260.2,2834.85,0.25175,134.881,1573380.2,172.098,4696.66,172.0,28.4805,0.814
7853.51,1649.22,0.20999,76.398,1120333.6,108.622,4043.58,104.0,34.9478,1.057
9066.5,3543.61,0.39084,77.4222,1242851.9,139.833,3510.9,55.0,37.515,12.413
6586.6,1740.84,0.2643,64.6777,905643.06,86.4515,3023.36,103.0,38.2325,3.402
8152.35,1952.84,0.23954,93.1752,1161930.4,98.3358,2989.5,40.0,37.6598,0.577
15245.1,5397.02,0.35401,181.458,2032305.6,299.218,5248.89,199.0,25.2682,2.756
14396.8,4100.49,0.28481,168.328,2000671.5,219.104,4886.27,106.0,27.6901,4.391
10630.7,4664.57,0.43878,95.9254,1474835.1,171.613,4235.47,70.0,36.9128,16.314
9808.75,3389.05,0.34551,100.201,1362761.1,150.757,4872.97,37.0,32.0754,1.556
7448.92,2678.76,0.35961,77.0665,1013898.1,109.582,3015.46,117.0,37.6492,2.386
14649.5,3877.38,0.26467,152.314,2059464.8,180.366,5240.37,26.0,24.8821,18.368
8032.7,3233.16,0.40249,81.8792,1136261.0,119.544,3316.22,37.0,37.7075,2.476
9161.8,2871.69,0.31344,108.822,1273677.8,141.473,3974.91,93.0,32.6058,20.357
7256.2,2356.55,0.32476,66.7788,1043695.6,95.4844,3219.06,29.0,39.5344,6.258
21750.1,6329.06,0.29098,292.222,2973592.2,322.852,6638.2,288.0,18.566,1.514
3862.7,1165.63,0.30176,33.1955,526630.6,47.9833,1380.31,32.0,43.7849,11.421
8857.61,2508.61,0.28321,104.128,1231024.0,139.226,3273.4,5.0,36.8462,0.985
5066.48,1668.42,0.3293,33.2756,716167.2,61.0716,3120.92,45.0,42.287,14.866
11031.0,4462.95,0.40458,55.974,1475998.9,159.19,4572.43,107.0,32.5179,15.097
5072.85,1211.89,0.23889,44.3369,714300.5,65.3244,2644.01,13.0,40.4347,3.47
16119.0,4806.41,0.29818,213.858,2220976.2,296.155,5244.55,184.0,25.1809,3.387
8474.51,2823.65,0.33319,78.639,1169666.2,109.939,3816.41,109.0,36.2434,12.79
15320.4,6167.76,0.40258,199.363,2016630.1,282.596,5200.39,83.0,28.349,9.367
8080.93,2441.92,0.30218,69.7186,1123011.0,106.116,3705.95,16.0,36.8005,2.721
7899.3,3159.33,0.39995,63.39,1074120.4,107.372,3496.49,32.0,37.2552,5.1
13489.5,4220.92,0.3129,148.096,1929782.8,219.289,5303.34,75.0,28.575,1.488
4708.84,1785.02,0.37907,33.8429,674664.6,63.0851,1692.31,36.0,42.6321,3.889
13543.7,3312.97,0.24461,161.304,1898710.1,182.848,4620.43,66.0,29.9106,1.42
13734.4,3442.51,0.25064,191.989,1873864.0,215.207,4579.28,175.0,29.0597,1.47
6461.59,1917.43,0.29674,62.6473,845931.56,98.0035,2598.49,37.0,39.6069,2.342
8970.15,1870.43,0.20851,98.3727,1244694.5,134.503,3643.37,20.0,34.3778,1.534
21517.1,6266.91,0.29125,176.642,2988377.5,280.622,5809.39,83.0,22.4252,20.061
9474.49,3332.64,0.35174,96.4106,1341996.8,125.821,3705.13,90.0,34.3669,14.388
16015.5,5955.25,0.37184,177.673,2247102.2,276.864,4972.84,163.0,30.0797,19.584
7789.4,2203.53,0.28288,73.4849,1051210.0,111.314,3493.41,81.0,36.5662,2.567
7009.67,1662.17,0.23712,62.0243,961412.25,90.9023,3307.0,48.0,38.1419,14.352
8472.58,2169.75,0.25609,97.7697,1161542.2,113.488,3824.74,25.0,34.1984,2.348
12607.1,4081.88,0.32377,158.625,1736494.1,217.468,4739.02,125.0,29.2566,5.376
9277.55,2870.94,0.30945,74.4059,1287481.5,126.736,3273.38,54.0,37.0086,15.853
12179.5,3205.59,0.26319,128.241,1700166.4,168.188,3699.38,34.0,34.5231,1.997
7041.03,2303.37,0.32713,64.4729,949882.94,95.5873,3105.86,20.0,40.5051,1.73
9157.66,2067.72,0.22579,82.0543,1299721.4,110.835,4588.79,29.0,33.5768,2.729
11736.1,4069.22,0.34672,116.662,1644881.6,177.618,4538.46,79.0,31.8622,4.304
13414.7,5448.05,0.40612,68.3122,1909075.4,211.663,14618.31,63.0,35.0555,5.768
10313.0,3404.42,0.3301,107.727,1438831.1,149.766,4368.94,77.0,28.2487,18.845
11677.6,4560.75,0.39055,98.1069,1599650.8,181.958,4527.16,86.0,31.2598,17.615
4780.95,1370.06,0.28656,42.9381,666914.2,61.3508,1884.45,20.0,43.5929,2.374
23355.3,7549.9,0.32326,173.602,3312357.0,374.018,11983.1,216.0,24.4808,6.924
8774.03,2447.16,0.2789,98.4099,1194391.5,130.166,3493.03,116.0,35.8803,1.484
9089.53,2217.3,0.24394,106.666,1247921.4,145.285,3985.95,33.0,34.1796,1.967
9462.25,3245.5,0.34299,97.965,1318186.8,128.134,3564.45,99.0,35.6685,16.534
22767.0,5488.54,0.24107,335.532,3130391.8,402.423,6224.88,162.0,19.8385,0.958
5282.28,1649.27,0.31222,45.636,730379.1,63.4401,1843.84,22.0,43.7527,4.11
12255.5,2882.05,0.23516,142.199,1699839.8,152.045,4513.09,64.0,30.5683,2.862
7836.54,1642.86,0.20964,77.5879,1116921.0,110.271,4042.1,104.0,34.9445,1.058
7529.55,3050.18,0.40509,64.9277,1088473.2,99.8552,3888.28,75.0,37.7875,14.816
8204.62,1753.4,0.2137,78.5704,1172250.0,110.812,4072.1,103.0,34.7571,0.837
14059.2,4483.1,0.31887,170.571,1947316.6,212.124,5208.1,187.0,27.0113,1.76
6735.94,2196.08,0.32602,63.8125,911875.25,99.3051,3107.39,20.0,40.3027,1.397
6265.46,2059.07,0.32863,56.8019,867468.8,94.7547,3374.78,76.0,38.3149,1.144
13822.4,4298.01,0.31094,173.86,1920852.9,235.917,4748.99,107.0,23.935,5.555
5660.66,1961.37,0.34649,50.1957,816856.75,81.8842,2380.01,63.0,42.2416,12.544
7150.18,2250.48,0.31474,79.3427,973454.0,104.882,3096.99,70.0,38.727,1.551
15728.7,2906.59,0.18479,176.403,2181870.2,217.664,4751.49,36.0,28.3109,1.415
9805.77,1966.87,0.20058,100.269,1388620.8,133.159,4301.52,53.0,32.6893,0.921
10771.0,3273.76,0.30394,85.9533,1524456.9,126.505,5676.27,12.0,29.127,2.211
9069.59,3314.59,0.36546,64.8542,1204642.6,144.995,4522.9,57.0,37.5372,7.767
4405.99,1227.84,0.27867,36.864,618478.44,45.8457,2043.42,11.0,44.1846,4.23
4746.65,1012.74,0.21335,44.8045,670839.06,60.9741,2656.8,19.0,41.9099,3.057
6783.15,2377.47,0.35049,79.224,920310.9,89.9105,3239.78,61.0,37.9696,1.585
9952.35,3268.86,0.32845,112.707,1414548.5,130.843,3878.46,68.0,34.798,3.289
5713.23,1503.94,0.26323,51.5604,738689.0,93.1267,3485.14,15.0,40.2153,2.037
5147.29,1056.4,0.20523,46.2979,747514.4,61.6078,2190.77,77.0,42.7377,0.777
7023.94,1892.43,0.26942,73.8205,933898.44,98.0144,3459.6,74.0,37.6025,2.149
7541.69,2575.05,0.34144,69.9844,995474.75,107.024,4196.23,64.0,33.0373,4.747
7483.45,1916.64,0.25611,73.626,1013159.2,96.5693,3713.43,36.0,35.5463,4.789
16435.8,4565.26,0.27776,222.926,2327625.8,281.939,5619.17,104.0,21.6759,2.292
3845.73,891.81,0.23189,33.996,548309.0,42.453,1778.59,12.0,44.6865,2.152
8400.1,2829.74,0.33686,70.6702,1138366.4,121.51,4599.74,63.0,33.9243,5.997
6295.64,1631.06,0.25907,52.5346,876902.0,73.8393,3285.61,54.0,39.4205,2.635
10994.7,2672.37,0.24305,112.092,1541492.8,155.596,4398.28,65.0,32.8932,3.905
4019.98,1212.65,0.30165,35.7791,548715.6,48.3527,1387.77,31.0,44.5155,11.17
6656.88,2194.43,0.32964,55.4783,887392.7,99.0874,2552.36,26.0,41.6244,10.047
10808.0,3343.2,0.30932,122.132,1499585.2,153.027,4446.12,79.0,33.0761,17.413
9046.09,3032.9,0.33527,71.1435,1257366.9,123.157,4015.51,67.0,35.1685,12.56
5818.21,2600.44,0.44694,58.6799,790221.1,93.7318,2766.6,68.0,40.6147,17.784
20069.0,7660.83,0.38172,204.471,2805227.8,317.649,8246.02,80.0,28.9949,7.226
9893.62,2753.0,0.27826,108.561,1415169.2,128.871,3781.27,63.0,35.1795,3.195
14178.2,3533.48,0.24921,152.856,1951645.8,227.259,6908.82,140.0,28.9633,0.887
10961.8,2695.59,0.2459,99.0471,1532802.9,122.691,4300.12,50.0,30.6418,18.048
4297.3,829.75,0.19308,43.4975,579860.06,48.4681,2580.83,13.0,42.9667,8.813
11429.8,4088.6,0.35771,128.606,1562928.9,188.2,4873.73,80.0,24.5658,6.822
7302.87,2028.68,0.27779,70.4104,1031603.0,75.4522,3769.67,57.0,36.682,11.82
9689.07,3364.25,0.34722,92.8202,1359455.0,132.136,3346.27,64.0,35.7633,14.883
6515.69,1755.58,0.26943,69.3284,919297.4,92.0101,3061.49,42.0,38.807,11.534
8157.77,2336.85,0.28645,63.0292,1134261.2,106.636,3387.25,36.0,38.2929,8.307
22893.7,6446.15,0.28156,295.936,3174680.2,371.927,6267.71,93.0,17.7532,3.32
7334.2,3154.04,0.43004,83.0752,904789.1,137.124,2456.2,120.0,39.7082,9.431
5477.71,2202.07,0.402,34.1262,770320.8,75.3003,2220.35,49.0,42.4262,2.661
8829.89,2958.87,0.33509,86.2066,1255466.5,135.094,3393.36,7.0,36.0079,2.783
9417.74,2405.39,0.25541,103.025,1329610.4,155.013,3807.11,11.0,34.2771,0.857
5315.15,2127.93,0.40035,35.0927,756127.06,70.246,2578.22,39.0,42.7035,4.064
8305.65,2240.0,0.26969,88.9929,1171002.1,131.76,3131.55,5.0,37.4722,0.655
10182.1,3437.98,0.33764,107.052,1432277.1,139.131,3735.22,14.0,34.8109,3.293
11167.9,4959.27,0.44406,131.808,1552494.5,205.01,4637.64,136.0,30.7272,20.999
9040.72,3209.02,0.35495,76.1399,1258729.2,114.146,4402.77,25.0,35.9339,8.109
8154.72,2473.26,0.30329,94.5914,1147763.5,108.768,3981.3,23.0,35.9906,2.508
4178.65,1363.1,0.3262,72.8668,496544.66,95.1105,1683.81,68.0,44.2489,11.128
13180.6,4122.35,0.31275,202.172,1758430.4,245.629,4524.38,29.0,29.0824,1.97
13911.6,4928.03,0.35423,165.252,1951074.5,200.819,4978.84,85.0,27.6426,5.36
8053.22,3031.01,0.37637,68.2806,1129121.2,132.416,3479.54,51.0,33.9618,12.545
9642.01,3061.19,0.31748,93.565,1369194.4,134.922,4061.82,107.0,33.1917,4.905
7859.5,1972.38,0.25095,92.7339,1097260.4,128.531,3217.6,4.0,36.8412,0.501
13188.3,4672.04,0.35425,129.454,1883506.5,183.165,6176.35,135.0,31.9185,3.997
8802.43,2147.63,0.24398,81.5952,1254482.1,113.067,4001.02,44.0,35.6923,2.412
23715.1,7699.57,0.32466,310.768,3322124.2,390.509,6297.15,93.0,17.8646,3.404
10829.9,2587.32,0.2389,113.408,1474733.6,178.425,3995.52,75.0,32.4786,2.722
12783.7,4721.9,0.36936,116.285,1833691.2,194.906,4421.16,30.0,34.1897,7.347
7523.25,3054.02,0.40594,64.0589,1044334.44,120.204,3100.18,35.0,38.5059,13.885
5109.97,1409.18,0.27577,50.4842,653922.56,65.4573,2219.63,37.0,41.4927,3.658
12688.5,3990.31,0.31448,114.011,1771155.4,165.209,4355.76,154.0,31.6655,20.585
8576.44,3599.93,0.41974,69.5318,1207743.4,129.789,3565.06,34.0,37.0378,17.054
8308.98,2271.95,0.27343,89.8668,1172947.0,108.935,3110.28,63.0,37.2977,14.258
3919.74,1206.67,0.30784,35.5403,536736.1,51.0034,1382.5,17.0,44.3072,1.482
9080.21,3078.35,0.33901,66.354,1218406.1,126.139,5595.36,71.0,29.8605,15.857
4119.97,1073.63,0.26059,43.1798,568920.44,48.493,2382.18,56.0,42.2011,12.563
13009.7,3163.23,0.24314,162.638,1832534.2,201.112,4986.37,211.0,27.3908,1.831
8057.07,3422.13,0.42473,80.8012,1125706.8,123.951,3711.65,41.0,35.2722,16.238
16786.8,4394.0,0.26175,178.553,2428606.5,240.906,4940.73,141.0,27.5151,20.073
7853.21,1928.53,0.24557,70.4346,1147799.0,94.9051,3061.76,16.0,37.923,1.779
5809.32,1384.91,0.23839,54.8184,775220.9,83.8956,3416.6,16.0,39.8259,13.3
6029.88,1865.93,0.30944,66.5042,839738.44,91.7332,3085.57,63.0,39.437,7.02
15323.8,4162.18,0.27161,180.227,2174742.8,221.37,5676.92,73.0,26.3896,1.535
12385.6,4169.76,0.33666,151.964,1700647.6,164.514,5131.95,36.0,28.8671,4.166
7309.13,2101.35,0.28749,69.9862,1017863.6,94.9228,3193.95,42.0,37.0223,3.707
7350.36,1875.21,0.25511,90.2954,1028398.25,102.425,3465.84,98.0,35.3832,1.728
11902.6,3340.0,0.28061,161.777,1675956.1,192.915,4635.64,111.0,29.5694,2.385
10708.2,2910.89,0.27183,109.841,1542550.5,132.529,4565.9,108.0,27.6604,16.627
12653.5,3500.42,0.27663,160.842,1766371.0,230.468,4332.48,87.0,30.371,1.588
11887.3,3799.54,0.31963,119.523,1636986.8,210.662,4088.64,69.0,32.3138,5.702
9130.56,2345.52,0.25688,86.0663,1227435.0,121.893,3764.95,44.0,35.4494,1.979
4519.37,1673.52,0.37029,46.3546,629893.44,73.8907,2627.21,31.0,42.3369,11.939
5764.71,1844.47,0.31995,57.5812,787789.0,75.7064,3150.99,10.0,39.721,7.284
10055.1,4102.29,0.40798,68.685,1410980.4,141.667,4020.49,65.0,34.4961,15.518
8993.45,1706.51,0.18975,90.3128,1271965.8,130.163,4221.44,49.0,33.9192,0.746
9407.21,2538.63,0.26986,88.5208,1334653.2,145.316,3858.66,114.0,35.1966,10.785
9675.82,2854.72,0.29503,79.0438,1327617.1,139.847,3178.98,83.0,35.0534,16.562
15039.6,3892.28,0.2588,199.911,2068699.1,260.024,5056.0,168.0,25.1132,2.997
5912.38,1339.35,0.22653,51.1412,840251.44,84.1905,2287.04,9.0,37.921,9.489
6177.19,2003.1,0.32427,57.2807,853976.5,90.7336,2714.13,44.0,40.4902,2.587
6055.5,3174.78,0.52428,58.7863,863379.0,98.8405,2784.78,54.0,40.1105,11.479
8516.64,2577.75,0.30267,90.6322,1202225.6,111.19,3968.63,22.0,34.9078,1.882
6110.3,1469.58,0.2405,68.3799,815692.4,92.2924,3367.6,80.0,38.3739,1.522
9328.32,2474.22,0.26523,96.9566,1272724.8,157.73,4144.72,74.0,33.432,0.6
7000.05,2027.38,0.28962,68.7292,981163.3,88.6051,3609.79,34.0,37.2014,2.012
8677.66,2581.56,0.29749,65.6019,1234457.0,100.274,3250.49,38.0,37.6842,12.656
11082.2,3609.46,0.32569,113.357,1509458.6,189.589,4504.66,73.0,33.192,0.867
19399.6,8374.66,0.43169,195.41,2732040.8,308.148,6425.6,196.0,24.6047,20.329
5708.73,1455.01,0.25487,40.2657,783719.25,92.1175,3238.05,23.0,39.9028,11.859
14379.5,6244.83,0.43428,90.3588,1927153.6,229.896,12563.4,46.0,33.97,18.262
15392.3,4858.06,0.31561,155.082,2089649.0,233.8,4212.2,111.0,31.2511,20.887
9050.72,2474.54,0.2734,83.3281,1262001.0,107.482,4291.35,63.0,33.2163,2.433
6426.81,2198.25,0.34204,54.7308,885673.7,92.6301,3159.89,9.0,39.6635,5.769
7911.67,2167.43,0.27395,67.3811,1059543.4,110.743,3382.18,51.0,38.2577,12.535
9461.14,2351.49,0.24854,102.82,1333416.9,142.971,3933.89,44.0,32.9265,1.828
17866.9,5614.4,0.31423,168.632,2572443.0,276.34,5562.17,220.0,22.5688,9.046
9686.19,3926.19,0.40533,85.315,1388320.5,142.284,3833.3,33.0,37.2188,7.391
9128.22,3468.88,0.38001,87.9733,1278731.6,135.241,4268.33,39.0,35.3178,16.127
3873.26,667.77,0.1724,36.2537,521614.38,53.2365,2438.87,21.0,44.0551,2.124
9485.7,2991.82,0.3154,108.232,1340059.1,140.671,4120.28,107.0,29.8591,17.789
10936.1,2960.34,0.27069,103.507,1479044.9,150.265,3624.39,7.0,34.7101,17.389
5916.23,2088.6,0.35302,71.1727,821422.3,90.7638,3037.92,33.0,40.3031,1.609
3900.93,1034.05,0.26507,34.3364,552802.8,45.7321,1771.47,9.0,44.2252,2.039
6503.03,1906.15,0.29311,62.3151,930393.8,75.3084,3447.51,62.0,39.0712,12.151
14619.0,3134.12,0.21438,169.303,2053486.0,238.438,4910.0,80.0,27.131,3.319
11965.2,3296.33,0.27549,101.27,1651603.1,151.03,4672.67,85.0,31.2347,12.19
4717.79,1402.72,0.29732,48.4622,667481.9,57.0865,1940.28,2.0,42.6316,4.329
13085.5,3125.09,0.23882,172.559,1835563.8,198.75,4018.78,128.0,32.3106,1.749
5083.5,1570.22,0.30888,29.3815,684530.94,79.1186,2373.61,50.0,41.9333,14.302
5210.51,2101.76,0.40336,34.8813,738457.4,68.7854,2646.69,39.0,42.7065,1.308
12515.9,3786.84,0.30256,129.095,1788277.1,150.529,5455.13,144.0,23.8844,14.738
9147.55,3193.48,0.3491,89.6866,1316244.9,123.984,3832.78,104.0,36.1447,15.522
6909.59,2418.93,0.35008,69.9595,912546.75,105.427,3176.16,55.0,38.3255,14.299
5883.23,2049.09,0.34829,59.0717,826364.6,84.5922,2552.93,68.0,41.6127,9.518
9632.93,2966.36,0.30793,95.0211,1310839.2,140.084,3913.29,117.0,33.6079,2.348
5239.88,1149.51,0.21937,53.2897,745826.9,67.8646,2883.51,58.0,40.2901,1.562
11995.3,2685.4,0.22387,132.85,1682649.8,164.805,4373.56,94.0,31.1781,7.971
9494.7,3497.15,0.36832,78.6199,1286601.6,147.367,4222.52,47.0,37.0615,18.686
12834.3,5153.55,0.40154,99.0545,1698069.1,197.957,4413.32,77.0,33.7436,17.751
9793.34,2002.42,0.20446,104.541,1388820.9,120.113,4183.4,154.0,32.8455,12.363
14304.5,4289.95,0.2999,146.633,2054171.4,218.084,5349.03,58.0,28.2631,1.357
6361.65,1635.94,0.25715,57.2457,883659.75,86.4936,2408.79,18.0,41.2309,3.032
4570.84,1132.29,0.24772,42.0109,632406.8,53.7949,1924.18,14.0,43.2084,2.403
10521.1,3415.26,0.32461,131.503,1435437.0,169.029,4157.28,48.0,33.54,1.951
7990.2,2031.84,0.25429,83.5743,1139289.6,112.866,4060.81,89.0,34.9127,1.493
4434.11,800.37,0.1805,45.3573,591737.7,54.9275,2547.0,12.0,42.8323,5.54
9041.04,2156.54,0.23852,101.413,1266710.5,153.381,3818.11,15.0,32.7565,0.492
5738.53,1601.28,0.27904,63.2036,714233.8,94.3319,3101.82,18.0,39.3457,2.368
5820.45,2131.87,0.36627,52.9038,808277.25,85.2676,2611.9,35.0,40.8054,11.822
7625.96,2686.6,0.35229,74.3861,1056750.5,96.8401,3319.02,16.0,38.3625,3.168
7657.69,2164.75,0.28268,59.7043,1047863.3,98.5461,3405.7,32.0,40.5938,14.178
7893.9,3012.35,0.3816,58.8179,1095357.0,112.164,3394.84,46.0,40.3309,6.412
4691.68,1160.95,0.24744,42.0267,646096.9,57.0307,1883.9,13.0,43.8974,5.351
17145.1,7299.2,0.42573,120.526,2348893.2,288.678,5577.52,105.0,26.6851,20.027
10525.1,3091.71,0.29374,98.7627,1490261.0,130.049,4158.21,101.0,32.0196,15.766
7694.22,2420.42,0.31457,64.1601,1069640.2,90.8393,3323.81,113.0,36.8618,16.727
11814.6,3162.16,0.26764,143.595,1648604.0,207.257,4794.54,57.0,46.5464,2.545
10998.1,3585.82,0.32603,129.151,1500021.9,152.154,4905.12,78.0,29.3071,3.378
10392.1,3960.06,0.38106,76.9708,1441601.8,150.915,4699.98,107.0,31.6804,17.878
7031.39,1700.23,0.2418,64.3356,988907.4,84.3834,3592.61,28.0,37.8239,2.112
8694.73,1995.92,0.22955,85.2854,1184185.1,115.947,3696.87,37.0,34.9242,2.054
6830.77,2457.66,0.35979,56.8995,929662.3,92.7361,3211.93,42.0,38.5027,4.977
6975.55,2563.78,0.36753,73.7825,970455.3,110.567,2954.88,100.0,37.6503,14.602
8344.87,2341.76,0.28062,87.4466,1183723.8,126.403,3967.52,166.0,33.6943,1.247
7502.37,1864.23,0.24848,72.1993,1035828.2,96.1794,3373.96,48.0,35.2167,5.19
5943.2,1452.86,0.24445,63.8075,813729.25,85.1706,2975.8,34.0,38.4166,3.375
12151.5,3062.64,0.25203,117.747,1657233.2,157.705,3945.81,226.0,32.6327,2.751
10608.3,2544.63,0.23987,125.051,1433404.2,151.269,3659.36,21.0,34.7887,2.172
4445.17,892.72,0.20082,43.573,605837.1,62.7429,2617.47,11.0,43.0193,2.38
9916.42,2881.75,0.2906,113.105,1401958.4,150.529,4307.82,45.0,33.3971,3.028
15848.0,4342.2,0.27399,168.875,2252428.0,223.459,5713.96,60.0,23.1139,15.115
10444.8,3417.87,0.32723,92.3522,1470230.6,148.869,4434.51,88.0,30.8324,14.069
7263.72,2633.44,0.36254,65.9889,1038389.1,102.043,4045.31,56.0,37.5748,5.621
7802.18,2139.12,0.27416,87.5887,1079451.2,107.526,3076.53,25.0,37.7813,1.186
8644.87,2255.01,0.26084,87.9515,1227952.4,114.275,3946.56,6.0,33.9743,1.965
8476.38,2381.06,0.2809,91.4939,1166084.0,113.045,4204.51,119.0,34.2381,14.553
9624.72,3828.15,0.39774,89.7592,1294914.6,134.842,3927.61,34.0,36.6364,16.45
5261.57,1690.05,0.3212,54.2712,721696.1,74.8523,3027.24,18.0,40.1752,8.08
7887.11,1913.55,0.24261,75.607,1102522.0,102.496,4253.03,44.0,34.5039,1.841
5986.52,1950.7,0.32584,68.0371,827208.2,88.6902,3028.66,40.0,40.2513,1.641
13525.7,4060.12,0.30017,172.499,1863761.6,183.029,4929.77,201.0,26.9795,1.914
14318.9,4594.74,0.32088,158.843,1960149.5,202.398,5071.96,75.0,26.9037,4.761
5752.28,899.3,0.15633,51.1054,792301.44,61.925,3040.58,24.0,39.6929,3.622
5391.65,1414.49,0.26234,40.9491,737722.6,93.8221,3371.98,25.0,44.0586,13.221
5810.56,1460.54,0.25135,50.4719,806143.2,68.6675,2756.43,32.0,39.8895,14.693
11402.5,3562.16,0.3124,128.842,1593091.6,174.476,4767.04,142.0,29.4151,14.432
6743.66,2356.45,0.34943,79.1873,924078.5,96.4363,3262.79,58.0,38.5579,1.16
10286.8,3549.19,0.34502,87.9649,1429152.1,152.064,3502.88,18.0,35.2432,16.549
10589.0,2311.07,0.21825,126.759,1442599.6,174.941,3921.68,69.0,33.0916,1.503
12076.3,3664.56,0.30345,168.973,1681892.1,211.633,4762.89,69.0,28.3705,3.396
5483.63,1516.68,0.27658,53.1938,716853.5,84.999,3429.79,21.0,37.1545,12.058
8978.31,3133.62,0.34902,86.3433,1238054.9,123.688,3632.54,115.0,35.485,4.82
6873.6,1401.06,0.20383,63.3109,960316.1,84.9051,2909.23,41.0,41.0086,16.933
6969.47,2484.23,0.35644,67.5504,918870.5,98.7747,3654.31,81.0,40.0268,8.396
12958.4,3493.28,0.26957,162.594,1798705.2,211.935,4827.72,50.0,28.4308,2.74
11649.3,5198.41,0.44624,100.93,1609287.1,188.331,3784.53,88.0,34.0105,17.245
10790.7,3018.48,0.27972,126.318,1437184.0,164.0,4076.82,40.0,33.4116,1.927
7618.72,2020.74,0.26523,91.4897,1039036.3,127.378,3314.41,11.0,36.8614,1.727
13924.6,5413.36,0.38876,185.713,1877007.6,263.554,5385.4,193.0,27.1962,4.902
12081.3,3220.25,0.26654,160.384,1708789.1,195.031,4799.45,64.0,28.5711,2.772
11475.2,5177.18,0.45116,169.614,1564442.5,225.89,4589.33,179.0,29.8221,12.923
11828.3,4690.55,0.39655,130.038,1605370.8,218.224,4744.23,176.0,29.3935,3.21
12637.3,2631.74,0.20825,166.497,1714371.1,216.357,4698.52,93.0,28.9728,1.902
18903.4,5649.19,0.29884,198.29,2654131.2,244.759,5887.94,152.0,21.7458,20.726
6698.51,2348.65,0.35062,56.9431,953419.8,83.1468,3125.18,59.0,39.7776,13.394
5618.35,2147.24,0.38218,50.2584,785387.75,81.359,2347.67,29.0,42.1204,1.842
8940.61,2451.21,0.27416,95.6395,1243529.2,144.144,4286.24,73.0,33.3025,4.467
4365.42,1378.79,0.31584,38.8794,617283.2,62.3675,1888.07,45.0,43.9845,11.051
14242.6,4217.78,0.29613,98.5583,1956254.1,174.322,4623.73,151.0,29.1562,20.115
8992.29,3448.08,0.38344,97.9145,1256944.0,126.769,3366.34,68.0,35.4338,15.936
10233.7,3309.41,0.32338,93.8714,1443822.6,137.073,3950.53,88.0,34.9053,15.288
7558.26,3098.0,0.40988,75.3917,1019053.94,136.122,3606.77,52.0,36.2991,10.77
7569.76,2790.11,0.36858,64.8508,1105201.1,101.537,3229.16,28.0,38.7872,1.335
5281.5,1209.71,0.22904,42.7169,733895.8,70.0184,2727.17,20.0,41.2341,8.342
8632.74,2190.95,0.25379,98.1934,1173640.5,124.204,3494.5,12.0,36.8056,1.461
6014.59,2268.5,0.37716,41.3993,818038.4,96.6706,1872.73,21.0,40.228,14.814
5695.23,1315.46,0.23097,42.4622,785930.56,84.8204,2810.32,14.0,41.382,12.796
14228.3,4444.36,0.31236,142.083,1983640.2,231.816,4961.92,92.0,28.3211,15.752
7373.42,2117.18,0.28713,73.8848,1006786.7,103.708,3339.21,77.0,37.31,3.908
11016.4,3588.75,0.32576,128.487,1485837.5,167.833,4076.37,56.0,33.2915,1.914
5223.08,1828.39,0.35005,49.675,732224.75,70.278,2141.49,28.0,42.9391,4.864
7026.6,1803.61,0.25668,65.8063,997905.0,76.0267,3316.23,19.0,37.7809,4.742
5290.34,1272.5,0.24053,50.9253,673481.5,68.8597,2128.79,30.0,43.3989,10.764
14859.4,4142.33,0.27876,112.909,2016210.1,182.652,4056.78,154.0,32.0733,3.273
13560.3,2195.17,0.16188,130.66,1853404.8,185.49,4535.38,154.0,30.2793,19.264
5168.71,1847.06,0.35735,41.2463,722982.4,75.2339,2614.67,55.0,42.1028,4.968
8880.25,1837.44,0.20691,80.6639,1254062.9,99.0101,4830.04,28.0,46.5464,0.0
12959.4,4487.0,0.34623,149.542,1825806.1,202.355,4831.76,127.0,28.4224,9.338
10531.9,3258.86,0.30942,117.694,1442670.8,157.86,4279.27,119.0,30.4511,16.369
5833.31,1522.57,0.26101,53.8472,755882.44,94.9185,3726.39,16.0,40.5578,14.632
4599.58,958.7,0.20843,46.9083,578537.4,63.0406,2112.97,11.0,43.465,5.005
5834.46,1950.48,0.3343,57.217,796475.0,83.259,3195.05,17.0,39.5294,7.88
4421.36,1734.8,0.39236,42.1255,586613.0,79.2841,1500.03,29.0,40.6731,12.782
8978.93,2270.27,0.25284,84.7382,1285875.5,119.776,4035.88,5.0,33.8986,1.437
14141.1,4096.95,0.28971,197.26,1938316.8,216.616,4582.02,171.0,29.1334,1.895
6449.78,1439.3,0.22315,74.7722,849784.5,90.5322,3393.06,80.0,38.21,1.477
7194.85,2064.87,0.28699,67.4052,1009249.75,93.1639,3367.1,27.0,38.7106,11.828
8433.96,2636.87,0.31264,67.7383,1158501.5,114.181,3582.45,48.0,37.0967,13.413
10993.7,3577.02,0.32536,134.132,1472423.4,171.806,4091.77,38.0,33.2545,2.733
7034.32,2238.05,0.31816,76.4392,963135.0,111.301,3069.56,82.0,39.1113,1.539
8097.7,1789.03,0.22093,96.775,1130909.2,112.664,3955.99,88.0,34.5224,8.265
4257.15,1005.91,0.23628,29.2919,596255.8,45.486,2081.12,45.0,44.4361,7.406
5906.69,1216.69,0.20598,53.9071,817023.75,67.7871,3043.72,24.0,39.7659,4.202
9227.75,3327.33,0.36057,82.5619,1318616.0,140.177,3344.03,65.0,36.9341,16.769
6694.36,2179.4,0.32555,62.151,921625.6,92.8244,3205.51,38.0,39.0094,7.452
8708.78,2833.07,0.32531,84.1831,1231553.2,130.444,3794.64,3.0,34.1294,1.981
10766.5,4572.23,0.42467,132.256,1467601.6,205.029,4556.93,175.0,30.3984,4.538
8391.54,2398.08,0.28577,92.6964,1185516.9,111.079,3634.0,92.0,36.4351,2.276
14215.6,5392.85,0.37936,155.314,1965594.8,239.185,4230.74,150.0,30.8396,19.853
17494.4,5055.62,0.28898,230.165,2411321.0,293.769,5616.35,201.0,22.9328,4.135
9519.44,4291.01,0.45076,79.3722,1327429.9,152.812,4143.01,93.0,34.1915,13.765
11121.5,3840.37,0.34531,84.1806,1507999.6,182.72,4325.03,24.0,32.5718,15.077
6277.13,2029.47,0.32331,56.8948,856501.4,98.8184,3275.0,52.0,39.0807,9.683
7056.04,2385.4,0.33806,72.7297,970600.1,99.5021,3750.66,33.0,36.1048,1.738
13652.3,4265.02,0.3124,158.226,1889470.0,230.641,4897.02,99.0,28.0479,17.694
6304.4,1774.57,0.28148,63.4684,891171.7,91.0925,2707.4,40.0,37.3239,15.407
6234.25,2111.46,0.33868,59.755,868938.75,87.6407,2674.68,45.0,39.3242,2.264
7682.26,2030.72,0.26433,67.3266,1061471.9,107.488,3553.11,22.0,37.8733,1.711
6556.03,1478.72,0.22555,54.3752,861360.9,80.4773,3313.58,45.0,37.9893,6.58
7974.5,2288.12,0.28692,87.5568,1101635.6,111.893,3100.79,21.0,37.6793,0.652
15890.9,5181.8,0.32608,234.997,2170373.8,256.619,5350.24,120.0,22.8329,2.017
13931.6,4051.88,0.29084,116.929,2025617.0,175.941,4974.24,140.0,32.9336,17.065
9889.62,2623.83,0.26531,95.9821,1358829.1,132.597,4449.85,44.0,32.6547,14.157
13844.9,4168.2,0.30106,149.195,1963114.8,223.163,5621.82,139.0,25.6418,18.973
8043.44,3230.74,0.40166,77.2165,1125541.2,135.722,3281.23,92.0,37.0516,13.702
17947.1,5740.27,0.31984,180.857,2482555.0,246.649,4397.93,123.0,30.4582,6.214
14753.3,6348.61,0.43031,113.077,2023099.4,218.141,4653.87,198.0,29.2292,18.867
13585.8,5028.97,0.37016,108.206,1823191.6,257.463,4171.66,102.0,31.0432,9.392
17187.1,5232.45,0.30444,206.886,2388399.5,268.487,6069.19,243.0,19.5579,9.046
6099.49,1487.55,0.24388,69.6515,864038.5,83.0944,2683.76,67.0,46.5464,9.64
5716.12,1720.7,0.30102,50.0018,735518.0,95.3,3462.25,20.0,38.2581,3.154
11552.2,3023.57,0.26173,147.897,1533311.1,173.372,4553.94,65.0,30.8936,3.486
8783.59,2453.39,0.27931,90.6773,1182898.1,110.388,4633.43,45.0,37.3917,20.192
4685.67,1717.23,0.36648,33.0403,657897.2,63.2065,2337.35,30.0,43.7588,8.137
5314.97,2048.73,0.38546,44.6088,759596.44,86.0219,2375.17,89.0,41.7938,12.226
8621.6,2127.65,0.24678,98.1179,1157878.2,130.58,3505.74,19.0,36.7745,1.073
8357.92,2307.14,0.27604,94.9504,1136643.1,114.745,3777.63,35.0,35.591,2.261
6547.91,1598.51,0.24412,54.0993,922446.94,77.3812,3367.94,58.0,39.3184,1.741
8680.84,3088.0,0.35572,78.861,1191074.6,111.776,3302.52,5.0,37.6594,13.081
19744.9,4905.69,0.24845,183.338,2825560.2,243.322,6603.95,225.0,22.657,6.439
6362.03,2702.02,0.42471,52.2276,877725.7,96.3127,2643.11,81.0,40.4103,14.656
9477.6,2961.1,0.31243,87.7097,1281181.9,129.155,3888.62,41.0,35.0208,2.099
22287.1,7169.15,0.32167,301.678,3135331.5,393.072,6644.2,116.0,15.8688,4.307
9350.5,2195.28,0.23477,64.4781,1294667.4,118.361,4333.62,56.0,35.9893,8.65
14771.1,4729.21,0.32016,179.18,2058679.9,242.432,4470.59,19.0,29.9416,3.384
9272.01,3169.31,0.34181,89.9894,1337068.6,134.292,3653.6,20.0,35.2963,2.475
7781.71,2671.94,0.34336,59.2662,1097657.5,102.36,2869.78,26.0,37.4003,11.882
5726.78,1539.73,0.26886,56.2256,818784.06,69.7737,2580.15,70.0,41.6568,3.072
7511.21,2572.04,0.34242,84.1228,1016587.0,124.135,3361.17,111.0,37.3627,11.7
6677.68,1839.82,0.27551,61.3689,899585.1,82.1986,3295.28,30.0,38.9225,5.798
6144.02,1826.5,0.29728,63.6997,818761.1,92.5524,2670.29,54.0,40.2418,16.585
7031.66,1849.62,0.26304,59.692,963486.0,94.1444,2882.43,33.0,40.249,4.695
5432.99,1354.53,0.24931,54.9924,713341.4,75.1496,3375.04,20.0,41.2936,11.135
8354.12,2847.22,0.34081,62.7399,1156187.2,113.0,3715.85,15.0,35.2579,17.315
8815.99,2566.03,0.29106,93.626,1224276.5,121.264,4334.8,111.0,33.6935,13.52
7663.26,1680.44,0.21928,88.5794,1070970.8,105.574,3873.36,19.0,35.5294,1.574
6190.99,1480.21,0.23909,56.2911,838791.3,91.7023,2945.25,52.0,40.5211,13.058
11508.5,2513.9,0.21843,154.025,1629165.2,169.444,4592.65,50.0,30.0287,0.992
13208.7,5022.96,0.38027,129.492,1880583.4,220.245,4705.63,68.0,30.9911,11.204
4160.52,1747.91,0.42011,23.5668,571552.75,59.8512,1675.53,32.0,44.7909,10.545
14134.2,3851.34,0.27248,176.542,1964674.1,211.645,5580.59,138.0,23.5058,1.334
11237.2,4012.35,0.35705,128.298,1551532.5,178.176,3962.34,40.0,31.8972,3.265
3933.16,1195.32,0.3039,34.9782,537062.4,48.9778,1395.07,17.0,44.3331,1.441
8302.22,2159.01,0.26005,66.1624,1105466.0,102.466,4223.45,28.0,34.7321,10.478
11868.5,3490.65,0.29411,134.825,1661125.5,171.968,4204.89,43.0,32.1668,3.256
6287.04,1916.85,0.30488,54.9512,879200.56,93.8449,2400.39,16.0,41.5003,2.529
7410.84,1934.36,0.26101,73.395,1025986.94,89.7928,3380.02,41.0,36.4174,12.09
4450.53,795.59,0.17876,39.0846,588171.6,64.3986,2562.43,12.0,43.4442,2.121
7193.45,2098.07,0.29166,60.3832,1020131.44,87.9169,4165.06,14.0,37.8783,12.923
9243.69,2450.6,0.26511,107.517,1285860.0,119.418,5147.79,113.0,30.0981,14.995
4178.9,1264.36,0.30255,36.4505,565419.75,52.1556,1392.21,32.0,44.4497,11.685
13426.3,2817.07,0.20981,166.96,1834200.0,205.504,4770.65,95.0,28.5536,1.718
5561.86,1078.02,0.19382,51.1426,792278.94,72.9365,2880.49,58.0,40.2227,1.612
11806.5,5379.03,0.45559,160.661,1618337.1,270.171,5024.92,148.0,27.2742,19.203
4989.53,948.21,0.19003,45.2888,721123.94,58.7744,2187.85,80.0,42.804,0.631
7157.9,2592.08,0.36212,65.8441,927537.4,109.173,3819.8,53.0,38.4429,6.134
18145.7,5469.3,0.30141,122.109,2572473.2,223.097,5777.64,156.0,26.8558,16.465
7283.68,2523.66,0.34648,77.772,993579.25,110.198,2856.86,101.0,36.4561,8.702
9221.37,3543.76,0.38429,86.0695,1265371.4,148.673,4662.03,59.0,34.1734,15.896
12747.0,3558.87,0.27919,168.877,1807301.5,198.195,4638.74,103.0,29.6553,2.568
4045.88,1385.75,0.3425,35.1162,558158.3,50.8689,1388.97,17.0,44.2919,1.904
6378.66,2015.17,0.31592,54.1946,864205.06,91.8683,3260.73,11.0,39.4752,10.876
4387.69,1991.32,0.45384,38.0786,599346.25,66.994,1569.54,46.0,43.7492,11.261
16207.9,5688.54,0.35097,227.742,2218632.5,272.86,5362.47,126.0,24.308,2.377
12728.5,3893.88,0.30591,128.25,1794954.0,181.758,4693.39,68.0,29.7827,2.496
7164.28,2205.43,0.30783,53.2622,939225.3,117.85,5727.63,19.0,36.4971,3.664
10012.3,2674.6,0.26713,120.741,1375362.0,145.364,4180.03,129.0,32.8198,2.271
11380.8,4511.31,0.39639,90.0225,1628150.6,162.768,4197.93,84.0,37.0161,15.931
9466.08,2807.55,0.29659,90.023,1329133.9,122.471,4554.86,42.0,33.4249,1.712
15102.3,3933.26,0.26044,187.246,2134417.0,215.498,5695.16,68.0,23.0142,1.323
6235.05,2042.61,0.3276,41.4092,870104.44,83.7851,3315.54,39.0,35.9183,14.278
8185.2,3174.77,0.38786,66.8154,1149930.0,109.9,3208.53,33.0,37.6535,16.959
6046.98,2195.23,0.36302,55.5748,826817.6,81.6327,3091.16,15.0,39.7643,13.093
8620.32,2573.16,0.29849,93.666,1185267.4,103.417,3322.83,23.0,35.3478,11.999
20132.3,7658.85,0.38042,182.106,2774066.5,334.639,10385.05,113.0,25.0564,4.373
9165.71,2434.03,0.26555,101.866,1254579.9,153.597,4147.65,73.0,33.2276,0.62
13939.1,5650.01,0.40533,193.651,1828459.4,249.19,5098.44,81.0,26.6083,7.121
9793.05,3925.01,0.40079,68.7704,1382192.1,136.492,4030.6,46.0,38.493,16.855
12224.5,2282.47,0.18671,155.628,1660120.6,185.844,4860.67,137.0,29.8454,0.786
12989.8,4144.92,0.31909,168.777,1762792.2,209.412,4530.89,72.0,30.9436,18.855
9238.63,2079.36,0.22507,93.3898,1307739.1,115.33,3694.32,37.0,35.4172,7.76
9651.51,2526.73,0.26179,93.7132,1367874.0,151.323,3966.58,39.0,46.5464,2.165
14376.2,5474.35,0.38079,158.5,1997164.2,238.093,5282.0,133.0,26.2931,20.371
9696.42,2611.58,0.26933,120.309,1325816.1,143.484,4161.14,135.0,26.2917,19.129
12420.9,4514.78,0.36348,139.819,1690967.2,199.421,4345.79,82.0,32.2863,19.351
19738.7,5586.51,0.28302,206.44,2733399.5,286.071,6394.86,238.0,20.2584,13.132
13057.9,3634.83,0.27836,160.514,1825959.4,219.881,4369.09,75.0,30.9101,1.458
4512.71,1374.56,0.30459,39.9455,618398.4,50.7684,1957.11,52.0,43.8701,11.794
8559.01,2014.21,0.23533,59.3272,1216662.2,91.0821,3189.03,27.0,38.5358,8.413
7025.51,2224.62,0.31664,63.6664,965137.5,95.6462,3525.84,25.0,37.7758,5.232
16078.1,4226.73,0.26288,216.888,2262946.5,271.468,5689.87,86.0,22.9733,1.346
14187.3,4405.73,0.31054,135.661,1986292.2,195.261,4790.23,72.0,29.2641,4.106
10092.0,3227.67,0.31982,100.767,1403735.6,126.399,3663.75,42.0,36.1927,9.196
7455.28,2201.05,0.29523,75.7381,1006898.4,100.175,3090.0,121.0,38.3332,1.54
8596.26,2164.0,0.25173,89.0647,1198198.8,119.152,3738.94,44.0,35.5356,2.159
7706.09,2433.65,0.3158,63.4479,1074122.9,102.782,3334.8,42.0,35.8418,8.154
7432.82,1904.79,0.25626,68.5595,1005367.4,86.0146,3394.31,35.0,34.1606,11.376
9285.39,2745.43,0.29567,92.0161,1289217.1,115.212,3901.51,54.0,35.9867,15.71
10151.3,2600.22,0.25614,101.814,1451275.2,149.011,3967.41,40.0,33.6412,1.525
7469.71,1382.79,0.18511,52.3439,1060555.0,72.6365,3295.05,32.0,38.917,6.772
7845.38,2117.98,0.26996,92.5067,1104654.1,110.137,3553.81,98.0,36.8663,2.087
13872.8,3928.49,0.28317,197.311,1884121.9,215.372,4588.17,181.0,28.9536,1.892
6667.3,2250.93,0.3376,57.7342,927359.75,98.6345,3725.8,73.0,36.616,1.285
8361.25,2201.86,0.26334,92.1923,1185049.9,102.445,4002.12,20.0,35.4529,1.584
11789.9,3948.27,0.33488,123.411,1638195.6,180.212,4112.11,24.0,31.6659,2.99
10360.2,3711.21,0.35821,94.8102,1426654.2,151.945,3774.37,22.0,34.6906,3.482
6121.58,1563.28,0.25537,52.1729,797816.6,97.5563,3864.22,19.0,37.0229,1.917
11416.8,3226.53,0.28261,125.309,1572208.0,164.912,4420.84,95.0,31.4997,1.829
5077.64,1480.21,0.29151,54.3005,679794.7,81.511,2631.86,29.0,41.3202,4.239
14798.3,5525.67,0.37339,172.265,2114547.8,214.363,5029.16,167.0,28.2238,19.799
16201.9,4931.47,0.30437,213.208,2248877.2,279.89,5717.95,197.0,21.9705,2.015
7504.31,1835.48,0.24459,73.827,1096399.0,94.9616,3017.69,14.0,37.7699,1.734
9420.84,2927.87,0.31078,105.087,1302464.0,128.853,3693.54,21.0,34.6244,3.254
10453.5,4105.6,0.39274,109.671,1439392.8,174.561,5494.89,65.0,32.2169,2.276
6632.66,2480.15,0.37392,56.1165,927969.44,98.0475,2445.12,56.0,41.5904,14.206
9356.16,2264.41,0.24202,107.926,1272182.8,141.039,4037.36,41.0,33.9122,2.324
16234.9,6012.06,0.37031,179.449,2218236.0,273.048,5119.5,61.0,26.3599,19.971
8436.02,1566.57,0.1857,79.228,1200636.5,95.9902,3924.51,14.0,34.9206,1.246
10689.5,2772.9,0.2594,121.318,1544023.9,152.426,4256.98,82.0,32.8248,16.091
15327.8,5491.81,0.35829,182.608,2181668.0,260.461,4653.83,47.0,28.2438,6.895
5819.05,2353.58,0.40446,34.209,821751.75,82.4912,2723.17,47.0,42.3646,2.854
6673.99,2437.81,0.36527,59.0395,868520.7,108.031,3019.15,57.0,38.8545,17.505
7733.69,2320.66,0.30007,75.5748,1028820.06,99.5606,3402.65,83.0,37.4139,3.318
6804.77,1916.99,0.28171,56.0653,930773.8,84.2472,2719.18,23.0,40.4255,10.579
11529.7,2619.22,0.22717,127.412,1632370.1,163.844,4457.83,55.0,31.1673,2.406
12220.9,2280.07,0.18657,144.878,1663045.8,192.693,4801.27,144.0,29.8862,0.514
9588.08,3799.87,0.39631,94.033,1352167.1,136.553,4579.81,37.0,34.3168,16.203
8710.45,4357.78,0.50029,89.2042,1061146.6,171.437,2309.99,87.0,40.4988,15.292
14947.3,5492.08,0.36742,182.861,2087252.0,252.65,4422.47,33.0,26.6619,2.218
4969.74,1813.48,0.3649,33.8673,689923.25,67.3884,2281.24,46.0,43.4625,8.091
10989.1,4667.51,0.42473,96.276,1536641.5,151.748,4353.94,56.0,31.7626,15.468
5278.91,1280.92,0.24264,53.555,711145.9,73.0856,2754.46,54.0,40.7162,13.469
10802.1,1970.39,0.1824,122.391,1498966.2,141.454,4460.47,70.0,30.6044,0.0
18195.5,8301.0,0.45621,211.808,2586290.2,317.179,5103.06,148.0,25.9457,17.638
5764.43,1069.13,0.18547,51.3215,829871.7,74.4271,2432.25,17.0,40.779,0.0
9001.03,2349.4,0.26101,91.6142,1251895.6,128.753,4719.38,51.0,32.5383,3.084
14073.0,4493.04,0.31926,189.854,1952091.6,233.609,4432.53,26.0,29.9378,2.776
8759.69,1627.85,0.18583,76.6229,1188446.0,105.526,3768.19,24.0,38.7522,6.989
8278.19,2226.42,0.26895,62.9503,1135480.8,106.56,3690.24,59.0,36.3556,10.724
12500.9,3373.35,0.26984,163.992,1718086.2,224.874,4657.58,27.0,28.0401,3.404
4137.79,1920.04,0.46402,66.3132,536054.7,110.08,1650.12,107.0,43.9192,14.696
22802.7,7218.9,0.31658,315.708,3169626.5,380.945,6284.39,97.0,17.7242,3.407
6849.68,2229.03,0.32542,70.9509,956458.25,88.2531,3008.09,72.0,37.27,10.157
12977.9,4168.4,0.32119,139.692,1794355.1,209.04,4667.6,87.0,30.6635,17.81
11054.2,4216.38,0.38142,93.6621,1496691.6,171.981,3767.33,28.0,35.8705,17.347
8395.97,1529.95,0.18222,76.2601,1123739.5,107.872,3428.44,38.0,36.2893,18.973
13522.2,3989.5,0.29503,147.791,1844966.5,206.419,4534.29,33.0,30.1517,2.0
9859.75,3091.87,0.31358,97.0139,1345806.9,143.373,3434.45,24.0,34.8741,4.913
14948.0,3165.03,0.21173,170.534,2036646.6,216.824,4878.93,117.0,27.6841,3.367
15884.9,5625.47,0.35413,186.395,2291611.8,284.031,5276.49,100.0,24.3014,3.725
6134.28,1891.06,0.30827,48.5709,880304.0,86.2728,3150.16,7.0,34.3099,7.882
6997.5,2161.0,0.30882,61.6332,992216.06,90.0566,3937.39,46.0,34.8783,7.081
8130.04,2745.94,0.33775,87.8889,1141019.6,133.655,3458.66,29.0,37.5744,17.16
7855.12,2350.14,0.29918,82.1692,1065326.4,101.284,3613.17,12.0,36.7844,4.738
7938.3,2203.57,0.27758,85.4833,1095569.0,112.489,3100.17,21.0,37.695,0.605
4669.04,1233.67,0.26422,48.2224,594034.3,61.6126,2098.7,39.0,42.9393,3.254
9738.63,3316.76,0.34057,84.7513,1321601.5,165.595,4564.54,44.0,36.2605,20.483
8095.68,3429.99,0.42368,69.1028,1113551.8,139.874,3576.59,68.0,36.4143,16.037
14061.4,5041.72,0.35855,193.129,1906909.8,277.665,5041.78,102.0,26.8983,7.979
7787.38,2358.77,0.30289,41.8679,1084707.0,109.706,3765.38,23.0,36.4909,13.285
5913.61,1210.78,0.20474,47.8942,841516.2,81.2444,2889.98,50.0,40.0834,1.952
5279.16,1977.33,0.37455,46.8131,761115.3,72.8588,2291.54,37.0,40.5678,6.5
7918.53,2602.54,0.32866,63.0629,1073496.4,110.142,3134.37,37.0,40.119,4.752
13061.6,4611.28,0.35304,160.923,1841748.0,233.097,4683.51,119.0,29.1521,6.313
7122.58,1785.02,0.25061,71.5249,989913.75,88.6473,3118.19,30.0,35.0109,11.381
8199.32,2309.89,0.28171,93.1585,1162937.0,112.535,3557.42,96.0,36.9801,1.971
6421.33,1900.76,0.296,63.1293,872798.75,87.0819,3072.86,29.0,39.6471,7.298
5792.88,1933.63,0.33379,76.8551,792455.9,89.3148,3061.45,64.0,38.9969,11.503
8594.35,2902.38,0.3377,63.46,1179631.5,112.932,3770.63,39.0,36.4868,5.501
4807.68,2518.0,0.52374,60.6493,657512.8,90.6485,2499.84,52.0,41.8417,11.524
5954.96,1986.55,0.33359,55.5366,818441.9,92.1271,2327.75,17.0,40.7023,2.435
5695.11,1378.52,0.24205,50.2264,781434.75,76.9749,2365.74,39.0,42.7929,6.256
3812.34,1035.58,0.27163,35.7744,543584.7,44.9249,1757.11,12.0,44.5319,6.999
17427.4,6257.33,0.35905,205.899,2297984.2,250.756,5455.28,142.0,24.3651,8.303
16375.7,5531.07,0.33776,188.281,2339266.5,279.926,5141.88,123.0,25.3717,5.41
19252.4,6163.35,0.32013,191.386,2680841.2,257.45,6945.12,166.0,23.0635,20.099
8260.94,2565.11,0.31051,69.4035,1131817.6,117.565,4179.69,79.0,32.4153,12.607
15870.6,5417.66,0.34136,184.317,2239378.5,242.778,4936.26,41.0,27.6955,6.354
5625.37,1052.63,0.18712,53.0257,809759.44,69.0786,2856.29,58.0,40.3231,1.398
7029.26,1985.73,0.28249,63.4257,961210.1,87.6786,2564.65,13.0,40.4292,13.411
7161.84,2034.78,0.28411,68.6579,980910.25,103.864,3073.58,45.0,37.4775,8.195
6113.91,1769.07,0.28935,48.9909,787036.56,83.1587,2444.84,39.0,44.0149,6.143
7252.03,2138.12,0.29483,80.6255,992265.1,113.19,3077.06,81.0,39.0199,1.372
7748.75,1973.69,0.25471,54.2332,1105122.1,80.6508,3326.88,27.0,39.9578,15.891
11751.2,3232.28,0.27505,95.0198,1614244.1,151.219,4350.07,157.0,33.1314,15.83
4478.25,1189.1,0.26552,45.8409,603704.7,64.9879,2692.83,15.0,42.9329,2.436
8474.89,2686.86,0.31703,65.2263,1202556.4,100.473,4494.43,48.0,38.3025,12.826
16216.0,6131.03,0.37808,136.72,2269746.8,242.247,4737.57,51.0,29.3213,3.269
21641.6,8183.06,0.37811,179.571,2979295.2,365.141,14445.59,113.0,28.4244,6.517
3891.33,740.9,0.19039,39.6551,526032.8,53.3412,2212.66,33.0,44.1303,14.589
14131.1,4395.94,0.31108,134.222,2025702.0,167.319,5144.67,66.0,26.7596,12.005
15194.1,4832.21,0.31803,219.472,2101706.5,250.722,5274.46,288.0,24.725,1.944
9037.68,3440.11,0.38064,74.4112,1266264.1,121.217,4386.25,26.0,34.8146,15.892
8094.96,2372.41,0.29307,81.918,1117757.2,103.785,4400.49,59.0,33.8533,2.817
9018.38,2971.18,0.32945,81.0263,1302139.1,126.424,3524.7,24.0,36.9775,4.69
6252.83,1773.96,0.2837,54.8154,854944.2,81.7932,2571.51,28.0,41.3653,13.996
8303.31,2559.07,0.30819,64.2187,1126667.8,115.055,3834.11,45.0,36.6476,5.225
6595.34,1577.55,0.23919,74.8079,898308.6,87.9187,3026.61,33.0,37.764,3.812
6230.65,1824.53,0.29283,54.8078,853934.9,81.5361,2587.12,24.0,40.7499,14.063
4901.7,1017.63,0.2076,38.5883,666787.4,61.0934,2609.32,6.0,43.5926,5.728
6183.06,2033.32,0.32885,65.1704,817963.44,90.242,2826.04,30.0,40.386,4.928
6608.95,1853.25,0.28041,76.1544,885301.3,94.2768,3501.09,73.0,38.744,1.79
10966.6,3978.26,0.36276,105.534,1520551.1,175.848,5470.1,49.0,33.0596,2.043
6648.89,2226.63,0.33488,63.9763,917710.8,106.918,2816.9,42.0,39.3293,10.113
7534.6,2526.67,0.33534,75.5314,1044642.1,97.1142,3740.72,29.0,36.2684,1.798
4959.99,1258.63,0.25375,47.8912,629108.75,65.1373,2127.16,42.0,43.068,2.299
6811.26,2022.08,0.29687,56.6616,977197.9,80.0861,3342.21,32.0,39.8254,16.3
20006.3,6956.96,0.34773,211.765,2803616.8,350.758,5782.59,164.0,21.9654,20.614
9216.49,2970.96,0.32235,76.551,1269743.0,127.155,3623.28,66.0,37.662,3.42
8006.91,2618.18,0.32699,70.9369,1141961.4,115.097,3333.93,74.0,38.9183,11.352
5853.98,1087.27,0.18573,50.5835,807671.5,72.0055,2829.49,43.0,40.7246,14.853
16612.7,4757.67,0.28638,176.39,2268213.5,240.762,5127.95,75.0,29.0644,18.754
8113.03,2740.68,0.33781,63.9086,1106524.5,108.522,3396.08,57.0,39.8694,13.973
6282.4,1630.85,0.25959,54.852,876912.0,76.1141,3357.92,55.0,39.0632,2.39
12039.5,3029.18,0.2516,130.698,1640050.1,153.602,3966.77,228.0,32.4394,2.414
10739.0,2632.71,0.24515,130.855,1493911.0,168.605,4684.09,173.0,28.943,0.636
14423.1,4486.97,0.31109,148.143,1981077.1,216.838,5382.47,20.0,31.0315,8.474
5628.3,2275.97,0.40437,55.5501,768567.25,94.1167,2512.47,55.0,41.4688,3.925
13475.4,4814.93,0.35731,168.55,1877843.5,227.605,4644.75,99.0,29.7563,7.19
17893.2,4772.82,0.26673,241.792,2484903.8,293.49,5266.29,218.0,25.609,5.982
4875.98,1086.44,0.22281,49.0751,617981.8,56.0715,1990.53,36.0,43.2813,6.955
8812.72,2211.79,0.25097,90.3706,1244371.5,109.776,4688.81,31.0,33.0035,2.177
12572.3,4377.03,0.34814,150.958,1743823.8,165.117,5230.14,48.0,27.4839,4.06
8354.15,2223.74,0.26618,90.2559,1133154.4,114.073,3738.97,67.0,34.92,12.375
12157.5,3874.7,0.3187,139.214,1697405.0,173.413,4340.27,44.0,28.1887,3.233
11107.6,3520.92,0.31698,86.6237,1488520.0,158.661,4207.78,7.0,33.1577,13.743
13738.8,4217.47,0.30697,154.35,1958336.8,204.994,5220.77,38.0,28.1734,7.843
11526.0,2401.06,0.20831,153.506,1596715.1,202.01,4353.29,72.0,30.4051,0.0
7682.56,1622.01,0.21112,72.5948,1049806.4,104.466,3206.29,40.0,38.787,16.586
12100.6,4031.15,0.33313,127.833,1716204.6,168.79,4608.34,157.0,30.8348,3.928
14593.6,4675.51,0.32038,159.214,2034731.9,230.862,5011.93,132.0,27.4491,20.844
4999.85,1260.39,0.25208,45.9085,692337.1,57.3497,2175.01,32.0,42.7758,7.039
10639.9,2892.53,0.27185,96.5789,1492618.1,139.733,4423.29,69.0,31.154,13.228
7638.21,2091.13,0.27377,59.6842,1082901.5,90.9282,2970.46,15.0,38.6684,16.506
9063.36,2212.18,0.24407,100.977,1283646.6,126.59,3826.43,45.0,35.1229,2.732
7922.3,2593.68,0.32738,93.9228,1118362.2,112.144,4410.86,32.0,36.1693,1.566
16032.5,5224.64,0.32587,215.778,2223851.8,253.178,5398.12,275.0,23.9233,2.011
8943.11,2201.74,0.24619,103.224,1211361.4,142.027,4135.06,129.0,33.3243,1.874
10021.2,4268.03,0.4259,96.5742,1414238.1,141.42,3331.81,91.0,34.6449,19.236
8398.96,2773.72,0.33024,66.0337,1116159.9,122.708,4388.8,63.0,32.9158,5.258
6779.28,2534.2,0.37381,82.2926,925107.2,96.6377,3288.79,62.0,38.5517,1.377
8937.09,2589.61,0.28975,60.1459,1269427.0,112.958,3251.35,38.0,38.3221,10.326
5495.36,1583.64,0.28817,67.0608,762239.5,82.1685,3014.46,38.0,40.1549,1.716
7203.71,2175.62,0.30201,69.401,1045157.6,100.906,2612.2,53.0,40.4918,13.053
7492.43,1811.12,0.24172,81.5379,1059705.0,112.134,3528.48,93.0,37.0713,2.388
7261.94,2081.65,0.28665,65.8953,1005472.25,95.0544,3094.5,45.0,39.663,1.737
10126.1,3379.48,0.33373,92.9853,1400688.5,146.733,3622.97,21.0,36.0456,2.461
4279.1,831.28,0.19426,41.5056,565799.7,53.658,2605.61,21.0,43.673,8.256
7221.03,1717.82,0.23789,81.7402,1000348.4,102.89,3841.76,22.0,35.9714,1.323
14658.7,4645.9,0.31693,214.984,2033298.4,256.1,5330.65,290.0,24.75,1.656
17740.0,6248.27,0.35221,234.526,2420000.0,265.72,5612.72,136.0,23.1902,1.905
4780.31,1276.6,0.26705,29.9928,681184.94,57.3799,2285.48,49.0,43.7788,9.049
12526.7,3256.0,0.25992,133.152,1702438.1,157.717,4007.44,234.0,32.1068,2.303
9036.41,3176.6,0.35153,90.4529,1290612.6,131.077,3671.58,18.0,35.1477,2.369
7103.54,2274.41,0.32017,59.2676,922176.7,113.597,3328.08,22.0,37.6899,15.504
6896.78,2220.54,0.32196,61.7908,930328.9,102.055,3089.58,23.0,40.291,1.876
5772.05,1831.12,0.31723,54.5559,788986.3,79.3826,3186.25,13.0,39.1317,7.968
11931.9,2820.54,0.23638,88.4978,1669475.8,149.371,4750.62,148.0,30.8437,4.046
9617.3,2600.79,0.27042,91.6718,1346393.8,135.613,3650.29,120.0,35.7159,2.703
13563.4,3301.72,0.24342,187.669,1860112.8,205.405,4580.67,169.0,29.0715,1.683
5755.17,1545.13,0.26847,54.7032,825751.06,70.2461,2528.21,64.0,41.4733,2.534
14697.8,4394.42,0.29898,155.618,2042182.0,220.013,105948.17,182.0,26.7562,1.232
8070.01,2034.78,0.25214,71.8586,1064804.5,112.942,3094.49,47.0,38.2591,17.001
10865.0,2885.72,0.26559,129.502,1504575.4,179.787,4171.31,62.0,33.0853,1.344
6258.03,2091.48,0.3342,54.3963,860191.6,82.3505,2701.45,32.0,40.8837,5.827
11345.8,4025.0,0.35475,117.858,1615157.4,170.717,3845.97,67.0,34.6322,2.681
10903.3,5301.02,0.48618,125.874,1561338.2,181.703,4229.2,129.0,33.7602,18.145
15297.5,3832.8,0.25055,175.532,2158461.5,220.325,5694.31,148.0,23.0038,1.21
11094.9,5156.38,0.46475,95.1538,1563286.6,177.986,3724.1,80.0,35.7597,16.937
7215.39,1931.56,0.2677,59.0929,1024549.2,79.9564,3673.5,50.0,38.7246,11.817
8076.71,1890.58,0.23407,60.7161,1141457.5,77.5866,3462.28,35.0,37.2953,11.007
4966.74,1320.14,0.26579,40.7389,688064.9,59.2111,2597.11,56.0,41.7047,4.427
12939.3,3098.43,0.23945,159.256,1819246.6,200.176,4998.57,195.0,28.0287,1.817
13636.9,3742.12,0.27441,193.291,1853253.6,216.027,4597.43,179.0,28.925,1.97
6313.77,2426.66,0.38434,69.5744,857632.5,101.696,2945.39,65.0,40.2193,12.121
5817.34,2274.8,0.39103,53.4294,768669.75,92.3227,2802.23,61.0,40.4422,16.877
7653.38,2729.97,0.3567,71.0505,1025571.7,112.895,2986.33,33.0,39.2259,9.556
7329.79,1761.68,0.24034,61.977,1012951.8,91.5294,3214.8,101.0,37.7871,3.538
7914.14,2886.77,0.36476,81.2738,1111736.1,116.43,3460.68,54.0,37.5866,6.205
15128.5,4566.02,0.30181,189.47,2047836.2,199.765,5498.23,88.0,28.0911,6.01
23021.7,5560.84,0.24154,310.799,3156457.0,398.373,6263.83,141.0,19.8493,0.965
10684.4,3996.74,0.37407,87.35,1450901.9,179.126,4501.82,101.0,32.5806,16.073
4809.74,1966.27,0.40881,40.5533,653199.8,80.1634,1556.82,18.0,43.6285,11.583
9761.01,2777.36,0.28453,95.5528,1330748.0,126.036,3411.1,51.0,35.7468,14.252
4868.43,1383.88,0.28425,43.9801,666523.5,60.7199,1952.43,17.0,43.4074,3.547
7941.18,1950.28,0.24559,63.0049,1097924.1,101.681,3247.65,25.0,38.0724,8.779
3864.97,1053.02,0.27245,34.1935,550308.75,45.6028,1776.45,12.0,44.4779,1.793
6372.74,1925.63,0.30216,59.4153,858550.3,91.4724,3074.53,14.0,46.5464,1.154
9877.82,3124.1,0.31627,103.307,1403505.2,158.843,4079.5,59.0,34.7714,6.618
8407.97,2476.61,0.29455,63.8245,1208666.1,103.224,2663.72,50.0,40.0252,13.824
8146.94,1922.94,0.23603,79.2261,1136769.5,105.485,3867.31,16.0,34.305,2.185
5441.93,1474.82,0.27101,50.0433,690500.0,74.6932,2558.82,32.0,41.6227,15.503
15945.6,5379.55,0.33736,180.854,2186149.8,253.236,5327.98,105.0,25.3302,6.45
15254.1,4745.91,0.31112,186.233,1986743.5,224.307,4323.12,95.0,30.506,2.979
22444.7,5048.9,0.22494,317.875,3109127.8,395.88,6190.42,150.0,20.0483,0.996
10214.3,4737.2,0.46378,120.412,1441555.0,185.428,4464.34,124.0,31.2265,14.491
4927.66,1250.66,0.2538,45.5543,684848.44,57.3266,1882.2,11.0,43.7519,2.194
3838.75,1133.19,0.29519,32.1069,526586.5,46.9391,1398.46,17.0,44.3908,1.432
12809.5,1935.05,0.15106,151.828,1729134.9,201.006,4828.54,65.0,46.5464,0.0
13914.3,4487.68,0.32252,185.547,1901447.9,249.056,4568.74,33.0,28.9447,1.827
10059.2,2954.45,0.2937,95.9908,1432196.8,126.982,3777.13,90.0,35.2444,18.58
12297.3,4499.26,0.36587,91.1164,1720986.5,170.409,3703.87,31.0,32.7239,18.881
6017.67,1029.81,0.17113,57.6702,824682.6,83.1126,2824.52,50.0,46.5464,16.687
15784.2,3832.1,0.24278,193.76,2083508.4,249.324,5175.94,171.0,26.078,2.767
5788.69,1659.86,0.28674,29.2062,802423.5,66.7801,2399.41,22.0,42.5316,7.496
5582.97,1349.27,0.24167,52.4239,788958.7,72.9469,2488.97,61.0,41.7023,3.648
5766.57,1541.52,0.26732,61.7259,730243.3,88.5551,3080.04,16.0,39.4311,2.088
8935.46,2627.09,0.294,77.3051,1243243.8,112.561,4302.99,57.0,36.0201,3.044
5671.49,1291.79,0.22776,36.9593,776513.56,65.3634,2235.0,16.0,41.7969,13.435
7811.87,1954.26,0.25016,73.4043,1044462.7,97.8949,3802.67,88.0,34.4334,13.875
9515.73,2529.3,0.2658,75.8038,1300164.2,123.218,3779.89,43.0,34.8038,5.659
9276.69,3188.64,0.34372,95.8149,1280463.1,142.764,3971.3,24.0,33.7914,10.711
10513.6,2829.28,0.2691,126.247,1459445.2,159.225,4580.99,68.0,30.3098,1.762
8647.05,2600.18,0.3007,93.0759,1221221.6,122.994,3562.84,87.0,36.7727,2.156
8023.87,2486.84,0.30993,69.2004,1166484.5,97.2457,2746.64,56.0,39.9039,15.391
6284.24,1522.78,0.24231,64.689,859843.4,69.1134,2773.42,50.0,40.2673,9.124
7598.42,2576.49,0.33908,62.4925,1012366.44,108.698,3501.17,68.0,36.7922,15.291
6794.48,2008.7,0.29563,60.5958,897563.94,91.9659,2679.69,30.0,40.8836,3.272
8884.7,2567.81,0.28901,101.542,1199523.6,164.046,4087.43,77.0,33.211,0.658
13051.5,3747.18,0.2871,109.959,1786902.4,155.476,5155.26,130.0,31.618,17.085
6826.32,1105.93,0.162,63.2032,960159.4,77.387,2715.63,103.0,39.5404,10.197
6038.84,1703.52,0.28209,53.7762,827966.44,89.3116,2739.41,12.0,39.1805,11.288
12824.0,3747.21,0.2922,154.208,1800831.5,167.181,5267.83,24.0,26.8051,16.206
8479.84,2847.5,0.33579,85.2773,1128070.1,125.827,3269.56,45.0,37.0453,1.132
11991.0,4378.5,0.36514,129.835,1701647.6,191.706,5054.48,154.0,26.7015,14.003
8502.43,2289.37,0.26926,103.018,1150740.1,140.083,4026.88,103.0,33.3721,2.847
6760.77,2082.81,0.30807,61.7509,921576.1,85.6931,3162.4,30.0,38.9646,4.142
9960.03,3801.39,0.38166,73.8009,1374667.8,133.016,4930.64,34.0,38.1693,18.719
11749.2,2687.9,0.22877,155.851,1658474.5,175.059,4602.96,52.0,29.9519,0.99
9260.45,3721.1,0.40182,87.9486,1292790.9,138.854,4155.51,41.0,35.5814,10.822
13343.4,4397.5,0.32956,127.737,1924387.5,173.302,5040.97,59.0,32.5724,17.564
6935.84,2536.86,0.36576,60.0357,999936.06,102.467,2492.64,65.0,41.5656,9.41
8740.99,3526.44,0.40343,70.3135,1191709.2,139.811,3460.48,31.0,37.3972,17.895
9192.58,2602.99,0.28316,80.7347,1303149.5,120.332,4607.33,52.0,34.6307,1.313
11789.5,2918.75,0.24757,131.218,1606077.2,149.25,3971.51,226.0,32.4338,2.514
8779.78,1734.33,0.19753,78.0602,1256552.6,103.671,3929.79,15.0,34.8736,1.011
19872.5,6165.4,0.31024,238.01,2731624.0,328.363,5545.72,73.0,23.4833,3.359
15159.1,3868.97,0.25522,186.613,2143498.5,214.187,5698.56,64.0,23.1391,1.431
9144.1,2687.87,0.29394,95.1727,1259721.2,150.419,3257.2,12.0,36.6296,1.473
10153.3,3946.29,0.38867,94.2758,1440900.8,151.536,3630.76,95.0,34.5333,15.041
5853.93,2083.88,0.35597,50.0622,817960.56,79.9062,2366.55,27.0,41.5939,3.39
12373.2,3660.83,0.29586,151.356,1754432.6,202.274,4455.68,86.0,30.7443,5.828
11991.9,3864.03,0.32221,107.29,1670786.5,147.845,4843.33,87.0,30.7772,15.223
6109.06,1921.7,0.31456,54.2521,847591.94,84.3967,2682.22,44.0,40.7246,2.589
7919.99,2796.88,0.35314,68.9076,1069919.8,118.024,4028.84,65.0,35.9422,7.677
4862.59,1668.35,0.34309,35.9044,686169.8,58.4318,2098.54,27.0,43.2217,7.932
7008.1,2397.1,0.34204,65.0145,944231.3,103.179,3139.56,21.0,40.0999,1.673
5752.47,1480.55,0.25737,58.4301,820070.75,63.9846,2473.19,67.0,41.8463,8.961
10328.2,2794.05,0.27052,136.383,1396071.0,137.736,3887.06,130.0,32.9402,3.198
6917.2,2179.62,0.3151,62.8926,990128.8,80.5809,2394.43,76.0,40.2545,3.444
10347.6,3274.32,0.31643,76.8645,1451834.5,112.323,3904.34,42.0,38.476,14.476
7932.15,2814.08,0.35476,85.7866,1099840.6,115.416,3591.68,107.0,35.7727,3.265
12493.1,2351.78,0.18824,127.299,1714663.5,190.272,3875.3,93.0,33.2145,19.96
19347.2,5946.06,0.30733,168.534,2638613.8,248.873,5893.46,157.0,24.9882,18.101
7473.4,2295.17,0.30711,72.2348,1042894.4,104.634,3372.12,75.0,37.523,13.508
17917.4,5855.32,0.32679,190.362,2496426.0,255.042,5428.52,139.0,26.2944,14.966
3938.56,1203.08,0.30546,34.0442,538000.44,50.6148,1371.8,30.0,44.4651,11.413
8915.45,3715.23,0.41671,48.2541,1210128.9,142.02,3945.84,60.0,35.5232,13.35
15658.6,6197.22,0.39577,111.833,2151875.2,245.135,4459.12,133.0,26.1502,4.019
6620.08,1730.44,0.26139,68.7315,887530.3,88.9493,2994.93,23.0,39.0813,2.219
6971.69,2013.08,0.28875,55.151,923330.25,94.3958,3212.61,53.0,38.0396,4.78
22234.7,5399.2,0.24282,325.107,3045984.5,400.441,6220.35,161.0,19.8481,0.976
7465.55,1111.22,0.14884,56.7258,1080354.2,79.586,2560.13,57.0,40.2103,9.553
6785.94,1886.42,0.27798,60.204,923100.25,78.1352,3083.86,46.0,39.2181,12.074
5731.15,1531.4,0.2672,42.6841,794345.1,77.3875,2914.63,25.0,41.2183,12.306
16211.0,5552.93,0.34254,173.601,2301749.2,269.49,5573.02,203.0,27.0069,9.138
7713.08,2249.99,0.29171,62.4997,1075507.1,105.731,3653.48,41.0,36.7134,15.256
8728.24,1484.24,0.17005,76.3139,1183152.6,98.7793,3915.6,26.0,38.8269,16.857
6200.64,2097.35,0.33824,61.2686,824989.2,91.4069,3226.36,55.0,38.5428,4.46
12051.9,4098.03,0.34003,122.53,1642087.1,198.02,4607.42,72.0,31.4249,17.726
6827.98,1819.24,0.26643,67.6735,939542.3,85.9087,3056.5,47.0,39.6974,1.992
6592.79,1390.15,0.21085,58.484,905147.06,81.0378,3323.1,49.0,37.8556,8.879
8823.67,4363.93,0.49457,87.5257,1252925.9,136.31,3904.79,79.0,34.3175,18.912
6983.82,2262.64,0.32398,63.6142,982877.8,96.4842,4090.42,62.0,36.1703,20.042
12870.8,4166.33,0.3237,148.613,1807892.2,164.802,5171.07,47.0,27.4188,4.629
8523.29,3211.06,0.37673,88.5742,1141269.8,126.36,3635.48,30.0,36.9069,11.123
10955.8,4373.79,0.39922,99.7345,1562991.6,142.559,3679.3,38.0,31.7276,14.15
8625.63,1848.75,0.21433,74.0757,1241705.0,113.554,4051.75,103.0,34.9108,1.06
12439.0,2179.32,0.1752,158.043,1682094.8,207.614,4734.94,99.0,28.7438,1.766
22844.8,8229.46,0.36023,266.88,3191879.8,357.573,5777.12,78.0,22.265,4.623
5767.79,1615.01,0.28,65.5632,794426.94,76.6884,3688.73,76.0,38.8426,3.992
6357.23,1192.87,0.18763,36.2053,869407.0,76.8205,2799.9,14.0,41.9753,3.094
15337.2,3021.8,0.19702,174.637,2165170.8,193.869,4200.91,137.0,31.4998,1.459
16321.0,5576.88,0.34169,184.489,2274338.2,271.367,5568.18,155.0,23.6787,2.152
9581.88,3224.0,0.33646,114.991,1345085.9,164.299,4237.12,60.0,33.423,3.694
8348.16,3160.47,0.37858,64.976,1118883.8,133.406,3716.86,102.0,36.1874,16.952
14524.3,2955.74,0.2035,180.199,2018101.9,227.396,4719.54,30.0,28.5249,1.339
10466.1,2426.07,0.2318,89.4109,1459049.8,124.922,3896.48,154.0,35.2051,7.61
7753.26,2934.31,0.37846,76.1319,1088969.2,108.57,3980.42,36.0,36.0851,15.97
7026.43,1912.09,0.27212,70.8954,951760.6,98.5882,3168.23,62.0,38.3972,15.015
8678.6,1710.12,0.19705,79.548,1239586.4,102.217,3961.96,12.0,46.5464,1.505
10071.0,2897.4,0.28769,123.208,1417943.5,156.006,4390.64,40.0,31.7155,2.868
6530.79,1809.41,0.27705,75.5164,861589.0,95.0728,3491.67,78.0,37.6694,1.616
5186.93,1631.36,0.31451,51.4475,755834.5,77.6908,2220.68,61.0,43.7153,10.458
6757.83,2219.52,0.32843,61.827,880715.56,111.425,2802.39,27.0,39.9232,11.153
11205.8,3349.62,0.29891,95.3417,1493775.9,159.668,5146.26,42.0,46.5464,4.626
6182.94,1553.38,0.25123,51.4319,859596.6,81.8546,3213.57,51.0,39.8105,2.718
4075.01,767.88,0.18843,39.2674,532854.0,59.7668,2570.38,9.0,43.5035,2.055
23743.2,8394.6,0.35355,346.42,3181943.0,461.06,6347.52,257.0,18.6134,20.151
20799.7,8320.3,0.40002,214.814,2895214.0,371.09,7613.55,262.0,26.921,20.313
8541.77,2637.22,0.30874,70.9104,1159128.0,122.009,4463.03,64.0,36.0213,5.772
11940.5,2954.51,0.24743,144.484,1585537.0,178.372,4425.56,42.0,31.6271,2.917
5355.63,1673.87,0.31254,54.4233,737152.75,75.0906,3013.49,18.0,40.0256,8.08
12495.8,3467.91,0.27752,151.805,1730236.5,209.861,4826.91,57.0,29.0644,2.653
13374.8,3757.69,0.28095,162.64,1861910.6,222.324,4369.25,80.0,30.1531,1.531
7455.41,2020.69,0.27103,61.3606,1008997.1,89.2669,3248.49,36.0,38.6305,3.223
8789.56,2226.93,0.25336,90.8182,1218223.1,116.11,3175.6,53.0,46.5464,0.946
7322.39,2529.59,0.34545,70.8435,1006012.1,101.005,3244.23,18.0,38.0069,2.672
11552.6,3319.72,0.28735,111.84,1609119.5,150.763,4738.8,132.0,29.2443,18.465
22476.6,6404.69,0.28494,308.778,3085362.2,372.203,6275.24,107.0,17.8081,3.805
15890.3,6379.22,0.40145,133.201,2190087.8,248.766,4789.65,109.0,31.3022,20.567
21345.5,6810.63,0.31906,254.793,2983406.0,339.794,5548.79,69.0,23.165,3.531
3114.98,908.14,0.29153,23.8122,423115.5,34.5528,1312.5,2.0,45.4867,2.422
6217.64,1931.4,0.31063,54.1376,853767.8,84.1874,2440.31,44.0,40.7603,13.137
6549.38,2156.88,0.32932,58.7616,904341.3,98.9242,3817.68,71.0,37.1268,1.394
6936.62,1637.75,0.2361,67.4706,976966.44,74.9868,2820.25,31.0,46.5464,7.352
9004.17,2704.81,0.30039,101.751,1228954.5,152.627,4127.22,76.0,33.5571,0.774
9665.98,3231.1,0.33427,86.4469,1369198.4,144.117,3598.85,14.0,35.3707,3.237
9483.86,3375.2,0.35588,86.5586,1281664.1,119.416,3982.29,36.0,36.6161,17.013
9166.65,3718.75,0.40568,78.0715,1241669.5,152.08,4621.24,58.0,33.17,15.62
13864.1,4752.82,0.34281,159.575,1938786.2,215.979,5368.83,78.0,26.7166,2.618
9629.28,3099.17,0.32184,104.382,1342014.2,119.521,3343.37,46.0,36.5881,11.608
8980.64,1680.98,0.18717,84.2585,1240737.4,107.107,4568.48,28.0,32.4186,0.0
10223.3,3395.35,0.33211,93.6084,1467728.6,125.455,4237.84,97.0,33.3085,6.423
8836.65,2885.77,0.32656,73.7089,1260740.4,109.423,3423.99,44.0,34.2328,12.281
7215.44,2163.34,0.29982,59.4625,941495.56,110.116,3619.15,47.0,36.559,12.995
10288.6,2699.17,0.26234,110.427,1448804.0,172.238,4002.98,10.0,33.8418,1.149
8361.43,2102.92,0.2515,83.3226,1192581.9,103.588,3934.71,41.0,35.6152,2.331
5696.06,1935.98,0.33988,56.3381,777775.2,94.8785,2409.13,46.0,40.4552,14.677
8670.09,1778.23,0.20509,77.587,1252394.4,99.7103,3977.84,12.0,34.8945,1.362
9810.59,4373.66,0.44581,100.392,1271070.6,178.137,3825.15,87.0,35.7385,18.23
5094.78,1222.55,0.23996,46.392,720757.5,56.7321,2394.77,14.0,41.8792,2.359
8845.2,3058.3,0.34575,88.7012,1252007.6,121.921,3840.54,54.0,34.8704,14.461
15204.2,4771.1,0.3138,217.736,2114290.5,264.094,5335.41,284.0,24.5115,1.861
7694.37,2811.67,0.36541,76.3969,1063351.0,106.147,3554.17,94.0,38.0883,13.05
11633.6,4029.61,0.34637,145.797,1618444.5,179.581,4159.96,134.0,28.6713,18.223
6135.33,2083.84,0.33964,48.8912,869056.25,103.794,2913.67,9.0,38.5617,12.521
10956.6,2945.09,0.26879,111.641,1546178.1,152.161,4385.5,72.0,27.2124,4.515
5147.84,1422.76,0.27637,40.8206,686602.2,86.9963,2912.49,25.0,41.4384,9.22
13646.6,2835.67,0.20779,178.359,1856016.8,195.563,4653.58,116.0,29.2081,2.571
9010.15,3075.21,0.3413,82.2296,1258318.2,125.603,3819.54,121.0,34.8633,2.867
7144.51,1773.96,0.24829,72.1108,992247.44,98.3879,3334.62,30.0,37.5227,8.912
9996.03,2700.49,0.27015,95.1648,1415377.9,139.78,3701.47,125.0,35.4498,1.97
16277.0,5815.98,0.35731,196.739,2335937.8,276.586,5171.8,108.0,25.2123,5.68
7709.07,2559.81,0.33205,64.3966,1022914.7,104.518,3910.1,62.0,38.0984,4.029
6695.68,2327.61,0.34762,78.4761,912856.9,97.2617,3236.37,54.0,38.6639,1.853
5465.44,1861.75,0.34064,59.8018,708573.1,92.6805,2378.51,42.0,40.6382,2.476
16673.6,6132.65,0.3678,162.511,2356986.8,255.373,5804.67,69.0,24.9566,3.64
16383.9,5657.14,0.34528,156.33,2357352.2,253.476,5851.36,84.0,24.6173,2.261
18998.8,6008.26,0.31624,199.456,2598999.2,292.962,5928.64,195.0,22.2133,4.118
6968.24,3150.61,0.45213,81.2383,874468.56,137.899,2063.91,101.0,41.6038,13.339
10803.0,4007.76,0.37098,97.1023,1521591.8,148.66,4412.11,45.0,32.8058,19.563
7813.46,3254.01,0.41646,55.6028,1063344.5,124.799,4698.07,19.0,39.4864,18.876
18355.8,6195.8,0.33753,209.203,2558733.0,293.475,6006.2,218.0,19.8821,10.353
10116.1,2076.18,0.20523,103.195,1439535.1,135.125,4230.64,52.0,33.2879,1.313
3742.92,1401.01,0.3743,25.1068,509468.72,49.3395,1466.66,14.0,44.296,9.915
7602.23,2193.85,0.28857,73.0772,1038783.56,98.1,3322.85,60.0,38.1986,14.626
8604.29,1682.5,0.19554,77.6656,1228907.1,102.334,3817.87,15.0,34.2266,0.976
18490.8,5486.06,0.29669,252.706,2512852.0,313.078,5704.67,326.0,20.9738,2.574
5998.22,1858.39,0.30982,53.9476,820488.2,82.9988,3193.87,13.0,39.46,7.878
5998.84,1949.08,0.3249,69.0253,829428.3,88.385,3028.66,40.0,40.2513,1.616
5702.54,1393.5,0.24436,56.5729,748657.25,79.8111,2884.68,47.0,38.5153,5.377
19837.2,6785.15,0.34204,253.924,2662355.0,329.959,5795.51,308.0,20.8174,2.814
9097.71,1691.53,0.18592,75.9528,1311205.5,105.376,3957.36,8.0,31.5619,1.356
7580.43,2648.55,0.34939,78.2525,1049664.9,93.7565,3412.78,62.0,37.1853,7.817
12578.6,3828.4,0.30435,157.222,1775528.9,214.495,4475.62,89.0,30.7333,5.341
9351.32,1436.5,0.15361,99.7484,1325905.8,122.888,3950.09,45.0,34.9844,1.172
6202.7,894.33,0.14418,54.8858,864113.7,74.0888,2664.66,45.0,40.863,17.615
16125.3,5329.85,0.33052,181.46,2229168.0,268.458,5276.36,85.0,24.5821,4.863
13542.9,4012.86,0.2963,149.822,1878523.8,227.482,3910.54,123.0,32.4114,19.059
6187.3,1806.06,0.29189,67.4045,826099.0,83.7969,2953.35,27.0,39.1731,2.22
4181.68,1278.16,0.30565,35.7989,571859.56,50.6475,1444.45,17.0,43.9484,1.638
15106.3,3712.09,0.24573,180.629,2139431.0,214.075,5703.25,70.0,23.0152,2.674
7388.35,2459.54,0.33289,85.7728,1009387.5,110.699,3670.33,97.0,35.8484,16.001
7780.91,2012.06,0.25858,75.4905,1068758.8,99.37,3549.61,81.0,35.0276,12.682
16287.2,5915.99,0.36322,156.559,2348295.0,237.91,5926.56,132.0,26.7838,18.26
11315.6,3421.68,0.30238,125.229,1573541.5,178.815,4263.5,52.0,32.1626,1.438
10015.0,4085.2,0.4079,89.8677,1417227.4,157.782,4679.93,24.0,36.5454,15.503
13307.5,4729.01,0.35536,137.434,1904029.9,167.054,4978.54,55.0,28.2184,20.142
8259.67,1847.73,0.2237,70.5431,1146985.8,106.352,3158.28,34.0,38.7322,15.63
11179.0,3960.29,0.35426,98.6376,1484292.8,160.464,4610.33,68.0,34.3012,17.809
18414.6,8006.94,0.43481,187.414,2522285.0,290.514,5410.52,162.0,26.2339,18.529
9015.14,2024.72,0.22459,98.5266,1254413.2,116.177,4249.97,40.0,33.7917,2.506
8379.24,3070.38,0.36642,68.1645,1153561.0,111.32,3395.22,51.0,38.8356,15.303
11277.9,3401.38,0.30159,100.175,1547685.5,170.919,3971.11,45.0,34.2901,15.221
14198.4,4357.85,0.30692,158.671,1939200.8,212.625,5165.49,13.0,30.7938,16.996
9345.81,2513.07,0.26889,105.954,1277961.1,158.113,4137.69,70.0,33.2105,0.785
10365.9,2324.57,0.22425,99.599,1458613.0,145.017,4278.65,41.0,33.2689,1.12
8587.13,4155.5,0.48392,55.8456,1182733.5,137.136,3498.38,51.0,37.241,15.531
7284.39,2889.01,0.3966,63.8997,1065438.2,100.196,3213.64,30.0,39.0672,1.388
9123.87,2099.54,0.23011,98.7936,1278604.2,114.76,4041.01,35.0,34.6012,2.141
8590.55,3232.43,0.37627,65.3948,1185475.2,125.133,3780.13,58.0,32.402,18.156
6866.76,2078.42,0.30267,63.4802,991901.1,100.4,3225.27,27.0,39.3841,14.59
11585.3,2523.58,0.21782,155.333,1635672.4,174.842,4606.53,52.0,29.9847,0.97
14551.2,5398.08,0.37097,199.574,1899501.8,262.743,5202.45,83.0,26.4528,5.482
6520.43,1528.8,0.23446,60.8975,900162.5,78.9321,2796.16,19.0,40.6344,2.059
12687.7,3558.29,0.28045,124.431,1815929.1,184.488,4451.85,92.0,30.9459,17.777
6610.69,2005.13,0.30331,73.9099,894861.94,100.41,3729.98,100.0,32.3668,15.439
9636.63,2667.48,0.2768,114.496,1353039.1,149.817,4179.84,58.0,33.5825,3.271
10524.9,2668.49,0.25354,129.447,1457680.9,160.497,4637.29,74.0,28.0277,1.688
7256.68,2268.77,0.31264,71.2291,999055.94,106.49,3303.28,50.0,38.2068,14.16
13092.2,3811.71,0.29114,162.838,1789640.8,195.426,4864.72,58.0,28.4376,4.086
4434.8,1553.19,0.35022,47.5866,631673.94,67.067,2384.21,45.0,42.4626,8.107
8520.62,3699.97,0.43423,67.2265,1208473.5,128.741,3361.95,48.0,35.8006,16.409
14896.7,5412.91,0.36336,156.217,2089562.8,249.645,4796.46,105.0,28.5618,4.355
11626.8,4421.66,0.38029,92.279,1636361.9,166.609,5854.99,109.0,28.797,20.019
10106.6,2134.48,0.21119,100.821,1431716.2,137.101,3952.94,33.0,33.6484,1.904
9727.89,1861.35,0.19134,101.144,1379911.5,131.527,4257.58,42.0,33.6767,0.92
8046.44,1951.89,0.24257,96.6801,1126254.2,119.639,3224.68,4.0,36.9823,0.489
13468.3,3932.27,0.29196,175.652,1866527.0,228.654,4320.46,69.0,30.4422,1.668
6558.46,2311.32,0.35241,54.8487,901777.4,91.6289,3537.76,14.0,39.8444,10.823
5999.56,967.96,0.16133,55.2691,829385.4,86.6464,2912.38,6.0,46.5464,13.522
12823.5,3652.87,0.28485,154.111,1836426.1,180.028,4832.29,35.0,24.1715,2.665
15037.6,4270.74,0.284,202.635,2081575.2,267.557,5073.15,161.0,25.1155,3.244
5568.9,1167.33,0.20961,40.6643,760812.44,80.6205,2968.61,29.0,38.9949,10.313
9517.75,2844.76,0.29888,83.5117,1354865.6,137.866,4209.02,70.0,34.5388,6.88
10666.6,2673.91,0.25068,115.034,1470438.0,184.952,3902.12,69.0,33.1267,1.282
8560.31,3081.99,0.36003,93.3658,1247642.0,112.582,3663.02,45.0,36.7093,14.092
12107.6,3107.33,0.25664,143.598,1621115.6,183.947,4449.57,44.0,29.3885,2.41
21767.2,7588.32,0.34861,182.046,2958487.5,305.028,6428.92,130.0,20.7612,15.415
7903.73,2909.1,0.36806,72.5333,1072497.8,110.433,2998.59,14.0,38.3951,15.57
9528.23,2048.08,0.21494,101.376,1323914.1,136.092,3707.15,27.0,33.7825,1.55
14548.2,4776.98,0.32835,91.8315,2023434.8,204.59,5475.04,149.0,27.9364,3.217
5529.1,1025.02,0.18538,52.8035,791358.2,67.8927,2848.41,56.0,40.274,1.398
12513.4,2584.76,0.20655,151.579,1702907.5,202.443,5006.67,134.0,29.0089,0.719
6564.62,2571.8,0.39176,49.4593,915178.06,95.3244,3494.08,31.0,39.7296,6.17
7053.53,2375.71,0.33681,75.6018,976732.06,94.5906,3736.22,26.0,36.3542,2.278
7742.79,1892.99,0.24448,72.0452,1080911.9,107.511,3031.51,35.0,38.3086,17.042
18513.3,5360.59,0.28955,245.404,2524259.0,308.773,5734.08,334.0,21.2688,2.611
4894.07,1460.8,0.29848,42.8976,676827.94,64.2222,1887.99,14.0,43.6524,1.975
6536.74,1694.4,0.25921,42.508,891687.3,101.126,3036.9,32.0,38.7507,11.331
7294.32,2598.61,0.35625,51.4151,976302.25,110.572,2831.32,29.0,41.5884,12.582
12350.7,5498.12,0.44516,142.647,1760357.6,207.426,4724.32,140.0,28.678,18.642
6926.29,2676.55,0.38643,61.6705,969786.9,99.7762,2433.19,68.0,40.1155,4.287
11587.8,4776.45,0.41219,95.9482,1648148.8,171.646,4014.51,32.0,34.2926,14.365
12245.5,4131.07,0.33735,108.28,1772735.0,163.357,4614.81,119.0,30.7097,16.27
7631.79,1654.2,0.21675,74.1436,1069197.5,91.2857,2955.17,15.0,36.8365,6.165
10691.0,4162.12,0.38931,73.8635,1440134.9,156.637,4352.17,35.0,34.2634,18.004
3713.7,1364.56,0.36743,26.1697,514516.5,45.8363,1609.54,16.0,43.8474,7.741
7038.32,2153.92,0.30602,62.0345,1002545.4,86.6544,4334.34,36.0,36.249,9.98
13346.6,3740.91,0.28028,165.386,1874993.1,219.826,5057.34,188.0,24.6411,2.723
12726.1,3743.6,0.29416,154.094,1770696.4,240.344,4323.12,83.0,30.4129,1.511
5831.75,2048.94,0.35134,72.2737,813519.8,86.1628,3002.62,32.0,41.8365,3.613
9799.9,3628.46,0.37025,134.877,1312855.8,188.721,4324.25,181.0,31.5781,2.48
15249.7,3177.8,0.20838,210.707,2124923.2,221.356,4979.24,125.0,26.6814,2.73
8729.96,2275.65,0.26067,84.1138,1231269.9,111.023,4716.08,32.0,32.9424,2.263
15539.2,4651.89,0.29936,169.309,2198014.5,210.571,5207.96,155.0,22.9709,15.951
5747.31,1302.54,0.22663,52.7787,822417.3,74.2327,2247.99,62.0,42.7286,11.366
7367.95,2833.08,0.38451,72.3727,1041717.1,105.16,3780.82,23.0,39.6469,15.03
12152.1,3188.64,0.26239,142.32,1653317.4,178.6,4522.35,37.0,30.3289,2.071
9944.15,2830.59,0.28464,92.3419,1362842.8,152.302,4025.26,127.0,33.1724,2.262
10190.6,2187.1,0.21461,145.382,1410643.0,180.02,3962.54,72.0,32.835,1.858
8340.22,2374.46,0.28469,72.7127,1236002.2,106.927,3060.79,25.0,37.7835,1.75
13659.3,3334.85,0.24414,149.432,1880839.9,204.97,5141.97,106.0,27.5217,20.209
11563.0,3168.57,0.27402,130.038,1596573.0,171.669,4478.19,94.0,31.401,1.843
5416.17,2471.53,0.45632,48.0967,738668.56,94.0223,2192.91,7.0,41.538,7.571
16599.3,6617.98,0.39869,183.159,2299578.0,288.912,5496.12,200.0,26.1124,6.239
8411.61,1778.22,0.2114,84.6245,1186650.6,109.9,3784.47,68.0,36.0267,4.243
5458.31,1873.21,0.34318,60.3649,720555.75,89.5876,2770.57,33.0,40.451,3.821
8997.67,3425.09,0.38066,84.7995,1244442.5,127.574,3680.7,117.0,35.18,2.978
23006.1,7710.67,0.33515,192.132,3204878.5,315.796,6891.46,98.0,23.2864,17.899
16360.2,5696.96,0.34822,146.745,2205277.2,267.067,6519.16,154.0,29.8739,19.926
8485.68,1672.28,0.19707,80.2683,1216102.2,96.7346,3917.45,13.0,35.0352,1.197
6422.15,1758.2,0.27377,63.999,907962.5,74.3069,3110.26,15.0,35.8661,14.408
9673.82,3052.49,0.31554,65.2076,1357892.4,136.765,4078.34,89.0,34.2626,7.629
11911.2,3558.4,0.29874,129.692,1639545.1,161.729,4992.4,83.0,28.3352,3.938
8453.11,2033.72,0.24058,70.9333,1192693.6,91.2929,3226.68,46.0,38.6158,14.866
10512.7,3833.32,0.36463,98.9722,1465883.5,141.976,3616.36,27.0,37.3426,9.04
9585.61,3143.73,0.32796,84.6912,1368489.1,131.599,3692.15,9.0,34.8809,3.339
12978.1,4643.11,0.35776,152.673,1817411.0,176.095,5257.4,38.0,28.0575,4.175
7633.3,2976.11,0.38988,78.7495,1071587.9,115.686,3301.65,45.0,35.768,3.143
13015.0,3526.22,0.27093,164.09,1806402.1,201.498,4695.5,206.0,30.1176,2.017
7864.63,2403.12,0.30556,73.2899,1065478.8,112.935,3436.9,73.0,35.7109,3.432
16379.3,4667.0,0.28493,171.398,2260452.5,211.61,5513.7,151.0,23.697,20.445
4953.73,1368.87,0.27633,35.7534,672733.7,65.9227,2053.35,17.0,42.4994,7.409
10300.1,3075.51,0.29859,96.7829,1478006.1,158.299,4199.12,152.0,33.2192,17.958
14392.3,5061.37,0.35167,186.904,1972617.1,235.33,4742.99,125.0,30.173,19.001
8591.69,3026.74,0.35228,66.3577,1226058.9,115.404,3375.15,22.0,37.9085,15.869
11594.9,3449.95,0.29754,120.204,1659240.5,161.3,5247.94,148.0,32.1646,16.348
9503.71,2888.27,0.3039,84.242,1351606.4,130.99,4222.24,73.0,28.2547,4.729
8175.5,2516.01,0.30774,94.045,1108540.9,113.863,3252.01,80.0,38.6069,1.747
2899.45,1105.77,0.38137,24.2768,397864.53,34.5403,1368.76,3.0,45.1873,4.306
9383.36,2404.1,0.2562,100.775,1317273.5,136.318,3536.2,29.0,34.0257,1.981
7576.33,2734.06,0.36086,63.207,1063393.1,122.973,3534.2,53.0,36.7695,15.7
10172.0,4246.1,0.41743,93.4814,1425845.8,164.967,3782.75,112.0,34.6508,19.822
8629.86,1956.94,0.22676,88.5582,1181383.6,95.9025,4038.16,20.0,33.8683,8.335
16257.9,4636.65,0.28519,154.928,2201504.0,221.028,5337.84,91.0,28.9365,20.924
13201.3,4396.03,0.33299,160.184,1826849.0,189.905,4887.27,75.0,28.4689,3.376
18320.6,4925.59,0.26885,241.556,2519178.8,304.321,5268.14,209.0,24.3757,4.238
8320.17,2767.71,0.33265,69.8698,1156514.6,119.898,3712.29,54.0,37.2349,16.964
9740.34,2538.26,0.26059,91.5718,1338582.5,112.918,3677.54,29.0,35.1767,18.877
13806.4,2829.51,0.20494,174.476,1944798.6,196.665,4032.14,144.0,32.2254,1.562
5607.34,2011.85,0.35878,51.0758,785931.25,80.4749,2451.79,19.0,43.976,1.922
10956.6,3026.67,0.27624,146.722,1515846.1,200.159,3893.27,117.0,33.646,13.607
16010.7,5879.85,0.36724,117.748,2166620.2,241.504,5570.43,94.0,24.4725,20.609
8766.19,2879.24,0.32844,75.7627,1237888.9,105.22,3835.9,24.0,34.8119,16.771
10977.8,2333.66,0.21257,151.729,1463735.1,160.652,4370.69,54.0,31.5139,2.678
9683.56,2377.07,0.24547,83.8654,1373292.2,119.191,4654.67,28.0,33.1152,2.018
18525.5,7524.39,0.40616,167.048,2669543.8,275.538,5864.03,126.0,28.9038,20.327
17546.6,6179.62,0.35218,203.979,2461335.0,282.36,4857.34,109.0,27.3295,4.571
8493.34,1972.64,0.23225,73.6152,1112215.4,124.305,3550.62,33.0,37.9321,14.117
6411.38,2122.13,0.33099,59.2348,859515.1,101.078,2724.62,52.0,40.7685,8.072
7240.78,2745.9,0.37922,63.3806,1056793.5,97.2408,3208.97,30.0,38.4848,1.51
13029.9,3619.75,0.2778,156.304,1808317.6,199.66,4870.07,196.0,21.9764,1.329
15358.5,3988.62,0.2597,169.181,2157959.2,206.034,5492.76,239.0,23.5501,17.107
9140.61,3330.34,0.36434,95.3502,1228405.1,128.014,3420.03,71.0,37.7479,2.87
5065.06,1814.25,0.35818,57.3966,661347.2,88.2492,2643.6,5.0,37.3783,12.539
15240.6,3982.84,0.26133,199.368,2119540.0,261.077,4971.25,136.0,27.4939,2.144
9208.73,2322.76,0.25223,86.6202,1308832.5,123.43,4589.36,31.0,33.2645,5.236
19563.4,5642.16,0.2884,214.32,2707194.8,305.138,6109.29,233.0,20.0719,9.635
13067.7,3962.72,0.30324,200.783,1792847.2,216.656,4559.52,183.0,29.0519,2.025
17706.2,4521.02,0.25533,171.432,2596605.8,240.357,5136.99,90.0,26.4819,5.231
9625.85,3281.74,0.34092,99.0344,1345885.9,141.334,3635.94,14.0,35.3587,2.379
11633.6,4029.61,0.34637,145.797,1618444.5,179.581,4159.96,134.0,28.6713,18.223
5471.04,1408.93,0.25752,52.0268,765839.06,72.4864,2773.7,25.0,38.8229,11.766
12991.2,3265.61,0.25137,167.455,1790089.6,182.203,5101.43,67.0,26.6562,2.077
20321.8,6302.93,0.31015,250.234,2828977.5,317.137,5527.12,69.0,23.1436,3.568
7624.83,1447.88,0.18989,58.8241,1081802.6,63.1935,3211.57,33.0,37.6642,14.825
14365.5,4515.28,0.31431,175.119,1989687.6,232.253,4802.98,120.0,28.4362,4.888
8070.01,2034.78,0.25214,71.8586,1064804.5,112.942,3094.49,47.0,36.9753,17.001
14205.8,4427.39,0.31166,177.369,1963636.1,231.956,5169.02,108.0,28.7983,4.307
7566.47,2521.07,0.33318,75.691,1050009.2,99.6295,3796.56,34.0,36.0072,2.242
7888.79,4045.27,0.51278,82.5678,1044438.44,154.746,3750.58,48.0,35.4087,15.702
15663.6,4411.62,0.28164,169.541,2240907.0,209.789,4808.66,32.0,28.4946,2.868
7969.49,2065.17,0.25913,74.4118,1113411.5,96.7717,3341.83,47.0,38.5583,8.838
11700.3,3677.34,0.31429,76.335,1554444.6,144.659,4005.71,130.0,32.3393,4.543
13022.1,3222.19,0.24744,159.648,1812565.0,188.666,4324.39,63.0,31.8886,1.932
6874.85,2053.05,0.29863,67.3122,938655.9,98.6171,3487.31,102.0,36.8915,15.368
10588.2,3170.3,0.29941,111.273,1493212.8,162.292,4229.74,66.0,33.5444,3.616
10467.4,2451.56,0.2342,146.963,1381619.5,163.21,4625.67,64.0,30.508,2.706
22615.4,8822.78,0.39012,179.652,3083703.0,342.898,5442.64,94.0,29.9522,20.435
8193.02,2871.37,0.35046,62.7244,1158896.5,112.966,4516.75,60.0,36.6465,17.348
6795.47,1748.58,0.25731,51.9193,967222.1,78.1092,3342.09,55.0,38.837,2.258
4124.0,1900.11,0.46074,39.0157,572838.1,59.2742,1483.38,52.0,43.7846,12.672
9595.4,2434.72,0.25373,106.11,1369902.4,156.295,3902.94,45.0,33.5123,1.908
12005.2,5562.54,0.46334,104.483,1634846.8,202.657,5024.75,106.0,31.2087,14.782
8035.94,1560.08,0.19413,81.1453,1129433.5,101.025,3812.31,15.0,34.0072,2.598
6804.13,2036.8,0.29934,68.4837,931631.3,97.2596,3351.71,56.0,38.8752,8.706
13265.9,4455.07,0.33582,109.54,1915270.4,183.467,4882.46,99.0,32.0018,16.199
10503.5,3194.39,0.30412,75.378,1444546.0,147.229,4203.46,68.0,38.1092,16.994
6583.35,2336.09,0.35484,64.4216,898104.56,90.4695,3331.38,33.0,38.2836,4.565
5409.49,1858.44,0.34355,40.3472,740011.2,82.7084,1634.46,12.0,42.8583,9.767
7655.46,1845.39,0.24105,86.4043,1076655.4,103.06,3882.76,20.0,35.3647,1.518
8302.05,3350.67,0.40359,77.4615,1127217.5,140.373,4111.65,52.0,30.9744,15.432
3934.65,1174.78,0.29857,33.7851,538672.4,48.9278,1406.66,17.0,44.3056,1.413
6875.93,2383.79,0.34668,73.1866,975717.94,92.7814,3201.12,29.0,37.8342,11.048
16042.7,5365.68,0.33446,192.829,2165569.5,259.808,5321.88,110.0,25.2338,9.482
6105.58,2041.89,0.33443,53.7189,847862.8,106.178,2640.48,93.0,40.6094,13.56
6432.58,2213.24,0.34406,58.1358,898888.25,91.6463,3635.28,74.0,37.7803,2.306
12067.2,2684.1,0.22242,118.908,1649135.6,149.152,4061.14,67.0,46.5464,0.0
15372.2,4178.01,0.27178,187.712,2176388.0,220.239,5689.32,64.0,23.127,1.692
14604.4,3722.46,0.25488,200.092,2026457.5,246.676,4968.69,132.0,26.6484,2.542
5317.47,1152.43,0.21672,50.0278,676457.9,64.4958,2224.75,32.0,43.068,2.299
5359.97,2464.2,0.45974,43.0054,728885.2,94.0357,1597.05,43.0,43.6692,10.951
10818.7,3411.99,0.31537,123.934,1492023.4,168.503,4559.62,127.0,31.2137,5.779
9712.69,3665.17,0.37735,97.1116,1362082.8,143.28,3815.09,89.0,36.4771,17.898
4737.62,1081.66,0.22831,43.1379,651414.4,65.3478,2781.4,19.0,41.8552,2.464
10371.6,3979.42,0.38368,78.1455,1423843.9,166.511,4297.27,33.0,32.7057,20.461
8165.75,2930.96,0.35893,64.8703,1160487.6,111.921,4770.17,43.0,35.7945,14.216
5091.71,2059.5,0.40448,52.902,712171.25,89.9214,2105.84,57.0,41.8403,13.716
11004.0,2887.52,0.2624,132.743,1529476.2,173.313,4710.72,170.0,28.5993,0.74
9041.04,2156.54,0.23852,101.413,1266710.5,153.381,3818.11,15.0,32.0414,0.492
10409.8,3671.63,0.3527,79.5136,1455476.9,141.864,4203.55,51.0,30.1042,8.717
18520.5,5113.1,0.27607,231.75,2598220.2,280.396,5744.36,107.0,20.8771,3.297
6189.8,2813.64,0.45456,54.5319,866055.0,93.9084,2671.83,33.0,40.8691,6.708
20303.0,5632.33,0.27741,300.16,2761226.0,297.044,6567.38,283.0,18.6564,2.235
5276.02,2122.99,0.40238,34.9584,747148.2,70.1741,2563.07,37.0,42.6739,3.036
7325.34,2530.66,0.34546,70.8008,1006280.44,101.069,3244.4,19.0,38.0048,2.671
15792.5,3520.59,0.22292,182.033,2219500.5,209.102,5189.35,204.0,25.559,6.962
6513.2,1562.05,0.23982,69.8986,864574.7,91.2196,3441.61,81.0,37.899,1.114
10032.2,2289.25,0.22819,125.612,1434938.2,146.179,4334.37,34.0,30.8195,2.22
9400.36,2291.65,0.24378,85.3349,1330159.1,117.54,4772.81,32.0,32.6751,5.154
6494.86,1867.41,0.28752,47.8287,911389.25,97.0102,3184.91,3.0,38.3412,5.663
6030.92,2054.66,0.34068,59.0764,803954.8,98.7512,3005.34,17.0,38.8796,10.505
8384.52,2501.34,0.29832,74.3457,1140661.6,94.5938,3497.45,37.0,35.2746,15.474
17838.3,4737.22,0.26556,230.498,2412370.0,272.353,4966.1,108.0,26.6309,7.403
11229.2,3542.36,0.31545,108.415,1560150.4,127.438,5222.43,93.0,28.1107,17.229
17130.3,4773.48,0.27865,225.552,2373625.2,274.371,5650.35,182.0,22.4108,2.643
9272.84,2891.73,0.31184,78.66,1296771.1,124.9,3638.57,69.0,37.3745,15.839
9244.08,3819.49,0.41318,71.5212,1287724.2,152.611,4248.95,76.0,34.0075,14.645
5077.82,2049.55,0.40362,34.1489,717615.5,66.644,2564.6,39.0,42.6974,2.182
8467.88,2121.94,0.25058,92.7173,1182526.4,124.631,3232.54,4.0,36.9507,0.472
18702.9,5505.59,0.29437,225.56,2617544.0,293.252,5752.08,181.0,21.8478,2.571
6218.78,1713.95,0.2756,53.1392,878806.1,76.9072,3042.54,24.0,39.9354,12.076
11739.3,3498.96,0.29805,128.52,1614471.9,162.504,4975.8,83.0,28.3111,4.062
13209.4,3204.19,0.24256,106.039,1817012.1,293.226,4551.38,175.0,27.6445,18.112
6707.01,1849.19,0.27571,68.9334,931663.2,84.0341,2936.06,75.0,39.2269,9.089
7272.25,1374.16,0.18895,52.9403,1006693.9,72.0594,3320.66,47.0,38.078,13.427
14562.8,4212.97,0.28929,183.47,2050936.1,233.893,4514.5,33.0,29.1319,2.769
9715.16,2493.03,0.25661,78.5295,1371834.1,137.095,3963.5,49.0,35.2714,11.455
8857.69,1655.49,0.18689,77.4228,1173161.0,204.358,3601.0,122.0,36.5575,14.546
4564.07,748.77,0.16405,43.6656,621202.3,59.8836,2591.5,11.0,46.5464,2.126
7583.01,3081.31,0.40634,45.9293,1020094.8,111.917,3221.58,41.0,38.2213,16.636
9895.46,3328.11,0.33632,91.5374,1397474.1,129.947,3525.99,52.0,35.7597,7.537
14784.6,4140.83,0.28007,180.15,2057506.1,222.611,5635.54,139.0,22.7265,0.795
7499.14,1536.59,0.2049,63.9563,965070.75,107.051,3396.87,59.0,37.1986,11.642
10216.0,3179.13,0.31119,130.251,1366946.4,170.095,4019.45,38.0,33.5395,1.521
8195.05,2026.88,0.24732,90.3037,1141973.5,123.149,3235.69,4.0,36.9233,0.497
15067.8,3066.99,0.20354,181.074,2096686.5,222.221,4695.37,31.0,28.5424,1.613
8404.2,2242.02,0.26677,90.244,1192349.0,122.434,3341.23,5.0,36.3732,2.434
12073.8,4142.24,0.34307,72.511,1628917.0,190.859,7966.17,60.0,36.4409,15.287
11627.0,4396.74,0.37814,121.425,1604561.8,182.626,5198.85,127.0,25.2144,17.35
7699.23,2000.22,0.25979,88.5665,1055211.8,111.534,3101.02,21.0,37.717,0.59
17675.2,7942.59,0.44936,127.272,2506353.0,282.466,7163.07,155.0,23.4202,20.26
5856.92,1868.85,0.31908,63.0109,815773.25,75.6038,3747.49,74.0,38.8078,3.249
6064.55,1451.94,0.23941,70.6088,852192.06,70.2449,2846.54,75.0,38.5584,8.421
11482.4,4693.49,0.40875,106.001,1565152.0,186.198,3978.56,80.0,35.4746,14.542
14435.7,5145.18,0.35642,201.028,2027073.8,246.711,4476.77,93.0,29.5274,2.919
10562.6,2540.32,0.2405,126.58,1466396.4,172.951,4609.36,173.0,29.134,0.891
13961.8,4259.91,0.30511,163.92,1931992.1,221.419,4817.4,122.0,28.2889,5.162
11376.4,4729.76,0.41575,107.438,1596596.8,183.601,4140.16,157.0,32.8419,14.913
17728.5,4344.67,0.24506,196.495,2493327.0,270.891,5683.96,91.0,22.991,1.419
8978.49,3548.23,0.39519,92.5446,1257121.4,128.591,3718.89,39.0,35.5456,11.284
5693.36,2205.15,0.38731,46.4815,786859.56,77.6986,2233.46,30.0,40.7261,13.727
8899.24,3693.67,0.41505,67.6134,1265321.5,132.996,3788.32,46.0,35.4859,13.951
4910.19,1231.81,0.25086,47.4137,683132.44,68.0028,2003.97,3.0,46.5464,2.909
7758.02,2787.55,0.35931,61.611,1072842.8,104.466,3490.82,35.0,37.5168,5.21
15070.0,4911.57,0.32591,153.069,2182781.2,226.076,6525.15,85.0,24.0296,3.642
15250.2,4799.36,0.3147,211.688,2116253.5,253.378,5338.82,289.0,24.7064,1.571
4370.61,1551.12,0.35489,54.386,574290.94,70.5171,2382.17,40.0,42.4022,8.813
10971.4,3266.29,0.2977,140.515,1572857.0,165.783,4136.53,122.0,32.2607,2.512
9771.62,3884.29,0.3975,88.1527,1392688.2,148.635,3591.88,1.0,36.9084,15.204
8607.24,3214.92,0.37351,82.9452,1207606.2,128.948,3591.97,116.0,35.73,2.859
9883.99,2499.09,0.25284,131.474,1363139.0,155.708,4652.07,78.0,30.2131,1.981
5068.35,1044.96,0.20617,44.1688,725326.9,64.5162,2694.79,17.0,41.7758,2.59
9480.18,2342.58,0.2471,73.5529,1277734.9,223.867,3105.29,154.0,37.7386,19.759
9200.96,3111.21,0.33813,93.6619,1329307.5,142.468,3882.82,53.0,32.067,7.403
8431.15,1681.99,0.19949,60.8157,1194521.4,85.3347,3042.38,29.0,38.8824,12.782
8521.13,2076.11,0.24364,86.4993,1219154.5,111.456,3948.11,94.0,35.5346,1.68
5353.25,1488.95,0.27813,53.5776,728142.1,74.1098,2293.51,49.0,41.3656,14.189
11833.4,2353.4,0.19887,152.37,1663949.2,177.399,4672.74,142.0,29.6338,2.006
7611.9,2606.96,0.34248,67.8144,1039091.3,112.478,4912.36,86.0,31.0729,20.339
10149.6,3235.05,0.31873,109.173,1404448.4,128.873,3657.22,15.0,33.303,3.211
14624.9,4531.48,0.30984,178.735,2009666.5,245.727,4829.95,22.0,28.2767,3.306
16569.1,5068.26,0.30588,156.337,2366760.0,247.34,5233.3,42.0,26.2192,2.602
7098.35,2464.65,0.34721,84.0039,950986.6,110.679,3853.08,37.0,36.6114,2.85
5910.85,2016.97,0.34123,55.9897,807685.5,85.3402,3193.36,14.0,39.4601,7.778
15343.5,3430.02,0.22354,201.371,2119847.0,246.584,5092.23,122.0,26.9725,1.799
8769.91,2518.38,0.28716,101.136,1203933.0,159.213,3258.1,9.0,46.5464,1.381
10518.9,2479.54,0.23572,90.2555,1472291.4,143.905,3833.52,127.0,34.7249,3.255
8699.4,2534.02,0.29128,88.6352,1199339.0,115.017,3183.59,23.0,37.2338,1.247
16157.1,3541.72,0.2192,181.613,2265381.5,201.324,4074.17,132.0,31.9857,1.959
5693.85,2407.45,0.42281,48.2445,790484.7,88.6153,2286.29,10.0,42.4762,15.056
15943.3,5917.85,0.37118,134.595,2245200.8,242.166,5474.93,47.0,29.0387,3.01
12571.9,3713.59,0.29538,160.602,1754533.0,212.059,4735.23,65.0,28.8852,3.729
17955.2,5390.17,0.3002,261.814,2409838.8,307.774,5718.41,328.0,21.4289,2.953
8146.69,2593.49,0.31834,82.5503,1123480.6,141.223,2901.74,89.0,39.8553,15.25
15807.8,3656.66,0.23131,199.975,2219603.5,258.5,5573.36,93.0,23.5502,2.107
5900.71,1792.01,0.30369,59.0988,829728.9,77.512,3266.98,85.0,39.1913,11.042
7978.76,2508.57,0.3144,75.8654,1116724.9,102.277,3974.52,54.0,36.047,6.521
10550.1,3462.44,0.32819,119.056,1434608.9,171.62,3747.8,32.0,34.2956,2.633
15091.9,3245.21,0.21502,197.336,2068496.8,256.24,5104.34,160.0,25.137,2.013
15292.1,6216.33,0.4065,189.362,2049588.4,262.653,5050.28,152.0,27.9243,18.435
5736.96,1933.56,0.33703,57.0054,780452.6,80.1346,2970.08,15.0,39.9846,7.671
8861.46,2089.58,0.2358,105.946,1229139.5,120.739,4290.84,45.0,33.5107,15.262
8119.4,3003.36,0.36989,92.5203,1096442.6,159.312,3888.11,77.0,35.1538,18.741
6912.13,3127.67,0.45249,70.2405,957446.06,122.051,3816.48,82.0,36.5966,18.868
6437.55,1588.47,0.24675,68.7746,849697.2,92.5236,3430.59,79.0,37.4953,1.134
6716.46,1555.75,0.23163,59.8093,914101.75,81.9941,2892.79,36.0,40.1291,6.892
14713.6,4753.45,0.32306,184.546,2072180.1,240.083,4464.49,21.0,29.5746,2.818
10316.4,4272.2,0.41411,98.8874,1442109.0,153.848,3760.29,14.0,34.6794,4.608
7912.49,2125.8,0.26866,86.526,1072661.4,115.178,3253.19,36.0,46.5464,0.0
12166.5,4125.88,0.33911,122.171,1677203.9,189.126,4813.23,116.0,34.1675,2.365
14111.3,4782.41,0.3389,162.125,1966582.2,230.214,4766.99,103.0,28.9236,6.128
9858.69,3056.87,0.31006,94.3933,1395398.4,134.654,4145.58,108.0,32.9444,4.399
9488.01,2976.06,0.31366,108.417,1305869.0,142.267,4136.2,125.0,31.3767,17.239
9380.67,2674.2,0.28507,75.3992,1339188.0,98.9648,3506.3,30.0,34.1366,12.771
5874.73,991.92,0.16884,53.0944,787726.44,65.6966,2942.63,36.0,39.491,4.749
9451.98,2565.2,0.27139,96.1833,1305082.0,134.863,3575.38,125.0,34.9632,1.53
6943.24,2020.44,0.29099,63.3832,982012.5,87.361,3225.27,20.0,38.5384,3.035
6443.66,1560.9,0.24223,61.7102,878422.1,76.3276,2788.11,17.0,40.2557,1.403
13966.1,5518.96,0.39516,72.747,1892652.6,210.197,4318.56,136.0,30.8549,14.463
14337.1,4430.67,0.30903,138.142,1970057.2,215.908,5372.17,18.0,30.501,8.5
5504.07,1594.06,0.28961,62.2548,769786.94,84.2589,3030.17,19.0,39.1726,2.001
5625.42,2163.3,0.38455,54.4832,781082.75,80.2053,2574.12,35.0,41.3899,12.411
5212.79,1451.56,0.27846,50.3434,667706.94,68.4708,2179.07,34.0,42.8266,2.838
14001.8,3985.9,0.28467,168.352,1979971.8,218.716,5334.06,200.0,25.6144,3.846
18576.3,5761.35,0.31014,259.268,2510096.2,306.04,5685.44,332.0,21.5965,3.052
3996.74,834.87,0.20888,31.5118,558434.56,43.7947,2005.4,55.0,44.4616,9.27
9365.75,2720.17,0.29043,91.2912,1270964.6,131.09,3700.97,10.0,35.9544,2.062
14861.8,2788.29,0.18761,181.13,2072225.9,224.386,4713.71,27.0,28.7431,1.332
6186.79,1625.29,0.2627,66.6558,856045.1,89.3612,2923.8,32.0,38.8093,4.921
14902.5,5523.1,0.37061,107.199,2070597.0,212.303,5222.45,198.0,26.3816,17.191
14704.1,4581.33,0.31156,179.258,2025950.1,258.604,4959.6,20.0,27.9017,3.175
5359.38,1422.89,0.26549,45.2169,750322.06,61.4731,1985.33,13.0,43.6524,8.041
5140.71,1016.17,0.19767,43.464,740144.7,60.8457,2189.87,80.0,42.7718,0.65
7832.5,3129.89,0.3996,89.4976,1124242.4,122.153,3541.15,42.0,31.1994,13.098
7587.38,2244.76,0.29585,72.0409,1043326.94,100.447,3155.03,47.0,38.0724,11.006
10536.4,2505.14,0.23776,109.94,1434550.8,155.711,4364.55,113.0,32.0266,18.892
8262.57,2337.37,0.28288,73.8748,1188230.6,96.5824,3429.32,42.0,27.9234,16.667
10581.5,2972.7,0.28093,94.5017,1482138.5,124.686,4132.2,96.0,32.352,18.911
5197.96,1312.13,0.25243,46.7711,752264.94,64.3392,2201.92,72.0,42.8329,2.492
5019.4,1307.62,0.26051,52.1066,661365.5,85.8401,3120.45,22.0,41.0978,3.091
16479.0,3715.8,0.22548,206.398,2322462.0,259.433,5571.34,92.0,23.5474,2.121
5910.77,1242.9,0.21027,53.8045,828587.4,69.2249,3157.3,57.0,39.8401,5.315
8120.04,2129.8,0.26228,70.4716,1136631.6,107.312,4087.36,17.0,34.3076,4.977
11545.8,3170.23,0.27457,147.956,1650345.9,164.193,4322.93,126.0,29.4389,19.103
5401.22,1655.39,0.30648,48.302,747976.9,84.193,2345.0,74.0,41.7895,11.405
10632.3,3892.75,0.36612,97.7388,1511675.0,134.826,3702.08,49.0,34.5088,13.165
9949.48,3078.01,0.30936,93.4594,1385765.1,141.963,5034.3,40.0,32.3851,1.455
6209.52,742.38,0.11955,57.9091,863356.3,67.1842,2645.49,23.0,41.0352,4.875
10244.3,2521.36,0.24612,133.093,1439857.6,154.645,4376.88,59.0,31.9118,2.533
3802.08,872.34,0.22943,30.9418,529628.5,51.4835,1715.47,41.0,44.9423,10.586
12345.6,3238.67,0.26233,147.632,1759533.2,169.491,4746.14,22.0,29.2395,1.539
6129.86,1544.98,0.25204,49.8824,859359.7,73.3691,3327.82,58.0,39.1286,2.331
6538.93,2053.58,0.31405,58.6969,888729.5,91.0952,2482.05,74.0,40.6223,14.045
7044.01,1780.76,0.2528,52.4447,984616.7,83.7134,3353.78,60.0,38.8666,2.397
11572.3,4023.39,0.34767,129.157,1612438.0,181.035,4208.0,35.0,30.5253,2.111
14402.1,4042.09,0.28065,168.94,1971853.6,201.656,5136.49,180.0,28.8376,2.103
9283.13,3549.62,0.38237,85.8479,1325646.2,134.144,4128.54,49.0,37.7254,4.542
23069.3,8014.51,0.34741,237.988,3194485.2,322.36,6097.02,100.0,20.6588,6.763
7908.52,2746.26,0.34725,77.9829,1100136.8,112.135,3761.76,57.0,36.0644,2.56
10711.3,2730.3,0.25489,127.031,1488354.5,172.024,4652.22,74.0,29.8107,1.575
8364.71,2894.36,0.34602,64.6282,1204846.9,122.524,2939.55,54.0,39.3467,12.485
13363.2,3332.85,0.2494,140.314,1815301.8,164.553,4007.12,208.0,32.2176,2.791
15921.5,4047.94,0.25424,244.558,2192856.5,278.668,4776.36,295.0,26.8377,4.309
8865.6,3844.96,0.43369,85.8939,1238769.9,134.4,3662.31,117.0,35.2573,4.311
12497.1,3247.19,0.25983,155.416,1779771.5,168.896,4803.77,27.0,46.5464,1.623
6272.22,2066.76,0.32951,63.493,860691.06,89.9992,3103.28,28.0,39.0476,6.971
6211.9,1463.89,0.23565,68.9425,862047.3,75.2516,2855.4,76.0,39.2297,7.311
12052.4,4148.47,0.3442,99.396,1666947.5,159.631,4190.51,86.0,33.0522,13.162
12335.6,3711.07,0.30084,152.954,1767448.1,193.376,4639.76,72.0,30.3461,1.201
22926.2,6475.56,0.28245,290.02,3129078.0,378.781,6342.92,109.0,17.861,3.538
7582.1,2746.6,0.36224,72.2709,1071245.5,101.013,3787.54,28.0,39.7221,17.063
4388.32,712.79,0.16242,46.5428,552546.94,52.0792,1900.96,32.0,44.1261,7.528
9884.89,4690.94,0.47455,68.6673,1405982.2,146.714,3782.23,64.0,35.6413,19.986
11872.4,5238.53,0.44123,163.155,1658894.0,240.474,4671.52,127.0,29.379,14.485
7293.79,1020.35,0.13989,59.9881,1041811.5,79.7077,2492.7,66.0,40.8409,8.887
8252.45,2460.87,0.29819,92.6418,1158621.9,102.585,3585.33,24.0,36.8722,12.087
23297.9,5412.52,0.23231,313.028,3208886.5,406.188,6223.82,157.0,19.8519,0.891
19432.8,6843.51,0.35216,198.631,2782846.2,281.924,5827.25,121.0,26.5501,15.645
12193.4,3332.11,0.27327,149.114,1741480.0,171.659,4709.48,23.0,29.0835,1.996
7903.8,1928.45,0.24399,97.9962,1039843.8,116.484,3783.05,31.0,36.4428,4.863
17886.9,7126.49,0.39841,95.8678,2525659.0,284.742,19424.18,89.0,33.4055,4.314
9545.75,2522.36,0.26423,109.649,1346925.2,154.146,4186.26,51.0,33.879,3.452
9191.39,3089.7,0.33615,92.3613,1255236.6,134.119,3916.44,37.0,35.575,2.885
8163.73,2578.52,0.31585,57.8194,1098419.0,111.285,4003.78,30.0,35.9875,14.64
18135.5,5855.83,0.32289,176.496,2540352.0,252.193,6533.13,158.0,21.5571,20.948
14004.5,3700.87,0.26426,188.215,1971663.4,209.873,5674.95,66.0,23.0868,1.371
3680.77,1121.88,0.30479,35.0496,533241.94,76.4125,2317.04,26.0,45.5318,6.599
5813.37,1863.71,0.32059,59.3334,772193.75,91.0497,2662.74,30.0,41.077,5.158
7878.57,2342.02,0.29726,89.1373,1099228.6,114.739,3028.78,21.0,38.1587,0.882
13183.9,4822.98,0.36582,122.362,1857063.2,220.056,5329.15,48.0,29.451,2.415
11328.2,3133.3,0.27659,132.12,1573859.8,158.143,4446.78,89.0,31.5187,1.771
7305.36,2178.9,0.29826,63.1113,1008275.9,91.0563,3516.31,41.0,37.1728,9.066
10788.4,4253.25,0.39424,93.2289,1493746.2,150.818,3929.65,59.0,31.3213,14.921
9103.46,3156.88,0.34677,79.3131,1255931.9,126.015,3825.91,64.0,38.6994,10.615
16365.3,5665.35,0.34618,192.41,2297089.8,299.664,5228.56,249.0,20.5692,10.863
8077.45,3402.2,0.42119,66.8703,1110429.1,123.237,4177.19,84.0,37.2039,15.992
5987.61,2491.64,0.41613,74.7582,854202.06,132.837,4086.91,84.0,37.4084,16.989
12761.0,2956.46,0.23167,176.273,1761042.5,194.19,4824.74,82.0,28.3152,3.078
9879.47,2985.4,0.30218,121.256,1314476.2,164.607,3961.08,38.0,34.025,1.667
6733.51,2187.93,0.32493,64.6155,880404.3,93.1802,3574.0,67.0,38.1176,4.32
4236.27,1376.4,0.3249,35.0902,576542.3,54.2159,1426.57,34.0,44.3511,11.733
9836.61,3496.58,0.35546,80.0867,1317153.0,148.606,5411.06,60.0,31.4498,11.256
5792.88,1555.11,0.26845,52.5522,755371.9,91.9034,3710.32,12.0,39.9968,2.141
16032.7,5526.84,0.34472,188.182,2204497.0,290.879,5368.79,90.0,25.6731,5.74
5795.5,1665.05,0.2873,54.1542,755570.8,86.3173,3014.59,42.0,39.4525,5.473
9430.78,2812.59,0.29823,122.126,1275356.5,175.274,3751.11,25.0,33.3553,3.22
9036.08,3473.8,0.38443,86.956,1254059.8,124.95,4069.6,43.0,35.1763,8.566
12824.6,4039.93,0.31501,118.028,1780855.2,147.313,4461.05,138.0,30.9051,17.339
6060.32,1248.52,0.20601,54.2853,842459.9,79.8228,2725.08,17.0,40.3368,1.226
13558.6,3657.59,0.26976,139.047,1890124.4,162.609,4717.93,58.0,29.536,2.506
14135.8,3787.5,0.26793,180.199,1927214.5,226.591,4623.78,176.0,28.8721,1.932
10442.4,3814.93,0.36533,100.01,1461935.1,124.458,3471.89,50.0,33.3144,9.581
9011.48,3544.29,0.3933,87.9104,1218406.6,129.264,3970.46,40.0,35.5361,11.172
14619.4,4321.77,0.29561,187.534,2034556.1,230.575,5495.91,136.0,22.9586,0.891
14660.9,5212.26,0.35552,115.396,2070444.9,226.307,7791.9,81.0,26.9554,12.858
7691.22,2900.52,0.37712,64.9856,1107990.8,116.867,2530.77,83.0,40.4443,14.567
12199.6,3005.78,0.24638,129.313,1664631.5,158.143,3967.81,230.0,32.4314,2.389
7023.44,2356.8,0.33556,62.2714,918521.94,120.568,2799.48,27.0,38.8696,11.423
5813.07,1217.27,0.2094,58.1128,799111.1,75.8469,2715.71,15.0,40.4778,1.056
17578.4,5184.67,0.29494,235.311,2455620.5,273.209,5612.33,114.0,21.5986,3.058
14344.4,5913.14,0.41222,143.193,2001063.8,230.748,4904.32,133.0,29.2045,18.29
6105.47,1278.41,0.20938,72.1403,833698.5,76.7126,3009.34,28.0,38.265,3.296
7937.17,2484.9,0.31307,65.0372,1085978.5,116.939,3860.12,53.0,36.8114,13.105
6389.01,2335.1,0.36548,62.19,840628.7,112.553,3291.94,19.0,40.4907,13.003
8657.04,2115.92,0.24441,93.9535,1217911.0,126.361,4010.2,160.0,33.6993,1.378
8859.5,2877.29,0.32476,93.8158,1214605.4,150.167,3300.16,16.0,36.2719,1.512
7862.02,1765.22,0.22452,73.3819,1097722.9,95.7041,3442.07,30.0,36.3821,10.906
17354.3,6150.33,0.35439,119.438,2474811.5,270.197,9354.99,135.0,33.8666,16.242
8984.5,2533.77,0.28201,55.3417,1255133.1,120.552,4802.97,35.0,32.3791,15.49
4364.99,946.3,0.21679,43.9451,591676.75,64.2201,2575.73,12.0,43.1219,2.462
9841.92,2940.09,0.29873,94.1015,1379896.8,141.528,4369.04,37.0,32.0292,4.94
10072.2,2832.2,0.28118,121.526,1392776.1,141.458,4187.49,119.0,32.8247,2.155
4295.18,1372.33,0.3195,37.611,576879.9,52.2724,1426.57,30.0,44.3511,11.615
12907.0,3864.2,0.29938,96.0946,1768813.5,161.241,5211.8,140.0,29.1533,18.792
7826.06,1405.57,0.1796,74.168,1096870.8,89.6704,3240.35,30.0,37.4432,16.651
5218.37,1501.19,0.28767,46.4128,743090.44,68.6298,2065.92,2.0,41.8167,4.426
6057.25,2172.82,0.35871,69.6267,821369.2,104.321,2974.37,78.0,39.6121,14.967
9604.56,3895.04,0.40554,72.0878,1360302.2,141.267,4034.38,39.0,35.6091,14.401
10095.7,1824.32,0.1807,99.1215,1388562.5,123.316,3801.35,126.0,33.3467,11.471
6996.91,2068.32,0.2956,63.0719,965247.06,89.1742,3313.1,26.0,38.3844,2.482
6946.72,2431.54,0.35002,69.236,967344.06,108.263,2994.46,59.0,37.9219,10.608
8329.13,2365.15,0.28396,90.0613,1167937.0,116.065,4044.7,24.0,35.4571,2.855
21678.4,7287.21,0.33615,180.501,2915011.0,309.338,6137.8,141.0,18.9085,19.986
9688.6,2182.18,0.22523,105.637,1350357.6,134.93,4188.11,57.0,34.2165,1.635
8616.34,2731.99,0.31707,97.339,1118956.6,141.466,3504.11,54.0,36.6557,6.744
9279.95,2083.42,0.2245,102.116,1266645.6,144.892,3997.56,38.0,34.2074,1.971
6795.97,2230.05,0.32814,66.0216,908533.0,100.723,3081.39,19.0,40.2775,1.229
7059.27,1547.04,0.21915,66.629,982381.06,96.424,3291.63,83.0,38.6135,13.597
12172.9,3057.63,0.25118,144.385,1685385.4,198.612,4152.73,68.0,31.7837,2.015
7977.01,2525.14,0.31655,63.7808,1067529.6,124.531,4218.61,69.0,35.0018,4.856
11872.4,3288.58,0.27699,106.239,1583826.5,151.215,4834.93,66.0,30.6248,15.513
9011.66,2615.35,0.29021,78.1609,1267027.1,126.955,4048.98,78.0,34.6795,4.684
16262.1,4459.85,0.27424,167.354,2314106.8,224.597,4991.67,38.0,32.1024,2.662
10445.0,3209.42,0.30726,105.476,1443912.9,155.711,4335.89,25.0,36.0491,3.301
13301.3,4156.95,0.31252,134.953,1840654.1,188.116,4301.87,39.0,31.9777,3.242
5763.31,1625.73,0.28208,51.0669,745480.9,70.8842,2440.18,16.0,43.844,9.965
7896.01,1701.67,0.21551,61.2399,1084304.0,92.4087,3817.19,31.0,37.3192,13.574
9928.39,2696.21,0.27156,98.0019,1402219.4,140.131,3642.41,118.0,35.8134,3.776
5313.14,1354.64,0.25496,38.8378,736654.44,65.4455,1980.95,8.0,43.051,12.466
7543.03,2046.57,0.27131,84.084,1046330.7,113.222,3064.87,23.0,37.8921,1.088
11265.2,3621.67,0.32149,130.777,1546906.9,158.9,4926.4,76.0,29.2829,3.592
6887.39,2250.87,0.32681,62.6964,974748.9,104.501,3491.55,42.0,37.8358,13.91
10904.5,3628.32,0.33273,115.638,1582934.4,144.103,3896.99,58.0,34.6139,2.126
4624.27,1767.89,0.3823,32.6308,660304.94,62.8148,1629.29,39.0,44.8642,9.738
5535.97,1770.86,0.31988,70.4502,762349.94,79.6518,3012.47,38.0,39.5079,3.978
9443.52,2166.19,0.22938,107.477,1297246.2,141.384,4008.32,39.0,34.2893,1.956
17640.6,5772.2,0.32721,175.702,2383876.0,273.499,5507.17,101.0,23.6884,4.604
11216.4,4097.53,0.36531,137.12,1510200.4,196.533,4609.61,145.0,30.6986,1.973
9982.06,3724.34,0.3731,69.2215,1408177.0,142.212,3428.96,46.0,37.8283,12.598
12963.2,4068.36,0.31383,158.585,1780480.6,187.945,4873.95,72.0,28.5794,3.365
7296.36,2316.42,0.31747,73.6297,1005957.0,96.0691,3715.65,32.0,36.2385,2.738
11614.8,3153.8,0.27153,147.288,1582311.4,171.011,4422.45,65.0,31.2559,5.381
16194.7,3854.33,0.23799,220.46,2275724.0,256.548,5652.33,92.0,23.1661,1.231
16604.0,5039.02,0.30348,179.563,2381081.8,242.076,5508.31,217.0,22.0768,19.912
7334.07,2044.6,0.27878,71.6123,984218.06,109.312,3612.2,79.0,36.9085,1.889
14584.3,7204.68,0.494,140.664,2035313.0,240.554,4464.19,92.0,29.0982,20.201
8728.8,3030.98,0.34723,57.7163,1208340.5,128.095,2999.17,35.0,40.1274,13.692
6882.15,1791.22,0.26027,77.2501,916516.5,96.6785,3490.88,74.0,37.4305,1.985
8892.57,2044.45,0.2299,108.833,1229680.1,131.885,4156.91,54.0,34.2852,1.684
8579.73,2488.1,0.28999,83.8804,1222447.8,114.752,4438.24,92.0,32.9979,1.921
5667.22,1549.05,0.27333,50.0899,786956.7,70.0343,2554.93,31.0,41.8598,3.94
10800.7,3941.3,0.36491,80.6192,1482214.2,155.488,4142.03,58.0,37.3629,13.637
12986.8,3952.46,0.30434,159.63,1842374.4,242.71,4290.34,80.0,30.1519,1.621
10461.6,3268.19,0.31239,115.273,1432823.2,164.734,4413.56,70.0,46.5464,1.364
9845.37,3401.4,0.34548,51.2426,1375591.2,164.901,4013.88,24.0,33.0471,16.988
5814.21,854.23,0.14692,46.9138,821953.25,69.681,2608.91,1.0,42.0275,1.397
8686.43,2370.32,0.27287,84.8743,1224089.0,121.844,3935.76,85.0,34.2865,4.363
15149.0,4871.45,0.32156,181.206,2099384.8,253.923,4885.62,21.0,29.1812,2.917
6617.97,1670.32,0.25239,52.8926,928405.5,74.7762,3346.85,61.0,38.9367,2.403
6923.34,2416.73,0.34906,72.1277,945726.94,98.7028,2941.93,49.0,38.1134,16.063
15613.9,5086.34,0.32575,158.55,2162737.0,242.586,5271.44,169.0,27.0918,1.876
4619.49,1218.36,0.26374,36.2426,632098.0,53.2357,1885.52,29.0,43.2431,13.982
7637.12,2027.41,0.26546,96.738,1046691.7,122.511,3301.36,14.0,37.9458,1.783
7007.76,2243.25,0.3201,69.9469,952705.2,88.6667,3099.96,27.0,38.4272,2.167
11139.2,3707.87,0.33286,121.949,1522651.9,180.336,3931.45,14.0,32.9108,2.946
7569.76,2790.11,0.36858,64.8508,1105201.1,101.537,3229.16,28.0,38.7913,1.335
8317.51,2753.53,0.33105,84.9279,1199572.9,120.276,3400.82,45.0,36.0075,4.422
7515.81,2720.69,0.36199,89.023,1063672.6,114.907,3608.22,26.0,36.5188,13.766
7983.54,3852.31,0.48253,88.7815,964309.6,156.215,2187.2,113.0,40.8702,14.647
8262.07,3335.95,0.40376,73.8644,1173160.0,121.691,3202.37,37.0,35.0175,16.739
6228.01,2513.01,0.4035,49.8977,871132.8,100.362,2961.44,22.0,39.1506,15.427
7173.98,2021.2,0.28174,72.2232,973685.6,94.2373,3382.84,77.0,36.9287,3.196
10419.1,3795.44,0.36427,128.296,1429753.2,200.239,4289.04,74.0,32.5617,4.073
7225.89,2808.58,0.38868,79.9866,974174.9,105.699,3321.18,63.0,38.5471,2.118
6177.09,1832.45,0.29665,46.3004,884118.06,69.3704,2576.84,21.0,42.1195,2.977
7269.27,2235.76,0.30756,59.2987,978716.75,105.058,3239.05,23.0,39.7511,1.964
7700.01,1746.26,0.22678,67.82,1052758.1,87.8706,3571.52,38.0,35.8508,8.279
3658.43,668.2,0.18264,27.2559,513518.28,43.7051,1785.73,49.0,45.8181,9.797
8155.52,2439.08,0.29907,67.828,1204596.9,102.6,2924.97,60.0,38.9006,15.223
7874.63,1950.66,0.24771,71.977,1047567.25,98.7366,3575.61,90.0,38.2514,12.01
11468.5,4623.85,0.40317,105.299,1569446.8,215.21,3610.08,18.0,34.6667,17.507
14045.1,3598.32,0.25619,192.081,1908582.5,216.544,4627.96,176.0,29.2205,1.69
10346.8,5016.51,0.48483,84.9681,1478913.8,142.431,4131.77,68.0,37.7508,17.91
8770.1,1719.2,0.19602,96.2382,1228837.4,124.879,3847.53,45.0,35.4525,2.892
9855.32,2845.11,0.28868,97.5468,1306678.5,114.618,4787.53,47.0,35.5766,14.938
5643.11,2104.11,0.37286,48.872,799510.06,79.6691,2299.94,20.0,42.2721,2.087
14966.8,4707.99,0.31456,218.359,2081858.0,250.176,5323.6,294.0,24.7341,0.0
5820.97,1871.82,0.32156,56.231,774294.25,92.6353,2673.27,39.0,41.0164,6.411
18401.4,4977.81,0.27051,225.554,2535829.2,270.222,5638.94,197.0,22.4471,2.408
11689.3,2724.19,0.23304,161.932,1628501.8,187.687,4061.97,64.0,32.4367,20.776
7570.36,1473.05,0.19458,79.46,1062163.4,97.4046,3740.88,18.0,34.4535,1.726
9422.47,3454.64,0.36663,91.7135,1328857.4,135.972,3375.64,44.0,36.4599,15.185
15808.7,4769.15,0.30167,151.179,2136340.8,266.749,5037.89,90.0,22.19,17.237
10035.1,2977.98,0.29675,92.5297,1379187.2,133.595,3903.28,14.0,36.6075,2.64
6190.54,1700.19,0.27464,68.9441,859550.75,100.235,2957.78,5.0,37.1327,5.19
10019.8,2912.22,0.29064,101.844,1452781.1,138.178,4431.23,57.0,31.6215,5.036
11275.4,2689.27,0.2385,130.126,1568473.0,174.29,4731.51,176.0,28.7637,0.675
7084.57,2055.68,0.29016,50.8256,1018687.75,98.3568,3219.97,81.0,39.5744,12.157
4914.41,1299.59,0.26444,36.6299,688595.75,53.3348,2015.64,47.0,43.3965,11.581
8431.26,2087.62,0.2476,92.8377,1177120.1,125.83,3218.2,5.0,36.636,0.659
5427.58,1550.83,0.28573,35.4273,736910.7,74.5253,2132.79,14.0,41.1888,9.938
17323.6,3773.23,0.2178,179.562,2451304.0,242.204,6996.33,77.0,46.5464,0.0
8065.44,2468.92,0.30611,84.6971,1153209.4,121.089,3479.88,24.0,37.1727,5.475
7769.0,2584.65,0.33268,62.8009,1072423.5,104.342,3138.76,64.0,37.915,16.756
8861.26,3551.59,0.40079,88.6463,1221575.5,136.972,3548.75,108.0,36.5721,16.607
10046.3,2974.05,0.29603,53.8816,1322443.9,156.524,3806.29,38.0,35.5116,16.292
14197.9,4622.14,0.32555,155.163,1982667.1,238.562,5557.97,88.0,26.0735,6.159
11935.0,2794.46,0.23413,127.498,1648020.0,159.096,4093.17,27.0,32.6511,3.668
3687.76,1247.51,0.33828,37.2492,499365.28,50.1721,1395.94,31.0,44.3202,11.348
8737.06,2338.31,0.26763,100.209,1193858.1,119.649,3547.41,10.0,36.5811,1.603
7864.6,3368.41,0.4283,66.2482,1123413.9,116.081,3790.09,82.0,35.1401,17.766
9070.22,2014.01,0.22204,79.9108,1298080.4,107.269,3681.2,87.0,36.672,15.81
11733.2,3123.46,0.2662,150.457,1667349.4,160.234,4681.36,26.0,28.7679,1.657
6702.86,2247.74,0.33534,59.047,859838.56,100.211,3175.11,5.0,38.8066,15.158
5154.16,1965.8,0.3814,34.4585,731063.0,65.6846,2579.49,38.0,42.6307,1.63
20742.4,6684.71,0.32227,245.234,2890100.8,336.365,5548.42,71.0,23.3243,3.085
8441.84,2858.92,0.33866,90.9617,1156628.1,109.324,3537.44,25.0,33.1814,8.007
12788.4,3895.97,0.30464,144.23,1819812.8,199.061,4578.71,34.0,31.9461,10.673
8550.96,1639.29,0.1917,83.0573,1202942.2,97.2675,3459.05,11.0,36.129,10.015
12306.0,4273.1,0.34723,118.759,1776616.8,165.751,3688.58,165.0,36.3616,18.142
5855.49,2098.18,0.35832,52.6724,774930.2,92.6907,2889.68,61.0,40.2764,8.636
14751.4,4157.59,0.28184,197.178,2057502.2,222.528,5618.46,142.0,22.8367,1.046
6597.0,1405.15,0.21299,49.0391,934509.7,74.2753,3168.86,29.0,39.3041,10.524
15487.0,4878.4,0.31499,169.225,2198454.5,224.652,6854.93,83.0,26.1483,19.889
6861.72,2175.62,0.31706,65.5087,922063.56,98.2329,3282.97,14.0,39.6332,1.799
12332.9,4366.64,0.35406,149.124,1732984.4,177.001,5081.15,29.0,28.4501,4.072
14799.4,3826.47,0.25855,203.153,2065932.1,255.4,4966.9,134.0,26.7019,2.861
4751.81,1379.15,0.29023,40.4969,631830.25,68.6053,2653.4,8.0,40.4954,11.396
12950.3,3976.25,0.30703,155.395,1809009.8,210.134,4794.5,101.0,28.4906,3.836
19453.4,7030.07,0.36138,168.537,2684916.8,333.825,12690.82,117.0,28.2783,4.551
5922.82,1740.73,0.2939,64.3761,808522.5,74.6907,3468.04,33.0,37.878,12.948
13522.4,3317.51,0.24533,140.552,1820013.6,166.406,4287.71,200.0,30.9573,3.759
8300.17,2488.47,0.2998,70.5697,1163056.1,108.563,3313.59,35.0,37.715,16.038
4699.34,1018.01,0.21662,38.0169,646814.5,60.0726,2744.08,41.0,42.1532,8.19
6362.81,1333.95,0.20964,54.4507,864383.9,76.4014,3057.07,40.0,39.7365,8.918
8368.23,1861.47,0.22244,76.5068,1088718.2,107.249,3282.72,43.0,38.4965,16.821
7047.57,2087.01,0.29613,60.0058,976916.5,96.4661,2928.11,19.0,39.3939,6.12
9852.93,2617.72,0.26567,102.089,1406137.1,154.422,3918.98,43.0,33.4188,1.836
16988.2,4724.37,0.27809,232.229,2331612.0,288.758,4794.52,164.0,27.2191,7.565
9758.48,3828.64,0.39233,135.053,1313227.5,183.956,4368.39,170.0,30.6796,2.506
5084.09,794.84,0.15633,46.143,735538.0,60.3033,2197.2,78.0,42.7641,0.821
15608.2,5397.05,0.34578,179.132,2158155.0,262.32,4619.78,34.0,29.8553,3.097
7365.0,1859.81,0.25252,84.0214,1031865.4,108.453,3873.77,21.0,36.0889,1.937
9952.35,3468.96,0.34855,125.348,1331216.6,186.215,4517.05,176.0,30.6197,1.447
5212.49,1625.4,0.31182,49.4362,756410.75,71.7134,2210.42,77.0,40.8997,5.54
11622.0,3350.0,0.28824,113.918,1641531.8,166.692,4921.16,80.0,27.8416,8.307
4542.26,939.14,0.20675,43.2506,618782.1,69.9163,2595.94,12.0,43.0992,2.247
6582.4,1825.21,0.27728,55.3173,868409.9,91.5857,3142.1,41.0,38.3914,5.258
7828.61,1805.01,0.23056,67.0155,1136107.9,98.6349,3021.69,37.0,35.1075,2.994
13014.8,4515.3,0.34693,139.543,1832181.0,195.681,4331.85,52.0,31.6712,2.919
7683.57,2078.11,0.27046,60.7751,1073887.6,109.695,3504.83,38.0,37.0747,12.537
8947.77,2335.14,0.26097,96.3634,1258164.2,128.906,4132.18,168.0,32.7739,1.462
8716.63,2517.02,0.28876,94.7727,1234437.0,136.437,4003.39,155.0,30.8588,1.406
12490.6,4329.45,0.34661,150.064,1748719.8,161.415,5153.58,27.0,27.4935,3.837
5358.67,1902.19,0.35497,41.5817,764838.9,74.482,2538.07,36.0,39.9342,12.481
4171.78,1267.82,0.3039,36.7568,575715.0,51.1491,1387.75,17.0,44.3803,1.655
9931.67,2960.67,0.2981,132.001,1370814.6,164.61,4664.61,77.0,29.7716,1.739
16754.8,5298.82,0.31625,185.242,2417918.0,268.811,5996.57,148.0,22.3793,1.975
6954.45,941.09,0.13532,68.671,981490.06,75.4411,2898.94,42.0,39.675,16.238
14456.8,4533.15,0.31356,179.649,2075637.1,259.391,4917.05,91.0,27.1316,3.187
3954.47,941.3,0.23803,34.2029,564115.44,43.2465,1776.1,12.0,44.4813,2.112
7387.2,2292.08,0.31027,71.7183,1002105.0,119.266,3107.41,80.0,39.3309,1.341
5776.58,1541.55,0.26686,61.361,728582.25,87.2728,3099.07,16.0,39.2311,2.145
8270.23,2668.12,0.32261,75.3373,1163097.6,111.294,3355.51,14.0,36.9611,18.94
9561.8,3522.44,0.36838,71.2175,1350976.0,136.265,4210.63,21.0,33.8944,16.157
5997.09,2028.48,0.33824,55.4428,819082.75,82.8936,3220.41,13.0,39.3423,7.958
10858.5,4462.07,0.41092,125.266,1483583.8,207.177,4526.57,173.0,30.8501,7.037
10173.3,3717.44,0.36541,134.574,1412237.9,172.043,4564.58,83.0,31.2494,18.224
8267.54,2863.35,0.34633,56.3142,1185153.2,121.354,4208.5,14.0,37.1071,18.728
19006.6,4116.09,0.21656,219.437,2671473.8,288.158,5554.67,101.0,23.6586,2.243
8043.67,2077.7,0.2583,80.3517,1133940.9,107.958,3940.61,41.0,35.2595,2.677
11629.2,3312.28,0.28482,117.933,1614188.2,171.308,4242.76,39.0,30.6402,2.032
5501.34,1817.95,0.33045,58.0053,729604.25,87.709,2887.34,29.0,40.163,15.477
8204.76,3213.44,0.39165,56.0701,1159213.5,134.326,4384.56,87.0,32.5523,7.52
8029.82,2489.94,0.31008,72.245,1136166.2,106.614,3812.92,12.0,36.1089,8.931
5578.79,1591.23,0.28522,63.7518,745708.75,90.5839,3158.28,53.0,39.1239,11.081
7293.21,2151.1,0.29494,71.7369,981164.94,104.371,3235.84,37.0,38.5714,12.145
8398.96,2773.72,0.33024,66.0337,1116159.9,122.708,4388.8,63.0,32.9158,5.258
5311.69,983.3,0.18511,41.3214,721515.6,78.1566,2735.87,21.0,41.3653,13.496
7981.3,2167.77,0.2716,84.1934,1095115.4,112.783,3151.34,25.0,37.3486,0.664
6596.85,2421.59,0.36708,63.9151,885016.44,104.023,3342.55,67.0,38.3437,9.733
21509.3,6744.31,0.31355,249.935,3001862.0,335.544,5540.66,73.0,23.1819,3.492
5389.69,1669.78,0.30981,47.54,755980.2,67.5762,1968.4,21.0,43.2174,2.621
7929.36,1912.47,0.24118,65.7156,1092360.2,110.902,3854.63,26.0,36.2565,2.355
16048.3,4160.8,0.25926,208.667,2226145.2,256.347,5069.95,130.0,26.1415,2.653
6111.26,1479.49,0.24209,62.2312,876210.2,81.9538,2361.36,26.0,40.6283,8.476
20472.4,6321.19,0.30876,205.009,2807297.0,351.409,6385.68,180.0,22.0228,17.124
6081.64,1249.23,0.20541,54.2293,842907.44,78.147,2747.21,28.0,40.4576,1.328
10144.4,2947.68,0.29057,95.9697,1402665.8,141.941,5400.25,127.0,33.4838,19.997
5259.86,1807.31,0.3436,54.0899,730094.3,73.0096,2526.8,28.0,41.5705,3.126
11787.5,3373.15,0.28616,133.707,1681012.1,160.803,4499.77,59.0,31.409,3.702
8839.12,2713.87,0.30702,96.9368,1227757.5,142.507,3282.14,19.0,36.4297,1.509
12199.7,3437.26,0.28174,153.257,1743464.0,177.623,4718.67,27.0,28.7646,1.669
17642.3,5613.85,0.3182,256.769,2392446.5,311.717,5654.12,327.0,20.8253,2.611
7722.5,1995.23,0.25836,91.5222,1051588.6,111.621,3917.57,103.0,35.1871,4.448
12664.7,3850.37,0.30402,142.444,1704121.2,187.58,4697.77,66.0,30.79,5.047
8422.88,2523.35,0.29958,83.7488,1157370.1,109.786,3838.73,46.0,35.7066,16.919
15469.7,3620.95,0.23406,213.618,2140222.8,245.45,5115.88,158.0,25.0194,3.08
6121.71,2034.59,0.33235,62.4563,848274.75,84.7993,2677.36,42.0,39.4474,1.762
11999.6,3640.7,0.3034,113.022,1689985.2,186.376,4626.51,102.0,32.7817,11.74
7664.04,2102.51,0.27433,73.7383,1029172.06,109.298,3527.63,62.0,36.9732,13.588
7521.22,2636.17,0.35049,77.1025,1014059.56,112.884,2942.52,17.0,36.7731,15.1
15482.0,4270.12,0.27581,201.574,2107793.0,243.382,5127.81,86.0,26.1202,5.273
7285.09,2488.28,0.34155,62.433,998231.9,92.9463,3284.37,36.0,38.4279,4.212
6675.43,1392.52,0.2086,60.8054,918917.75,87.5315,3210.76,39.0,38.3509,3.81
21382.3,7079.51,0.33109,251.611,2973069.5,339.133,5552.19,82.0,22.8961,3.759
14868.4,3111.15,0.20924,181.19,2065946.9,221.103,4702.23,37.0,26.8449,1.275
8911.67,2592.03,0.29085,104.292,1260977.8,114.231,4093.63,110.0,33.4766,4.078
5550.49,1306.76,0.23543,55.1823,783403.0,66.0624,2935.45,20.0,40.5159,4.448
11926.0,3110.54,0.26082,147.508,1684193.0,161.9,4162.66,133.0,32.1476,3.014
5843.35,2378.7,0.40707,63.2628,808750.2,90.1178,3147.83,71.0,38.9198,7.662
8628.94,1735.15,0.20108,80.6369,1237252.6,99.3416,3709.82,10.0,35.8188,2.916
15320.1,5904.25,0.38539,186.406,2139927.5,259.247,4794.6,28.0,26.9167,2.055
10525.8,3932.73,0.37362,93.357,1458263.2,149.956,4083.64,63.0,33.3465,17.702
3970.95,1084.19,0.27303,33.0426,562167.75,45.9235,1196.94,39.0,45.3947,18.062
8345.26,2591.76,0.31056,66.7761,1113419.5,110.656,4152.54,81.0,38.8804,15.905
4995.61,1427.35,0.28572,43.5648,679939.3,74.0706,2772.54,11.0,43.865,11.251
10641.0,3595.93,0.33793,132.696,1423099.0,171.512,4146.08,46.0,33.572,1.614
15822.7,6470.88,0.40896,137.147,2184306.2,249.766,5370.3,103.0,29.5693,18.436
16446.8,3873.41,0.23551,221.156,2320746.5,262.949,5587.67,89.0,23.4652,2.073
23288.5,6867.41,0.29488,307.649,3223206.2,359.175,6324.93,98.0,17.7804,3.479
9675.51,3134.37,0.32394,98.6555,1325020.1,139.055,3459.57,25.0,35.8165,5.386
17464.2,5625.82,0.32213,192.122,2383659.5,228.035,5213.92,107.0,26.2059,5.357
10140.5,3404.11,0.33569,101.945,1401380.2,138.083,3935.58,55.0,33.7757,3.758
9817.2,2990.21,0.30458,96.7656,1356366.9,149.79,3578.96,123.0,33.9121,1.535
9444.03,2426.41,0.25692,105.356,1344842.6,153.626,3905.93,42.0,33.4178,1.872
16248.9,5593.8,0.34425,239.367,2179525.0,256.763,5276.22,126.0,22.2186,2.4
15194.8,5711.07,0.37585,199.265,1999345.2,268.094,5265.98,209.0,23.7927,17.138
8494.95,2895.0,0.34079,62.655,1191305.5,115.285,3777.86,38.0,33.9911,16.011
5135.17,1717.01,0.33436,39.2299,703718.8,64.2976,2283.42,31.0,42.4647,12.547
7843.9,1450.94,0.18497,79.8131,1084237.8,84.7731,3303.0,62.0,38.3366,16.341
6595.05,1937.15,0.29372,62.2644,903767.7,78.4875,3756.44,28.0,36.9967,8.419
11720.6,2105.18,0.17961,147.19,1652446.9,166.372,4638.33,146.0,29.8961,1.611
15553.6,5680.28,0.3652,179.149,2173563.5,251.172,4348.94,31.0,26.2767,2.112
10811.8,3775.75,0.34922,106.972,1520274.1,158.746,4900.28,69.0,30.0386,9.236
9451.29,3219.65,0.34065,112.407,1308602.8,148.315,4218.72,142.0,31.9389,18.7
7518.32,2937.96,0.39077,80.8621,1031573.6,113.729,3625.34,41.0,32.4059,13.509
7092.81,2429.07,0.34246,76.9586,976026.44,97.8238,3268.82,60.0,37.7706,1.405
9092.51,2336.27,0.25694,97.5595,1279037.5,146.211,3491.89,32.0,34.0077,2.383
8443.61,3067.23,0.36326,66.0409,1192171.5,113.821,3704.86,89.0,40.0472,17.142
7135.54,2541.89,0.35622,60.2668,924634.1,113.87,3540.6,5.0,38.0204,15.322
7898.12,2921.2,0.36986,94.5732,1096033.2,136.011,3988.98,124.0,33.478,16.433
6418.01,1614.28,0.25152,59.347,887093.1,81.0677,3284.79,28.0,37.8684,5.751
9132.9,2509.79,0.2748,58.8873,1265046.6,132.081,3920.86,21.0,34.7562,4.665
5979.83,2123.91,0.35517,56.6872,854697.25,82.8779,2567.68,62.0,41.6546,4.591
6609.01,1908.65,0.28879,67.2223,902797.0,90.7844,3217.9,45.0,38.6728,14.13
6607.91,2766.0,0.41858,54.5024,950502.7,99.1139,3540.27,63.0,40.3088,10.767
8554.72,2241.18,0.26198,81.7386,1201925.0,123.242,4116.44,47.0,34.6774,2.617
11543.3,3148.7,0.27277,136.883,1601905.4,160.687,4460.33,94.0,31.4314,2.037
3966.7,1250.36,0.31521,35.2027,539200.4,50.4802,1381.95,32.0,44.4305,11.264
8503.65,2620.61,0.30817,79.9367,1187250.2,114.454,3813.64,44.0,35.8994,14.211
9178.71,2576.65,0.28072,73.5218,1290626.5,119.614,4126.2,19.0,34.2899,9.676
17429.5,5536.58,0.31765,182.492,2432029.8,230.661,6306.04,124.0,25.406,18.079
5833.27,2404.41,0.41218,56.1599,799382.0,92.3561,3017.11,41.0,39.8821,6.694
9158.8,1859.12,0.20298,100.354,1291586.9,129.118,3834.9,46.0,34.9576,2.801
7155.64,2325.57,0.32499,74.4976,998569.6,103.374,3444.21,19.0,36.7431,15.039
5732.42,1578.29,0.27532,62.5448,722983.6,85.2453,3093.02,20.0,39.4148,2.149
8973.3,4354.23,0.48524,75.5644,1199492.9,157.704,3507.42,81.0,37.223,16.246
15326.5,4770.53,0.31126,178.326,2152873.5,222.196,5287.29,77.0,26.7392,17.798
8822.1,3270.86,0.37075,88.9665,1179173.5,130.286,3694.3,32.0,35.0286,14.109
6029.76,1137.57,0.18865,53.1636,799770.94,66.3187,3162.84,39.0,39.3032,5.036
9337.81,2051.58,0.2197,98.9233,1266589.2,141.313,4044.58,40.0,33.9895,2.064
12658.2,4605.76,0.36385,153.795,1776006.5,179.02,5231.51,38.0,28.0589,4.144
13721.7,4249.26,0.30967,144.905,1923606.4,161.89,4786.32,124.0,32.9103,18.188
11375.3,3900.79,0.34291,127.572,1576847.6,175.964,4775.85,70.0,30.0477,16.422
11972.9,2633.42,0.21994,164.2,1685189.6,174.848,4514.97,75.0,30.618,1.92
7887.13,2582.84,0.32747,74.8687,1115937.8,113.594,3196.11,31.0,37.5142,18.592
5450.51,1317.29,0.24168,43.7345,764489.06,63.1584,2951.63,13.0,40.2959,2.625
6310.77,2474.7,0.39213,44.3815,863765.56,96.0799,3147.82,71.0,39.5112,7.219
13189.5,3698.13,0.28038,169.047,1835915.8,192.472,4787.96,187.0,27.3037,1.804
8552.89,2138.2,0.24999,92.4337,1201183.1,133.262,3977.82,169.0,33.9819,1.626
14126.0,4351.77,0.30806,154.543,2027170.2,237.586,5183.06,66.0,28.4449,1.399
4006.87,708.54,0.17683,39.3287,539712.94,51.4857,2597.8,14.0,43.1178,0.0
17233.8,5537.76,0.32133,189.578,2302843.0,270.055,5440.67,198.0,24.2615,2.649
10268.5,5276.99,0.5139,116.324,1408960.8,194.735,4386.53,67.0,33.0208,16.461
12770.2,4270.66,0.33442,153.395,1821035.5,214.14,5039.49,84.0,28.4813,1.571
22785.0,6618.46,0.29047,307.191,3122945.8,370.015,6255.23,110.0,17.6129,3.976
7242.2,2147.93,0.29658,78.8287,996595.56,113.798,3085.76,78.0,39.1802,0.875
7687.78,3183.0,0.41403,67.7962,1076270.4,109.245,3926.45,63.0,35.6614,14.981
8949.11,2446.4,0.27336,83.9356,1249636.5,116.294,4098.92,48.0,34.9125,1.851
4860.14,1183.78,0.24356,41.7873,666302.4,73.7034,2800.25,27.0,41.4505,13.168
10700.0,3303.99,0.30878,133.723,1416130.1,165.83,4136.06,39.0,33.888,3.007
12717.4,4375.95,0.34409,102.439,1836824.2,183.386,5380.85,76.0,28.5008,20.446
6242.36,1444.8,0.23145,56.3276,822990.06,84.7941,2815.37,4.0,39.4668,13.045
14965.5,5563.71,0.37176,164.82,2066843.9,210.339,5036.79,81.0,27.2091,6.552
6028.75,1509.29,0.25034,67.9409,828177.25,88.1428,2789.33,81.0,39.5301,9.114
18425.8,6232.91,0.33827,162.604,2545963.0,258.109,5343.95,105.0,26.8562,3.945
11179.8,2287.37,0.20459,145.33,1575407.4,178.484,4613.62,54.0,29.9266,0.959
8187.41,2543.47,0.31065,93.308,1163164.6,119.265,3543.49,90.0,36.851,2.085
14282.2,4275.47,0.29935,177.028,1985347.2,233.799,4436.08,20.0,29.3594,2.872
13144.5,4905.21,0.37317,131.497,1873506.4,191.392,4921.49,57.0,23.8453,16.76
15966.0,6454.98,0.40429,143.368,2233739.2,247.469,5514.23,159.0,25.8108,20.654
7610.96,2224.82,0.29231,90.7735,1074111.5,98.0238,3934.79,28.0,35.7555,2.082
13623.8,4566.5,0.33518,128.094,1945013.8,199.847,5768.52,137.0,31.2965,4.01
5644.19,2290.1,0.40574,48.2535,809120.25,97.7146,2272.32,74.0,41.839,11.532
14131.8,4721.16,0.33408,162.5,1956466.4,220.213,4593.56,97.0,29.8728,5.041
12866.5,5328.68,0.41415,142.823,1825454.4,211.078,4852.44,144.0,29.073,12.334
10088.2,3285.74,0.3257,95.0618,1422544.5,143.975,4477.87,102.0,30.6586,17.425
11357.9,3597.81,0.31676,120.679,1583912.0,174.378,4853.99,130.0,29.1362,18.023
8903.6,3023.36,0.33956,40.0335,1229034.9,111.161,3536.08,64.0,36.0975,12.597
6965.35,2558.86,0.36736,62.9774,1014376.0,94.7148,3202.41,28.0,38.9172,1.543
10668.6,2590.75,0.24283,120.597,1440454.9,150.034,3641.39,21.0,34.6412,2.269
12497.1,3768.17,0.30152,109.69,1719104.1,183.093,5611.85,27.0,32.2545,5.22
7207.08,2439.93,0.33854,73.7125,966321.9,111.142,3148.17,18.0,38.5816,12.767
4591.83,1458.65,0.31766,49.7489,654876.5,61.0439,2149.16,29.0,43.0329,6.25
8457.0,2298.06,0.27173,92.4137,1183759.4,106.691,4061.37,25.0,35.5085,2.573
6839.42,2082.92,0.30454,61.7346,952400.44,102.268,3361.41,74.0,36.9064,11.916
6804.77,1916.99,0.28171,56.0653,930773.8,84.2472,2719.18,23.0,40.9073,10.579
8408.79,3527.39,0.41948,60.3086,1188192.5,127.202,3178.21,75.0,39.3689,17.049
3536.09,1102.69,0.31183,33.2933,483073.22,45.893,1392.91,19.0,44.5118,1.824
6760.98,2432.13,0.35973,81.343,929906.2,96.3668,3261.87,69.0,38.5776,1.501
4254.5,1253.42,0.29461,36.4717,579575.56,48.947,1402.5,15.0,44.0768,5.832
14575.2,3831.73,0.26289,200.895,1920679.9,227.112,5790.64,258.0,21.8635,2.634
14762.6,3739.9,0.25333,206.556,2033943.6,255.291,5077.11,174.0,25.5002,3.006
6970.98,2627.08,0.37685,62.3995,999835.1,94.87,2300.76,65.0,40.5018,13.028
8170.82,2832.1,0.34661,82.2868,1123744.9,118.487,4012.77,29.0,36.0049,2.599
6532.16,2124.58,0.32524,70.493,934355.4,87.7043,3439.63,65.0,38.9356,12.9
13383.3,4322.65,0.32298,117.549,1919968.5,178.174,3850.28,148.0,35.2509,19.571
13773.7,4145.4,0.30096,125.08,1921375.0,180.122,4655.74,61.0,29.548,2.761
7066.35,2560.78,0.36239,80.0756,973231.0,94.0697,3836.42,32.0,35.7435,2.103
5157.49,1954.75,0.37901,43.8607,738162.8,77.1405,2578.78,45.0,41.6347,9.713
8955.31,3084.54,0.34443,104.832,1258693.5,130.007,3539.95,20.0,35.8379,3.705
9970.24,2980.22,0.29891,120.739,1358721.6,173.123,3755.03,20.0,33.9654,3.047
12768.0,4141.91,0.32439,119.042,1787233.6,174.764,4892.51,80.0,46.5464,18.321
11858.8,3324.03,0.2803,165.37,1644761.1,203.919,4775.65,65.0,28.4949,3.487
13052.3,4542.46,0.34801,152.476,1821309.2,176.039,5256.51,38.0,28.2698,4.203
9190.64,2887.18,0.31414,72.9843,1272667.8,119.704,3417.47,48.0,36.5996,18.291
6020.61,862.18,0.1432,48.6546,849515.44,70.8815,2717.28,1.0,42.3264,0.749
8794.75,2673.81,0.30402,90.7521,1209313.9,116.368,3642.43,25.0,35.9783,10.659
4914.03,1757.2,0.35758,39.2545,678198.94,65.1816,2325.64,45.0,43.0474,12.355
8853.31,2097.15,0.23687,90.6771,1249663.9,125.799,4009.65,162.0,46.5464,1.372
5317.1,1033.19,0.19431,47.0632,763558.4,67.7691,2858.5,58.0,40.3916,0.935
8530.88,2341.54,0.27447,91.8261,1207331.0,131.673,4009.13,161.0,32.8097,1.318
11993.7,3121.0,0.26021,164.771,1669552.0,185.577,4686.8,45.0,29.5031,2.221
13120.2,3364.22,0.25641,187.934,1798515.4,202.749,4584.44,173.0,28.6671,1.622
8267.83,2573.85,0.3113,87.6897,1115305.4,131.561,3934.46,38.0,34.0162,3.765
7675.9,2246.3,0.29264,70.9382,1035659.2,104.227,3555.23,72.0,36.6579,2.299
11330.2,2561.86,0.2261,95.8359,1507218.0,174.306,3883.82,96.0,33.266,3.744
13777.4,5349.48,0.38827,159.239,1949446.4,216.22,5898.43,72.0,23.9298,2.705
7489.0,2831.17,0.37804,64.5088,1095878.4,100.986,3229.12,28.0,38.7855,1.296
6761.65,1516.95,0.22434,55.5258,916573.94,79.7651,2556.18,25.0,40.8463,15.525
12818.2,3699.52,0.28861,173.384,1793882.8,193.092,4730.61,121.0,29.0448,3.364
3786.09,951.68,0.25136,34.2986,536778.6,46.1171,1764.59,11.0,44.4613,2.085
6751.8,1689.9,0.25028,73.9839,920757.1,94.0899,3604.87,98.0,36.2395,14.689
15935.1,4411.94,0.27686,183.302,2278522.0,260.836,4988.29,65.0,26.4925,20.703
7158.81,2062.18,0.28806,70.7917,962979.9,100.261,3601.76,83.0,37.2157,1.748
10146.0,2888.77,0.28472,121.95,1396082.5,139.795,4163.71,132.0,32.8909,2.869
6707.24,2183.14,0.32549,63.5459,906383.7,100.703,3121.59,18.0,40.2996,1.62
11601.5,3193.86,0.27529,147.106,1553112.8,186.505,4432.28,51.0,30.7319,2.618
8742.77,2457.16,0.28105,82.6178,1232029.2,119.271,4050.03,40.0,35.6464,2.599
7454.11,2436.45,0.32685,69.6947,1049494.0,97.3763,3666.41,38.0,37.2759,18.943
7728.38,1987.54,0.25717,91.8281,1054629.4,123.615,3937.29,103.0,35.2386,7.925
4425.21,1131.2,0.25562,41.3504,608171.6,71.7551,2313.26,26.0,42.5154,9.009
11385.2,3544.78,0.31134,98.38,1604248.0,144.607,4426.21,110.0,33.253,18.123
17676.9,5882.62,0.33278,201.445,2418064.0,272.947,5607.51,96.0,24.7337,8.153
7630.57,2017.31,0.26437,68.0564,1046190.94,98.1404,3658.8,59.0,37.1112,17.003
15854.3,5481.51,0.34574,166.296,2173472.0,209.979,4709.61,27.0,30.7851,19.502
8052.6,2645.07,0.32847,58.8577,1140283.0,105.724,3710.5,86.0,40.8,18.477
8694.74,2976.95,0.34238,92.627,1166247.4,125.889,3390.86,80.0,37.9454,2.543
9370.23,2964.33,0.31635,93.8443,1343044.5,129.445,4104.04,100.0,33.4642,5.234
6147.12,1999.24,0.32523,73.3307,863334.2,91.2634,3045.58,43.0,39.0332,1.959
6411.38,2122.13,0.33099,59.2348,859515.1,101.078,2724.62,52.0,40.7685,8.072
4764.2,1521.48,0.31935,49.3191,663341.7,60.9067,1943.13,18.0,43.2194,2.196
13968.1,4112.81,0.29444,133.814,1936914.1,194.872,5121.81,67.0,29.4965,3.628
9275.11,2148.4,0.23163,107.585,1268702.1,140.894,4009.25,40.0,34.7528,2.133
11604.0,4168.14,0.35919,82.6117,1638433.1,175.103,5976.27,126.0,32.078,13.886
5836.25,1297.41,0.2223,52.5941,834947.3,73.0972,2866.87,53.0,40.2757,1.511
9373.89,2722.0,0.29038,112.785,1289423.1,148.354,4133.8,137.0,32.8881,2.487
11050.8,4654.59,0.42119,97.4709,1583937.9,144.064,4337.29,28.0,35.421,19.284
8139.85,2590.52,0.31825,74.3428,1101303.2,95.0239,3795.13,86.0,35.7266,12.609
3864.99,487.66,0.12617,32.5446,539279.06,42.8973,1704.48,5.0,44.5542,9.113
14778.4,4963.9,0.33588,141.718,2039977.4,227.069,4136.7,152.0,30.8605,17.473
12091.3,3732.45,0.30868,146.849,1702000.9,158.916,5199.0,29.0,27.823,3.945
9246.6,3081.45,0.33325,68.7846,1289456.9,127.062,3543.18,91.0,36.5308,18.699
14807.4,3965.34,0.26779,185.52,2093544.2,211.167,5685.2,70.0,23.0616,1.249
9628.63,1870.11,0.19422,85.9812,1337680.4,116.678,4513.71,38.0,32.1343,3.01
15082.5,4358.66,0.28898,186.915,2100336.8,226.812,5618.53,178.0,22.6827,0.82
8395.49,2336.89,0.27835,87.9076,1119262.6,132.051,3865.5,23.0,35.6016,5.51
6778.68,2072.62,0.30575,61.2659,907053.75,102.872,3647.63,67.0,39.1159,9.254
9614.19,2113.76,0.21985,92.5237,1343570.6,115.796,3840.52,159.0,33.8413,6.004
11005.6,3049.06,0.27704,131.666,1512472.6,146.512,4917.52,71.0,29.4376,3.525
22734.5,7745.32,0.34068,253.486,3170169.8,348.567,5599.9,102.0,23.1206,3.389
8371.54,3596.42,0.4296,66.8778,1163372.0,139.513,3457.39,24.0,32.1954,13.613
5472.29,1547.56,0.28279,47.2166,702276.7,70.1273,2147.24,24.0,43.2511,12.038
8552.2,2287.13,0.26743,97.3312,1214349.6,124.557,4007.2,163.0,33.7061,1.232
5878.02,2466.68,0.41964,59.308,814252.25,102.726,2593.57,62.0,41.2731,8.758
6696.12,2109.92,0.31509,62.1227,924107.06,90.8435,3175.84,26.0,39.1794,7.379
9681.32,2919.22,0.30153,102.722,1349612.8,129.666,3666.46,125.0,35.6984,2.182
7412.68,2168.11,0.29248,69.446,1043097.25,101.538,3269.05,42.0,36.533,5.853
4673.06,1862.09,0.39847,43.1314,674218.75,72.0579,2386.54,53.0,39.1461,11.151
3847.21,1123.8,0.2921,33.5826,525666.8,46.893,1404.53,17.0,44.178,1.533
7851.57,2433.71,0.30996,75.0647,1064820.5,106.005,2958.13,115.0,38.4198,3.141
13144.0,4513.81,0.34341,117.727,1891674.2,185.254,3739.67,152.0,35.7258,19.569
9747.05,2106.43,0.2161,117.032,1362858.0,127.952,4251.95,57.0,33.8861,2.006
6865.49,1823.21,0.26556,54.5586,963411.2,82.3511,3307.89,60.0,38.7865,2.096
6322.22,1376.46,0.21771,69.9899,888984.06,75.0918,2781.78,82.0,39.575,7.877
15428.6,5293.01,0.34306,239.37,2093752.4,254.082,5426.93,130.0,23.8448,1.763
7802.24,3086.73,0.39562,54.5865,1082965.8,134.467,3528.02,50.0,36.8519,14.801
8603.05,1392.3,0.16183,82.7532,1230751.0,105.915,4056.19,101.0,35.0848,2.88
4127.25,1108.49,0.26857,36.0892,588426.56,47.5134,1779.53,13.0,42.4857,2.472
7596.46,1725.95,0.2272,90.6404,1053631.2,104.359,3843.43,31.0,30.781,17.158
6485.14,2083.28,0.32123,55.0868,861154.8,106.042,3555.37,19.0,41.1843,15.165
22248.2,7330.33,0.32947,192.634,3156027.2,348.311,15694.24,92.0,26.4499,2.807
7657.32,2789.71,0.36431,98.7043,1012567.7,150.768,3342.79,74.0,37.6949,11.04
12325.3,4914.35,0.39872,109.83,1690840.2,171.239,5135.61,89.0,30.4409,12.833
11580.8,3119.39,0.26935,151.014,1585774.5,174.757,4406.52,28.0,30.6254,2.004
9139.04,3309.79,0.36215,49.4249,1169124.5,160.852,8286.95,52.0,40.7327,2.184
14586.6,5434.09,0.37253,168.658,2002042.5,244.801,4672.3,103.0,29.4933,7.471
6923.05,2024.41,0.29241,65.8827,974096.94,93.604,3212.69,29.0,38.5574,13.829
12070.7,2462.94,0.20404,146.278,1649237.1,199.645,4754.73,146.0,30.1523,0.607
9719.81,2686.57,0.2764,94.493,1385783.9,136.172,4116.91,44.0,33.1973,5.364
5566.25,1513.49,0.2719,54.1969,810768.06,63.2064,2874.13,24.0,46.5464,10.008
9158.87,1373.27,0.14993,94.8512,1297611.0,111.711,3841.96,63.0,34.8766,12.747
13659.6,4048.73,0.2964,148.082,1881051.6,205.256,4655.68,37.0,29.667,2.86
12539.9,4017.58,0.32038,100.907,1716010.1,186.317,7081.36,114.0,34.3585,2.306
7086.57,1577.46,0.22259,69.5288,983354.1,93.8181,3623.68,49.0,37.5687,4.391
9642.51,3785.14,0.39254,89.3471,1355223.8,146.483,4124.53,42.0,34.3168,12.81
8587.74,1677.0,0.19527,78.0136,1225359.6,102.987,3817.74,15.0,34.1577,0.988
10101.7,3469.03,0.34341,96.065,1435378.2,135.567,4604.39,105.0,30.7345,19.267
21557.6,6074.37,0.28177,299.829,2919891.5,315.426,6623.01,290.0,17.9171,1.544
6137.39,1345.96,0.2193,60.0429,874193.5,71.6644,3493.82,52.0,39.1931,11.856
9010.15,3075.21,0.3413,82.2296,1258318.2,125.603,3819.54,121.0,34.8633,2.867
7073.12,2773.3,0.39209,63.7475,1035267.5,98.2571,3208.89,27.0,38.9657,1.038
7821.58,3532.28,0.4516,46.2916,1117020.4,137.896,5075.43,33.0,37.2632,7.161
4382.48,838.97,0.19143,42.0269,630294.9,58.8735,2410.45,41.0,42.9262,7.647
5938.57,1369.11,0.23054,57.0911,775325.7,74.1997,2922.07,45.0,38.6337,5.758
8708.36,2934.28,0.33694,92.4698,1212811.5,100.601,3975.9,28.0,35.5912,11.878
16177.4,6951.27,0.42969,210.766,2154017.5,298.195,5334.03,220.0,24.3519,19.865
13428.3,3798.83,0.28289,165.784,1872361.1,211.848,4778.83,111.0,28.5877,4.781
6781.56,2163.25,0.31899,73.1441,917867.9,113.717,3099.52,72.0,38.8301,1.124
4276.38,1084.69,0.25364,39.6363,567597.06,66.3985,2502.37,11.0,43.3893,2.512
21593.3,6183.64,0.28636,294.081,2937270.8,325.291,6526.37,288.0,18.594,1.54
7884.37,3322.62,0.42141,63.2376,1080671.2,132.387,3944.61,47.0,35.7197,16.784
19210.6,5200.51,0.27071,274.943,2647601.8,289.364,5605.73,203.0,23.7946,5.359
8515.08,1350.58,0.15861,77.0054,1146687.5,97.3269,3751.87,58.0,35.577,18.774
16009.4,4129.45,0.25793,166.356,2257163.8,271.067,4692.43,57.0,28.61,20.769
5795.03,1078.7,0.18614,52.0764,800538.3,66.9914,3071.54,23.0,39.6757,4.077
7180.34,2050.02,0.2855,67.3874,994359.4,93.4731,3091.64,45.0,39.557,1.689
10772.1,3258.48,0.30249,144.703,1538913.9,164.122,4117.3,126.0,32.3416,2.731
8139.58,2680.89,0.32936,95.9033,1138792.9,132.637,3540.38,30.0,36.0048,2.69
6289.64,1642.06,0.26107,70.2033,898866.06,74.9537,3080.62,10.0,38.9665,1.909
6364.62,2696.71,0.4237,61.2673,877672.6,103.17,3334.12,61.0,38.2043,14.203
8117.38,2619.81,0.32274,72.6301,1176633.4,118.75,5499.02,108.0,33.2725,14.445
7353.57,2534.63,0.34468,55.3981,1023038.3,95.7426,3562.15,60.0,37.564,12.118
13395.9,4938.96,0.36869,100.597,1828874.8,193.923,4729.68,143.0,29.0071,4.399
7986.62,2236.5,0.28003,89.5473,1104525.5,111.085,3106.0,28.0,36.1634,5.039
5180.82,1178.43,0.22746,42.3885,708959.75,75.9961,2787.0,27.0,42.1151,13.991
3558.34,1305.87,0.36698,25.4241,487571.4,47.37,1417.5,4.0,43.8181,7.134
23546.6,7273.15,0.30888,303.41,3280731.8,379.999,6278.14,129.0,17.9378,3.298
9834.69,3632.53,0.36935,94.0699,1384774.5,133.575,4106.76,95.0,30.8526,12.666
8660.48,3532.88,0.40793,84.2903,1195158.5,116.38,5306.13,27.0,31.822,20.164
10717.6,3360.59,0.31355,100.31,1508636.2,152.526,3798.4,108.0,35.4487,8.707
13996.4,4210.82,0.30085,187.197,1937093.8,219.096,5610.5,128.0,22.8444,2.939
13374.6,4089.79,0.30578,158.742,1881632.5,228.659,4425.94,79.0,29.7289,1.731
8267.36,2076.11,0.25112,89.2176,1114783.2,120.742,3852.95,47.0,34.9953,5.331
15393.1,3904.68,0.25366,180.676,2169803.2,223.89,5694.11,66.0,23.7224,1.415
6052.4,1921.64,0.3175,57.7081,848515.75,81.6611,2684.34,50.0,40.6227,1.739
9358.84,2946.6,0.31484,93.6623,1298315.5,108.284,4421.62,31.0,37.5397,14.105
15569.3,5520.71,0.35458,194.922,2116316.0,242.859,5372.99,103.0,24.9785,7.627
13170.5,3292.64,0.25,169.446,1836218.9,211.245,4997.59,184.0,27.9261,2.375
19040.7,6496.52,0.34119,183.3,2586325.5,274.674,5645.8,109.0,23.8398,11.07
8027.38,3314.69,0.41292,47.0115,1086823.5,120.292,3213.94,41.0,38.3388,15.331
7946.8,2527.72,0.31808,72.7326,1148202.4,109.327,3217.54,38.0,37.3058,15.982
7531.26,2134.16,0.28337,73.7199,1050254.8,96.217,3232.07,46.0,37.4299,13.868
7278.17,2357.94,0.32397,70.854,951086.3,106.772,3840.54,69.0,37.0355,3.416
17626.4,5441.88,0.30873,187.001,2400440.8,277.303,5812.7,127.0,22.8353,19.095
11629.6,4318.3,0.37131,98.8083,1591019.5,172.091,3795.32,36.0,35.925,16.801
8954.98,2875.51,0.3211,86.3573,1241044.8,122.45,4088.65,59.0,34.6683,1.5
17452.2,5801.93,0.33244,244.429,2405928.2,307.72,4799.14,181.0,27.2354,8.996
8612.93,3263.28,0.37888,93.1066,1213391.1,134.195,3360.79,92.0,30.5546,10.275
8836.87,2592.51,0.29337,41.7062,1234444.5,92.7959,4060.94,100.0,32.1182,4.495
11385.6,3477.49,0.30542,108.039,1569576.5,161.614,4580.87,21.0,32.3492,3.612
23447.1,5580.75,0.23801,316.277,3239549.8,409.759,6222.26,168.0,19.8592,0.999
11485.1,3460.3,0.30128,52.6416,1570389.0,146.018,4802.78,92.0,30.707,20.528
23024.0,8405.26,0.36506,265.513,3216009.0,355.52,5781.12,81.0,23.2719,4.607
6321.9,1855.13,0.29344,63.9151,865087.7,65.0437,3207.91,36.0,38.5378,11.987
8048.88,1473.23,0.18303,78.6168,1132651.9,106.878,3756.73,14.0,34.3824,1.775
10538.0,2764.02,0.26229,146.944,1396128.5,167.76,4318.66,67.0,32.0912,2.376
7074.02,1990.35,0.28136,58.2945,975819.2,94.1317,2769.2,15.0,39.4395,3.469
14650.4,5563.46,0.37974,177.871,2038945.2,244.479,4479.85,42.0,27.7912,1.911
5580.47,1776.7,0.31837,48.1921,788345.1,78.0379,2804.83,17.0,40.5961,10.409
7277.99,1315.07,0.18069,59.5092,1009562.7,80.7043,3317.8,56.0,38.0335,6.504
8265.42,1714.23,0.20739,74.5167,1182811.4,109.715,4053.19,100.0,34.9186,1.11
11607.3,2916.64,0.25127,156.214,1654069.0,168.105,4719.42,30.0,29.0561,1.835
8163.91,2832.47,0.34695,76.646,1136372.0,96.2632,3969.51,39.0,35.0093,10.776
7592.38,2158.78,0.28433,67.7269,1061904.9,108.026,3030.03,87.0,38.2325,2.137
8070.05,2873.31,0.35604,99.2784,1135916.6,111.079,3707.21,28.0,37.294,9.738
5157.71,1837.86,0.35633,39.8535,707089.94,72.9191,1533.08,7.0,43.4754,6.749
6611.75,2818.01,0.42621,63.7282,963565.4,112.991,2697.17,51.0,39.7877,13.098
10236.8,3905.46,0.38151,89.0842,1444873.2,147.079,4065.54,46.0,34.4214,8.87
7479.68,2231.01,0.29827,64.1658,1024890.25,107.635,3283.33,43.0,38.7533,11.513
6776.73,2196.64,0.32414,63.3091,928330.75,94.6541,3025.74,48.0,39.9347,2.61
13117.9,3629.39,0.27667,150.932,1852737.6,201.612,4813.3,68.0,28.3383,2.973
9347.51,2964.02,0.31709,100.423,1290769.9,147.081,3790.13,37.0,34.9258,4.741
5861.86,1071.7,0.18282,55.3333,815429.9,61.898,2903.98,17.0,46.5464,5.231
8683.8,2803.22,0.32281,79.5668,1177237.5,109.447,3404.1,107.0,38.4478,3.272
10232.0,3295.97,0.32212,79.4739,1456436.6,139.206,4243.45,111.0,34.4433,15.038
17738.9,5641.24,0.31801,234.973,2447756.2,342.152,5032.45,126.0,25.7185,10.895
8358.8,1724.17,0.20627,81.864,1207076.8,99.9047,3915.7,14.0,35.0501,1.584
10050.7,3432.52,0.34152,100.248,1479591.9,158.077,4193.46,79.0,33.3289,5.201
18871.7,4790.44,0.25384,185.619,2617616.0,222.36,5187.36,68.0,25.5727,16.514
5992.21,1433.61,0.23924,67.9224,838265.9,76.9794,2802.47,80.0,39.6777,8.169
15012.4,4333.37,0.28865,205.72,2065620.4,256.887,5108.14,173.0,26.2171,2.655
6164.31,1621.91,0.26311,61.3079,868646.75,108.039,2531.51,42.0,41.165,14.631
7463.72,1699.21,0.22766,60.7704,1047062.56,87.8491,2917.16,10.0,39.0712,14.357
16561.0,5136.7,0.31016,192.197,2217008.2,262.939,5395.87,186.0,24.6107,3.371
8294.53,2132.51,0.25709,71.6751,1156456.0,108.511,4089.93,15.0,34.2899,4.953
8039.68,2006.46,0.24956,84.0344,1132541.1,108.092,3991.04,50.0,35.0283,1.318
23408.1,7471.07,0.31916,310.137,3254562.8,388.836,6350.64,112.0,17.5383,3.668
8048.11,2314.39,0.28756,73.1602,1175877.9,109.514,3092.26,15.0,37.6667,2.658
9622.87,2483.45,0.25807,123.096,1319316.9,137.911,4173.06,132.0,32.7743,2.139
12191.5,4671.85,0.3832,104.897,1717803.5,158.222,4251.13,61.0,32.975,12.764
3845.24,1226.89,0.31906,33.3699,526390.75,50.8996,1363.8,17.0,44.3616,2.399
7076.03,797.07,0.11264,67.5727,938431.1,90.4936,3198.14,12.0,34.0427,18.55
9271.66,3691.91,0.39819,92.1168,1285985.8,144.187,3612.97,101.0,35.8721,16.895
12316.4,3237.41,0.26285,137.825,1678589.1,163.238,3970.47,231.0,32.4022,2.597
7611.87,2458.41,0.32297,68.5086,1099262.6,100.143,2823.11,87.0,39.7921,11.298
4529.77,1071.26,0.23649,37.1363,638080.44,51.1028,1851.49,46.0,43.8599,9.837
9763.36,2675.85,0.27407,96.4673,1340923.8,163.355,4218.86,81.0,32.5782,0.751
5197.77,1308.47,0.25173,51.5485,694793.2,72.1947,3234.34,27.0,41.1184,14.135
22632.9,6825.79,0.30158,296.928,3149322.2,369.619,6293.27,107.0,17.4159,3.313
12258.1,4460.05,0.36384,104.978,1700681.2,187.573,5619.35,120.0,33.8006,20.598
9615.66,3211.71,0.334,92.5039,1290193.5,152.827,3819.04,81.0,35.846,16.807
8646.41,2574.14,0.29771,52.0932,1173611.8,114.639,3889.6,26.0,36.0445,14.744
5878.32,1770.03,0.30111,55.4741,831268.1,78.074,2704.71,22.0,40.4891,12.698
7936.57,2154.74,0.27149,61.6834,1112610.1,98.6201,3314.88,89.0,37.3136,1.701
5173.25,1393.4,0.26934,44.5455,743772.5,59.3107,2454.1,11.0,41.7974,3.387
7966.18,2963.18,0.37197,69.502,1156553.0,104.903,2830.94,76.0,38.6743,13.812
9712.1,3048.16,0.31385,129.948,1381931.2,162.212,3992.14,116.0,28.9986,12.074
5839.06,1111.72,0.19039,56.1744,803807.56,79.3453,2369.68,17.0,41.0367,13.994
9347.98,2200.96,0.23544,97.1379,1298698.4,137.598,4217.01,65.0,33.2667,16.378
4788.43,916.17,0.19132,45.1611,608270.25,57.6853,2025.29,26.0,41.8541,4.805
8376.07,2409.9,0.28771,65.4669,1114440.4,108.079,3886.15,21.0,33.7568,12.561
6777.7,1706.3,0.25175,61.6878,945074.3,87.7556,2855.48,103.0,38.7439,5.911
13351.5,4040.69,0.30263,133.277,1870822.1,184.311,4714.14,60.0,29.6598,4.012
9332.25,2598.07,0.27839,82.3486,1266702.6,128.529,3874.82,24.0,35.0089,2.047
10563.6,3388.55,0.32077,118.193,1482910.9,161.421,4328.15,87.0,32.7933,3.919
7634.0,1814.66,0.2377,81.2072,1029821.2,121.227,3478.95,27.0,36.431,1.758
8454.77,2298.1,0.27181,94.2015,1141803.0,115.482,3719.81,48.0,35.509,2.471
5247.3,2079.9,0.39637,34.7481,745029.7,68.8069,2516.76,39.0,42.7972,4.235
4841.13,1512.74,0.31247,30.6163,671049.8,74.6036,2236.27,64.0,42.8212,12.916
16690.3,5638.48,0.33782,179.878,2363410.2,255.175,4866.35,31.0,26.9982,5.814
6192.13,1596.54,0.25783,61.4043,862540.4,69.1754,3556.97,78.0,38.8146,10.397
15238.1,5345.36,0.35078,186.147,2063684.2,278.196,5400.24,189.0,24.8527,20.04
7042.63,1521.28,0.21601,57.0284,986320.56,82.8608,3317.12,40.0,38.8826,11.179
9717.11,2991.27,0.30783,113.469,1403138.6,134.486,3822.67,53.0,35.1487,4.294
10526.0,3454.76,0.32821,88.8669,1482177.6,157.243,4507.45,7.0,32.3268,2.486
4214.24,557.34,0.13225,39.7192,573782.06,45.3279,2214.94,32.0,42.508,12.872
15340.2,5359.28,0.34936,131.488,2167553.0,195.487,5073.65,158.0,27.9886,18.191
7866.22,2430.99,0.30904,58.5781,1085120.9,98.3889,3237.19,29.0,36.5016,11.947
8634.57,3303.38,0.38257,53.923,1250987.2,128.744,4802.93,14.0,36.4452,18.982
14858.4,5659.43,0.38089,195.376,1977747.4,256.976,5039.23,108.0,26.4521,5.171
7334.61,2116.77,0.2886,83.7347,1039075.94,103.764,3917.81,25.0,35.69,1.988
12819.4,4584.71,0.35763,150.382,1792578.0,171.94,5243.22,41.0,27.4863,4.15
5131.29,1168.73,0.22776,45.9067,718945.5,63.7339,2680.44,12.0,41.8009,3.561
4412.97,1256.22,0.28466,32.5635,625890.06,50.959,2113.81,48.0,43.9264,9.763
5667.15,2066.31,0.36461,46.166,772606.4,75.213,2036.19,33.0,43.5279,8.266
5850.06,1913.22,0.32704,59.05,774618.75,92.9983,2713.76,58.0,40.9398,8.783
8078.65,1578.13,0.19534,93.5072,1144031.8,117.243,3723.41,84.0,34.313,17.223
6250.72,1765.79,0.28249,59.4765,893675.75,82.0925,2455.88,63.0,41.7596,8.999
7654.81,2022.04,0.26415,87.7813,1076872.2,95.5971,3735.73,24.0,35.2245,13.737
8080.93,2441.92,0.30218,69.7186,1123011.0,106.116,3705.95,16.0,36.8005,2.721
7051.1,2467.07,0.34988,80.0837,960411.0,97.0653,3334.83,66.0,38.5261,1.815
8800.65,2577.82,0.29291,87.2062,1236628.2,119.459,3729.36,88.0,35.4272,12.577
3949.14,1220.54,0.30906,35.7484,535340.25,50.3617,1393.0,32.0,44.4542,11.274
7912.45,1833.69,0.23174,71.7206,1080240.2,98.1802,3624.56,36.0,36.033,6.776
8864.96,1797.52,0.20276,108.601,1202026.9,131.167,4035.59,41.0,34.2566,2.177
5373.68,1756.98,0.32696,63.2822,711039.2,77.8046,2719.86,48.0,40.5712,15.432
11300.2,3575.78,0.31643,130.863,1560143.4,166.658,4870.37,73.0,27.235,3.341
16683.8,6175.22,0.37013,238.044,2247744.2,267.193,5456.61,130.0,23.0083,2.736
8164.69,2354.77,0.2884,92.5553,1150399.1,118.226,3990.5,119.0,31.4988,5.206
9165.41,2612.5,0.28503,88.3562,1294988.5,120.821,4116.44,51.0,34.5902,2.023
9741.34,3804.95,0.39059,91.6562,1390033.0,148.157,3744.11,25.0,35.863,3.72
12664.7,3457.94,0.27303,154.901,1809128.0,183.673,4788.72,44.0,28.4534,1.949
7147.43,2540.86,0.35549,66.3726,959519.56,112.152,2676.45,36.0,36.7923,11.768
8064.35,1330.8,0.16502,75.2028,1067317.0,102.992,3671.7,46.0,38.0185,11.111
5700.81,1085.41,0.19039,54.3985,794949.9,56.9325,2976.42,26.0,39.8178,4.033
10321.0,3059.7,0.29645,92.8307,1448243.9,143.795,3844.11,128.0,34.445,17.186
20584.5,6702.99,0.32563,250.681,2868824.0,353.446,5914.58,215.0,24.1248,6.237
7963.59,2025.58,0.25435,88.1034,1084076.6,103.411,3435.98,36.0,38.1664,15.79
7724.09,2345.07,0.3036,67.7173,1110715.6,94.1131,2859.66,36.0,39.642,16.878
10100.6,2386.69,0.23629,104.132,1411094.2,121.37,4274.73,156.0,32.2717,15.588
7334.95,1345.22,0.18339,69.0789,1026214.9,79.6487,3318.53,32.0,37.0518,15.953
7180.97,2070.18,0.28828,64.9693,1016036.9,80.2981,3638.53,78.0,36.7765,10.097
4431.97,1154.52,0.26049,41.2479,604001.5,74.1946,2416.73,25.0,42.3327,12.147
7537.66,2982.66,0.3957,109.989,1021758.7,135.06,4021.6,43.0,35.1134,2.954
9631.08,3719.45,0.38619,93.6262,1350969.4,151.104,3815.41,77.0,34.7483,11.365
7345.73,1351.48,0.18398,72.5786,960054.9,93.8972,3053.1,36.0,38.4764,6.104
6411.82,1647.69,0.25697,56.2048,839730.44,82.4894,2788.87,47.0,38.6095,14.155
13732.1,3895.34,0.28366,118.459,1926930.5,170.598,4498.31,131.0,30.8832,13.004
10017.3,2116.45,0.21127,95.6261,1398400.1,123.66,4272.72,33.0,33.4571,8.382
3926.45,1168.87,0.29769,35.2046,536670.44,48.0726,1393.81,17.0,44.327,1.529
10576.8,3007.39,0.28433,95.6516,1500185.5,148.989,3647.08,101.0,36.0238,7.177
5918.45,1247.26,0.21074,46.0789,830663.2,66.1107,2882.83,22.0,40.7072,12.107
8021.16,2028.91,0.25294,67.7024,1100571.6,106.346,3822.5,43.0,36.4667,5.485
11640.9,4390.02,0.37712,137.309,1636110.2,186.28,4187.75,45.0,32.3736,5.71
10887.3,2952.16,0.27115,122.957,1514121.4,294.076,4030.66,103.0,33.8175,20.957
3124.09,1155.68,0.36992,24.8489,427736.53,40.6867,1356.57,2.0,45.7252,8.354
5010.87,1451.15,0.2896,59.3234,695193.06,64.292,2642.4,41.0,41.0323,11.904
20573.8,7531.31,0.36606,227.396,2795798.2,372.857,5326.17,202.0,24.457,16.029
8060.38,2178.86,0.27031,90.7362,1108681.2,114.989,3097.97,21.0,37.7684,0.639
9481.74,2672.27,0.28183,95.2127,1309940.6,114.006,3664.13,119.0,35.4795,20.053
15086.6,4280.78,0.28374,185.584,2102782.5,219.7,5623.78,138.0,22.7834,0.808
8544.39,2977.69,0.34849,79.2714,1148553.2,116.471,3667.78,36.0,36.2539,13.888
7851.49,2337.89,0.29776,72.1918,1067368.9,102.359,3082.91,109.0,38.3332,1.573
4079.93,1186.52,0.29081,33.4065,555276.1,50.9626,1399.62,32.0,44.4197,11.391
5281.5,1209.71,0.22904,42.7169,733895.8,70.0184,2727.17,20.0,40.9095,8.342
11455.0,3151.76,0.27514,136.599,1591975.6,170.94,4492.38,86.0,31.2216,1.996
5574.65,1356.03,0.24324,52.2567,765575.94,70.6118,2628.03,36.0,41.0483,4.825
4693.87,838.54,0.17864,40.8361,634654.1,50.6613,2446.71,43.0,40.8171,6.373
13819.4,4201.45,0.30402,158.175,1881667.6,207.492,5155.55,12.0,30.7866,17.002
26953.6,8732.3,0.32397,270.735,3730286.8,357.153,6488.45,198.0,26.5725,6.898
15911.5,5794.2,0.36415,188.876,2222755.2,249.413,5761.89,230.0,26.8934,2.533
9745.38,4128.31,0.42361,84.2729,1399895.2,154.392,3580.81,85.0,35.4212,11.457
6841.2,1749.26,0.25569,72.454,917897.0,95.6564,3486.14,66.0,37.3365,2.247
5907.95,1473.31,0.24937,69.5094,822298.25,74.2572,2805.81,65.0,39.254,7.459
5190.83,2077.8,0.40028,35.0916,736414.9,68.4241,2558.23,39.0,44.6179,11.257
6355.31,1969.52,0.3099,58.9268,875551.75,92.6843,3496.97,66.0,38.2589,13.989
14030.9,3469.54,0.24727,207.286,1960108.5,232.883,4933.06,126.0,26.9657,2.371
15180.3,5308.13,0.34967,128.977,2176945.5,203.101,5242.46,63.0,28.3115,18.054
13626.9,3534.4,0.25936,134.808,1920090.6,165.668,4767.51,37.0,29.2859,2.95
16045.6,5663.81,0.35298,185.426,2218492.2,266.177,4671.7,31.0,25.8584,1.798
5654.62,1506.83,0.26647,54.6751,743043.44,88.7086,3601.2,14.0,40.4805,1.894
11516.4,4104.32,0.35638,171.324,1595770.9,210.364,4915.33,86.0,28.5855,3.298
13698.8,3814.33,0.27844,178.078,1956670.4,257.513,4808.68,93.0,46.5464,3.109
3626.2,1065.19,0.29374,24.3293,492657.84,38.4972,1399.9,4.0,45.3918,2.217
5723.53,1253.7,0.21904,52.0802,822137.0,71.3026,2891.2,57.0,40.1461,1.658
12225.7,2366.78,0.19359,148.488,1671286.1,196.114,4858.16,142.0,29.8997,0.571
13716.8,3710.98,0.27054,218.89,1879282.8,251.377,5100.45,144.0,25.2172,3.395
6099.59,1042.63,0.17093,53.3449,847522.1,68.9677,2731.14,4.0,42.0206,9.056
6308.47,1946.24,0.30851,55.5752,818193.7,113.327,3716.07,19.0,40.7346,10.458
20096.4,6020.62,0.29958,244.817,2793418.0,314.829,5469.35,80.0,22.7748,3.249
18819.8,4260.88,0.2264,223.559,2631012.5,285.251,5596.39,122.0,23.4951,1.824
7009.64,2382.8,0.33993,59.9351,970126.4,96.7408,4131.06,79.0,36.0789,14.654
19960.2,6210.23,0.31113,249.819,2762689.2,325.725,5494.5,78.0,23.369,3.598
7444.17,2682.7,0.36037,70.5483,1043735.9,116.573,2690.97,68.0,39.8801,13.687
4437.91,899.59,0.2027,43.4386,605532.0,64.2574,2579.9,12.0,43.7096,2.206
10571.7,3887.4,0.36771,91.5062,1443057.9,142.849,4782.42,27.0,33.8477,15.331
21593.4,8356.38,0.38698,196.19,2991928.0,316.444,7625.22,137.0,19.3734,20.12
12344.2,3182.51,0.25781,149.955,1757905.0,166.458,4779.58,32.0,29.0522,1.606
9416.39,2327.11,0.24713,113.768,1321266.0,147.441,4147.7,49.0,33.5282,3.369
7325.58,2530.56,0.34544,70.7936,1006335.3,101.059,3244.32,19.0,38.0051,2.67
7202.46,2216.34,0.30771,65.7363,988506.6,95.9158,3036.38,54.0,37.9778,2.335
4792.3,1154.63,0.24093,50.3265,627099.4,77.5987,3137.48,22.0,40.1624,5.382
5693.19,2093.38,0.36769,59.6137,796319.5,75.8337,2634.96,24.0,40.9811,3.508
9031.49,2717.31,0.30087,102.36,1249151.5,124.269,3876.93,23.0,33.8279,1.92
6439.93,2079.5,0.3229,59.2116,894732.2,92.4612,2687.38,42.0,40.5626,1.738
7023.75,1676.66,0.23871,58.2918,972517.75,82.7793,2789.85,22.0,39.3204,7.358
5911.76,1461.63,0.24724,54.0381,834367.0,68.3381,3093.87,24.0,39.3581,6.396
12508.4,3725.31,0.29782,130.836,1665379.8,172.323,4384.88,41.0,32.2794,5.669
7875.5,2231.41,0.28333,72.7881,1114788.9,104.217,3283.91,57.0,38.0837,13.896
8150.37,2865.61,0.35159,82.7025,1128862.4,115.135,3959.56,41.0,36.5594,14.041
15873.1,3430.48,0.21611,201.009,2220365.8,238.499,5128.56,116.0,25.4388,2.294
5977.6,1085.43,0.18158,53.6319,832013.25,65.0972,2921.94,29.0,46.5464,16.904
14370.6,5096.71,0.35466,205.667,1869930.2,246.282,5218.77,71.0,26.3548,6.177
20411.0,8466.61,0.4148,191.786,2762927.5,298.339,5875.51,158.0,25.8218,18.309
18676.3,5660.53,0.30308,259.91,2535456.5,305.545,5796.96,325.0,21.4129,2.58
11049.3,2907.18,0.2631,150.046,1570061.5,154.422,4094.75,136.0,31.6278,2.821
6701.9,2067.62,0.30851,67.8491,923722.06,91.1458,3106.39,47.0,37.0341,2.716
7362.8,1694.63,0.23016,69.1988,1001499.44,104.519,3595.97,25.0,37.3134,1.57
9888.71,2584.98,0.2614,99.2666,1366915.4,111.828,3921.97,22.0,34.0095,15.675
11548.5,3867.25,0.33487,102.078,1585497.9,163.975,4770.44,90.0,29.9973,15.059
8446.21,2300.34,0.27235,92.3573,1190769.1,115.456,3553.2,96.0,36.305,15.736
16565.6,6440.2,0.38876,180.324,2270549.0,276.362,5878.93,123.0,26.7347,13.858
6879.01,2496.17,0.36286,59.4869,959137.0,104.363,3922.79,76.0,36.9725,1.44
4827.88,1418.0,0.29371,32.0542,673496.56,56.3592,2220.65,50.0,43.7273,6.166
10739.0,2632.71,0.24515,130.855,1493911.0,168.605,4684.09,173.0,28.9161,0.636
13213.5,3964.64,0.30004,158.51,1844086.8,192.325,4895.4,95.0,28.1253,3.806
16551.1,5683.08,0.34336,156.02,2365882.5,258.038,5999.18,71.0,24.2447,1.992
7620.57,3482.38,0.45697,93.6101,1003962.06,150.522,3050.26,123.0,38.6621,16.115
13356.6,4313.05,0.32291,149.085,1845928.8,189.296,4861.28,129.0,27.7601,2.456
8113.14,2028.96,0.25008,73.5015,1179980.4,103.029,3030.61,28.0,37.6978,2.159
14235.2,3525.41,0.24765,176.901,2005357.1,213.514,5635.93,306.0,23.0142,1.323
5550.68,1537.8,0.27704,46.561,781595.7,75.7733,2900.88,23.0,42.0408,3.511
8640.08,2543.6,0.29439,79.0464,1201907.9,110.51,4301.91,61.0,35.1632,1.199
6108.68,1983.1,0.32463,41.2918,861428.4,81.2934,3136.37,69.0,38.4817,2.593
7218.64,2533.98,0.35103,59.3507,1028067.75,106.992,3561.31,28.0,38.2915,11.442
5101.34,1266.7,0.2483,57.0161,667490.7,75.4795,3047.76,59.0,40.6683,7.422
4960.74,1532.53,0.30893,35.7529,682990.44,67.2637,2015.91,12.0,42.9822,14.386
11746.3,2333.97,0.19869,150.917,1600143.5,191.3,4817.11,143.0,29.8585,0.529
9403.79,3208.93,0.34123,92.93,1326125.0,134.757,3342.58,35.0,36.4779,17.183
13135.5,4672.04,0.35568,119.087,1791333.9,198.968,5356.38,89.0,33.6979,20.706
10942.6,3334.76,0.30475,89.0829,1532520.2,135.053,5236.1,122.0,29.7782,14.429
9908.15,2415.89,0.24382,99.5824,1372031.4,130.68,4258.23,38.0,33.6998,2.866
8721.69,1877.81,0.2153,68.7151,1251938.0,85.1066,4053.85,40.0,38.3862,15.866
8254.07,2343.49,0.28391,70.3687,1115594.0,108.774,3767.61,85.0,34.8121,12.386
12153.3,2842.81,0.23391,154.401,1703388.8,186.361,4193.39,67.0,31.6167,2.019
23496.5,6885.29,0.29303,304.633,3255732.5,376.22,6347.81,95.0,17.7446,3.729
6005.91,1236.67,0.2059,55.8064,817121.4,68.245,2343.07,27.0,42.0071,14.686
5555.58,2198.36,0.3957,57.8595,730749.75,95.9908,2440.09,30.0,40.4122,2.948
10149.7,2332.53,0.22981,127.512,1404942.4,154.893,4622.0,66.0,30.038,1.315
17565.6,5532.94,0.31498,203.347,2508180.8,294.905,5263.69,255.0,23.3999,14.484
21907.8,8818.16,0.40251,207.064,2940935.0,306.363,6348.35,152.0,20.8274,17.977
12507.7,3016.27,0.24115,146.474,1686605.0,185.853,4416.08,23.0,31.6001,1.855
9467.95,2679.73,0.28303,106.029,1357733.1,141.606,4025.61,54.0,32.7563,1.91
14757.1,5498.11,0.37257,196.929,2028007.0,239.591,5076.54,124.0,27.3649,19.203
16388.3,5619.41,0.34289,181.165,2265214.0,259.577,5704.11,116.0,30.1467,9.746
7949.0,1481.96,0.18643,70.6621,1075325.6,105.095,3635.75,43.0,36.213,20.024
11496.6,1977.77,0.17203,144.967,1623661.9,167.608,4628.92,150.0,29.9443,1.935
3918.11,1152.33,0.2941,35.2801,535633.0,49.6635,1387.1,32.0,44.4587,11.214
6250.19,1612.14,0.25793,61.0454,818900.8,82.1361,2760.66,31.0,38.9857,3.889
8455.41,2032.48,0.24037,79.4277,1234863.4,102.616,3638.23,16.0,35.9182,8.932
8092.63,2635.21,0.32563,70.5776,1108774.9,120.538,3425.88,40.0,36.7295,14.57
10184.9,3902.79,0.38319,83.5975,1459947.5,142.382,4155.12,22.0,37.8189,4.852
11166.6,2959.66,0.26504,100.815,1567018.1,134.69,3829.58,15.0,34.5783,16.939
5905.7,1492.61,0.25274,55.6113,844897.2,71.2576,2445.89,68.0,41.718,4.06
7481.55,1797.22,0.24022,70.4857,1069247.0,98.3523,3097.3,11.0,37.6357,2.04
18516.0,4960.36,0.26789,234.176,2561862.8,270.395,5657.88,179.0,22.3336,2.406
7157.29,1392.8,0.19459,57.9613,998575.06,78.6117,2731.4,10.0,37.4284,9.747
9485.92,2336.42,0.2463,103.509,1305608.0,136.367,3735.87,7.0,35.2402,3.23
5833.08,1458.78,0.25008,44.1484,826551.8,63.1354,2454.92,10.0,41.5676,2.285
6594.63,1744.89,0.26459,59.3816,903542.3,76.7296,3288.43,36.0,38.3286,2.489
10886.9,3859.49,0.3545,101.143,1522521.4,162.099,5421.68,52.0,32.448,1.797
7784.65,2700.02,0.34683,64.2284,1084607.6,116.824,3882.66,65.0,38.5744,16.312
17265.3,5900.54,0.34175,174.655,2393549.8,241.207,6099.24,136.0,24.9988,18.798
14186.7,4993.11,0.35195,168.957,1963769.6,202.207,5037.0,146.0,27.4526,5.427
8209.3,1999.03,0.2435,68.238,1188414.0,84.5931,3125.62,28.0,39.2083,15.979
12489.7,4645.86,0.37197,126.382,1762718.6,192.72,4411.13,53.0,30.4418,2.425
12490.6,4001.34,0.32034,110.475,1798260.9,150.605,4424.26,89.0,32.4082,17.99
9239.79,2399.32,0.25967,80.9441,1301514.4,120.448,4712.98,29.0,32.9767,1.767
13372.8,4603.24,0.34422,152.214,1853823.1,170.956,5327.35,38.0,26.8519,4.966
7352.89,2691.15,0.36599,67.0245,988613.0,100.482,3057.5,79.0,38.7817,11.182
3802.08,872.34,0.22943,30.9418,529628.5,51.4835,1715.47,41.0,44.9423,10.586
12809.3,4447.99,0.34724,110.33,1875556.1,181.166,3829.07,138.0,35.3477,14.654
4376.93,1020.7,0.23319,39.5222,577746.44,67.5287,2590.88,10.0,43.4857,2.181
7895.21,2033.1,0.25751,70.6995,1083948.1,108.464,3689.61,34.0,35.0494,5.197
14070.7,3807.8,0.27061,194.665,1915124.6,218.555,4552.88,168.0,28.8745,1.962
3297.88,874.41,0.26514,24.6175,445013.84,34.043,1336.21,2.0,45.4312,2.331
8621.47,2132.83,0.24738,85.9491,1236973.1,113.9,4119.45,97.0,34.6268,1.527
17497.3,6873.71,0.39284,109.498,2428208.2,308.765,6438.78,100.0,22.6372,20.586
17247.0,6250.79,0.36242,206.084,2425906.8,270.013,4847.66,107.0,27.1808,4.386
9179.06,2127.45,0.23177,81.7535,1305109.0,111.011,4682.35,26.0,33.225,1.839
15447.2,4537.01,0.29371,176.782,2113417.2,221.741,5906.26,70.0,23.7099,5.872
14701.6,3825.94,0.26023,160.604,1971438.0,225.315,5468.7,65.0,46.5464,0.0
6822.41,2243.02,0.32877,64.845,922373.06,98.2154,3132.92,17.0,40.7278,1.282
12225.9,2702.5,0.22104,163.767,1664413.4,212.868,4543.65,116.0,30.0398,2.706
5933.96,1696.4,0.28587,46.1302,826609.7,78.3229,3062.63,15.0,41.4051,2.006
16112.6,5095.74,0.31625,189.629,2230912.8,270.569,5198.15,87.0,24.7697,6.879
10243.6,3542.33,0.3458,89.3464,1471456.4,142.423,3634.06,17.0,34.8223,3.475
17306.2,4866.47,0.28119,184.488,2436637.8,249.407,4807.5,64.0,23.1684,9.151
9348.48,4235.91,0.45311,85.7241,1329627.8,150.34,3738.94,104.0,35.7009,16.64
5799.19,1090.6,0.18806,51.1789,792378.1,70.0354,2377.38,19.0,41.6886,9.94
8720.14,2599.86,0.29814,88.8907,1242932.4,136.137,4001.41,155.0,31.8474,1.42
11167.2,2673.25,0.23938,154.839,1574484.0,178.656,4678.32,58.0,29.4904,1.298
6712.16,2247.96,0.3349,56.8562,931801.75,97.9196,3717.11,75.0,36.4269,1.428
4925.72,1127.45,0.22889,41.7378,687097.4,62.6297,2771.11,25.0,41.8106,2.337
9365.51,2807.42,0.29976,99.7658,1274694.2,119.238,3795.39,36.0,33.419,3.901
3163.11,934.33,0.29538,22.8012,427710.8,34.3979,1380.39,2.0,45.0142,2.335
6277.48,1340.48,0.21353,55.6697,865119.5,86.9949,2962.93,27.0,38.6033,4.334
13380.3,5174.61,0.38673,152.77,1844605.6,224.029,5001.74,77.0,27.2169,8.263
4658.68,1625.74,0.34897,34.4879,663888.6,54.5674,2928.44,49.0,41.8613,11.613
8968.63,2622.47,0.2924,42.8293,1249932.6,93.549,4045.61,100.0,34.5151,4.636
3572.53,882.47,0.24701,32.0798,503167.1,44.5335,1867.57,48.0,45.0152,5.394
7878.71,2130.0,0.27034,92.5608,1098508.1,105.859,4693.9,29.0,33.1178,1.983
16615.0,4611.02,0.27752,162.792,2363187.8,229.81,4924.25,36.0,27.4568,2.694
7695.92,2191.24,0.28472,88.3916,1081704.9,102.042,3943.33,25.0,36.056,1.525
9176.05,2612.45,0.2847,82.6428,1282949.8,120.111,4100.54,76.0,33.7969,7.038
8129.12,3135.52,0.38571,70.5052,1090079.8,130.363,3528.57,66.0,36.9071,14.126
7856.37,2149.76,0.27363,70.1579,1101176.9,90.2615,3540.25,41.0,37.5475,17.585
6381.93,1711.73,0.26821,66.5042,885287.0,80.1942,2858.51,46.0,39.5613,2.233
13261.0,5596.91,0.42205,117.974,1819904.9,202.644,5236.09,114.0,28.212,19.842
12246.1,2831.47,0.23121,111.081,1764688.6,155.066,3768.36,119.0,35.9678,10.198
8013.62,2285.88,0.28524,61.9717,1139546.1,86.3416,3065.76,29.0,38.5537,13.963
5207.61,2378.76,0.45678,45.484,727823.44,78.6204,2083.41,18.0,43.6449,8.02
9148.5,3880.93,0.42421,86.7695,1246107.9,149.433,3566.71,98.0,36.2331,17.35
15490.6,5141.23,0.33189,199.364,2054399.1,253.451,5276.04,225.0,24.9907,3.167
7440.89,3145.89,0.42278,49.0741,1062430.5,105.707,2669.25,29.0,40.0401,13.618
6535.59,1735.05,0.26547,50.9376,889841.4,80.9132,2572.17,30.0,41.0387,4.859
8977.87,2352.72,0.26205,98.5001,1246989.4,119.244,4543.02,133.0,33.6701,14.518
7537.35,2191.34,0.29073,71.2149,995575.6,112.474,3961.31,65.0,36.9973,3.397
6853.27,1650.94,0.24089,84.3775,944075.56,111.402,3759.62,25.0,36.4491,1.613
15261.5,3837.09,0.25142,179.867,2153026.2,217.498,5692.01,66.0,23.0278,1.264
7740.41,2261.76,0.2922,68.8634,1075895.4,106.77,3300.35,49.0,35.603,6.244
9681.46,2159.54,0.22305,108.834,1348180.1,130.419,4216.62,56.0,34.265,1.82
10658.5,3298.49,0.30947,48.2356,1445877.2,141.838,4206.02,109.0,33.1204,11.998
8962.07,2582.75,0.28818,78.9304,1259119.8,105.956,4223.63,61.0,34.2963,2.077
8881.74,2391.17,0.26922,112.641,1216956.6,147.576,4059.61,83.0,33.6212,1.282
5605.51,1465.88,0.2615,67.8476,713535.7,78.3695,3016.6,22.0,39.5175,4.285
7519.05,2202.0,0.29285,75.0256,1022372.3,107.511,3711.73,57.0,35.9328,14.141
7935.89,1590.42,0.2004,93.6483,1116632.0,107.638,3913.06,106.0,34.7539,4.399
14850.6,3555.8,0.23943,177.851,2131988.2,218.899,4921.43,79.0,27.7152,3.086
9925.59,2279.39,0.22964,90.002,1395415.9,124.91,4788.61,33.0,32.3424,3.801
8623.38,2672.49,0.30991,72.4798,1217341.2,106.284,3500.14,32.0,35.6845,7.092
12785.8,4027.62,0.315,135.904,1804120.2,168.436,4714.75,55.0,28.7775,13.393
5840.87,2314.18,0.3962,34.6079,835373.75,84.3133,4165.92,31.0,40.617,20.29
10865.9,3054.63,0.28112,130.679,1553053.2,169.635,4405.85,41.0,31.7521,2.815
11871.0,4991.84,0.4205,103.518,1683858.4,161.12,4599.6,74.0,31.5505,15.676
8276.81,2422.08,0.29263,82.6049,1172049.1,112.896,3946.21,43.0,35.8749,5.45
10417.4,3823.37,0.36701,97.8834,1464052.1,140.378,3796.38,50.0,37.2654,16.155
4765.14,1461.93,0.30679,47.9467,671824.06,66.6028,2131.79,16.0,43.1596,1.519
10011.9,3311.63,0.33076,90.6979,1361122.8,120.958,3993.68,20.0,31.0022,13.991
8727.23,3056.34,0.3502,84.9567,1161343.4,144.863,3607.49,56.0,36.0214,2.041
11392.6,3721.78,0.32668,136.17,1519176.1,168.002,4274.76,53.0,31.777,6.436
13725.4,4180.17,0.30455,176.522,1885562.8,237.867,4755.96,28.0,29.0607,3.406
9746.37,3597.78,0.36914,68.9622,1367520.9,139.514,3455.42,46.0,36.1428,16.687
7024.92,1930.16,0.27475,67.5059,997012.25,97.4088,3222.79,56.0,46.5464,9.4
5465.0,1638.58,0.29983,52.4046,769268.5,85.9924,2884.27,24.0,40.564,15.3
6967.08,2172.46,0.31181,56.9332,1016948.94,79.8319,3071.67,17.0,38.0162,12.294
12443.0,3302.85,0.26543,119.648,1801339.9,171.675,4106.48,125.0,34.222,19.798
7379.15,2388.1,0.32362,56.4118,1003781.75,115.179,3371.66,24.0,38.6982,5.991
21122.9,6650.64,0.31485,252.853,2945856.5,334.731,5526.22,77.0,23.3412,3.524
8500.1,1824.09,0.21459,98.7763,1184627.8,113.835,3286.36,123.0,35.7714,1.561
8166.01,1708.82,0.20926,75.7921,1167669.2,111.0,4058.46,100.0,34.8729,1.045
9154.57,3067.41,0.33506,87.8637,1219010.9,138.91,3681.35,50.0,35.8351,1.337
14039.2,3157.99,0.22494,176.152,1976604.4,197.15,4055.9,137.0,32.1308,1.442
6690.31,2468.61,0.36898,78.1491,911825.44,93.9704,3266.64,59.0,38.5358,1.383
8995.25,3251.19,0.36143,89.2407,1212456.5,143.444,3744.51,50.0,34.9249,16.941
10262.9,2514.84,0.24504,124.957,1430662.6,160.514,4583.15,62.0,29.86,2.555
9003.47,2338.95,0.25978,114.784,1209326.6,141.2,4019.92,48.0,34.4564,3.43
12164.5,3494.6,0.28727,145.998,1738791.2,194.229,4833.53,53.0,29.6813,1.821
16383.9,5351.81,0.32665,186.512,2264138.5,284.707,5378.08,104.0,22.9503,7.74
10839.6,4333.25,0.39976,94.9426,1539270.1,138.643,4459.55,59.0,38.3447,8.784
7957.04,3103.59,0.39004,80.1043,1121787.2,115.858,3326.31,35.0,37.4833,2.892
11341.7,1897.31,0.16728,148.66,1599401.4,160.898,4618.15,148.0,29.9353,2.112
14132.4,3841.82,0.27184,164.949,1975426.2,216.015,5017.26,191.0,27.6446,2.679
13338.3,3867.4,0.28994,168.778,1859138.4,213.785,4773.68,114.0,28.5916,4.699
9326.91,2601.23,0.27889,85.0748,1266899.5,129.623,3873.44,26.0,35.3044,2.024
12294.0,3206.15,0.26078,145.568,1755056.2,173.043,4762.58,33.0,29.1938,1.527
10408.0,4423.89,0.42504,79.4124,1416938.0,161.647,4645.36,56.0,36.6114,16.668
10829.5,4140.95,0.38237,91.0483,1518581.0,146.937,3946.39,7.0,35.4988,17.049
3940.67,1175.65,0.29833,34.8575,539693.44,51.0384,1394.71,17.0,44.3412,1.388
6756.5,2315.05,0.34264,67.6503,946782.2,93.8761,3246.15,41.0,39.1172,12.326
5053.44,1880.95,0.37221,50.9303,695815.7,89.9535,2307.51,79.0,42.1362,13.516
8939.66,2723.0,0.30459,85.3072,1281815.1,127.727,4008.22,3.0,35.0391,2.028
8492.76,2148.37,0.25296,102.972,1160470.9,136.322,3544.61,26.0,46.5464,3.38
21850.7,6761.14,0.30942,251.521,3057033.0,315.019,5531.66,97.0,23.2276,2.958
9023.46,2876.12,0.31873,85.7011,1182935.1,155.675,4071.32,104.0,33.6939,17.194
14203.4,4286.31,0.30178,115.161,2020034.8,159.861,5110.8,143.0,28.3621,19.815
10504.3,3596.13,0.34234,97.18,1438462.5,119.507,6972.22,12.0,35.3193,17.281
9359.85,3119.69,0.3333,89.3842,1327254.4,130.023,3575.44,8.0,35.43,3.025
12244.4,2202.92,0.17991,145.195,1718151.4,163.543,4658.19,148.0,29.6656,1.6
5033.8,2089.42,0.41507,48.8675,717061.6,85.4734,2205.83,99.0,42.2158,14.019
13268.7,3927.64,0.296,172.801,1845619.1,200.751,4789.85,112.0,28.5132,5.027
7301.13,1712.73,0.23458,64.771,1021909.4,90.9912,3623.09,64.0,36.8751,10.655
10415.7,4283.32,0.41123,84.0655,1478345.2,160.96,4311.62,101.0,33.9046,17.173
7320.36,2194.86,0.29982,77.8685,1004567.56,88.148,3162.83,103.0,37.4766,2.71
7917.4,2317.23,0.29267,85.679,1125860.1,96.9406,3898.77,24.0,36.5679,13.937
19440.0,7792.36,0.40084,154.788,2659977.5,337.291,8128.49,51.0,31.5585,2.918
11807.5,4038.35,0.34201,81.3248,1574711.5,164.05,3732.07,84.0,34.4967,8.194
6319.42,1673.14,0.26476,52.5082,884678.44,78.6142,3429.84,55.0,38.8182,2.371
4100.72,1284.18,0.31315,37.2117,560603.25,51.0559,1428.18,17.0,41.053,1.618
4430.25,809.93,0.18281,40.8627,584658.7,66.3373,2579.07,11.0,43.385,2.203
11329.4,3725.27,0.32881,120.962,1553282.6,185.997,4513.04,80.0,28.1098,16.551
8275.02,2723.61,0.32913,82.3569,1125699.2,127.719,3426.86,71.0,39.0046,1.881
12471.1,3103.84,0.24888,111.71,1782744.2,154.854,4527.95,90.0,29.2845,18.156
12357.5,4928.4,0.39881,164.666,1689864.4,254.724,4927.64,130.0,27.9856,20.428
6851.37,2435.94,0.35554,79.2371,941186.1,90.9929,3270.45,63.0,38.5276,1.392
9099.95,2324.95,0.25549,116.139,1278982.9,204.62,4344.61,76.0,32.6298,16.579
12860.0,3426.09,0.26641,160.958,1798927.0,215.614,4543.99,78.0,30.2636,4.599
6752.63,1690.11,0.25028,73.9929,920854.5,94.1267,3605.02,98.0,36.228,14.664
13083.0,4807.41,0.36745,128.301,1868222.5,178.349,5664.11,153.0,27.1125,13.474
9468.38,2369.05,0.2502,108.167,1303519.9,136.962,3736.93,7.0,35.2243,3.208
5742.38,1980.47,0.34488,52.5029,817707.8,83.3968,2945.28,41.0,38.2161,12.524
8017.55,2005.65,0.25015,73.2651,1165118.1,97.4295,3103.46,14.0,37.5831,2.122
9799.2,4226.63,0.43132,88.6641,1318506.6,193.819,4169.46,93.0,34.1102,20.318
10578.2,2908.91,0.27499,116.133,1471057.5,157.923,4350.77,66.0,32.9281,3.34
9627.83,3781.08,0.39272,96.9637,1370895.1,148.457,3742.96,85.0,33.7983,10.795
11614.9,4027.45,0.34674,86.9165,1613938.2,170.036,5268.37,51.0,37.1154,3.519
15038.2,3240.95,0.21551,186.849,2095418.9,242.218,4711.32,30.0,28.485,1.346
17848.8,5650.42,0.31657,254.722,2419200.8,305.879,5629.75,325.0,21.3716,2.664
10306.3,2109.74,0.2047,90.6874,1451665.1,128.01,3617.34,126.0,35.9199,2.725
8647.11,2510.31,0.2903,72.3708,1187864.8,123.779,3865.07,44.0,35.8553,13.048
6660.02,2096.79,0.31483,60.3819,902779.0,96.8727,3055.55,26.0,39.6246,1.192
7590.15,3049.67,0.40179,81.214,1040577.6,114.076,3677.77,33.0,36.5329,13.259
14314.0,5114.44,0.3573,91.7883,1900565.2,212.42,4818.97,114.0,30.7374,10.999
7153.33,1811.49,0.25323,51.776,985320.56,79.0284,2901.88,34.0,42.1306,14.892
14488.4,3045.41,0.21019,181.999,2042444.1,199.509,4106.18,142.0,31.8397,1.254
5437.46,1670.9,0.30729,55.2043,748624.8,72.1753,3157.13,9.0,40.0178,8.496
15881.8,4756.2,0.29947,212.992,2111450.8,240.862,5963.76,246.0,21.6964,2.726
6996.65,2506.25,0.3582,64.5692,986065.8,97.1323,3726.85,71.0,38.0476,15.198
10065.2,3028.22,0.30086,103.978,1324885.1,146.815,3992.88,76.0,35.3555,15.762
10640.2,3222.94,0.3029,133.869,1501664.0,173.238,4443.93,43.0,30.7951,3.87
5057.38,1281.08,0.2533,50.8749,682773.0,68.8545,2616.65,40.0,40.9293,14.525
11633.7,3557.46,0.30578,104.669,1685471.1,146.987,4400.89,83.0,25.6846,16.459
7692.24,3103.68,0.40348,68.319,1069482.9,99.5384,3436.1,69.0,37.4048,7.562
8941.59,3530.34,0.39482,69.6128,1256719.6,130.293,3491.27,16.0,36.0828,13.625
7907.57,2289.0,0.28946,65.6648,1103666.5,108.241,3701.66,96.0,36.2089,2.313
5316.79,2267.03,0.42639,35.0962,753324.1,73.54,2621.43,36.0,42.5774,2.076
5934.77,1760.81,0.29669,57.3517,808676.5,83.5994,2548.17,23.0,40.2985,9.045
12334.9,3639.55,0.29506,161.411,1721746.8,216.042,4745.86,70.0,28.8764,3.307
5414.3,1140.81,0.2107,49.836,779164.2,69.7125,2817.16,58.0,40.2712,1.533
8295.8,1969.13,0.23736,83.3693,1165351.2,110.053,3925.78,37.0,35.2229,2.378
5605.04,1066.22,0.19022,52.9525,793987.1,69.1115,2784.99,55.0,40.2906,2.813
5216.62,1809.41,0.34685,47.6909,718156.2,66.1474,2319.92,15.0,43.2079,12.828
10149.9,2923.33,0.28801,120.043,1408880.2,176.023,4193.66,63.0,32.979,1.79
15908.3,6334.33,0.39817,135.59,2274650.5,227.372,5413.07,84.0,25.4608,11.262
7979.47,1879.37,0.23552,102.711,1090056.4,122.086,3370.39,12.0,37.471,1.235
9310.27,3878.96,0.41663,90.5033,1360125.6,137.896,4306.19,35.0,35.3655,14.718
6288.74,2571.07,0.40883,59.5583,836219.44,109.168,3340.97,58.0,38.4529,11.897
9247.41,2540.15,0.27468,66.5921,1276953.6,118.144,4162.72,89.0,34.1728,3.784
10294.8,3255.97,0.31627,114.142,1466994.4,158.799,4219.79,53.0,33.2723,4.006
3747.63,1314.18,0.35066,28.5658,529181.1,51.1469,2056.33,43.0,44.6602,11.564
10727.3,3079.53,0.28707,135.233,1526404.4,158.568,4405.49,52.0,28.6098,2.873
5558.6,1879.86,0.33818,37.0662,770612.25,72.8499,2001.29,12.0,43.0144,12.435
7398.92,3015.41,0.40754,69.6367,1061567.0,116.66,2774.98,96.0,39.5834,13.527
6841.85,1768.92,0.25854,67.5387,961481.5,83.6122,3626.4,24.0,37.7871,2.232
14607.5,4986.89,0.34139,135.187,2022272.2,207.371,4886.78,102.0,30.4106,4.941
22430.6,6878.55,0.30665,297.615,3027374.8,322.507,6628.38,266.0,18.7329,2.245
9539.29,4072.96,0.42696,92.5902,1342645.5,148.442,3989.26,89.0,34.2695,18.024
8287.32,2634.76,0.31792,81.305,1123606.8,112.861,3117.42,75.0,38.8439,4.418
7480.81,2652.79,0.35461,58.6864,1011465.6,110.399,3986.62,60.0,36.7165,16.51
6954.13,1370.61,0.19709,74.3912,933487.94,96.9187,3310.56,54.0,34.7854,5.621
5175.86,1618.54,0.3127,39.8695,720808.3,69.1917,2566.59,42.0,42.2333,11.411
7683.57,2078.11,0.27046,60.7751,1073887.6,109.695,3504.83,38.0,37.0747,12.537
6395.21,2553.3,0.39925,63.6584,864858.94,104.068,3357.63,68.0,38.9251,13.699
10919.2,3034.08,0.27786,126.611,1482762.9,184.697,3941.76,81.0,32.8094,2.515
9448.3,2763.27,0.29246,104.757,1310962.4,117.428,3496.75,39.0,36.6742,11.922
8698.0,2558.25,0.29411,78.3036,1211636.8,110.122,4116.93,62.0,34.0394,1.695
6947.34,1718.46,0.24735,62.1407,957615.4,82.9326,3321.19,27.0,37.5866,4.866
10728.9,3122.13,0.291,115.096,1482321.9,174.449,3820.22,22.0,33.3138,3.204
11786.1,3686.31,0.31276,112.515,1733261.9,168.078,3480.69,163.0,36.9224,18.239
5951.18,1072.75,0.18025,52.5518,824301.8,67.6442,3039.67,20.0,39.709,2.542
6081.43,2173.75,0.35744,58.2662,870126.44,92.2224,3215.58,24.0,39.7939,12.709
9523.24,2742.45,0.28797,71.0074,1371881.0,113.263,3354.02,65.0,38.0613,12.353
9956.75,3685.3,0.37013,95.7703,1402130.9,161.679,4957.46,97.0,29.2975,14.615
6035.8,2326.97,0.38552,59.2037,840476.1,95.6311,2742.97,52.0,40.0762,13.431
11952.8,3827.42,0.32021,106.328,1671537.0,166.709,6284.05,109.0,33.7149,20.159
10485.7,2675.94,0.25519,108.504,1476247.6,145.386,4370.0,60.0,32.9707,4.76
14868.1,4625.42,0.31109,175.939,2054638.9,232.271,5365.62,117.0,23.8653,5.372
13040.8,3337.7,0.25594,180.722,1808354.4,201.783,4075.21,132.0,31.9495,1.89
13527.5,5832.07,0.43112,118.692,1842395.8,217.575,5923.15,97.0,33.1104,20.887
7453.25,2578.38,0.34594,73.0716,1066435.2,100.049,3210.49,24.0,38.0787,13.229
7559.73,2031.91,0.26878,85.6999,1038755.25,110.105,3090.31,20.0,37.6857,0.622
6310.08,1786.41,0.2831,60.5947,839149.4,86.2323,3104.11,58.0,39.6308,12.569
6512.03,1672.17,0.25678,57.2265,866663.94,84.4814,3071.41,58.0,39.549,8.66
9459.44,3022.02,0.31947,72.6653,1312941.8,124.571,4541.08,58.0,33.2923,19.873
5214.77,1208.8,0.2318,42.1358,724587.94,68.6373,2722.68,20.0,41.2724,8.287
6395.68,2377.96,0.3718,60.1708,844352.3,100.714,2888.08,33.0,39.787,5.264
12885.2,3795.9,0.29459,165.03,1788983.4,211.404,4854.46,60.0,26.1184,2.507
7530.68,2815.39,0.37385,80.5493,1043456.9,94.6835,3822.07,26.0,35.7838,3.2
8557.14,2648.82,0.30954,80.6379,1163306.0,100.998,3829.1,11.0,36.1404,7.097
4897.53,969.05,0.19786,39.9343,671044.25,59.7572,2421.35,32.0,40.4211,15.708
13676.3,4623.95,0.33809,180.842,1872285.8,251.574,4973.44,74.0,27.3351,8.684
3981.73,938.73,0.23575,31.7714,565482.56,43.7794,1792.4,8.0,44.3967,1.927
5203.59,1306.76,0.25112,55.2267,693901.06,78.4284,3513.25,29.0,39.993,7.374
7078.53,1864.76,0.26343,62.2281,991212.06,90.142,3110.57,99.0,38.0388,1.751
10472.7,2922.29,0.27903,97.6496,1452828.5,126.773,4470.31,62.0,34.6418,16.121
7014.21,2494.2,0.35559,78.859,961906.0,98.2132,3736.72,27.0,36.5986,2.999
19343.9,5536.07,0.28619,234.191,2657396.2,312.665,4965.52,104.0,26.3567,4.212
12175.8,3304.69,0.27141,154.746,1731438.0,176.046,4712.67,25.0,28.5281,1.648
5064.38,1020.18,0.20144,43.7155,730529.94,59.1553,2188.4,80.0,42.7567,0.685
6751.27,1690.38,0.25037,73.9776,920674.56,94.0584,3605.05,98.0,36.2264,14.664
10450.4,3234.92,0.30954,134.088,1406289.9,165.842,3976.72,46.0,33.3744,1.922
6414.96,2105.99,0.32829,59.1873,898775.0,88.4522,2738.73,45.0,40.6022,1.828
8833.9,2510.61,0.2842,64.6862,1223595.8,114.46,4288.78,31.0,35.3515,13.82
15284.8,4726.17,0.3092,179.858,2108055.2,223.805,5627.01,76.0,27.9089,5.505
4642.74,891.86,0.19209,44.639,617583.25,56.9192,2619.58,11.0,42.6655,5.61
18871.0,5063.94,0.26834,239.764,2607814.5,283.329,5783.73,178.0,21.6951,3.078
6732.19,1598.95,0.2375,69.4556,934806.94,76.313,2926.35,79.0,39.3374,7.696
11568.4,2584.08,0.22337,149.463,1637117.9,178.523,4625.13,53.0,29.8224,1.191
8310.49,2253.67,0.27118,83.6292,1160046.6,101.256,4257.59,59.0,34.9135,4.757
6655.65,1919.88,0.28845,49.0605,926222.75,85.768,2547.95,71.0,40.5511,13.735
15649.2,4923.3,0.3146,178.451,2210390.8,246.415,5076.6,92.0,27.7433,6.464
13466.8,4431.12,0.32904,152.709,1841204.2,193.644,4574.01,78.0,30.3998,16.932
18176.4,4722.65,0.25982,180.846,2609071.2,232.953,5013.44,91.0,26.8583,11.13
13756.6,4336.3,0.31521,166.369,1969639.9,222.586,4578.47,65.0,29.4615,3.831
7576.44,2269.99,0.29961,67.3124,1043978.94,112.268,3239.63,61.0,38.5038,12.955
12994.3,3594.77,0.27664,127.696,1780330.2,178.654,4162.11,31.0,31.8839,4.634
8847.75,2387.51,0.26984,85.0449,1258897.6,128.49,3356.36,6.0,36.2885,2.026
8149.2,2192.64,0.26906,87.9301,1148417.2,118.428,3346.47,5.0,36.1682,2.459
14472.4,4201.75,0.29032,210.97,1968705.2,246.474,5272.19,128.0,25.141,2.195
8326.39,1317.19,0.15819,77.4095,1105300.5,101.603,3747.7,33.0,36.2775,9.452
11724.3,2167.69,0.18488,142.596,1639373.1,169.025,4618.16,149.0,29.5923,1.774
7682.83,1453.21,0.18915,93.1036,1038416.4,111.424,3485.67,68.0,37.2938,13.568
8823.41,3010.39,0.34118,89.9434,1247255.4,128.615,3665.93,31.0,35.5226,4.308
12925.7,3448.1,0.26676,158.497,1808349.1,224.681,4976.26,194.0,27.968,2.102
7689.87,2009.89,0.26136,66.2041,1041467.9,91.2508,3502.4,35.0,34.8248,13.552
9777.13,2407.21,0.2462,98.3411,1395715.2,148.923,3910.97,37.0,32.9959,2.239
5902.39,1735.26,0.29399,40.7804,813186.5,79.1871,2233.79,3.0,41.8457,8.142
14561.4,4191.4,0.28784,192.772,2022429.4,226.802,5627.68,141.0,22.8215,0.8
8392.92,2270.62,0.27053,89.8876,1184138.0,132.906,3118.31,5.0,37.5634,0.568
6142.9,1508.74,0.2456,50.6235,837574.6,79.5663,3261.96,44.0,39.0461,5.901
23161.6,8223.78,0.35506,181.011,3311659.2,374.628,12028.29,222.0,22.1821,18.77
6645.96,1809.55,0.27227,69.5862,927796.5,84.9156,2915.56,75.0,39.2326,9.162
11551.6,3528.87,0.30548,109.424,1601925.5,146.98,4246.22,94.0,32.1986,19.095
14434.9,5017.84,0.34761,194.563,1981623.6,259.098,4730.58,50.0,28.8453,2.757
7664.09,2479.43,0.32351,65.4733,1036310.5,106.819,3474.04,39.0,37.5042,15.346
14361.7,4847.76,0.33754,165.632,2073525.1,271.359,4904.97,84.0,27.0587,3.197
15750.2,5687.66,0.36111,183.802,2183372.0,250.599,6380.24,222.0,27.5833,2.805
7737.4,3094.33,0.39991,74.8311,1067162.6,129.341,3333.48,55.0,37.3441,17.928
8509.8,1657.98,0.19483,74.842,1144587.0,108.212,3757.24,27.0,35.9463,9.343
9264.41,3401.81,0.36719,96.0934,1263877.9,132.794,3964.85,49.0,34.3149,4.35
12355.7,3285.28,0.26589,147.851,1768781.1,171.244,4773.76,26.0,29.0944,1.614
11224.3,3843.93,0.34246,116.563,1609617.1,146.116,3980.44,85.0,34.214,5.294
5401.02,1157.47,0.2143,50.937,768192.8,58.5309,2778.18,5.0,40.6137,6.23
13142.3,4299.05,0.32711,147.307,1837407.5,218.769,4711.01,60.0,29.2318,4.61
11171.0,4553.24,0.40759,87.0823,1576631.1,168.139,3628.04,54.0,33.1106,15.678
6772.22,2010.99,0.29694,66.9828,934547.9,88.4585,3086.77,47.0,39.5169,1.962
7313.37,3043.8,0.41619,50.2898,1036577.9,118.099,2988.77,70.0,39.2552,12.855
6533.36,1079.1,0.16516,53.8088,890768.06,79.2743,2629.8,31.0,39.9881,9.026
15853.7,4079.05,0.25729,180.358,2206918.0,207.493,4072.6,145.0,32.0557,1.624
8130.7,1860.56,0.22883,65.3183,1132482.2,100.898,3684.44,51.0,36.4902,12.959
7123.46,2558.14,0.35911,59.4409,992841.44,101.363,3971.69,71.0,36.6964,2.103
4401.08,1283.93,0.29173,31.7357,628262.06,50.472,2051.85,42.0,44.1228,12.267
9411.86,2189.14,0.23259,113.377,1314684.5,129.339,4230.66,57.0,28.4542,17.869
17995.6,5280.95,0.29345,217.515,2511887.2,295.598,5718.73,203.0,21.9762,2.027
18751.0,7011.39,0.37392,124.202,2484472.0,300.569,5198.08,157.0,25.7559,9.976
11751.2,2983.89,0.25392,133.874,1606696.6,156.299,3985.14,25.0,33.8806,18.273
11872.1,4215.3,0.35505,114.37,1622682.9,190.347,4836.35,87.0,31.3198,16.0
5078.49,1482.33,0.29188,48.2055,705548.6,63.3015,2002.76,15.0,43.5115,2.677
6905.83,2815.11,0.40764,70.708,954592.94,99.3279,3130.94,33.0,39.9253,3.102
6084.0,1910.58,0.31403,55.1074,842060.8,88.1187,3487.51,73.0,37.0915,1.513
6493.69,1705.78,0.26268,52.9662,909942.0,76.9265,3342.87,56.0,38.6855,2.28
8249.31,2719.94,0.32971,77.4003,1157365.2,117.111,3378.72,51.0,37.0225,2.875
11126.5,4303.6,0.38678,94.6886,1565219.6,164.998,4015.23,107.0,33.8503,18.65
5563.7,1555.52,0.27958,47.5717,780473.7,72.1851,3065.94,15.0,41.659,2.547
6859.65,2332.28,0.33999,57.0201,947123.7,105.738,3876.04,73.0,38.8111,1.285
6404.89,1633.7,0.25507,52.1058,896896.1,76.2758,3461.01,60.0,38.323,2.322
12029.3,4050.09,0.33668,117.087,1617964.4,154.319,5028.52,72.0,33.1368,0.71
8029.66,2261.17,0.2816,82.4552,1096978.9,116.669,3213.05,82.0,38.6735,1.674
9096.92,3614.78,0.39736,79.6305,1233978.0,132.809,3374.02,99.0,46.5464,14.911
8699.34,2655.55,0.30525,114.433,1190281.8,141.486,3802.77,79.0,34.9589,2.822
9993.31,3902.51,0.39051,86.6567,1403374.2,134.177,4073.79,118.0,33.4175,3.079
19314.1,6241.27,0.32314,188.905,2685823.2,240.355,5213.12,119.0,26.4438,18.021
15172.9,4093.87,0.26981,156.386,2136641.5,181.143,5233.33,37.0,27.5858,17.981
10374.7,4069.45,0.39224,95.747,1486687.8,141.993,3712.96,94.0,34.4234,16.14
10101.6,2728.2,0.27007,88.5377,1413375.0,124.708,3561.69,97.0,35.4163,14.841
5413.97,1374.27,0.25383,75.8706,726942.0,109.635,3177.9,52.0,39.3605,8.843
6401.0,1791.32,0.27985,69.4968,914159.0,80.4041,3105.76,14.0,38.3207,2.168
7264.51,1727.02,0.23773,72.6834,999566.94,106.073,3200.73,95.0,38.3814,12.623
6743.63,1845.32,0.27363,66.4648,950097.5,85.4963,2881.06,21.0,40.2057,13.697
6434.21,2409.02,0.3744,80.9992,913960.56,110.701,3085.69,38.0,36.9124,11.842
9352.62,3208.15,0.34302,69.3364,1248832.1,134.689,4577.34,64.0,34.3178,13.807
12223.3,3391.58,0.27746,134.66,1676441.1,170.677,3931.99,216.0,32.7443,5.367
7233.71,2313.21,0.31978,43.1347,978813.3,112.607,3870.65,28.0,37.2714,10.909
6492.92,1361.86,0.20974,57.8818,898128.94,83.0558,2864.34,18.0,40.2811,1.705
10452.5,2504.37,0.23959,108.086,1477601.2,149.235,4310.49,60.0,33.1718,4.627
7329.41,3046.52,0.41565,76.3669,996950.0,119.147,3333.06,76.0,37.4132,15.921
11616.9,2933.78,0.25254,154.696,1646176.5,172.218,4689.07,25.0,29.0765,1.699
7451.82,1949.33,0.26159,72.7441,1009156.9,96.7606,3712.73,36.0,35.5491,4.792
5648.53,2077.76,0.36784,50.3633,794856.5,81.9552,2375.32,26.0,43.1912,9.358
6269.24,1314.16,0.20962,56.5628,862402.3,88.1182,2711.66,18.0,40.633,1.378
4462.8,916.27,0.20531,42.0638,588304.56,56.3635,2654.8,16.0,43.4945,8.245
9204.06,1941.56,0.21094,102.038,1295727.1,120.33,3873.12,53.0,35.1158,2.908
9079.92,2003.08,0.2206,98.8639,1290928.9,129.321,3847.65,44.0,34.9665,2.884
8364.44,2672.41,0.31949,91.4255,1212591.0,142.429,3366.58,98.0,37.1307,12.599
10510.0,2945.19,0.28022,98.2364,1455304.1,144.963,3875.31,17.0,34.6126,5.377
11796.0,2927.23,0.24815,153.921,1676826.1,165.68,4689.46,23.0,29.1492,1.852
11890.5,5471.81,0.46018,90.9198,1616011.1,186.303,5659.64,46.0,37.7308,16.978
5494.37,1391.76,0.2533,50.0993,694352.2,77.264,2325.71,33.0,42.724,3.533
8875.64,2613.02,0.2944,87.2953,1266445.4,129.427,3716.06,11.0,34.8591,2.047
12370.0,4710.34,0.38078,159.113,1711414.8,231.91,5353.4,157.0,26.3731,17.794
4620.03,797.4,0.17259,41.7856,626343.4,64.6262,2602.54,12.0,43.0534,2.399
14124.2,4136.51,0.29286,161.974,2009036.1,212.02,4990.14,68.0,28.631,1.893
23363.4,7454.71,0.31907,302.357,3261125.5,387.355,6283.72,94.0,17.7503,3.375
10405.8,4201.24,0.40374,140.527,1383151.8,206.187,3917.71,105.0,33.3042,19.045
3473.8,1184.87,0.34108,27.3092,475298.6,40.9381,1439.24,2.0,45.9023,0.0
14448.9,4187.48,0.28981,192.856,1958048.0,219.798,4657.37,169.0,28.9876,2.79
9770.07,2599.31,0.26604,101.71,1347665.9,136.595,3954.19,114.0,33.8209,1.688
14162.7,4634.7,0.32724,150.598,1943932.2,234.319,3981.23,127.0,31.9755,20.532
11904.0,3159.63,0.26542,146.12,1699204.1,173.975,4729.37,23.0,28.8602,1.777
6809.52,1659.0,0.24362,65.0089,959262.5,80.5709,3571.08,26.0,38.0338,1.911
10856.1,3650.37,0.33625,71.4315,1489485.6,162.462,4429.77,90.0,33.4626,18.453
16143.7,5723.83,0.35455,159.636,2273681.5,272.992,4645.12,91.0,26.9501,4.146
5408.24,2041.06,0.37739,34.5548,766946.6,71.4184,2790.8,37.0,42.6791,2.334
6670.15,1792.79,0.26877,55.7233,887187.94,82.4204,3237.44,32.0,38.7748,6.394
8416.47,1772.0,0.21053,80.7758,1197288.1,106.356,3773.4,90.0,36.337,11.154
9028.61,2064.44,0.22865,95.6873,1266931.4,134.086,3549.35,12.0,34.573,0.876
10533.7,4218.66,0.40049,101.442,1503286.2,145.983,3865.83,56.0,33.9063,16.883
10914.3,3640.1,0.33351,127.302,1456962.9,170.751,4162.78,45.0,33.4481,1.57
6896.72,2027.95,0.29404,67.3441,981943.1,86.4857,3194.45,15.0,38.4473,2.34
13823.4,4192.82,0.30331,173.746,1911333.2,217.653,4779.47,119.0,28.7788,4.443
9320.24,3771.12,0.40461,65.418,1293610.1,127.741,3266.41,61.0,37.1262,14.925
8971.25,2015.62,0.22467,80.8207,1288164.5,108.272,3910.62,30.0,35.5363,2.105
9333.45,2210.46,0.23683,101.448,1325883.1,150.038,3802.1,14.0,34.3152,0.455
14929.1,4655.92,0.31186,213.185,2061608.4,244.184,5261.06,280.0,25.0131,2.878
11974.9,3041.68,0.254,149.118,1690923.2,187.448,4755.06,57.0,30.1945,1.105
9370.1,2741.16,0.29254,102.285,1296802.6,132.987,4022.52,27.0,33.464,4.191
6875.93,2383.79,0.34668,73.1866,975717.94,92.7814,3201.12,29.0,37.2305,11.048
7622.28,2947.26,0.38666,81.1925,1039358.8,105.409,2942.29,130.0,33.3664,12.346
8350.25,2363.97,0.2831,77.3137,1164342.8,104.481,4227.71,60.0,35.6246,2.717
7326.7,2599.36,0.35477,71.4327,981197.94,125.46,3071.69,67.0,38.9515,13.957
14864.6,4369.04,0.29392,190.258,2068290.4,224.034,5676.28,135.0,22.8175,1.071
7822.68,2470.48,0.3158,75.6986,1074390.4,108.192,3729.3,83.0,34.9006,12.798
6065.35,1560.56,0.25729,53.364,841209.94,74.1344,3249.14,49.0,38.8499,1.772
6718.46,1906.88,0.28382,58.4423,873151.75,88.4264,3113.72,42.0,39.959,16.521
8303.2,2618.08,0.3153,90.2347,1112571.8,137.655,3921.07,40.0,35.8831,4.264
4859.11,1652.7,0.34012,33.7189,683905.2,60.2926,2437.29,46.0,42.9561,5.567
8831.32,4235.04,0.47954,87.9011,1222260.1,153.663,3764.4,114.0,34.6916,5.034
10404.3,2520.82,0.24228,133.04,1463438.8,153.852,4315.22,44.0,31.9156,2.873
12762.0,4437.36,0.3477,164.152,1752451.2,234.664,4323.44,136.0,31.3374,18.676
6924.97,2741.72,0.39591,63.1947,1006779.5,91.2723,3209.45,37.0,39.0767,1.346
5404.7,1528.68,0.28284,55.3134,738285.9,77.0341,2348.15,51.0,40.8335,16.149
6523.35,1167.38,0.17895,52.9259,916639.2,76.2782,2983.49,2.0,42.1461,2.459
7063.45,1608.75,0.22775,73.222,938710.5,87.9396,3565.72,99.0,33.1111,12.389
11020.0,3871.94,0.35135,95.641,1510503.0,130.729,8251.93,10.0,31.4343,11.424
5116.52,1836.03,0.35884,47.7956,714808.6,67.6923,2284.24,19.0,42.3185,11.497
8269.03,2282.73,0.27605,93.5487,1164864.1,115.296,3575.78,93.0,36.9173,2.089
10376.0,4094.44,0.3946,90.9428,1458903.5,145.154,3942.34,7.0,35.5533,8.787
13051.8,2755.97,0.21115,153.039,1779766.5,199.028,4979.45,147.0,29.9122,1.212
10901.0,3536.63,0.32443,64.5852,1465334.9,151.896,3837.41,66.0,35.286,3.951
10778.2,2941.04,0.27286,115.535,1512797.5,159.683,4356.31,66.0,32.6162,4.777
10038.7,2649.25,0.2639,103.231,1432518.6,149.271,3960.85,40.0,33.1908,1.525
8517.42,1747.06,0.20511,74.6557,1222543.5,109.168,4048.82,103.0,34.8725,1.079
8289.26,2037.81,0.24583,83.5912,1185007.1,112.247,4076.7,101.0,34.7739,1.366
10089.6,3353.19,0.33234,101.515,1397367.0,152.605,4446.0,42.0,33.5627,1.475
5430.96,1187.44,0.21864,52.5298,780782.1,71.5471,2894.4,57.0,40.1504,1.587
6448.83,983.53,0.15251,48.6823,918267.0,62.2306,2992.55,24.0,40.8973,6.441
8317.54,2798.77,0.33649,81.3383,1134296.8,108.607,3385.27,106.0,37.9416,7.221
4428.93,1038.01,0.23437,40.706,615934.75,57.3439,2377.02,24.0,41.0499,11.559
9929.66,2486.0,0.25036,121.686,1366642.1,130.195,4154.05,126.0,32.9508,2.582
6745.67,1531.09,0.22697,71.2781,973346.4,78.341,2673.48,76.0,40.2157,15.694
10729.7,3408.85,0.3177,146.507,1452615.1,251.028,4139.13,175.0,28.2568,20.191
15453.9,5677.6,0.36738,201.259,2123502.5,239.872,5157.88,142.0,26.7479,20.753
8135.39,3017.62,0.37092,62.3542,1112217.6,125.026,3228.69,40.0,38.9949,12.498
11157.9,2786.95,0.24977,114.122,1586761.9,154.469,4339.21,68.0,32.9141,4.333
4855.75,1461.32,0.30094,40.2946,655605.94,74.8423,2653.03,25.0,41.6902,9.905
6931.09,2229.69,0.32169,71.789,939613.6,104.606,3163.82,44.0,38.7521,14.916
15001.8,6157.76,0.41046,192.501,2039796.0,267.134,4911.87,206.0,26.494,19.899
14938.1,4756.93,0.31844,74.5127,1990544.8,235.931,14946.22,58.0,35.8235,20.911
16108.9,5349.23,0.33206,226.569,2224467.5,257.014,5413.22,270.0,24.0887,2.109
7307.16,2809.19,0.38444,68.0522,1046396.0,96.8965,3968.69,71.0,37.0487,4.478
5970.65,1718.02,0.28774,53.6066,864372.25,82.4766,2779.87,15.0,40.8596,13.521
11006.8,2334.61,0.2121,123.288,1494020.4,155.483,3674.59,16.0,34.58,2.07
6248.29,896.69,0.1435,47.1863,885909.7,73.4147,2691.44,1.0,42.1139,0.592
7763.04,2143.06,0.27605,67.6255,1068461.8,102.823,3174.92,80.0,37.8542,4.341
5085.71,1690.94,0.33248,41.2608,717394.3,68.7259,2728.89,56.0,41.2718,11.134
8224.48,2789.41,0.33915,94.6993,1094629.4,136.201,3803.18,55.0,36.5681,16.466
6117.79,2526.46,0.41296,60.4856,827672.3,91.6331,2827.76,47.0,40.5413,12.663
8277.18,2620.41,0.31658,117.871,1155781.8,137.857,3708.59,68.0,35.4861,3.248
12436.1,4176.39,0.33582,164.887,1725674.2,188.556,4862.49,61.0,28.4846,4.696
11109.6,4944.31,0.44504,79.1495,1516781.0,178.156,5998.53,13.0,37.4496,12.505
6725.46,1770.12,0.26319,50.4997,933439.6,81.2739,3184.25,11.0,38.8012,11.164
9909.7,3195.26,0.32243,100.853,1393844.8,137.493,4167.26,28.0,33.667,5.107
9684.39,3015.78,0.3114,90.011,1316010.0,130.168,4411.92,120.0,32.5599,3.839
16658.3,4336.43,0.26031,236.542,2366822.0,259.126,5607.32,103.0,21.7663,2.142
7533.09,1797.26,0.23858,83.736,1054961.2,104.543,3887.24,40.0,35.6456,4.641
7079.51,2137.18,0.30188,49.1051,906905.4,103.044,3640.79,41.0,41.1143,7.412
13094.1,4373.14,0.33397,162.82,1811572.9,187.975,4883.63,77.0,28.4577,3.48
13487.5,3118.17,0.23118,146.463,1867745.0,213.459,20282.63,90.0,31.6792,2.114
8913.55,3255.77,0.36526,85.2743,1236041.1,123.291,3686.54,122.0,35.0144,2.791
11780.1,4573.17,0.38821,110.246,1663602.1,166.121,4066.1,78.0,33.8169,10.573
7062.08,1147.67,0.16251,72.7271,961591.5,87.637,3305.45,35.0,37.8999,14.885
9889.53,2733.08,0.27636,106.165,1398394.8,153.526,3956.14,43.0,26.6209,2.058
6928.16,1554.78,0.22441,66.8417,959343.4,91.0694,3251.2,33.0,38.2096,14.067
9880.61,3717.21,0.37621,135.713,1341492.2,176.678,4424.5,180.0,31.021,3.015
4225.33,632.71,0.14974,37.6649,573153.7,53.9486,2384.88,11.0,43.2961,7.69
9761.6,2785.64,0.28536,120.518,1344099.4,140.271,4187.05,120.0,32.7621,2.486
12116.6,5810.68,0.47956,89.9399,1710923.8,185.915,4221.85,68.0,34.7011,19.978
9256.05,3824.24,0.41316,90.7435,1300246.2,134.13,3582.47,16.0,37.4268,16.607
11370.1,3381.38,0.29739,139.091,1565324.2,172.931,4257.2,61.0,32.5994,1.854
11670.9,3882.92,0.3327,128.772,1645297.4,176.792,4138.04,47.0,32.1972,3.202
9138.15,3013.53,0.32977,97.0536,1267843.0,148.055,3299.03,14.0,36.5713,2.018
9368.39,2921.11,0.3118,83.5626,1334484.5,127.644,4645.04,111.0,32.0532,13.89
14748.9,5292.19,0.35881,176.08,2028536.8,286.541,4418.77,81.0,29.7712,11.893
8343.81,2092.63,0.2508,76.4714,1141447.4,91.4484,3489.66,34.0,36.4749,12.3
5569.05,1115.46,0.20029,62.7863,737436.4,79.4508,3592.37,64.0,36.8975,2.238
7999.63,3059.21,0.38241,89.4743,1078991.4,154.19,3673.07,60.0,35.6615,10.084
6927.61,1915.29,0.27647,86.0695,919036.0,95.4067,3249.47,23.0,38.146,17.637
5836.71,2275.59,0.38987,53.0012,787224.94,90.6538,2753.93,48.0,40.5423,12.493
3640.0,1363.13,0.37448,25.0857,503226.47,44.6849,1335.84,9.0,45.5036,4.905
11205.7,2791.95,0.24915,133.212,1550724.5,149.96,3673.13,28.0,34.5634,3.513
5041.0,1637.92,0.32491,47.1601,692030.7,69.9095,2479.11,33.0,46.5464,0.0
13715.4,4547.53,0.33156,157.395,1893727.9,197.78,5007.9,75.0,27.3705,4.65
13000.7,3857.67,0.29672,151.768,1750197.2,192.76,4703.06,61.0,27.4831,3.054
11952.6,3646.96,0.30511,95.5745,1641950.1,146.381,6039.14,49.0,30.7482,8.477
5772.28,1947.34,0.33736,55.0258,816425.2,83.1037,2452.9,59.0,41.7853,4.499
6032.71,2597.62,0.43058,55.8748,830425.6,110.059,2573.99,54.0,40.8374,12.286
8334.17,3435.06,0.41216,75.6544,1121151.5,132.377,3317.49,45.0,37.7474,15.727
19120.5,6935.54,0.36272,172.11,2676585.8,314.983,6349.36,152.0,20.8771,2.288
10054.9,2632.29,0.26179,101.906,1385705.5,141.096,3692.87,122.0,35.5265,1.513
5851.54,1320.07,0.22559,52.6846,830197.9,78.702,2366.8,59.0,42.4204,9.579
6465.02,1556.71,0.24078,52.3074,876035.4,88.0849,2794.13,49.0,40.2887,4.36
11312.6,4540.4,0.40135,83.4409,1600383.0,171.148,3457.93,32.0,35.1419,16.811
16161.8,4867.94,0.3012,211.754,2226941.5,303.967,5726.29,87.0,22.6017,2.052
8146.91,2088.97,0.25641,92.1637,1084069.8,118.908,3811.14,44.0,36.3456,4.086
10308.0,3278.62,0.31806,93.8299,1466567.0,142.18,4154.19,101.0,33.382,6.807
9702.38,3745.64,0.38605,91.6188,1368046.9,146.634,3371.23,72.0,34.8966,16.366
8351.17,1813.61,0.21716,79.0566,1196890.4,104.156,3662.92,23.0,36.1047,1.949
7988.01,1528.09,0.19129,72.756,1075969.4,100.751,3534.93,44.0,37.4646,10.337
10685.6,3219.38,0.30128,96.0122,1506462.2,142.533,4405.14,103.0,33.9347,4.34
6542.54,2445.0,0.3737,64.5363,888411.44,109.027,3266.01,43.0,38.6844,15.943
10649.1,5253.57,0.49333,88.3519,1334578.8,206.551,5579.61,109.0,38.612,14.035
8030.25,2658.12,0.33101,77.1704,1117411.5,99.3136,3112.43,27.0,38.8915,15.075
5938.57,1369.11,0.23054,57.0911,775325.7,74.1997,2922.07,45.0,39.261,5.758
21343.3,5703.35,0.26721,290.146,2897479.0,319.741,6559.79,286.0,18.6802,1.569
4890.67,1466.63,0.29988,46.5001,684312.1,62.6891,1956.14,19.0,43.4169,2.114
8105.37,2260.08,0.27883,67.3996,1153364.9,94.3701,3063.79,18.0,38.813,6.43
5786.71,837.96,0.1448,49.1803,815367.25,68.9808,2605.7,2.0,42.4552,1.332
6076.79,1894.78,0.3118,63.2285,811138.5,98.275,2730.95,5.0,39.7722,10.128
11792.6,3993.05,0.3386,107.257,1564767.6,176.709,4138.54,21.0,34.4851,3.76
4898.97,976.41,0.1993,41.3555,692361.94,62.9062,2700.19,19.0,42.2305,2.333
21787.0,7782.52,0.3572,150.69,3095325.5,348.76,19086.17,126.0,27.5497,14.171
18390.9,5396.99,0.29345,253.227,2504277.8,322.972,5711.66,323.0,20.9509,2.663
4556.1,1701.24,0.37339,35.5925,647106.6,61.8327,2043.77,14.0,44.7093,8.7
4678.7,1036.79,0.22159,33.4274,642132.7,54.3575,1842.72,11.0,43.9288,13.071
11028.8,3455.03,0.31327,129.956,1479320.5,166.764,4034.36,37.0,32.0788,1.954
10569.6,2885.96,0.27304,130.368,1509684.0,159.065,5031.25,113.0,27.4227,18.325
3777.92,1223.03,0.32373,36.0004,515505.7,49.7097,1394.06,32.0,42.2454,11.173
6731.47,1559.26,0.23163,55.4687,931953.06,87.2271,2888.69,28.0,40.1384,8.043
5897.94,2438.77,0.41349,54.3414,783063.3,90.9525,2836.18,60.0,40.0344,11.913
6630.15,2626.22,0.3961,60.1369,891094.7,103.568,3236.76,65.0,39.0918,16.155
7785.22,2103.06,0.27013,89.9775,1071626.5,108.645,3072.23,22.0,38.2778,2.328
15053.3,4964.76,0.32981,181.319,2087553.0,269.994,5199.48,102.0,26.6754,7.937
18992.8,7071.49,0.37232,245.221,2563352.0,270.891,5556.58,133.0,24.9059,3.449
8591.37,2961.32,0.34468,75.2716,1172534.9,110.0,3334.68,14.0,37.5291,13.058
8455.45,3208.63,0.37947,64.9394,1065374.4,136.617,3292.12,82.0,38.3888,13.514
6475.19,2067.77,0.31933,55.3621,896672.6,96.6625,3464.25,73.0,37.7753,1.462
8724.51,2155.03,0.247,89.543,1229994.6,127.023,4043.99,168.0,34.0411,1.291
11733.4,2992.59,0.25504,130.124,1629228.2,166.98,3721.22,35.0,34.3956,1.947
8553.34,2910.34,0.34025,68.3818,1200571.4,124.735,4012.85,41.0,36.2356,15.33
4837.97,1432.82,0.29616,45.0063,622649.56,72.3779,2253.54,28.0,42.6231,7.506
19629.8,6854.68,0.34919,183.982,2694683.2,263.122,4444.53,125.0,30.4556,7.186
4893.04,1636.77,0.3345,37.4303,678222.25,61.2285,1925.42,46.0,43.7203,13.651
8194.96,2665.13,0.32521,64.9282,1161911.6,102.268,2671.94,85.0,39.25,16.546
13300.7,4326.36,0.32527,153.64,1830274.8,207.601,4702.93,76.0,29.3769,7.304
13279.2,5970.64,0.44962,171.298,1831913.5,254.768,64877.45,110.0,31.129,20.382
23145.5,8463.38,0.36565,234.481,3245142.0,330.55,6537.5,147.0,18.1272,8.187
10648.9,4491.84,0.42181,112.951,1514864.9,191.354,3806.47,142.0,35.5413,20.765
4176.28,1278.46,0.30612,36.2184,570211.56,52.0973,1379.88,30.0,44.4767,11.127
14751.9,6257.51,0.42418,196.468,1935682.9,270.339,5250.13,61.0,23.3504,7.939
7277.49,2499.48,0.34345,63.5592,1016229.3,99.1907,3581.59,77.0,36.5331,2.891
16353.2,4223.77,0.25828,203.828,2243003.0,234.874,5271.94,145.0,19.559,5.289
10216.6,4189.64,0.41008,98.8965,1442847.4,144.65,3570.87,54.0,37.0367,12.526
7774.33,2422.37,0.31158,73.6755,1086872.9,107.382,3576.22,51.0,36.8355,12.767
13873.6,3292.14,0.23729,200.91,1924857.4,234.319,4964.0,119.0,26.6339,2.107
6948.69,2421.8,0.34852,76.7339,964295.0,101.709,3684.3,34.0,36.5523,2.028
14289.0,4456.89,0.31191,171.965,2006543.4,218.513,5398.6,194.0,27.797,4.088
6000.58,1624.37,0.2707,35.57,826265.25,73.105,2479.14,12.0,41.51,12.223
10709.8,3458.67,0.32294,89.4989,1525162.4,141.363,3665.23,11.0,36.0441,4.775
6670.13,1469.26,0.22027,59.6382,923755.94,87.1683,3185.79,54.0,38.751,10.219
5992.18,1978.37,0.33015,67.6497,835901.9,95.1693,2988.48,38.0,40.5002,1.981
5757.11,1185.11,0.20585,59.1224,792867.06,74.9705,2685.3,18.0,40.8018,1.371
4998.28,1079.98,0.21607,47.0241,648649.06,65.347,2032.98,21.0,43.2944,12.228
11378.3,3202.42,0.28144,131.802,1572637.4,168.154,4435.0,88.0,31.6129,2.026
4421.83,1344.1,0.30396,31.6837,620921.1,52.7993,2230.63,56.0,43.4142,6.834
17239.7,4981.36,0.28894,233.801,2372295.0,291.088,4828.12,157.0,26.8169,5.192
14270.8,4178.2,0.29277,187.319,2005312.1,200.846,5032.88,200.0,27.0217,2.804
12376.1,3541.06,0.28612,66.3791,1721647.0,153.396,4483.29,89.0,32.4758,14.712
9678.4,2816.14,0.29097,73.5452,1364818.2,117.534,4504.86,39.0,34.5097,20.271
4282.98,1580.48,0.36901,23.8384,593801.2,57.6257,1703.34,26.0,44.4474,9.517
7097.15,2117.1,0.2983,64.7094,1023352.6,80.889,3314.43,53.0,40.3383,11.188
4103.29,1602.21,0.39046,26.1419,563351.8,53.0686,2249.11,6.0,45.4214,14.843
13867.4,4320.27,0.31154,167.112,1923651.8,216.299,4917.21,72.0,28.5099,3.509
7502.04,2726.74,0.36346,91.7947,1006671.5,126.493,4020.01,108.0,34.549,2.567
12796.5,4335.46,0.3388,105.534,1767317.9,192.259,4716.56,143.0,29.0805,3.874
8376.58,2813.01,0.33581,64.9528,1199986.0,103.291,4846.98,38.0,35.3228,16.023
17026.7,6058.7,0.35583,231.962,2329809.0,284.121,5544.53,139.0,24.0763,1.68
7883.58,3604.01,0.45715,54.3697,1091157.1,115.514,3897.38,55.0,36.4523,17.508
6590.17,1417.26,0.21505,62.8047,900046.56,71.3329,2757.94,28.0,40.3371,11.151
5332.89,867.94,0.16275,53.9295,732928.2,63.4196,3020.93,25.0,39.7899,2.223
8044.44,3303.08,0.4106,79.7969,1116789.0,145.286,3257.61,117.0,37.2666,12.998
8099.99,3216.93,0.39715,70.8706,1150171.2,113.504,3814.08,77.0,35.0458,17.938
14042.8,4261.27,0.30344,157.192,1929550.6,207.343,5169.32,9.0,31.0315,16.326
7153.26,2682.4,0.37498,63.2692,1038223.2,101.667,3192.99,30.0,38.9156,1.39
6839.36,1799.77,0.26314,74.0661,958767.0,84.3623,2930.52,48.0,34.2875,15.499
18678.9,5363.41,0.28713,252.231,2545853.8,314.822,5729.51,332.0,21.2917,2.714
6026.61,1451.35,0.24082,68.1605,842172.8,74.1767,2867.51,69.0,39.3343,6.713
6365.52,2723.2,0.4278,59.0385,875999.4,107.839,3323.73,60.0,38.2363,12.36
9617.3,3200.23,0.33275,94.6614,1370696.1,134.962,3722.85,10.0,34.4384,3.145
6189.04,1558.47,0.25181,55.3792,864219.1,71.6024,3362.22,58.0,38.8321,2.325
15775.1,5443.45,0.34506,220.644,2200876.0,267.41,5366.88,290.0,24.9334,1.94
11928.3,4001.41,0.33545,96.0196,1659673.8,151.442,4996.83,53.0,30.4805,17.991
7628.88,2671.17,0.35013,80.0004,1053249.9,93.3274,3860.41,36.0,34.7931,2.136
6806.88,2196.25,0.32265,66.7102,934275.75,99.28,3339.69,49.0,38.2627,16.152
8229.55,2713.57,0.32973,78.8797,1142759.2,110.343,3755.76,25.0,35.2108,2.898
8330.33,2004.38,0.24061,83.6892,1190844.6,112.677,4007.9,91.0,35.3106,1.51
14124.6,5045.11,0.35718,111.575,2024552.8,198.735,3830.53,139.0,35.3418,17.847
14668.8,3985.26,0.27168,191.172,2019402.6,212.902,4595.6,165.0,28.6365,2.148
4015.92,1184.19,0.29487,34.2029,549369.5,48.5494,1403.39,17.0,44.1661,1.445
7213.83,1819.33,0.2522,56.5611,952969.5,113.355,3237.6,15.0,39.274,11.869
9348.25,1859.34,0.19889,99.3331,1319444.5,135.904,4236.46,46.0,33.8704,0.764
9740.12,3521.9,0.36158,95.3027,1357899.1,156.415,4245.13,98.0,32.9052,15.174
7414.88,2508.74,0.33833,65.7423,1043468.94,87.3229,4114.1,50.0,37.5394,5.64
9880.24,3524.21,0.35669,61.0974,1336071.8,152.027,4139.22,59.0,34.4421,14.501
6468.42,1513.25,0.23394,61.0338,891115.4,86.9082,3310.86,20.0,46.5464,0.0
8937.36,3963.68,0.44349,84.0595,1248317.6,137.76,3765.42,120.0,34.6821,2.612
7704.91,3465.37,0.44976,81.2653,1094871.2,127.067,3432.02,34.0,37.0629,3.761
5461.52,1910.21,0.34975,35.6968,745232.44,68.7855,2513.01,49.0,42.0936,6.534
16512.0,4982.28,0.30173,179.473,2322881.0,228.007,4906.33,57.0,26.5446,6.75
10500.1,3373.6,0.32129,103.965,1413528.1,151.291,4360.76,51.0,33.3589,13.931
8821.03,2298.11,0.26052,86.4157,1258232.9,115.274,3989.1,2.0,33.9552,1.722
4564.31,1393.63,0.30533,37.4951,616454.44,57.2619,1447.5,19.0,44.6019,2.185
15497.2,4868.61,0.31416,182.816,2164243.2,255.42,5427.07,167.0,24.3336,1.712
23035.5,5464.55,0.23722,315.771,3180885.5,408.084,6228.06,159.0,19.8265,0.975
4930.5,1546.66,0.31369,47.2421,684814.2,64.8124,2199.39,18.0,42.7414,11.077
13243.1,4588.18,0.34645,131.488,1884744.9,188.157,5626.91,51.0,28.9285,16.476
9693.36,4121.04,0.42514,89.4107,1357220.5,150.34,4280.6,2.0,34.4311,16.458
9725.45,3229.86,0.3321,89.3169,1360455.2,128.952,3846.67,29.0,35.8152,12.087
5691.17,2110.42,0.37082,65.8625,765181.3,96.3825,3112.81,39.0,38.7661,13.276
12092.5,3445.92,0.28496,153.173,1721685.4,184.921,4423.05,136.0,25.2699,8.143
6306.35,2058.47,0.32641,41.9107,878340.9,87.2117,3280.75,64.0,42.7635,10.935
7712.36,1424.14,0.18465,79.9914,1081899.5,96.987,3782.34,11.0,34.0327,1.847
6863.48,1668.45,0.24309,65.5499,957684.0,90.0549,3010.19,92.0,38.6459,1.953
7722.71,2554.78,0.33081,65.5817,1098264.0,115.848,3301.46,61.0,36.321,19.677
7402.52,1576.3,0.21294,64.5673,1006108.7,94.5529,3253.17,49.0,39.399,7.697
10480.8,2358.16,0.22499,146.075,1481672.9,152.234,4100.4,129.0,32.4811,2.603
6801.38,2082.09,0.30612,61.9964,921625.8,99.0038,3092.52,13.0,40.7196,1.722
9990.68,3052.34,0.30551,100.746,1413136.9,130.124,3689.55,135.0,35.7258,1.985
7254.13,1947.51,0.26846,72.4053,979125.7,99.6172,3367.39,74.0,37.1867,4.028
13137.3,4252.33,0.32368,149.96,1858133.6,198.035,5120.67,170.0,28.8362,2.042
7836.72,1938.49,0.24735,79.3574,1111903.4,117.135,3560.85,11.0,36.4275,1.715
9382.38,3143.8,0.33507,67.3248,1361549.9,121.803,3072.18,39.0,38.2564,7.605
5391.52,1462.16,0.27119,59.3159,747744.56,72.2039,2538.06,61.0,41.726,13.135
7199.38,2608.42,0.36231,64.6654,1050754.0,92.6375,3212.27,30.0,38.7586,1.43
6470.85,2350.61,0.36326,67.7635,911428.8,95.2928,3266.49,51.0,37.9277,16.777
13664.3,4435.43,0.32459,158.694,1876710.9,212.875,3985.16,121.0,31.918,18.522
5236.3,2080.19,0.39726,35.1674,737035.56,72.2769,2109.42,27.0,43.0784,11.181
5886.8,1525.61,0.25915,53.9621,764094.25,92.5665,3567.56,15.0,40.084,2.405
9227.13,3418.86,0.37052,101.067,1326996.1,126.672,3510.9,52.0,35.9476,12.273
11736.3,4618.93,0.39355,99.7956,1662059.5,163.84,4714.7,101.0,30.2439,15.904
7540.62,2252.44,0.2987,70.3689,1062764.4,78.381,3842.96,58.0,36.2726,10.91
10126.1,2980.47,0.29433,101.018,1388636.5,153.33,4034.37,118.0,32.8819,2.976
12098.1,4326.08,0.35758,136.869,1697304.4,190.341,4688.65,96.0,29.5444,5.602
12546.2,3871.92,0.30861,129.718,1791806.6,174.177,4659.56,48.0,32.532,2.982
15386.3,5702.93,0.37064,184.108,2154764.5,254.972,4619.19,33.0,27.5457,1.582
16872.6,5345.4,0.3168,177.152,2264389.5,272.772,5436.4,143.0,24.6077,13.733
6660.42,2289.95,0.34381,68.7824,941555.5,97.6919,3041.66,68.0,37.4809,17.69
12721.6,4505.85,0.35418,126.291,1820875.2,184.398,4865.21,86.0,25.6796,17.997
5516.51,1636.37,0.29663,67.7991,773578.56,70.1835,3056.81,30.0,39.4641,13.983
8396.06,2371.38,0.28243,84.3904,1176861.8,117.025,3151.63,89.0,37.4435,14.695
9993.96,2479.18,0.24806,99.7015,1431170.1,131.582,3622.77,133.0,35.9769,2.257
12392.9,3819.95,0.30823,145.128,1729925.1,157.17,5246.88,30.0,27.0734,4.985
5141.29,1704.33,0.33149,30.7427,701023.4,73.4885,2020.91,10.0,42.6503,13.367
5607.72,1990.18,0.3549,45.2726,778895.25,86.2333,2879.37,62.0,40.9979,11.337
6175.18,2109.19,0.34155,64.51,824751.56,100.775,2842.42,37.0,39.8789,6.443
14574.6,6811.21,0.46733,208.991,2021289.2,252.006,4540.5,143.0,29.7165,20.545
13764.8,4273.15,0.31044,182.295,1899007.9,243.566,5329.92,159.0,24.8269,2.584
7446.5,1744.35,0.23425,76.5403,1014441.56,94.2778,3488.63,47.0,37.7538,9.195
5329.42,2222.65,0.41705,55.6147,759401.25,88.6296,2214.61,94.0,42.0784,14.242
10535.9,3780.94,0.35886,88.7905,1415290.1,173.722,3904.29,20.0,34.2098,20.722
4805.7,1455.76,0.30292,45.3497,666786.44,62.2641,1927.54,19.0,43.9489,2.172
4094.43,1286.47,0.3142,35.6947,557690.1,49.3986,1440.0,16.0,44.0218,1.56
6390.08,2063.85,0.32297,53.3978,872065.75,81.8471,2463.51,43.0,40.06,14.882
7596.02,1896.72,0.24969,71.0935,1106512.9,96.9946,3029.11,14.0,37.7172,1.82
14658.5,6352.45,0.43336,113.067,2009425.5,219.051,4652.17,198.0,29.2408,18.866
15941.5,5448.29,0.34176,215.976,2230710.8,266.858,5371.61,291.0,25.1618,1.864
3780.34,1119.78,0.29621,36.7785,516028.53,47.3425,1392.96,17.0,44.3246,1.594
9488.91,2216.56,0.23359,84.4792,1340583.4,113.693,4800.51,29.0,32.7447,3.669
7352.05,2487.69,0.33836,79.669,1021587.06,101.206,3707.49,32.0,36.4066,1.714
9636.26,3441.68,0.35715,105.915,1339566.0,135.927,3625.05,13.0,35.3224,3.919
4877.1,941.17,0.19297,43.8506,664195.44,67.2448,2633.33,12.0,43.1807,2.255
9613.94,4401.23,0.45779,93.7582,1395229.6,157.363,4039.35,33.0,34.7148,20.813
8114.04,3123.33,0.38492,64.3825,1092001.4,133.342,4012.57,64.0,34.378,12.319
10307.0,2688.8,0.26087,91.2357,1459139.2,125.244,4782.49,24.0,32.6308,3.277
8804.6,3351.65,0.38067,90.0163,1258920.2,120.743,3786.62,54.0,35.9723,13.093
5164.96,1118.17,0.21649,51.0625,739894.2,69.3512,2840.8,58.0,40.0729,1.651
16177.1,5049.88,0.31216,217.34,2246164.8,282.824,5206.5,157.0,25.3677,3.362
9810.47,2514.7,0.25632,100.755,1395081.8,151.487,3978.52,40.0,33.1019,1.77
10060.2,2886.43,0.28691,113.835,1431321.8,151.255,4246.05,52.0,33.2393,3.912
3972.15,1244.2,0.31323,33.2736,542536.3,52.3003,1389.62,17.0,44.2783,1.332
7101.15,1809.54,0.25482,53.084,995051.75,75.6708,3549.44,20.0,38.197,10.217
8873.37,2462.2,0.27748,83.6242,1271358.2,119.663,4127.44,4.0,33.544,1.575
16031.4,6711.04,0.41861,153.264,2256551.0,248.612,5663.98,72.0,29.2383,17.263
14450.5,5926.18,0.4101,169.64,2022849.9,258.978,4442.16,120.0,29.1832,19.999
15721.1,5745.75,0.36548,175.359,2170395.5,283.822,4510.72,82.0,29.1662,12.631
11130.7,2079.08,0.18678,134.283,1568506.6,163.706,4698.7,148.0,29.2649,1.894
21753.8,6374.32,0.29302,294.194,2944267.5,319.753,6642.98,292.0,18.7456,1.394
8115.24,3111.91,0.38346,65.8445,1148409.6,104.904,2678.42,63.0,39.1393,9.473
10892.2,3017.34,0.27701,132.827,1530180.5,171.936,4222.89,61.0,32.6201,1.409
10246.0,2078.59,0.20286,102.703,1453294.0,134.225,4246.97,44.0,33.5475,0.997
6300.44,2765.23,0.43889,50.8074,887016.44,117.273,2711.51,64.0,39.8185,11.26
14296.1,4516.9,0.31595,149.902,1978812.2,215.978,4127.98,106.0,31.2768,20.602
9324.61,3013.59,0.32318,97.9941,1301924.0,133.269,3674.17,9.0,35.1635,2.235
12780.6,4050.09,0.31689,134.889,1811249.1,164.121,4829.48,59.0,29.5437,14.79
9802.91,3339.17,0.34063,93.7634,1379947.2,140.597,4124.06,109.0,33.3774,4.953
17605.5,4413.7,0.2507,180.172,2490717.0,214.039,6133.52,71.0,21.7049,19.162
8330.35,2803.05,0.33648,79.2204,1128088.0,121.97,3441.51,71.0,37.037,10.681
8156.96,2327.69,0.28536,97.0413,1155865.2,110.691,3547.38,99.0,36.8988,1.945
7280.17,2029.75,0.2788,58.9182,1040506.7,89.197,2690.96,68.0,40.8084,11.34
14446.9,3522.25,0.2438,197.154,2019740.2,258.347,4942.26,137.0,26.8087,2.912
9578.56,3492.65,0.36463,81.9376,1330314.8,138.868,3894.75,123.0,34.239,2.86
11139.3,4139.49,0.37161,123.129,1540207.2,188.827,3928.08,16.0,32.829,3.074
8548.65,3239.1,0.3789,73.1913,1139500.4,109.498,3203.97,10.0,36.9493,9.363
6018.28,1372.3,0.22802,53.5002,847376.9,76.652,2478.16,62.0,41.9219,5.266
13474.4,4255.64,0.31583,169.592,1864902.6,222.541,4765.34,120.0,28.5406,4.669
16406.2,4165.76,0.25391,194.419,2274076.0,272.541,5185.19,118.0,26.5137,3.038
10512.9,3607.65,0.34316,106.071,1495940.2,139.716,3752.54,14.0,34.873,3.352
9330.77,2988.66,0.3203,88.5335,1319074.5,134.799,3447.48,7.0,36.4609,2.638
14813.6,3987.45,0.26917,165.15,2033590.4,201.998,5127.62,107.0,23.2358,6.182
8429.44,1631.21,0.19351,93.2885,1175370.0,100.611,3906.48,101.0,34.5715,10.401
7332.65,2225.61,0.30352,56.8119,954332.06,101.565,3156.55,52.0,38.5141,4.684
14147.4,6002.25,0.42426,163.438,1924809.9,325.094,4935.03,152.0,27.2669,20.74
15432.1,5292.25,0.34293,163.916,2206013.5,258.199,5025.64,46.0,27.0101,2.588
13533.2,3526.46,0.26057,189.254,1828832.1,214.771,4584.14,179.0,29.0665,1.827
10969.0,3644.33,0.33223,84.8088,1562576.6,158.974,3823.63,31.0,34.8232,18.325
15694.2,4932.02,0.31425,213.296,2179717.0,260.952,5358.88,287.0,24.5464,1.527
9271.02,3242.21,0.34971,92.4817,1300459.8,148.226,3767.63,94.0,35.365,13.153
9753.35,3894.36,0.39928,80.4922,1339933.1,144.953,4984.2,25.0,32.614,18.776
7750.39,1596.58,0.20599,65.637,1089871.5,85.588,2880.44,42.0,39.7799,18.294
8476.96,2141.03,0.25257,82.4828,1190983.2,108.681,4036.15,41.0,34.9363,2.756
15547.6,4968.21,0.31954,157.398,2247955.5,215.632,5435.95,160.0,25.3502,11.29
4155.02,1318.21,0.31725,36.9659,561133.06,50.8946,1431.67,32.0,44.3629,11.428
14563.0,5858.66,0.40229,80.5033,2058423.1,199.51,5719.32,97.0,26.3933,19.201
8848.17,2847.17,0.32178,79.5108,1200686.4,120.776,3290.97,110.0,34.4731,2.776
9554.45,3660.51,0.38312,82.8795,1336886.1,149.274,3578.57,104.0,36.0849,14.897
8721.46,3129.14,0.35878,87.6389,1189723.9,134.311,3594.32,36.0,37.4991,16.881
7156.07,1738.45,0.24293,82.3385,997519.1,111.361,3844.66,21.0,36.19,1.536
12938.8,4461.76,0.34483,108.02,1881458.6,172.206,4565.74,120.0,30.892,18.233
16858.8,5489.48,0.32561,171.502,2303753.0,233.504,5510.15,76.0,23.9164,15.636
7829.17,2729.58,0.34864,70.0299,1077555.0,107.096,3202.16,21.0,38.1535,2.811
4920.77,1179.74,0.23974,40.4222,680449.94,65.1283,2811.21,26.0,41.6292,3.532
6746.88,1741.27,0.25808,67.9463,907092.3,85.9085,3125.5,43.0,38.9146,8.832
8893.95,2487.07,0.27963,104.806,1223701.6,146.804,4072.26,75.0,33.6084,0.658
7520.36,3051.77,0.4058,82.5804,1069112.8,117.798,3301.1,43.0,37.6523,3.1
5688.09,2181.82,0.38357,53.1219,780358.5,83.736,2713.79,43.0,39.9329,8.874
23203.8,8872.24,0.38236,175.613,3199231.2,398.476,14960.24,124.0,21.4929,10.737
11996.9,3106.73,0.25896,125.626,1629004.8,161.034,3971.22,234.0,32.4298,2.365
5094.89,1978.2,0.38827,34.2611,722154.4,64.6469,2605.56,38.0,44.1626,1.525
8150.09,2650.14,0.32516,67.1339,1087644.0,114.53,4359.75,61.0,33.0146,4.895
14918.6,4353.68,0.29182,185.625,2070223.9,230.969,5633.92,140.0,22.6925,0.952
8077.96,3031.56,0.37528,49.8205,1075570.9,125.235,3765.32,55.0,36.5971,15.68
6986.35,2611.76,0.37383,63.2659,914884.44,119.827,2995.81,34.0,38.2275,15.732
4392.41,1913.02,0.43552,62.3275,558958.0,113.461,1707.27,97.0,43.9763,12.339
20439.4,6102.12,0.29854,182.611,2946945.2,280.782,6298.83,232.0,22.2217,18.25
9790.76,2190.08,0.22368,115.411,1365840.5,133.823,4186.34,62.0,34.1709,1.691
9510.67,3337.36,0.3509,97.1993,1343767.1,127.4,3304.76,55.0,36.0878,15.247
17766.8,5210.73,0.29328,216.131,2474852.0,281.396,5750.95,209.0,21.7423,2.104
9513.9,3434.8,0.36102,74.5536,1326098.2,141.815,4246.91,19.0,32.8641,9.161
7475.72,2190.16,0.29296,59.9712,1023488.44,106.645,4221.65,36.0,35.9075,7.069
11921.8,3142.08,0.26355,162.516,1679819.9,196.607,4712.07,56.0,29.2144,3.503
15286.2,3842.2,0.25135,171.806,2157732.0,239.318,12013.74,16.0,29.1158,2.918
7136.21,2415.73,0.33851,63.0405,991180.3,110.581,3246.87,12.0,39.0583,15.457
6246.69,1394.88,0.22329,57.6035,823185.06,84.8253,3021.57,41.0,38.9622,4.852
8098.88,1957.12,0.24165,84.9308,1145761.0,116.126,3759.95,3.0,34.346,1.656
17308.4,7757.6,0.44819,205.52,2420735.0,300.392,4819.7,185.0,27.3008,19.395
10281.3,4378.83,0.4259,88.6998,1425970.0,154.831,3873.89,97.0,34.1237,3.949
10140.9,2950.7,0.29097,96.3125,1434785.1,132.054,3760.29,90.0,35.3095,17.36
9148.59,2944.32,0.32183,85.1275,1274748.8,118.423,3797.44,38.0,36.1227,16.688
6146.8,2583.91,0.42036,49.5151,867646.6,104.027,2463.52,89.0,40.7982,15.306
13261.6,4938.12,0.37236,103.952,1930857.9,203.103,5857.58,74.0,30.3879,19.984
20504.2,6547.84,0.31934,204.115,2762480.0,275.44,6484.84,236.0,19.6938,20.824
8858.21,2951.26,0.33316,91.3048,1262450.0,106.875,4208.33,19.0,34.4761,2.179
9943.24,3395.25,0.34146,119.623,1314471.9,182.907,4458.68,182.0,29.571,1.383
6932.63,2645.24,0.38156,52.5571,992507.9,100.71,2752.4,72.0,40.0253,14.299
17407.1,6826.39,0.39216,86.6659,2363677.5,272.223,16112.85,112.0,34.0489,15.664
6838.33,2276.69,0.33293,63.4677,895726.5,104.998,2634.68,27.0,38.6312,3.042
8610.99,2287.08,0.2656,105.471,1180426.6,113.205,3844.88,18.0,33.9102,2.491
10995.6,3130.19,0.28467,130.215,1538640.5,161.359,4627.65,69.0,30.0737,1.787
7400.39,2174.8,0.29387,80.8791,1019494.7,98.4756,3354.05,26.0,37.7513,5.58
7602.54,2847.68,0.37456,72.5688,1037124.25,101.656,3516.91,36.0,40.6716,4.264
6114.45,871.87,0.14259,46.214,862605.2,71.8228,2699.98,2.0,42.034,0.561
7016.98,1577.68,0.22483,63.3607,954904.1,100.114,3238.08,62.0,38.5704,13.333
9496.84,2805.68,0.29543,91.134,1356269.1,122.972,4094.32,103.0,34.3713,4.346
6925.72,2244.0,0.324,51.1328,960395.1,89.5272,3360.55,49.0,39.4232,13.724
13440.6,4374.6,0.32547,152.004,1830193.9,203.373,5547.81,17.0,30.8279,5.939
7977.27,2203.22,0.27618,71.6028,1119330.1,105.239,3184.99,35.0,37.9116,17.522
4236.27,1376.4,0.3249,35.0902,576542.3,54.2159,1426.57,34.0,44.3511,11.733
9811.39,2209.2,0.22516,109.91,1371523.9,124.98,4188.37,63.0,34.0772,1.8
12032.8,5263.98,0.43746,86.5846,1673309.0,186.713,4164.74,21.0,34.6312,18.664
7229.03,2225.32,0.30783,62.7492,995399.5,91.648,3427.12,34.0,37.703,5.376
17050.1,5755.95,0.33759,212.88,2445861.0,254.81,5278.85,91.0,27.1539,4.929
8862.0,2244.9,0.25331,89.948,1255215.8,140.628,4009.54,46.0,34.7114,4.737
5806.66,1942.98,0.33461,66.6038,799085.56,118.051,2780.17,70.0,41.5286,12.22
7502.03,2275.34,0.30329,66.3522,1028673.4,106.17,3154.33,55.0,37.7356,10.285
7005.31,2320.22,0.3312,61.6435,957951.44,90.2352,3486.32,32.0,37.708,3.394
5757.49,1891.5,0.32852,69.074,800742.1,83.3417,3033.43,37.0,40.1475,1.771
7221.13,2803.63,0.38825,68.0236,1036199.94,105.925,3081.97,20.0,38.5627,14.329
13314.5,4118.33,0.30931,171.103,1839817.2,213.62,4765.17,109.0,28.4306,5.368
11879.3,4964.16,0.41788,111.616,1660141.6,190.041,5248.54,96.0,27.2644,19.778
12919.0,3809.84,0.2949,164.269,1806613.1,205.466,4896.18,41.0,28.1824,1.941
5891.88,1424.52,0.24177,54.3678,828942.75,88.6899,2844.64,8.0,40.7636,12.351
6364.5,1957.61,0.30758,66.9614,867112.4,89.3546,3748.89,58.0,36.9054,4.953
14422.2,3798.54,0.26338,186.53,2047175.5,208.427,5637.29,63.0,23.041,0.966
12369.2,3304.7,0.26717,123.947,1702384.8,163.439,4032.96,27.0,32.4463,5.071
7894.18,3183.97,0.40333,90.2572,1127999.6,116.632,3431.91,25.0,37.0159,16.47
9872.41,3379.75,0.34234,105.13,1370334.8,129.624,3722.75,12.0,34.8664,2.548
12137.9,4110.27,0.33863,107.608,1665525.1,163.87,5303.27,46.0,28.6607,17.568
5604.35,876.22,0.15634,53.5421,770669.0,59.7984,3003.23,20.0,39.6957,2.388
12276.0,5329.61,0.43414,147.275,1707275.8,229.721,4733.09,141.0,28.5878,18.55
10046.1,3343.97,0.33286,109.794,1431662.1,137.969,3865.85,60.0,34.8006,3.273
9304.65,2851.8,0.30649,113.477,1309090.4,154.684,4045.4,41.0,32.6625,1.699
20061.7,6602.81,0.32912,210.867,2753631.8,332.528,6169.71,234.0,20.3651,10.842
6814.68,1809.48,0.26552,74.4695,930006.8,110.074,3031.58,81.0,39.3063,0.781
21924.6,6193.22,0.28247,196.182,3144611.5,319.163,6635.4,295.0,19.0418,6.685
7631.1,1697.63,0.22246,71.8118,1083232.9,110.329,3401.21,113.0,38.5409,0.0
10066.8,3809.31,0.3784,86.0149,1433800.9,144.592,4281.0,45.0,35.745,8.919
7358.93,1911.82,0.25979,86.2138,995287.6,128.689,3460.17,38.0,36.1008,1.96
12403.9,4445.4,0.35838,118.453,1710013.6,207.336,3974.45,146.0,32.1262,12.425
7822.63,2049.76,0.26202,86.8229,1043415.0,97.8912,3400.14,48.0,38.1725,13.322
10677.5,3052.27,0.28585,120.375,1441166.9,166.307,3996.91,28.0,33.8044,1.822
6727.79,2142.79,0.31849,63.3557,907510.1,98.6305,3191.48,23.0,39.7872,1.806
12136.8,2814.91,0.23193,141.787,1693366.4,196.018,4078.92,68.0,32.4011,1.976
13198.4,4049.97,0.30685,147.626,1871371.2,208.214,4763.45,91.0,28.8475,4.523
8137.83,3271.53,0.40201,76.8291,1141522.4,138.506,3304.01,113.0,36.9642,13.129
7392.7,2546.86,0.34451,66.8093,1020146.0,103.887,3407.9,68.0,37.7551,15.649
16453.2,5510.33,0.3349,188.315,2355691.0,247.419,4782.31,31.0,27.4538,6.351
4532.18,1788.6,0.39464,46.3908,664510.4,68.4987,2372.23,57.0,42.8892,11.112
6487.01,1972.55,0.30407,67.3214,930659.8,83.333,3138.19,13.0,38.5969,2.518
10863.9,3424.9,0.31525,94.1887,1492788.4,157.823,5152.87,62.0,28.9726,13.247
18992.8,7071.49,0.37232,245.221,2563352.0,270.891,5556.58,133.0,23.0228,3.449
15627.3,5399.29,0.3455,156.0,2171411.5,225.246,7877.91,58.0,25.802,15.779
13347.5,5374.3,0.40264,186.503,1797827.2,263.634,4016.05,176.0,32.2164,16.229
18748.1,4935.34,0.26324,241.393,2618230.8,272.825,5550.25,102.0,22.2055,2.603
9042.9,2479.64,0.2742,110.408,1239761.9,149.851,4076.62,80.0,33.6863,1.352
10074.4,2781.28,0.27607,104.945,1409182.8,151.306,4185.38,166.0,33.2491,1.646
13891.8,5519.37,0.39731,95.8504,1913837.5,206.862,10044.12,78.0,35.7123,17.063
15952.8,5467.85,0.34275,163.621,2212097.5,252.387,5704.29,87.0,27.1722,8.008
4977.23,1347.86,0.2708,46.9127,687762.8,57.5169,1920.46,17.0,43.3073,2.284
10666.1,3562.46,0.33399,66.6609,1528068.0,131.771,3158.08,45.0,37.5292,15.297
4957.61,1437.49,0.28995,35.6218,687035.56,60.2533,2113.29,16.0,42.3753,13.77
8921.01,2868.43,0.32153,88.8709,1225287.5,137.561,3346.17,21.0,34.3572,1.822
4465.44,849.87,0.19032,46.0997,606637.7,67.0876,2592.88,12.0,43.0579,2.455
6210.45,1451.63,0.23373,53.3676,859667.9,87.0602,2951.33,3.0,37.688,7.564
14280.9,3550.34,0.2486,125.3,2024086.6,184.145,5195.95,40.0,28.7508,3.481
9595.3,2123.54,0.22131,106.532,1321285.8,131.942,4269.71,58.0,34.1162,1.693
14923.6,5771.15,0.38671,185.539,2028019.8,250.58,5857.48,136.0,27.1764,14.531
8159.61,2642.82,0.32389,77.0981,1149034.5,108.893,3314.99,36.0,38.0374,3.604
3942.7,1565.62,0.39709,23.9351,541678.2,56.4027,1617.32,32.0,44.5606,8.556
9274.15,2835.72,0.30576,86.6301,1303771.2,128.116,3709.27,44.0,33.7773,13.16
7813.17,1733.89,0.22191,85.9553,1044663.7,118.988,3568.05,39.0,36.4395,3.088
8353.27,2972.31,0.35582,67.0297,1189304.5,113.886,3354.45,38.0,34.2488,14.659
3873.3,1219.74,0.3149,31.4743,532904.44,49.1063,1384.62,19.0,44.3265,1.467
13057.6,4890.52,0.37453,181.033,1829578.2,238.596,4912.27,116.0,28.1104,19.022
7945.77,2065.57,0.25995,72.8337,1111349.6,102.056,4083.45,15.0,34.2754,4.924
13929.2,4358.5,0.3129,175.802,2023745.5,248.539,4909.44,90.0,25.7136,2.844
7170.48,2738.97,0.38197,45.3239,942133.44,100.32,3112.32,55.0,38.4629,8.675
6839.42,2082.92,0.30454,61.7346,952400.44,102.268,3361.41,74.0,38.0055,11.916
7117.18,1472.33,0.20686,94.3395,989626.25,88.4264,3138.38,38.0,36.8376,14.295
6279.55,898.43,0.14307,48.4179,890610.5,64.1128,2835.37,34.0,46.5464,8.641
12077.9,3891.95,0.32223,127.642,1736778.5,160.505,4535.2,150.0,31.3685,4.937
12955.4,3680.72,0.2841,136.929,1815425.4,178.475,4624.4,55.0,29.8991,6.124
4532.05,825.76,0.1822,44.6011,615434.06,61.8199,2626.21,14.0,43.0989,2.467
7609.43,2673.34,0.35131,85.4899,1053712.0,146.385,3529.7,81.0,30.8405,18.394
11813.2,3360.33,0.28445,105.907,1626528.2,180.312,4593.09,123.0,30.0522,2.861
24126.9,8203.88,0.34003,237.49,3336296.2,311.208,6027.57,100.0,20.8663,5.281
8890.1,2099.89,0.2362,85.7663,1259782.1,103.573,4089.38,95.0,34.8057,1.656
11470.4,2677.91,0.23346,135.619,1596390.0,151.885,4457.75,71.0,31.0353,2.093
10700.7,1955.6,0.18275,126.953,1448192.1,173.885,4173.5,16.0,29.2819,0.0
9196.63,2722.02,0.29598,79.4848,1278710.1,114.914,4407.36,64.0,34.214,4.841
8911.53,2663.05,0.29883,87.3642,1253243.1,124.336,4697.47,30.0,33.1014,2.747
9482.44,2722.6,0.28712,102.246,1313907.5,129.849,3869.28,14.0,33.9961,2.212
10845.5,4692.31,0.43265,91.5445,1520627.8,158.006,4346.69,36.0,36.7528,16.758
14263.7,4063.33,0.28487,196.651,1954557.0,214.227,4590.44,170.0,28.8237,2.379
14819.5,3024.85,0.20411,164.66,2123058.2,198.755,4022.31,148.0,32.3633,1.489
8822.92,3492.22,0.39581,72.7627,1197419.4,136.612,3578.71,61.0,35.8835,17.744
9924.15,2701.74,0.27223,110.724,1358444.0,160.2,4190.86,77.0,32.9804,1.328
7435.65,1520.18,0.20444,75.5612,1007591.4,101.807,3091.71,38.0,36.0885,17.476
8402.89,2382.04,0.28347,95.4066,1182075.0,111.124,3563.91,89.0,36.8395,2.076
7880.7,3937.08,0.49958,84.4874,1099398.4,141.781,3355.57,52.0,36.9476,13.637
7478.13,2636.11,0.3525,67.8386,1030519.3,116.37,3823.46,63.0,36.6854,14.181
13727.3,3911.27,0.28492,145.063,1905370.0,169.834,4716.14,124.0,30.3498,15.861
8482.96,3426.55,0.40393,74.9464,1136596.4,139.005,3668.88,50.0,35.8673,11.746
9529.88,2664.07,0.27954,68.7386,1312354.2,122.705,4157.05,89.0,34.2394,4.131
6088.16,2364.3,0.38834,60.3875,867922.44,100.478,3167.38,76.0,38.3842,10.794
23028.3,7399.03,0.3213,255.474,3095805.0,257.682,5334.71,253.0,24.549,4.833
7928.65,2824.18,0.35619,79.9869,1059829.1,113.985,3434.29,26.0,36.0251,13.801
12031.8,2646.19,0.21993,141.909,1672145.0,187.577,4129.32,64.0,31.9842,1.812
10668.8,3506.77,0.32869,134.135,1515846.6,239.217,4188.15,128.0,32.6635,19.668
5825.73,1002.34,0.17205,52.516,802861.8,60.3561,3036.33,24.0,39.7704,3.897
5201.62,997.05,0.19168,42.7931,751676.6,61.1715,2188.85,79.0,42.8024,0.683
13897.2,3271.86,0.23543,132.26,1983954.8,158.428,5216.18,46.0,28.0623,17.015
13958.9,3909.27,0.28005,201.079,1839038.4,240.424,5575.52,255.0,23.6808,3.156
10027.3,3798.65,0.37883,67.0119,1439907.0,138.401,4514.36,83.0,35.7365,18.994
16359.6,3782.13,0.23118,209.555,2252828.8,256.35,5763.94,212.0,21.6286,7.734
4778.37,1641.2,0.34346,49.2641,667353.5,68.5623,2105.57,29.0,42.1657,1.783
8339.96,3427.49,0.41097,86.4226,1149945.1,129.578,3531.4,111.0,36.0041,4.337
8754.33,2305.57,0.26336,76.7507,1206553.9,104.955,3456.62,59.0,35.2688,16.768
9286.51,2999.74,0.32302,94.7464,1262186.6,130.958,3393.32,81.0,37.9032,2.481
12502.5,3278.92,0.26226,125.668,1705381.8,168.174,4016.25,213.0,32.1783,2.556
18999.6,5302.87,0.2791,178.04,2687544.8,238.443,6177.39,215.0,26.1748,10.914
13655.5,4484.83,0.32842,169.33,1986296.1,249.296,4862.26,79.0,27.4553,3.108
5487.32,1773.09,0.32312,39.8829,758495.25,76.2584,2711.1,41.0,40.7043,7.462
8327.16,2085.62,0.25045,95.2516,1157365.0,96.7688,3361.47,35.0,36.5049,10.383
6074.84,1417.12,0.23327,63.5936,837727.56,72.6406,2844.08,50.0,40.0588,3.409
6484.82,1908.32,0.29427,58.8805,885777.2,87.278,2662.18,30.0,39.553,15.092
9041.53,3163.62,0.34989,90.4751,1292122.9,132.966,3513.08,10.0,46.5464,3.04
9292.96,2644.82,0.2846,100.911,1271749.0,160.009,4132.2,73.0,33.2281,0.672
9388.22,1970.4,0.20988,83.0282,1349651.9,108.555,3952.86,24.0,34.7373,2.468
14199.4,3160.12,0.22255,191.917,2068870.0,217.355,4203.96,101.0,31.7428,12.26
9184.08,2533.16,0.27582,92.9314,1285834.4,131.896,3974.72,50.0,34.5502,5.704
8616.82,2085.2,0.24199,100.342,1179918.1,114.297,3827.23,22.0,34.245,1.983
8977.23,3115.25,0.34701,89.1012,1263834.5,136.947,4179.71,88.0,34.4568,18.168
8827.66,3103.85,0.3516,78.972,1222586.4,127.472,3799.22,85.0,35.8702,16.56
14102.7,4036.89,0.28624,172.644,1933468.0,210.83,4829.75,124.0,28.6097,4.222
5854.86,1918.45,0.32766,55.7354,799204.75,83.7547,3217.33,13.0,39.3026,7.714
18225.3,6219.74,0.34126,206.405,2484797.5,285.946,4965.53,54.0,24.2254,3.027
7639.76,2887.15,0.37791,70.1279,1074928.6,116.267,3437.73,17.0,37.0927,15.479
8266.67,2018.23,0.24414,87.1266,1174897.9,111.521,3881.48,11.0,33.1351,1.577
22373.9,5712.04,0.25529,155.568,2983669.8,321.678,5022.5,190.0,26.5549,16.864
15635.6,4358.37,0.27874,166.706,2155105.8,229.241,5765.46,121.0,23.5923,18.817
6773.27,1898.41,0.28027,62.5739,931675.4,88.3066,3301.16,48.0,38.5269,7.323
6124.42,1362.03,0.22239,49.3632,847298.8,70.5145,3478.5,52.0,39.0093,5.065
9759.95,3299.54,0.33806,93.2773,1394731.6,143.226,4076.19,104.0,33.2,4.437
15069.4,3688.22,0.24474,204.679,2059627.2,258.331,5137.23,157.0,25.1842,2.759
5533.1,1105.53,0.1998,49.6776,765391.5,68.1384,2760.58,8.0,41.8619,5.594
4624.83,1741.87,0.37663,33.7896,659714.5,66.5386,1237.23,40.0,45.4029,20.082
10781.1,3696.64,0.34288,119.625,1521738.2,156.507,3755.56,58.0,35.1475,9.833
17983.3,5818.56,0.32355,178.596,2583786.2,282.643,5864.43,145.0,26.5529,12.403
5224.15,1542.47,0.29525,46.1397,727323.6,60.3604,1907.45,15.0,42.9999,12.565
9194.37,3776.13,0.4107,67.1036,1270888.2,136.893,3605.57,62.0,37.976,17.169
8739.48,1950.59,0.22319,111.308,1239407.2,140.313,4204.11,41.0,33.1715,2.726
3820.29,1014.67,0.2656,33.6537,542329.3,46.7376,1769.12,11.0,44.4846,2.212
16554.3,4985.12,0.30113,211.616,2178824.0,251.401,6201.63,250.0,21.7068,2.412
18351.3,6636.83,0.36165,163.57,2637636.8,256.006,6237.17,126.0,23.1365,16.434
4346.47,1626.56,0.37422,36.3165,597956.44,64.6366,1818.99,17.0,44.5031,9.053
19216.3,5658.26,0.29445,191.116,2690500.0,281.333,5399.29,52.0,24.8061,11.295
16930.5,3898.6,0.23027,203.119,2390636.2,264.419,5602.09,98.0,23.3512,2.096
14704.6,5524.38,0.37569,202.648,2006404.5,259.251,4617.59,54.0,28.5705,2.616
7711.25,2104.99,0.27297,64.0787,1059105.9,96.8971,3411.57,32.0,37.0455,15.744
8968.33,3608.42,0.40235,83.7689,1235157.5,122.733,3783.58,27.0,35.6032,16.108
5717.72,787.1,0.13765,51.2648,798817.25,71.6459,2623.45,1.0,42.4846,1.484
3907.87,978.11,0.25029,35.4758,557436.25,40.7418,1780.71,12.0,44.6325,2.3
12188.9,3937.94,0.32307,104.968,1691900.1,158.394,4492.71,93.0,30.5796,18.278
6672.15,1601.68,0.24005,52.3634,964132.5,75.9449,3252.63,15.0,39.2338,15.088
6484.41,2048.98,0.31598,63.4994,935087.5,103.618,2329.76,48.0,41.4957,13.372
9421.92,2576.94,0.2735,102.863,1272492.2,127.797,3589.9,18.0,37.3505,11.09
12004.4,4055.74,0.33785,140.354,1679756.5,172.691,5034.67,31.0,27.8516,3.933
7629.59,2166.75,0.28399,90.6461,1058234.4,112.116,3913.92,88.0,34.9172,4.494
8675.37,2223.07,0.25625,61.883,1215866.9,94.8112,3210.98,33.0,37.3437,13.903
8350.27,2095.2,0.25091,78.7138,1191940.1,118.212,3345.12,43.0,37.9553,2.986
7505.9,1416.56,0.18872,73.3778,1052242.6,75.0323,3012.92,23.0,36.0843,6.43
5960.7,1251.77,0.21,56.9926,827432.44,77.8647,2692.3,17.0,40.7155,1.11
6006.83,916.36,0.15255,49.5047,843755.5,72.98,2749.38,1.0,42.3392,0.637
7508.4,2575.57,0.34302,68.9508,1051487.0,107.309,3180.44,12.0,38.3098,14.721
5532.97,917.51,0.16582,50.7917,760220.7,59.973,3043.76,20.0,39.5406,3.76
6437.55,1588.47,0.24675,68.7746,849697.2,92.5236,3430.59,79.0,37.9502,1.134
7948.65,2734.5,0.34402,74.6837,1072812.4,110.298,3665.04,79.0,36.0176,3.824
11079.6,2409.38,0.21746,113.168,1521685.0,175.109,3889.44,59.0,33.3046,1.192
11067.8,3090.76,0.27925,131.903,1577001.8,168.312,4408.62,61.0,31.4939,3.094
5117.3,1120.99,0.21905,51.6732,672722.7,79.5911,3234.21,15.0,41.2382,1.7
12407.2,4295.98,0.34624,111.869,1785989.2,181.21,4746.61,71.0,29.6646,2.861
20109.1,6263.15,0.31145,210.977,2891072.5,302.593,6594.26,275.0,19.2892,6.043
13743.2,4709.44,0.34267,130.635,1909694.1,175.696,5236.99,64.0,27.8898,18.37
12458.4,4314.49,0.34631,184.327,1659771.4,245.756,5074.55,99.0,26.7934,7.826
11190.5,3535.19,0.3159,122.617,1549930.4,181.526,4176.97,49.0,30.9667,2.202
12877.6,5355.51,0.41587,151.987,1801912.5,194.1,5266.73,49.0,27.9745,3.743
7903.01,1965.36,0.24868,78.1976,1120488.2,104.817,3822.01,43.0,35.7368,2.241
8371.42,2536.65,0.30301,65.3067,1172853.1,113.945,3812.92,49.0,35.949,15.061
4937.62,2137.22,0.43284,59.6226,655627.2,98.9699,2837.18,65.0,41.6761,14.133
5507.93,1794.23,0.32575,40.153,753299.2,78.8299,1698.67,16.0,43.2836,11.731
9123.81,3491.29,0.38265,100.142,1285985.6,120.295,3401.46,32.0,37.7679,12.52
6900.18,1832.61,0.26558,66.405,954967.1,79.9645,2917.06,36.0,38.6786,15.542
6212.41,2428.05,0.39083,65.9755,839718.3,98.9991,3432.89,49.0,37.3802,14.177
5854.86,1918.45,0.32766,55.7354,799204.75,83.7547,3217.33,13.0,39.4789,7.714
12398.4,3033.51,0.24466,180.15,1720189.0,207.961,4132.51,133.0,31.8004,1.469
8788.82,1770.4,0.20143,94.5942,1217920.8,114.173,4026.49,103.0,35.1297,9.545
11252.2,4971.38,0.44181,87.1247,1553102.9,177.918,4384.56,121.0,32.9497,8.846
5487.06,1871.97,0.34116,41.6342,773324.44,77.6876,2753.28,56.0,42.4404,11.195
8407.19,2382.15,0.28334,93.5666,1166263.0,112.157,3177.01,39.0,36.7049,8.444
6667.75,1946.02,0.29185,52.0873,900891.94,104.37,2644.55,33.0,40.6091,14.051
12185.9,3784.93,0.31059,146.891,1685893.8,202.797,4787.6,77.0,29.3268,3.765
11870.4,2969.52,0.25016,126.335,1614813.8,153.811,3957.22,228.0,32.516,1.927
8418.56,3639.18,0.43228,90.8586,1128114.5,121.519,3968.96,43.0,36.7184,17.917
9036.08,3542.74,0.39206,70.2853,1247603.1,121.863,3521.4,54.0,36.1819,16.18
17531.4,5116.21,0.29183,181.029,2525631.0,264.662,5178.02,139.0,26.4233,16.785
8265.26,2145.36,0.25956,55.3165,1133775.9,104.945,4554.03,34.0,39.6827,3.862
20511.6,5312.55,0.259,298.034,2770050.0,316.609,6505.68,276.0,18.718,1.849
11418.0,4221.6,0.36973,79.0837,1553177.0,174.777,4353.0,65.0,33.2995,20.198
9219.99,2087.66,0.22642,80.5423,1311966.1,111.515,4611.65,25.0,33.5483,1.685
8934.61,1852.92,0.20738,112.719,1248845.1,212.85,3612.36,136.0,35.8605,18.836
8514.9,2610.64,0.30659,100.157,1176209.9,142.464,3238.72,17.0,36.6998,1.515
9915.45,3676.7,0.3708,95.5234,1391956.9,144.041,3718.95,70.0,35.8545,15.813
7048.67,1762.18,0.25,67.4151,965497.06,95.9753,3145.9,32.0,38.5864,11.425
16439.9,5538.41,0.33688,132.842,2157788.8,244.85,4911.09,157.0,27.8206,7.558
19086.3,6393.06,0.33495,212.145,2642734.5,319.045,6013.95,219.0,20.6201,11.082
4894.07,1460.8,0.29848,42.8976,676827.94,64.2222,1887.99,14.0,43.3195,1.975
4121.88,1586.31,0.38485,26.2384,566806.0,54.0932,1950.81,6.0,44.1921,7.022
7634.08,1914.62,0.25079,66.1209,1049273.6,104.978,3747.42,23.0,37.0324,1.394
14949.5,5612.7,0.37544,112.843,2071036.8,212.45,5110.22,81.0,28.9365,19.039
5750.75,1839.08,0.31979,40.6986,812198.25,72.8084,2604.41,40.0,40.6973,10.534
10768.0,3934.05,0.36534,108.066,1414271.9,167.77,4302.89,78.0,33.6662,16.797
16543.4,4011.99,0.24251,229.416,2333000.2,268.122,5515.98,103.0,22.2402,2.443
9217.25,2269.9,0.24626,86.5519,1294981.0,119.921,4553.37,29.0,33.7813,4.803
7535.6,2044.9,0.27136,66.3388,1016640.1,88.972,3130.05,41.0,38.1792,16.906
4649.06,1410.38,0.30336,43.0691,621083.5,61.5382,3309.09,18.0,43.6704,12.268
14986.6,4984.53,0.33259,181.163,2107818.2,273.426,5032.28,103.0,25.2027,3.849
8152.63,2399.08,0.29427,92.448,1104877.2,120.786,3291.59,72.0,38.2882,1.908
6247.01,1891.27,0.30274,51.3816,877872.44,85.4622,2848.86,31.0,39.7311,4.848
15728.8,5469.69,0.34774,186.969,2173655.5,245.304,6484.13,222.0,27.6777,2.585
7450.84,1960.64,0.26314,77.5894,1033258.3,92.8096,3345.1,27.0,31.9085,10.023
6044.28,1737.21,0.28741,52.0857,816105.7,79.841,2532.99,23.0,41.1304,14.198
7013.34,2107.76,0.30053,56.1157,968682.3,94.7475,2882.96,37.0,38.4058,16.53
15111.6,5731.26,0.37926,127.107,2185010.5,210.646,5304.27,70.0,25.7101,10.747
8981.37,2662.35,0.29643,103.255,1240022.9,123.021,3885.18,25.0,34.0082,3.459
11959.8,4439.57,0.3712,118.132,1694499.5,172.539,3935.93,78.0,34.2481,2.77
15363.6,3705.9,0.24121,204.376,2140264.2,248.114,4992.73,134.0,26.5185,3.026
13509.0,5458.35,0.40405,128.945,1893612.0,213.97,4935.98,97.0,29.6712,17.125
13476.9,3990.5,0.29609,130.537,1939180.1,185.097,4639.12,87.0,29.6887,15.204
10580.5,2826.53,0.26714,142.223,1423261.6,170.623,4380.34,68.0,31.3216,2.64
6660.36,2088.72,0.3136,54.3679,922749.1,96.5612,3620.12,69.0,37.6203,1.296
6209.83,2059.9,0.33171,59.6476,862426.6,89.8761,2685.9,42.0,40.2199,2.211
7762.22,1927.44,0.24831,65.0619,1042532.3,87.1083,3530.99,37.0,35.1508,8.266
6269.39,2889.58,0.4609,55.2044,880564.5,95.6625,2649.05,36.0,40.9116,7.318
4398.33,1224.35,0.27836,47.9784,607508.75,72.6118,2163.61,61.0,43.4301,5.34
13626.4,4494.85,0.32986,160.305,1952666.5,203.04,5404.12,89.0,26.2731,2.165
12355.2,2825.61,0.22869,134.679,1731563.1,157.27,4538.06,54.0,30.5533,3.392
11575.3,3864.44,0.33385,145.306,1577319.4,188.095,4800.88,100.0,29.0417,19.027
10796.5,3930.06,0.36401,95.6925,1494159.5,171.438,4697.65,106.0,31.1671,15.443
8110.86,2661.91,0.32819,61.8238,1085181.6,114.528,3700.43,79.0,35.0352,15.644
6306.79,1926.9,0.30552,62.1183,853080.75,83.5984,3067.08,52.0,39.633,9.151
9157.98,2633.13,0.28752,102.706,1261532.4,123.399,3894.72,19.0,31.9949,1.958
7857.62,2617.12,0.33306,56.7263,1024269.9,150.181,5835.71,27.0,36.5426,19.446
5585.94,1091.67,0.19543,50.8402,804989.56,69.6477,2883.98,58.0,40.2727,0.957
4818.2,913.14,0.18951,43.0455,644264.9,57.6222,2743.98,15.0,43.115,9.687
5989.31,1129.07,0.18851,55.5093,839905.8,67.9927,2424.65,9.0,40.5145,12.45
12799.6,3609.86,0.28202,143.884,1721854.6,180.551,4702.1,58.0,28.7915,2.349
5367.52,2146.91,0.39998,33.8812,761166.0,71.3591,2639.43,36.0,42.6352,0.941
9439.35,2317.27,0.24549,57.6512,1339433.9,98.5017,4327.15,72.0,35.3634,17.198
8632.68,2507.64,0.29048,79.5868,1168085.0,100.496,3390.89,100.0,38.0574,12.164
6070.78,1997.19,0.32898,60.0527,843541.8,100.086,3116.27,20.0,39.5816,15.797
6800.4,2258.9,0.33217,61.5469,980535.94,79.1355,2350.09,77.0,40.4455,3.472
12451.6,3708.5,0.29783,181.149,1643953.5,232.938,4913.21,144.0,27.8375,2.664
9810.55,2772.51,0.2826,117.201,1351376.5,135.829,4179.8,122.0,32.7455,2.506
11678.2,3344.92,0.28642,169.967,1626798.0,192.761,4649.52,99.0,29.5743,2.643
15003.3,5834.72,0.38889,197.453,2052881.2,243.744,5122.48,119.0,27.1678,19.416
5953.8,1073.06,0.18023,51.7264,823124.56,67.9914,3034.62,24.0,39.762,3.972
8153.86,2738.64,0.33587,69.6359,1153261.1,108.91,3443.72,33.0,35.634,4.355
12407.5,2511.73,0.20243,150.004,1691052.1,189.427,4955.01,140.0,29.8472,0.632
6091.04,2050.45,0.33663,58.6523,847694.25,88.8593,2701.23,41.0,40.4911,2.088
7652.65,2815.33,0.36788,63.911,1087211.6,107.25,4095.06,54.0,37.239,6.68
13716.7,3387.42,0.24695,127.9,1850804.2,205.472,4726.34,141.0,28.7792,3.396
18411.6,4669.35,0.2536,206.62,2594952.5,270.255,5921.73,231.0,23.9267,20.985
4689.34,1134.34,0.24189,44.5652,637996.5,66.969,2638.17,13.0,42.8535,2.327
9342.34,2176.43,0.23296,112.411,1288265.0,145.892,3988.87,41.0,34.2138,1.798
15061.5,4830.3,0.3207,173.102,2060906.6,254.398,4957.3,24.0,27.7489,3.106
5945.33,1392.57,0.23422,51.1082,842892.06,76.6998,3285.8,25.0,38.6908,2.786
4984.44,825.42,0.16559,40.8415,698314.44,49.3854,2317.72,19.0,42.7488,2.895
11632.8,3216.26,0.27648,152.526,1610623.8,177.87,4368.16,24.0,30.9898,2.296
14038.7,4883.82,0.34788,158.228,1979817.8,221.094,5746.65,95.0,24.8996,2.976
4950.33,940.47,0.18998,44.6635,675131.44,66.7997,2821.91,13.0,43.8765,2.368
17184.4,5934.08,0.34531,234.503,2361986.5,272.858,5452.85,120.0,23.2919,3.256
15092.0,4609.48,0.30542,215.184,2087913.4,252.24,5318.67,285.0,24.7557,1.921
5875.78,1309.46,0.22285,61.0669,804098.75,74.0183,2806.11,22.0,40.1911,1.728
4779.08,875.98,0.18329,51.2497,641510.2,66.123,2349.57,45.0,41.5721,11.9
9854.53,2102.19,0.21332,96.5599,1383872.4,116.206,3749.62,44.0,34.5176,15.521
7754.35,3387.04,0.43679,68.1177,1076446.9,112.05,4696.61,72.0,34.2745,20.591
12012.8,3744.43,0.3117,113.606,1732006.1,163.297,4375.15,118.0,32.6,20.065
11596.7,4049.37,0.34918,101.599,1622546.2,168.205,5410.23,52.0,29.4699,15.8
14155.5,5491.42,0.38793,188.334,1936109.4,267.732,4923.59,176.0,27.3687,18.726
6170.65,1662.31,0.26938,59.434,860736.0,95.1575,2981.51,11.0,40.0997,12.147
6723.34,2480.96,0.369,73.8225,920244.56,98.3441,3273.87,57.0,38.0508,1.307
12270.7,6069.95,0.49467,175.884,1724762.0,271.98,4807.24,186.0,29.6328,20.982
21634.3,7265.01,0.3358,192.885,2893908.5,316.75,6654.05,222.0,18.6152,1.485
6180.18,1542.15,0.24953,64.116,835700.75,88.6363,3116.55,65.0,39.6963,8.613
9750.17,2285.89,0.23444,103.34,1306662.5,120.392,4168.43,37.0,34.1268,15.232
12534.2,2538.01,0.20248,148.549,1700685.4,200.47,4945.66,139.0,29.1798,0.578
10789.7,2687.34,0.24906,134.182,1501894.4,173.288,4673.15,172.0,29.0836,0.685
6740.17,1238.96,0.18381,68.5865,975630.3,67.0141,2515.27,57.0,40.6375,15.085
13810.8,3897.94,0.28223,159.23,1924058.0,234.208,4453.32,82.0,30.9881,1.585
5039.48,983.27,0.19511,47.4044,720848.5,59.3287,2170.01,80.0,42.8219,0.729
6260.81,959.24,0.15321,56.2616,892812.9,69.9832,2380.78,12.0,41.4799,7.643
14922.4,4896.7,0.32814,180.256,2180481.5,258.209,4991.73,87.0,26.6582,3.167
14508.6,6229.46,0.42936,187.901,2107256.8,289.654,4979.5,116.0,26.5464,6.143
7695.57,3111.66,0.40434,69.6512,1087146.0,110.873,3812.51,72.0,34.9636,17.082
10830.6,2994.04,0.27644,113.319,1531861.4,152.961,3844.77,69.0,35.0489,2.785
6857.53,1941.38,0.2831,86.8179,979722.25,95.9667,2887.98,43.0,38.9179,4.913
15767.6,5726.32,0.36317,233.157,2148646.2,267.594,5344.24,139.0,23.8363,2.204
7287.05,1893.42,0.25983,69.1407,1000305.9,110.565,3339.48,91.0,38.0338,15.941
5632.02,1587.93,0.28194,62.7566,780740.0,88.4437,3074.61,29.0,40.3762,1.738
6172.18,1713.17,0.27756,41.8743,844637.75,96.8086,3243.25,24.0,40.0778,15.426
19348.7,7102.8,0.36709,237.035,2622988.2,319.685,6138.12,121.0,22.9623,1.911
3947.49,1252.28,0.31723,34.6255,535271.7,51.5401,1382.54,30.0,44.4187,11.48
10254.6,5539.12,0.54015,89.7627,1287299.9,194.381,3073.99,89.0,37.39,18.328
9314.64,3891.13,0.41774,85.785,1295912.0,137.307,3757.89,113.0,34.6138,3.883
9597.19,2572.28,0.26802,50.5913,1296409.5,128.286,3800.24,47.0,36.419,17.172
19579.4,6413.35,0.32755,252.861,2704240.5,323.764,5460.3,80.0,23.6738,3.803
6714.26,1617.82,0.24095,61.1964,943637.0,85.9562,3568.19,26.0,38.0781,1.906
6817.03,2135.7,0.31328,97.5409,926989.75,127.358,3782.77,41.0,36.1424,2.967
5411.43,1576.4,0.2913,44.137,746611.5,63.9753,2030.34,13.0,43.2914,2.147
11328.6,4823.49,0.42577,131.841,1560779.8,202.126,4655.01,168.0,30.4244,16.447
6795.63,2225.73,0.32752,67.3018,937633.0,107.561,3404.01,84.0,37.7155,13.802
4938.11,1876.27,0.37995,46.6951,716274.25,68.0343,2502.38,43.0,43.0885,12.583
8392.75,1751.92,0.20874,84.6626,1201658.0,114.735,4012.0,101.0,35.104,1.31
8709.87,2193.58,0.25184,99.3594,1188179.5,116.253,3319.48,21.0,37.6446,1.917
14249.8,3835.13,0.26913,191.586,1925545.8,217.823,4636.69,179.0,28.5918,1.958
14352.4,5533.27,0.38552,154.371,2026390.0,199.214,6416.55,46.0,24.3739,18.276
13110.7,3700.04,0.28221,163.075,1818701.2,192.239,4906.96,118.0,28.4719,3.876
13488.2,3033.77,0.22492,203.769,1870448.4,236.207,4968.56,128.0,26.6967,2.292
5577.72,1108.14,0.19867,47.1421,792998.7,70.2934,2210.15,78.0,42.668,2.684
9139.77,2547.01,0.27867,88.0063,1301402.5,119.12,3984.23,4.0,33.7096,2.036
8465.78,4099.99,0.4843,84.1988,1186263.6,138.837,3495.27,89.0,36.345,15.137
11524.0,4079.3,0.35398,127.813,1550532.8,172.026,4257.13,44.0,33.8625,3.074
13181.7,4553.25,0.34542,160.606,1828282.6,210.013,4856.58,132.0,28.7181,7.192
8942.29,2888.75,0.32304,51.7279,1238145.2,139.713,4956.01,8.0,33.0471,20.914
6955.78,1675.15,0.24082,56.5305,993936.3,84.8497,2860.58,54.0,35.479,15.356
8084.14,1411.96,0.17465,80.4996,1086721.6,97.5862,3865.7,27.0,35.8441,18.654
8917.61,3849.46,0.43166,89.8871,1255736.2,139.42,4105.97,36.0,35.4531,10.531
3969.83,1194.92,0.301,32.4956,541507.94,49.4137,1385.46,32.0,44.4759,11.31
9690.0,2114.9,0.21825,90.9934,1355710.5,118.117,4198.0,66.0,33.625,13.49
10632.5,3947.68,0.37128,93.6611,1478448.5,149.208,4081.44,63.0,37.7001,17.645
16265.4,4392.32,0.27004,248.45,2259370.8,278.051,5294.9,199.0,25.5105,5.142
6440.17,1334.04,0.20714,69.2564,877248.94,89.9524,3439.67,94.0,37.6179,13.317
5357.7,2188.45,0.40846,45.027,776730.6,84.5764,2216.35,89.0,42.2634,14.975
5953.69,1297.49,0.21793,55.4273,813242.0,86.1328,2913.12,46.0,40.6279,12.64
6997.32,2024.58,0.28933,66.5503,961785.56,93.0358,3088.28,51.0,39.34,1.732
5470.96,1802.19,0.32941,47.0058,751641.9,72.0261,2388.07,21.0,42.9531,7.761
5974.41,1404.94,0.23515,67.6609,834509.3,78.3986,2786.46,73.0,39.5696,8.051
14797.6,3633.9,0.24557,127.973,2082120.5,184.585,5301.59,38.0,27.9256,3.991
8818.74,2163.82,0.24536,80.5943,1244615.0,115.472,3959.05,42.0,35.6296,2.24
5189.07,1693.94,0.32644,47.7135,732592.6,71.3984,2552.32,46.0,43.1762,9.512
17254.5,5459.34,0.3164,203.929,2429304.2,267.387,5179.12,103.0,24.2437,4.777
11156.4,2769.15,0.24821,139.165,1552399.6,168.548,4688.95,173.0,28.7117,0.635
6445.95,2046.17,0.31743,64.4885,856967.0,95.3621,3415.82,50.0,39.686,15.002
18010.8,5284.61,0.29341,209.593,2495304.5,285.387,5685.52,200.0,22.2439,2.05
5625.71,1544.9,0.27461,59.9551,706048.75,90.565,3097.27,16.0,39.4981,2.167
9050.66,2064.55,0.22811,108.99,1238843.8,137.42,3990.83,37.0,34.2385,2.139
4828.14,1144.12,0.23696,41.5757,665465.94,66.7739,2653.5,26.0,39.6355,12.732
10386.5,4249.88,0.40917,69.1085,1463831.6,148.928,5466.4,61.0,29.5946,16.053
6214.5,2227.58,0.35844,67.2363,840357.5,91.3873,3059.99,40.0,39.8313,3.811
7238.38,2298.47,0.31753,81.1717,976292.56,119.108,3099.45,83.0,38.6951,1.534
21581.4,7966.69,0.36914,197.391,2876525.8,317.221,5529.0,163.0,46.5464,2.367
8240.53,2222.18,0.26966,73.284,1154152.5,109.346,4083.85,18.0,35.6805,4.913
10410.1,3145.85,0.30219,98.8839,1477001.4,139.208,3690.35,136.0,36.144,2.013
5690.32,1929.36,0.33906,35.5698,784858.06,75.6662,2070.97,12.0,39.8645,12.701
11502.7,3434.13,0.29854,134.017,1552464.8,167.314,4439.31,102.0,30.6822,4.936
8954.18,3114.1,0.34778,91.0021,1275903.2,130.907,3910.07,85.0,34.7216,17.64
6967.72,1673.75,0.24021,66.0097,955617.25,94.6201,3237.26,30.0,38.747,12.328
12310.4,4958.98,0.40282,102.735,1729155.4,169.894,4191.26,67.0,32.9828,11.196
5634.29,2142.44,0.38025,64.9323,735713.3,94.1579,2716.28,34.0,40.7467,5.954
7018.11,2135.29,0.30425,63.3281,941674.5,91.7204,3075.3,56.0,39.6589,15.735
23137.9,8579.48,0.37079,169.271,3297791.2,374.52,13608.96,121.0,20.9786,19.6
8325.91,2518.06,0.30243,68.675,1171596.2,114.749,3760.19,26.0,36.23,11.441
5466.6,1484.56,0.27156,59.9546,731372.0,87.5857,3195.93,46.0,38.1977,7.588
14694.1,5917.47,0.40271,80.34,2078914.5,198.516,5758.63,97.0,26.2175,19.294
14446.8,4276.05,0.29598,129.368,2001628.5,206.38,5369.08,69.0,25.9084,3.341
6711.51,3287.17,0.48978,75.9287,894593.94,122.777,2874.68,103.0,39.6448,16.36
7092.61,2631.53,0.37102,62.3122,1024212.75,94.357,3227.1,29.0,38.7939,1.159
9536.29,4452.93,0.46694,71.395,1300050.5,155.679,3277.52,41.0,37.9814,13.543
10005.1,3110.39,0.31088,110.702,1358938.2,155.689,4413.84,120.0,32.0324,18.613
9855.78,3636.35,0.36895,83.8646,1406791.0,140.244,3968.06,43.0,38.1066,5.741
7311.86,2020.2,0.27629,78.7241,968982.5,96.1498,3625.76,66.0,36.9492,2.714
9034.36,3159.92,0.34976,80.5328,1231586.2,143.56,3865.8,82.0,37.6219,3.387
7494.9,2320.27,0.30957,57.3562,963641.2,120.264,3499.95,8.0,37.1462,16.5
6743.73,1356.02,0.20107,56.2285,929129.0,92.7964,3095.88,39.0,38.9172,11.039
10317.4,3173.43,0.30758,106.512,1490234.2,155.44,4211.58,135.0,28.8787,19.677
9535.3,2763.08,0.28977,105.286,1336454.0,147.828,4248.02,81.0,33.7166,5.811
7911.36,2001.75,0.25302,77.9927,1121658.5,97.9437,3913.91,36.0,35.4393,2.683
7132.94,2380.46,0.33372,65.1155,966171.9,105.691,3262.53,47.0,38.7287,14.848
9972.31,3545.09,0.35549,89.2126,1423976.1,130.85,3784.92,9.0,36.2066,5.168
16975.6,5431.08,0.31993,206.229,2223876.5,284.558,6718.03,244.0,21.5581,3.37
15317.8,4906.4,0.3203,158.689,2156985.5,265.798,4657.25,107.0,28.5577,4.514
19173.0,5861.53,0.30571,260.74,2620271.8,308.675,5801.42,324.0,21.2402,2.649
4841.3,1592.0,0.32883,45.9385,688679.3,71.4247,2465.76,44.0,40.0096,11.111
11889.3,3001.87,0.25248,128.509,1633886.4,162.785,3893.69,19.0,33.4736,4.729
22063.0,6294.88,0.28531,198.555,3159255.0,327.089,6122.58,293.0,20.1898,8.581
6411.31,2061.5,0.32154,44.7148,831886.25,90.1626,3011.5,55.0,38.9741,3.429
7431.93,2459.01,0.33087,71.9428,1052758.6,95.0627,3733.84,16.0,37.4872,18.869
4462.6,2078.31,0.46571,35.7452,611437.94,71.3477,1552.76,34.0,44.4317,13.448
16369.6,5422.22,0.33123,196.587,2289162.5,241.918,5415.62,170.0,24.3891,1.883
14929.8,4982.11,0.3337,175.302,2091590.2,250.074,5355.88,212.0,27.2688,2.099
15011.6,3853.78,0.25672,183.06,2131709.5,218.798,5622.35,65.0,22.9902,0.987
11269.5,3045.49,0.27024,100.426,1568014.2,134.609,3852.84,28.0,34.5242,14.627
6501.03,2021.06,0.31088,58.3195,908789.2,94.3574,2738.66,48.0,40.5528,2.005
6356.62,860.0,0.13529,47.2272,899138.0,75.8308,2718.37,1.0,42.1528,0.664
5637.37,2665.83,0.47288,49.8566,771635.44,95.7431,2177.61,7.0,41.5268,7.913
7100.34,2545.82,0.35854,55.9543,1024245.06,88.2832,3415.95,45.0,38.958,1.743
5783.28,1550.29,0.26806,61.7558,729450.3,88.1416,3103.39,16.0,39.4099,2.139
7213.06,2294.97,0.31816,59.7648,1001945.4,96.741,3022.65,63.0,40.0901,16.644
8282.83,2345.82,0.28321,94.5974,1172838.5,115.706,3554.56,96.0,36.8771,2.079
7321.03,1860.05,0.25406,71.8653,1026103.5,90.4225,3042.4,66.0,37.4713,19.275
10385.2,4115.91,0.39632,81.8092,1414109.4,151.392,4648.75,43.0,34.8565,15.856
20241.5,5663.16,0.27977,205.22,2893403.5,316.8,6118.98,237.0,20.5695,18.22
5337.44,1481.27,0.27752,47.6854,740411.94,58.9327,2012.99,18.0,43.3043,2.496
7572.18,2897.56,0.38265,77.5993,1066761.0,116.667,3295.77,47.0,35.9468,4.01
15299.6,3936.95,0.25732,183.871,2166325.2,216.391,5708.49,66.0,22.9468,1.16
7736.17,1949.26,0.25196,63.9191,1061968.4,106.807,3629.15,26.0,37.129,1.542
10797.7,3789.33,0.35093,105.111,1495404.9,166.474,4190.72,79.0,32.6748,16.171
11865.3,2060.71,0.17367,150.619,1661170.6,174.508,4622.76,143.0,30.2058,1.579
7826.76,2113.49,0.27003,65.626,1074585.9,111.045,3675.56,23.0,36.8047,1.854
13798.1,4044.29,0.2931,196.382,1890203.5,246.152,5153.97,97.0,24.678,5.11
9871.39,2423.82,0.24553,120.236,1365259.1,160.037,4674.96,70.0,29.1182,1.971
13395.5,3783.87,0.28247,192.799,1838203.2,203.218,4562.03,174.0,29.2635,1.796
10946.3,3197.95,0.29214,128.298,1520685.9,152.139,4881.56,85.0,29.14,3.401
9431.24,4023.54,0.42661,85.0835,1274191.5,162.194,3614.36,50.0,34.8052,17.512
12339.1,3235.45,0.26221,127.38,1762866.4,162.053,4695.62,76.0,29.8735,17.089
8220.35,3505.46,0.42643,78.7591,1166886.6,132.382,3407.13,41.0,37.3196,4.572
7464.66,2150.02,0.28802,70.6444,1010304.44,102.194,3360.69,73.0,37.1589,4.044
5072.83,1821.1,0.35899,36.0283,714221.0,66.4884,2189.55,11.0,43.3337,7.226
6497.71,1868.54,0.28756,71.7307,924442.0,86.3225,3177.3,19.0,37.703,1.985
4365.6,1143.04,0.26182,31.0216,611600.6,49.6553,2060.57,42.0,44.611,5.666
9237.04,2028.81,0.21963,96.1182,1249673.9,139.996,4022.48,30.0,34.0357,1.924
5963.25,1633.03,0.27384,62.8902,745854.5,88.1384,3112.1,26.0,39.2032,2.367
7127.41,2279.56,0.31983,56.2585,934751.0,108.577,2839.88,27.0,38.8219,9.597
21032.4,6777.24,0.32222,163.871,2930149.5,264.966,19086.17,126.0,27.5497,12.86
6105.67,2271.33,0.372,44.6521,856088.3,88.2603,2079.62,10.0,42.3596,11.242
9564.39,1447.67,0.15136,97.5028,1336906.6,113.809,3782.22,61.0,35.0474,19.084
21723.9,7461.9,0.34348,157.655,3041129.8,349.71,10713.65,85.0,31.8282,20.353
7393.44,2807.71,0.37975,74.6391,1070139.9,98.842,2821.74,105.0,39.4646,16.291
9813.94,2969.81,0.30261,101.079,1388373.0,136.884,4093.05,35.0,34.0259,2.868
13995.2,5305.57,0.37909,128.104,2033244.4,190.388,4885.44,122.0,28.6248,15.445
7312.33,1686.86,0.23068,87.3342,977634.94,117.059,3427.8,41.0,35.6552,2.184
7269.04,1533.47,0.21095,73.6671,1017253.06,86.0525,3005.97,27.0,36.8152,11.06
13570.6,2810.06,0.20706,171.033,1919243.1,200.006,4046.54,141.0,32.1199,1.434
9893.27,2761.1,0.27908,104.086,1359308.8,163.007,4191.82,72.0,32.9473,0.858
7602.54,2847.68,0.37456,72.5688,1037124.25,101.656,3516.91,36.0,40.6716,4.264
5493.53,1214.6,0.22109,44.2294,703109.5,66.1888,2112.31,31.0,43.1881,10.173
7434.58,2880.15,0.38739,55.348,973256.56,115.177,3284.54,49.0,37.8069,15.402
9396.12,2557.28,0.27216,101.589,1335528.5,146.879,3949.62,42.0,33.3198,1.508
16042.7,5365.68,0.33446,192.829,2165569.5,259.808,5321.88,110.0,25.2338,9.482
13587.7,4379.26,0.32229,144.498,1931520.1,200.315,5724.98,69.0,25.2662,1.55
13014.9,4746.21,0.36467,157.883,1790951.0,214.662,5073.69,145.0,27.2395,8.584
8585.11,2288.67,0.26658,98.3543,1180397.4,122.626,3369.83,112.0,33.0147,1.701
6629.97,1732.9,0.26137,76.2268,873976.44,98.7143,3437.79,77.0,37.3384,1.397
8699.65,3722.42,0.42788,73.6493,1185690.5,134.464,3230.34,41.0,36.2254,14.607
7576.97,2469.15,0.32587,76.1884,1049012.5,102.536,3755.43,36.0,36.1352,1.904
4977.21,1481.39,0.29763,57.3282,659165.75,79.1612,3212.42,25.0,40.6643,11.854
4055.85,1109.26,0.27349,36.8456,580032.6,46.6899,1802.11,11.0,44.3077,2.046
8233.18,1818.96,0.22093,73.2876,1114622.2,96.2198,3611.05,43.0,36.5693,16.118
5852.45,1248.89,0.21339,53.7561,807019.75,77.8971,2679.37,17.0,40.6986,1.05
11104.7,2883.74,0.25968,148.197,1599052.6,157.29,4113.19,130.0,32.4557,2.546
10345.1,3101.21,0.29977,105.913,1481496.1,147.101,4492.04,101.0,31.3618,5.652
15518.0,3818.01,0.24603,210.477,2155580.8,245.959,5060.76,134.0,26.5108,3.169
11430.2,4528.65,0.3962,83.9152,1584345.0,182.167,9677.57,58.0,34.733,19.66
4036.95,972.49,0.24089,31.7126,560922.9,44.7996,1844.79,31.0,43.9979,11.04
7180.74,1780.93,0.24801,86.855,1005062.4,108.856,3839.29,30.0,35.2885,1.382
6001.6,1731.09,0.28843,55.7944,820445.06,84.6195,2455.92,27.0,40.7241,12.67
10944.3,2360.71,0.2157,142.108,1536992.9,182.2,4590.26,52.0,30.0764,0.866
11140.3,2480.24,0.22263,144.942,1573884.1,181.49,4540.49,51.0,30.4558,0.886
4219.7,1303.21,0.30883,35.0986,579534.7,52.1543,1388.34,32.0,44.4609,11.449
7233.38,2560.76,0.35401,95.6511,955141.56,130.161,3278.44,81.0,38.368,2.068
18120.2,5361.66,0.29589,120.094,2575397.2,233.879,7258.71,126.0,27.4023,18.103
10895.1,3372.79,0.30956,148.148,1520751.9,209.261,3830.33,101.0,32.9144,13.393
8686.13,2102.36,0.24203,91.2556,1179000.2,86.4608,3836.61,15.0,33.8721,14.641
5869.77,1696.75,0.28906,64.4545,793976.94,94.3634,3008.51,88.0,39.7554,15.18
14715.5,5274.43,0.35842,199.339,2003513.6,257.206,4740.77,29.0,27.9358,2.732
11034.1,3447.88,0.31247,128.522,1509585.8,155.043,4915.09,69.0,29.285,3.626
9806.98,3245.99,0.33098,104.381,1324652.4,132.686,3796.22,13.0,37.7827,2.899
12443.3,4523.89,0.36356,126.541,1773273.8,184.268,4870.14,85.0,28.2905,17.947
9043.55,2548.65,0.28181,87.5029,1216833.4,123.712,3827.22,29.0,35.0089,2.035
4800.76,1602.44,0.33378,49.8062,675407.5,65.5206,2177.93,34.0,41.787,2.276
10317.3,2800.61,0.27144,105.219,1487084.1,154.253,4472.54,87.0,32.353,19.352
13705.1,5811.74,0.42405,111.744,1874285.2,202.229,4942.51,54.0,30.8403,19.027
7763.41,2263.75,0.29159,62.4946,1062184.2,106.804,3249.5,29.0,38.4935,11.759
13548.7,5210.81,0.38459,167.805,1890250.5,269.913,5351.63,196.0,27.4391,3.917
6626.38,2390.37,0.36073,78.2747,904017.7,90.5913,3267.89,60.0,38.8392,1.365
14213.9,3358.81,0.2363,195.051,1983991.5,252.291,4933.83,124.0,26.886,2.227
14745.8,4450.13,0.30178,157.043,2091619.0,224.217,5756.82,79.0,25.466,1.875
6085.11,1766.33,0.29027,57.2912,793435.0,83.2307,3056.46,41.0,39.6104,5.594
7672.41,3263.4,0.42534,76.2369,1040018.5,129.685,3771.89,65.0,34.8151,17.634
15120.0,3858.55,0.25519,186.656,2132536.2,214.143,5697.86,68.0,23.0361,1.294
8677.71,1851.65,0.21338,79.9942,1228613.4,124.795,4031.28,60.0,35.5924,12.229
8800.65,2562.39,0.29115,85.9413,1253608.0,112.105,4045.48,40.0,35.2545,3.409
23478.0,5638.62,0.24016,318.155,3222964.0,416.875,6241.71,128.0,19.7309,1.03
6760.44,2252.7,0.33321,63.3718,908343.9,102.343,3063.49,22.0,40.3556,1.062
10766.9,3971.39,0.36885,152.452,1457855.5,213.753,4759.45,80.0,29.0081,4.146
10913.8,3541.42,0.32449,112.374,1534898.4,167.446,4508.83,75.0,32.7106,3.636
9358.72,3482.29,0.37209,80.1665,1328556.1,138.001,3788.99,27.0,36.9926,3.823
8247.62,1881.43,0.22811,84.2524,1169069.6,92.9602,3943.3,16.0,35.4044,1.762
15924.3,4981.41,0.31281,219.382,2198087.2,253.21,5422.49,281.0,24.8394,2.011
6857.19,2293.52,0.33446,48.5066,883792.4,102.254,2685.86,32.0,42.9553,16.106
9461.26,2901.78,0.3067,88.2041,1357903.4,120.865,4368.22,42.0,34.7081,1.597
19564.4,5654.69,0.28902,250.879,2753420.2,288.542,5506.48,227.0,22.2161,5.197
6004.11,1792.01,0.29846,57.3082,820099.8,89.2839,3033.31,38.0,39.8181,13.038
12729.9,3707.29,0.29122,133.223,1740397.9,202.52,3791.91,203.0,33.4966,20.275
8914.22,3706.75,0.41582,48.1659,1210058.2,141.645,3948.87,60.0,35.526,13.395
7409.84,1918.51,0.25891,62.9029,1041577.3,92.5628,3094.23,99.0,38.0132,2.095
6468.51,1494.0,0.23096,57.7956,844280.25,76.4107,2727.9,44.0,39.1917,13.884
17734.3,6338.51,0.35741,263.032,2381281.0,334.164,5836.1,297.0,20.4388,3.715
5562.14,1835.72,0.33003,52.1926,764051.7,75.6565,2608.87,77.0,40.7594,12.73
12491.2,4047.87,0.32405,159.095,1744921.9,209.859,5024.51,74.0,27.2081,3.445
9731.48,2553.53,0.26239,105.937,1371705.0,157.426,3943.56,9.0,34.1555,1.45
18489.2,5202.07,0.28135,182.543,2613281.0,222.299,5694.46,56.0,22.9168,17.943
9724.45,2551.53,0.26238,102.502,1334498.1,134.706,3509.15,123.0,34.8395,1.644
6812.01,1438.9,0.21122,61.4884,972957.75,82.5369,2944.7,39.0,39.8567,17.545
5373.91,1743.08,0.32435,28.3464,722466.06,80.1053,2039.18,7.0,43.1606,15.922
11685.6,4714.03,0.4034,99.9648,1548597.4,176.824,3754.01,115.0,36.0841,20.589
8512.87,2783.36,0.32695,66.493,1179043.6,113.532,3089.73,80.0,37.5603,15.323
6064.5,2343.37,0.3864,46.0736,859820.25,92.3814,2658.4,35.0,42.04,12.05
15782.6,4650.15,0.29463,178.69,2164830.8,275.363,5431.55,101.0,25.2991,6.457
7326.66,1987.87,0.27132,73.4677,989926.8,100.299,3499.04,70.0,36.9003,2.743
8536.01,2326.65,0.27256,92.2829,1152642.4,116.619,3681.31,44.0,35.4971,2.565
22393.8,6487.52,0.2897,297.206,3111365.2,369.265,6126.28,91.0,17.3904,3.303
10778.6,2008.83,0.18637,149.406,1507577.0,166.049,4619.33,143.0,29.9512,1.613
6303.03,1995.94,0.31666,49.5534,903563.2,88.3604,3099.45,6.0,39.397,8.322
9983.68,2926.04,0.29308,79.8396,1392535.0,141.169,3164.89,82.0,34.4949,16.514
5662.92,1234.13,0.21793,50.5806,785552.2,67.1784,3279.27,59.0,40.2288,1.772
9503.09,3743.48,0.39392,91.5483,1341315.4,140.945,3663.12,80.0,34.182,16.456
8711.09,3308.94,0.37985,93.7727,1228138.6,129.882,3602.15,41.0,36.1195,4.175
10319.0,2982.83,0.28906,167.511,1441831.2,163.782,4535.68,123.0,30.3727,1.759
7518.62,2177.82,0.28965,50.5041,1017542.06,98.1907,3888.64,26.0,36.4049,14.145
6361.98,2180.17,0.34268,57.0222,911604.8,89.296,2573.32,60.0,41.573,4.497
7794.44,1875.4,0.2406,87.4289,1055992.4,119.753,3897.62,34.0,36.3065,3.73
11569.6,2089.87,0.18063,151.031,1614799.6,167.825,4661.41,154.0,29.3834,1.742
12466.0,3003.56,0.24094,151.279,1746949.5,204.283,5000.85,189.0,28.1096,1.788
8494.54,1733.16,0.20403,105.138,1172696.4,131.464,3650.57,23.0,34.1514,1.583
7920.62,2135.38,0.26959,91.3857,1125321.9,105.646,3521.65,86.0,36.7727,2.156
6399.99,3062.61,0.47853,45.3718,899799.4,104.6,2573.54,27.0,40.2152,12.796
13762.0,3443.79,0.25023,191.112,1883021.4,214.614,4583.25,178.0,29.0672,1.576
10919.5,3713.32,0.34006,103.087,1531846.4,150.008,4153.76,24.0,33.3913,7.981
12815.6,4558.64,0.35571,184.943,1699225.1,254.428,5080.36,86.0,26.6453,7.718
6293.67,1674.9,0.26612,57.9033,847362.25,74.6845,3136.11,24.0,39.5432,11.535
10616.0,2942.7,0.27719,131.148,1458985.4,153.112,4889.01,73.0,28.904,3.845
13004.3,3486.61,0.26811,155.629,1834724.2,198.959,4810.36,67.0,28.4178,2.982
13791.3,4539.75,0.32917,145.68,1924984.8,232.067,4515.13,131.0,30.382,20.056
7550.02,2361.85,0.31282,64.498,1099853.6,101.307,2903.58,48.0,38.3638,13.504
7800.94,1461.09,0.18729,71.0343,1093930.1,90.1109,3345.74,32.0,36.9205,15.251
8905.05,3576.26,0.40159,66.9816,1256930.6,125.418,5024.9,82.0,31.8887,19.291
9193.89,2883.56,0.31363,72.8773,1240189.5,126.751,3871.68,80.0,35.0929,14.154
8258.02,2446.46,0.29625,71.9518,1154042.0,116.367,3694.18,28.0,34.2754,13.046
15153.9,5416.34,0.35742,174.773,2062483.2,267.069,5660.63,93.0,27.4623,13.395
9172.54,3185.5,0.34728,106.644,1284427.4,130.839,3665.72,10.0,34.8492,2.273
8686.88,3445.0,0.39657,85.8173,1180310.4,131.329,4092.82,48.0,31.6682,16.299
10430.1,2964.53,0.28422,108.628,1471349.4,155.894,4078.74,41.0,33.4654,1.959
12021.5,3082.98,0.25645,148.842,1609283.4,162.353,4495.13,59.0,30.6379,2.38
18218.4,5657.48,0.31053,153.54,2510912.8,231.784,6411.86,150.0,24.1709,15.127
12471.7,4266.46,0.34209,168.061,1737040.4,221.099,4708.82,113.0,28.8839,4.702
8022.85,2377.95,0.29639,91.8952,1107259.1,113.145,3098.58,32.0,37.6682,1.039
5464.45,2216.51,0.40562,51.166,767709.56,78.3461,2099.84,4.0,41.8533,6.845
6043.87,1286.38,0.21284,53.7115,841014.1,77.5441,2702.19,17.0,40.8614,1.331
6036.03,2384.21,0.39499,55.1681,866556.1,99.7921,2891.5,55.0,40.0328,12.969
18695.5,5059.4,0.27062,254.656,2583542.8,299.118,5346.67,210.0,19.5746,15.134
16418.9,3705.0,0.22565,213.956,2252013.8,257.843,5260.18,154.0,24.3949,2.175
9803.46,2498.32,0.25484,103.639,1383115.5,150.047,3938.19,38.0,33.2161,1.9
15177.1,3465.02,0.2283,213.47,2086117.5,240.638,5105.4,159.0,25.4112,2.833
10880.5,1556.59,0.14306,126.583,1519460.9,159.168,4638.05,91.0,29.5738,1.628
5146.69,1304.02,0.25337,40.0033,751750.1,61.2421,2305.29,26.0,41.6257,3.02
7559.71,1985.93,0.26269,59.4386,1091469.2,101.358,2601.4,69.0,41.318,8.96
9729.2,3223.95,0.33136,106.577,1372435.2,125.292,3690.63,16.0,35.3971,2.734
8245.78,2958.16,0.35874,75.8276,1147690.4,119.365,4025.63,49.0,36.6927,4.672
9073.77,2483.39,0.27368,88.7924,1283122.5,129.121,3975.85,97.0,32.657,3.757
14447.7,4399.4,0.3045,159.205,1996339.2,210.289,5305.92,197.0,29.6754,1.586
6531.39,1631.48,0.24979,56.7905,934161.3,75.1461,3054.79,41.0,35.1771,9.783
5073.14,1191.5,0.23486,41.534,685766.6,69.0918,2497.19,50.0,42.4295,11.691
11217.1,4149.33,0.36991,110.043,1648413.9,175.189,4442.5,109.0,29.5339,15.133
4480.5,1017.8,0.22716,42.1074,620830.94,51.2792,2460.97,48.0,40.9532,3.365
10025.1,3691.59,0.36823,115.36,1391166.1,166.45,4166.05,111.0,32.5744,0.0
18108.8,6476.64,0.35765,183.494,2451778.0,269.691,5754.19,108.0,22.122,6.404
6637.8,2510.91,0.37827,80.8532,908664.6,94.9262,3166.87,65.0,38.4511,2.291
6239.95,2441.39,0.39125,46.4718,890175.06,80.9476,2676.53,26.0,39.9798,13.35
9277.87,2889.01,0.31138,102.364,1310997.1,135.509,3593.02,11.0,35.6146,2.425
6659.17,2644.99,0.39719,63.0637,864868.25,107.259,3033.79,55.0,39.2781,13.684
5662.59,1078.1,0.19038,53.798,788614.4,60.1345,2979.84,24.0,39.7658,3.813
10306.0,2707.3,0.26269,124.338,1429312.0,165.754,4639.81,75.0,29.9264,1.699
9894.76,2180.54,0.22037,110.595,1394932.2,125.484,3799.45,58.0,35.2471,4.916
5834.22,1876.58,0.32165,54.9828,799996.2,80.794,3203.05,12.0,39.4636,7.851
8914.8,3216.86,0.36084,70.1676,1235331.9,122.669,3501.28,51.0,37.0324,13.582
8766.29,2347.15,0.26774,90.4831,1240936.2,129.803,4057.88,163.0,33.9447,1.364
12598.3,3362.5,0.2669,172.496,1744211.5,200.439,4834.74,62.0,27.1009,2.711
8092.55,2690.73,0.33249,67.6776,1103041.8,108.716,3457.7,43.0,37.5605,1.737
9123.7,2345.05,0.25702,85.0867,1260237.6,119.647,4282.35,46.0,33.72,2.092
11538.7,3445.0,0.29856,133.81,1596114.9,170.411,4869.11,73.0,29.2645,3.725
10966.5,2856.06,0.26043,138.289,1516678.1,161.89,4384.98,92.0,31.3233,2.12
9051.56,3010.25,0.33256,91.4915,1191071.8,133.774,3792.8,50.0,35.8978,1.223
22248.2,7330.33,0.32947,192.634,3156027.2,348.311,16940.47,91.0,23.3024,2.56
14707.8,6290.58,0.4277,186.743,2139594.0,290.082,4980.75,116.0,26.5868,6.141
16165.3,5525.41,0.3418,180.404,2231781.5,261.94,5530.15,206.0,26.7344,3.084
14759.8,5006.88,0.33922,177.253,2067400.8,261.696,5311.69,161.0,24.3676,1.484
6841.79,2377.19,0.34745,54.5016,958400.56,105.688,3141.99,11.0,38.7775,14.01
9187.8,2222.98,0.24194,101.276,1291596.6,158.336,3821.94,12.0,34.3632,0.541
18678.6,6640.19,0.35549,196.437,2550443.8,293.427,5919.18,195.0,24.9351,20.347
9654.6,2230.74,0.23105,88.2039,1363773.1,110.283,4664.43,35.0,32.828,4.537
12057.7,3531.77,0.2929,135.499,1640462.9,177.4,4439.88,88.0,31.3872,2.917
9875.53,2493.19,0.25246,95.9164,1395733.5,117.508,4112.59,102.0,33.2199,4.37
15504.1,3570.27,0.23027,200.383,2146448.2,264.255,5101.84,142.0,24.9394,2.035
6514.13,1825.99,0.28031,67.6191,867319.06,84.6389,3015.94,25.0,38.9086,1.798
8168.32,2103.36,0.2575,73.7491,1130304.9,104.359,3645.21,44.0,36.0933,5.888
17531.5,6209.28,0.35417,193.563,2366916.5,297.506,6154.14,185.0,22.0051,19.255
11479.4,2322.81,0.20234,160.11,1625952.5,177.185,4597.97,46.0,30.0204,1.013
10328.7,4489.89,0.4347,92.0565,1445622.8,179.718,3898.54,48.0,35.6161,17.41
6557.28,1783.86,0.27204,51.7361,940702.5,85.2561,3001.91,54.0,40.4735,4.302
19340.0,7027.58,0.36337,240.905,2680820.5,318.923,5842.31,129.0,20.2816,5.108
9528.23,2048.08,0.21494,101.376,1323914.1,136.092,3707.15,27.0,33.7825,1.55
11354.2,4651.79,0.40969,86.3956,1572831.8,171.241,4061.27,94.0,33.1822,6.461
7745.07,3684.2,0.47568,50.2546,1073334.8,135.271,3677.26,51.0,36.4204,16.288
14292.8,5102.78,0.35701,186.689,1943041.0,262.492,4660.57,26.0,28.6882,2.669
8745.52,2821.89,0.32266,88.69,1246185.4,124.087,3435.19,41.0,35.3529,3.978
9065.28,2740.66,0.30232,89.8593,1279601.4,120.086,3430.51,41.0,37.3256,13.247
3870.42,945.39,0.24426,34.4015,548829.25,43.5762,1780.32,12.0,42.7303,3.732
9235.87,3322.19,0.3597,78.6592,1330402.2,119.986,3165.21,27.0,36.0211,12.829
8092.88,3155.95,0.38996,57.4185,1034436.8,149.052,3391.82,11.0,39.8174,16.048
16510.9,4260.46,0.25803,217.835,2200851.8,297.912,5903.66,84.0,21.7797,0.0
7977.7,2798.55,0.35079,67.8113,1126338.2,105.991,4774.71,75.0,39.8537,10.832
15495.3,4533.59,0.29257,177.163,2137955.8,209.359,5141.7,203.0,28.8979,1.897
7342.91,2650.87,0.36101,62.5692,1023839.06,104.05,3914.21,71.0,38.1257,14.993
13688.5,2437.99,0.1781,170.5,1916624.6,219.505,4810.11,77.0,27.8764,3.333
3945.62,1090.64,0.27641,34.3071,562995.0,47.9543,1773.3,12.0,43.3287,1.854
5953.8,1073.06,0.18023,51.7264,823124.56,67.9914,3034.62,24.0,40.1517,3.972
6004.38,1363.54,0.22709,54.0837,843657.25,81.9288,2987.68,24.0,39.7117,10.128
6940.68,3136.95,0.45196,62.9224,981649.94,100.479,2552.2,78.0,39.8023,11.606
21218.6,7438.94,0.35058,196.783,2822427.2,299.913,5649.48,154.0,22.5436,18.407
17376.1,7413.51,0.42664,132.863,2478654.5,242.661,7163.23,124.0,27.7533,19.748
14074.1,3683.84,0.26174,110.495,1983154.2,144.8,5038.78,153.0,28.6339,14.229
15038.3,2997.81,0.19934,195.062,2075770.5,246.25,5103.06,178.0,25.4208,2.0
14007.3,4803.88,0.34295,160.311,1939245.6,213.816,5013.62,89.0,27.433,5.397
5676.68,1566.39,0.27593,55.8984,783034.44,77.3727,2532.45,41.0,40.4705,14.611
5498.04,1001.55,0.18216,62.3785,739896.94,73.7012,3155.04,53.0,39.476,3.425
8091.01,2931.36,0.36229,77.9673,1112843.1,123.728,3356.96,19.0,37.0989,14.756
11049.3,2907.18,0.2631,150.046,1570061.5,154.422,4094.75,136.0,31.6278,2.821
12387.1,2937.51,0.23714,144.242,1711878.2,175.199,4428.66,14.0,30.7397,1.771
10683.6,3624.63,0.33927,125.791,1445060.5,167.962,4068.11,43.0,33.0734,1.644
4418.84,914.62,0.20698,45.3416,593875.06,64.9622,2641.77,14.0,43.5665,2.467
7700.91,3310.53,0.42988,65.3183,1022325.3,120.72,3530.42,95.0,39.3084,17.687
8769.27,2263.3,0.25809,85.87,1261064.4,117.41,4056.82,8.0,33.8846,1.787
11546.2,3242.8,0.28085,120.685,1585833.6,147.595,5151.99,65.0,28.9459,13.964
7380.17,2512.0,0.34037,61.4496,1060899.4,98.9115,3758.83,54.0,36.9962,12.258
4090.95,1089.53,0.26632,32.8845,573186.25,45.055,2108.98,41.0,43.9407,6.233
14926.6,5243.5,0.35128,136.926,2086963.2,222.582,5147.24,46.0,30.1931,3.021
9436.99,4498.36,0.47667,87.9869,1314080.5,155.815,4314.77,94.0,32.481,3.476
11792.0,4113.57,0.34884,118.485,1654278.6,178.305,4549.77,77.0,33.09,4.318
4442.87,1385.53,0.31185,41.4677,604094.4,63.235,1459.56,7.0,44.2817,10.224
9414.3,4134.7,0.43919,88.5639,1360718.0,138.442,3694.86,81.0,35.7178,14.853
14136.5,6152.87,0.43524,168.233,2004976.1,253.188,4935.16,137.0,27.2459,14.869
6200.37,964.13,0.15549,48.5753,872167.9,73.7748,2752.88,1.0,40.5178,0.554
8932.83,2230.57,0.2497,91.1265,1236723.1,117.331,3791.88,42.0,35.2883,2.76
9319.47,3197.05,0.34305,101.654,1319420.2,140.482,3598.29,25.0,35.5137,2.868
12782.9,3673.28,0.28735,155.657,1796812.1,190.74,4745.77,78.0,29.0838,2.408
7707.35,3027.33,0.39278,61.366,1021943.6,123.381,2725.29,57.0,40.4631,13.612
11147.5,3457.11,0.31012,132.397,1520071.0,144.258,4929.89,78.0,28.9493,3.493
11316.7,3053.25,0.2698,118.705,1589946.0,130.97,4186.06,139.0,31.7224,16.181
10553.0,3184.68,0.30177,102.184,1473822.4,154.449,4598.46,45.0,35.6587,5.259
8186.63,1872.04,0.22867,62.5097,1166303.8,90.1289,3080.72,49.0,38.739,17.203
7840.35,3109.27,0.39657,89.2262,1038317.4,121.873,3496.63,31.0,37.6022,13.908
8823.37,2264.66,0.25666,75.3805,1178821.0,119.452,3448.56,40.0,38.3936,16.555
11850.9,2837.26,0.23941,148.885,1615402.4,175.391,4450.58,19.0,30.3571,2.258
7137.27,2104.61,0.29487,66.1992,983116.94,89.1792,3020.04,52.0,39.8213,2.843
5740.54,1581.66,0.27552,46.169,803999.0,71.0704,2924.77,14.0,40.8162,2.348
16078.0,5627.8,0.35003,235.774,2194367.8,259.665,5417.1,134.0,23.7977,1.921
18247.3,5709.04,0.31287,247.522,2508180.5,289.416,5139.87,275.0,25.4463,0.0
8832.94,3720.84,0.42124,78.6125,1203643.9,137.287,3870.99,24.0,35.8709,12.127
13347.5,4003.9,0.29997,137.503,1864707.2,174.883,4259.63,31.0,31.7202,3.148
9962.92,2454.37,0.24635,97.9504,1389824.9,117.612,3594.93,35.0,34.6108,16.153
4121.1,1096.93,0.26617,46.2206,569081.06,53.8602,2101.72,20.0,43.2539,1.694
5443.28,2262.47,0.41564,51.3503,779148.44,81.8752,2322.23,92.0,41.407,11.668
7548.11,2602.02,0.34472,78.0297,1055641.8,99.9275,3775.56,33.0,36.2187,2.234
11876.5,3327.95,0.28021,111.989,1676009.0,152.417,4640.77,171.0,30.8387,16.065
7418.77,2521.41,0.33986,55.7752,1073821.2,99.8043,4881.49,8.0,37.3896,14.423
15111.1,5766.27,0.38159,202.639,2007275.4,261.898,5141.23,68.0,27.0233,6.585
27657.0,11182.1,0.40431,273.678,3873500.0,392.932,6174.64,206.0,23.8144,19.957
10051.3,4103.99,0.4083,98.5826,1401570.0,180.772,4324.04,67.0,35.3611,15.294
5602.66,875.64,0.15629,51.4824,792713.75,67.3872,2569.42,1.0,42.2275,1.558
8299.63,3344.14,0.40292,90.512,1171806.2,118.13,3576.68,13.0,37.2973,14.232
5401.07,2055.42,0.38055,50.1545,771312.06,99.196,2311.29,66.0,41.8417,15.232
6060.72,1215.62,0.20057,55.9291,831739.44,77.61,2815.19,17.0,40.2408,0.957
6988.39,1862.25,0.26647,41.4491,955848.5,109.735,3544.68,27.0,38.7507,14.403
7090.66,1560.27,0.22004,62.6473,981861.56,76.696,3011.07,67.0,38.1255,15.925
7091.16,2363.57,0.33331,79.3873,971434.3,109.456,3844.0,95.0,36.4409,15.287
5412.32,2206.13,0.40761,34.6098,765771.7,75.0075,2602.63,35.0,44.8896,3.574
6140.68,2088.96,0.34018,65.0112,824084.5,91.4673,3489.95,34.0,37.9225,8.54
14108.4,3832.37,0.27163,202.782,1930199.4,207.095,4582.09,164.0,29.041,1.972
15438.1,5036.67,0.32624,213.292,2149437.0,247.007,5349.11,284.0,24.6224,1.589
6287.85,1716.56,0.27299,66.2943,895467.06,80.4913,3096.08,11.0,38.9311,1.807
7032.46,2327.28,0.33093,59.9586,974654.75,105.844,3749.76,72.0,46.5464,1.76
7270.79,2407.01,0.33105,70.5548,987065.1,110.917,3377.57,80.0,36.9969,4.19
9442.18,2696.96,0.28562,81.7235,1305429.5,124.613,3693.92,3.0,35.2588,12.253
10438.1,3836.72,0.36756,112.676,1501508.0,170.078,4361.42,83.0,32.064,4.457
9973.45,2827.97,0.28354,89.5671,1397174.8,116.759,3651.81,33.0,36.3175,13.074
6052.11,1611.16,0.26621,51.6354,790586.44,97.1919,3611.37,16.0,39.99,1.839
9401.74,2906.96,0.30919,105.55,1306836.6,140.246,4331.75,81.0,32.1636,19.472
8152.13,2298.58,0.28196,68.9155,1143210.5,100.542,3124.01,51.0,38.6602,16.064
11701.4,3225.82,0.27567,110.633,1628744.5,156.44,4493.47,88.0,28.8848,18.243
10574.9,3507.29,0.33166,115.862,1511979.1,133.032,3975.01,65.0,34.3697,2.011
10856.1,3650.37,0.33625,71.4315,1489485.6,162.462,4429.77,90.0,33.4626,18.453
7118.98,1846.9,0.25943,58.24,1009250.3,82.4913,2365.22,73.0,40.3323,11.48
18180.8,6172.93,0.33953,198.591,2478457.8,273.51,5639.45,95.0,24.1192,8.519
5777.68,1221.01,0.21133,63.0721,786666.9,83.3885,2939.42,47.0,31.3451,6.994
6092.64,1713.8,0.28129,53.7129,852409.7,75.9776,3229.48,52.0,39.8182,2.322
6215.56,1470.16,0.23652,68.4036,863723.0,75.418,2861.81,76.0,38.9744,7.062
8795.46,2209.77,0.25123,96.6399,1235292.6,125.905,3230.97,4.0,36.9579,0.438
6792.65,2668.33,0.39282,56.9178,934109.5,103.324,3723.01,23.0,38.9779,9.734
13799.5,4058.47,0.2941,148.033,1889748.6,207.323,3900.34,128.0,32.6903,20.061
9696.82,2078.97,0.21439,93.6813,1355149.4,135.93,3671.22,13.0,33.9234,2.113
14340.3,4898.64,0.34159,194.927,1862101.6,247.82,5211.1,80.0,26.8027,5.904
10603.4,4152.49,0.39161,160.851,1425370.5,257.276,4249.63,129.0,26.3132,10.783
7299.67,1845.2,0.25277,53.3156,1028218.9,71.2039,3636.97,20.0,37.8128,9.543
9636.6,2374.97,0.24645,93.3463,1359023.2,125.935,4180.98,45.0,33.8209,3.598
8242.98,2948.59,0.3577,84.1313,1125315.5,113.51,3528.89,57.0,37.7072,15.802
5985.8,1515.57,0.25319,42.3021,834535.25,81.5455,3354.37,30.0,39.4366,3.306
11582.0,2121.53,0.18317,148.522,1639259.9,167.411,4628.02,146.0,29.8554,1.78
16461.5,5722.5,0.34762,195.999,2350350.0,248.45,4735.95,63.0,27.7648,9.438
15997.1,4234.77,0.26472,251.028,2196367.0,255.068,4825.49,278.0,27.3417,3.968
8015.19,2255.89,0.28145,83.1462,1135139.8,113.958,3859.99,70.0,34.7005,4.508
6076.02,1813.24,0.29842,57.1848,863581.94,74.5822,2495.01,66.0,41.7516,8.872
7698.09,2743.05,0.35632,60.4927,1095961.4,100.143,4134.04,58.0,37.0832,12.249
6119.58,1938.26,0.31673,72.8264,849210.5,90.5416,3048.24,36.0,40.2021,1.629
3666.41,836.97,0.22828,32.8318,514128.1,42.451,1841.77,46.0,45.3038,4.573
10654.9,3210.54,0.30132,118.684,1480779.8,182.712,4181.86,68.0,33.0089,1.306
7907.0,3202.86,0.40506,75.3822,1113488.4,129.228,3231.34,40.0,38.1099,3.405
6328.39,2278.71,0.36007,48.6768,887339.8,84.0401,2578.64,19.0,40.843,12.315
11221.8,4221.72,0.3762,88.7668,1502168.2,150.765,5850.77,27.0,36.7538,15.23
5780.57,1261.9,0.2183,46.2582,734687.25,71.9851,2103.26,33.0,43.5038,9.984
6437.35,1735.73,0.26963,64.3998,822008.56,96.5833,3135.87,21.0,38.9995,5.554
9465.28,3017.2,0.31876,74.5875,1332420.0,121.595,3741.08,53.0,37.4545,18.137
6234.36,1642.86,0.26351,54.0029,885162.94,84.0334,3015.42,40.0,39.3597,13.6
10865.9,3946.65,0.36321,109.62,1482587.9,150.403,4539.25,81.0,32.7215,17.766
8814.76,3525.23,0.39992,79.8694,1223443.2,133.474,3525.22,56.0,36.9175,10.903
5708.59,1916.74,0.33576,62.4376,742973.8,91.2583,2714.1,5.0,40.3121,14.491
17904.0,5077.61,0.2836,220.294,2500815.5,283.619,5754.66,200.0,21.8699,1.993
7641.99,2286.65,0.29922,61.7653,1049288.1,98.1108,3346.0,47.0,38.36,7.434
6455.91,2289.36,0.35461,59.5162,886702.06,86.6325,2741.39,47.0,40.2761,2.938
14489.8,5690.06,0.39269,188.382,1890957.5,261.601,5168.25,64.0,24.5252,5.565
5884.7,1146.06,0.19475,59.1233,807018.9,70.9765,2703.11,25.0,40.4416,3.714
12503.0,2704.23,0.21628,130.242,1743303.9,152.62,4471.86,49.0,30.7146,2.316
9088.58,3665.62,0.40332,85.1943,1248616.0,131.744,3940.55,38.0,35.1896,13.365
11183.0,2492.78,0.2229,146.576,1562088.8,178.02,4028.96,68.0,32.664,1.757
10082.8,4157.29,0.41231,92.095,1417219.1,137.411,3928.21,38.0,35.5485,10.414
6724.13,1629.29,0.2423,69.1973,881852.1,100.861,3525.34,68.0,37.8986,1.386
6139.22,1735.85,0.28274,69.0743,873409.0,81.2878,3056.19,15.0,38.64,1.966
7356.74,2405.33,0.32695,71.8333,995026.9,104.455,3394.06,96.0,36.0429,4.622
19300.2,6293.67,0.32609,217.233,2680189.0,288.696,5958.61,117.0,21.4676,20.544
19478.6,5153.36,0.26456,177.079,2727094.0,235.82,5924.46,242.0,24.0776,14.506
4529.77,1071.26,0.23649,37.1363,638080.44,51.1028,1851.49,46.0,43.8599,9.837
7010.57,2757.7,0.39336,40.4949,973073.3,87.6915,3280.26,60.0,38.3923,5.769
12841.5,4358.08,0.33937,155.241,1817646.2,175.447,5171.69,29.0,27.4083,4.623
7397.6,1953.6,0.26408,80.9651,1045379.2,99.9835,3791.54,44.0,35.7459,2.432
8331.98,2938.85,0.35271,73.5332,1139331.1,112.123,4296.98,107.0,36.3784,11.111
4405.93,1578.24,0.3582,42.5258,607216.6,57.9409,1812.87,33.0,44.2817,12.522
5964.19,1571.32,0.26345,56.1895,855078.25,85.1659,2819.84,5.0,40.2651,12.786
5959.11,766.44,0.12861,49.1164,843530.5,70.9011,2713.48,1.0,42.0082,0.682
4991.43,1970.54,0.39478,46.4704,715236.94,73.3477,2526.24,57.0,42.3761,11.738
7832.22,2532.07,0.32328,73.8161,1065778.5,100.385,3473.5,89.0,36.9588,11.857
12041.9,3149.09,0.26151,146.727,1717191.2,171.986,4693.89,27.0,28.4254,1.613
9609.56,3208.94,0.33393,71.7172,1351412.6,127.805,3774.01,37.0,36.3047,7.044
11201.0,4441.79,0.39655,91.827,1533058.8,147.466,4641.98,41.0,34.1758,19.323
8361.68,2166.17,0.25905,83.8265,1193030.5,113.674,4032.57,85.0,35.047,1.671
14170.5,3520.75,0.24845,186.407,1937925.8,214.666,4581.39,179.0,28.9962,1.697
11199.0,4207.62,0.37571,92.7453,1560642.6,150.704,4303.54,120.0,32.129,13.371
11644.8,5016.22,0.43076,97.5449,1642012.4,166.84,6131.66,34.0,32.77,12.684
8915.9,3019.9,0.3387,67.5083,1259991.0,131.161,3384.96,65.0,38.0898,18.74
16079.5,5807.81,0.36119,180.963,2250300.0,272.178,5617.59,149.0,23.8631,2.732
7271.0,2470.08,0.33971,64.6997,977154.0,105.564,3103.58,17.0,40.2109,1.892
9095.39,2794.96,0.30729,99.1011,1259582.8,124.917,4215.22,112.0,31.3529,3.968
6373.32,1838.88,0.28852,65.805,883360.9,80.6377,2856.42,45.0,40.4625,2.083
10779.5,4363.03,0.40475,97.3645,1517676.0,156.702,4166.19,48.0,36.5452,15.843
4159.86,1287.76,0.30956,40.9421,562557.75,59.313,1444.14,16.0,43.3632,8.556
3783.31,1235.08,0.32645,34.3801,518643.94,50.7619,1350.91,29.0,44.6211,11.553
13337.1,3593.03,0.2694,113.678,1933728.2,156.277,4700.01,86.0,29.884,18.108
8230.33,1882.44,0.22871,70.2324,1168785.5,94.4312,3218.81,31.0,35.4404,9.988
7204.63,1859.68,0.25812,67.0963,989026.44,84.4046,3172.49,94.0,37.9547,2.778
13261.1,4065.58,0.30657,157.347,1857691.4,212.506,4812.64,99.0,28.3754,3.868
9451.49,2386.94,0.25254,113.197,1323091.9,139.807,4180.09,73.0,33.8892,2.799
8337.57,2307.75,0.27678,64.6703,1114180.1,107.997,4216.33,38.0,34.4601,16.433
8946.25,2600.19,0.29064,75.657,1241334.8,112.681,4149.97,61.0,34.5376,2.527
10187.3,2986.9,0.29319,110.048,1438866.5,118.5,3831.12,51.0,34.8939,2.041
5350.43,1663.83,0.31097,46.7166,743845.4,81.4021,2320.37,75.0,42.0253,13.289
16882.3,5107.13,0.30251,177.511,2355514.2,239.889,5941.62,96.0,21.5738,7.197
10109.0,3859.4,0.38177,93.1354,1442341.0,149.16,3809.53,25.0,35.5416,3.888
9561.01,3020.01,0.31586,68.6305,1383146.6,123.749,3242.74,50.0,37.5032,16.043
12324.9,3069.56,0.24905,127.591,1727131.2,168.227,4564.36,68.0,29.8853,2.758
8381.42,2134.23,0.25463,83.4381,1201942.4,114.947,4078.15,103.0,34.7909,1.411
15039.1,5495.93,0.36544,164.209,2146959.2,220.038,6165.5,148.0,27.2255,15.749
10822.1,2642.23,0.24415,63.4077,1538191.9,115.535,4196.1,57.0,33.7047,18.68
7246.47,2568.89,0.3545,66.1618,984903.75,115.117,2878.34,87.0,39.2766,13.258
7363.17,1913.5,0.25987,61.1006,1063761.6,99.4046,2865.71,37.0,37.5226,16.523
4090.56,1390.8,0.34,36.7451,578071.25,47.2356,1417.98,39.0,44.2824,15.997
4000.26,1087.13,0.27176,33.732,569494.4,46.039,1773.46,12.0,44.4892,1.73
11084.3,3556.66,0.32087,96.5825,1555544.6,157.288,4496.26,27.0,33.2669,8.246
8404.13,1848.65,0.21996,89.7506,1178095.2,124.571,3861.75,44.0,35.5025,4.406
9402.3,4334.9,0.46104,112.477,1240133.2,166.278,3599.81,129.0,36.7667,17.653
4150.24,1398.21,0.33689,35.8028,569573.4,51.7869,1455.32,17.0,44.3057,1.521
9492.02,4264.1,0.44922,93.0933,1380680.9,139.522,3962.0,43.0,35.326,12.431
16639.6,5119.79,0.30768,205.806,2186414.0,258.502,6027.02,248.0,22.2647,2.415
13818.4,4530.58,0.32786,156.81,1981214.6,215.123,5724.07,89.0,24.8409,1.873
6124.28,1351.59,0.22069,59.184,844800.6,73.9579,2836.48,20.0,40.1622,1.519
7154.75,2249.34,0.31438,74.1478,971603.7,106.326,3225.67,32.0,35.9902,13.834
4561.7,1208.22,0.26486,43.7772,635473.5,61.1173,2051.06,20.0,42.653,11.595
8754.23,3321.04,0.37936,79.5388,1211276.8,129.715,3800.4,65.0,35.169,15.464
6149.62,1822.1,0.29629,69.2853,834080.06,101.608,3083.53,68.0,36.6297,9.29
14312.5,3970.97,0.27744,169.402,1961094.2,241.199,4793.54,31.0,29.1812,2.691
8937.64,3371.58,0.37723,98.3608,1237478.0,135.942,3265.27,38.0,35.7785,14.115
4100.01,1600.83,0.39044,26.8857,566835.25,52.6697,2317.73,6.0,45.7472,14.319
8352.67,2228.65,0.26681,84.0696,1194491.9,114.882,3302.66,6.0,37.8971,2.441
7725.18,1875.51,0.24277,80.2448,1079308.8,106.561,3888.96,21.0,35.2947,1.49
7921.08,1878.44,0.23714,64.0306,1145148.1,78.3652,2615.4,42.0,39.8982,6.364
7382.62,2778.49,0.37635,64.3167,1077416.9,100.471,3243.98,30.0,38.836,1.256
7697.78,1987.5,0.25819,74.8104,1040511.7,111.831,3126.43,79.0,38.8057,2.727
18355.3,7451.43,0.40595,188.449,2567685.0,280.531,5407.67,131.0,25.5754,19.213
9148.61,3835.3,0.41922,84.5002,1266292.6,134.007,5033.19,49.0,36.8822,15.644
9890.51,3803.45,0.38455,118.862,1361582.9,183.816,3792.53,30.0,32.8718,3.484
6832.03,1804.12,0.26406,89.4299,936938.7,99.496,3709.5,112.0,34.4955,3.414
5176.31,1874.67,0.36216,39.942,704142.2,69.0069,2714.11,36.0,41.7908,10.646
8382.21,2720.52,0.32455,65.3726,1147199.1,103.566,3156.74,67.0,37.6196,17.177
20330.7,6121.41,0.30109,252.485,2833550.0,327.825,5810.43,215.0,24.375,7.643
6253.69,925.75,0.14803,56.7718,887562.9,73.6102,2548.22,44.0,41.1036,8.851
8901.76,2550.33,0.28649,85.906,1261663.1,121.709,3810.25,3.0,34.6747,1.438
5803.02,1332.85,0.22968,68.6451,802472.44,78.2837,2767.3,71.0,39.5686,9.062
9542.29,2385.81,0.25002,107.842,1360560.5,142.61,3897.07,43.0,33.5118,2.277
7462.04,2475.09,0.33169,54.7939,1077163.1,100.723,3282.23,6.0,38.9591,16.201
12070.8,3208.54,0.26581,155.957,1724095.0,166.958,4689.23,30.0,29.1386,1.822
6687.54,2173.03,0.32493,61.0059,872043.25,100.851,2767.52,5.0,39.6535,11.212
15717.1,5549.85,0.3531,102.4,2176984.5,217.108,5079.25,24.0,29.026,13.46
5969.1,1836.09,0.30759,54.0898,859137.1,78.3624,2437.87,67.0,42.0676,5.681
9627.05,1811.93,0.18821,103.88,1373964.0,130.815,4196.33,44.0,34.1933,0.963
5637.99,1251.57,0.22198,57.0232,774361.75,76.0076,2703.52,19.0,39.9554,1.216
11352.3,2961.46,0.26086,133.441,1563833.9,159.092,4501.49,90.0,31.2556,1.892
8961.55,2608.99,0.29113,92.5677,1236469.5,123.497,3825.02,28.0,35.3555,3.471
5984.92,1463.04,0.24445,68.0346,850316.94,74.8282,2792.86,66.0,39.6834,18.469
10198.1,3531.4,0.34628,95.1401,1400280.8,122.163,4939.87,29.0,34.8629,9.952
7099.02,1797.95,0.25326,67.5762,996078.56,88.5846,3627.29,31.0,38.1192,1.87
7099.59,2283.63,0.32165,66.2549,1014073.44,99.9528,3204.35,7.0,37.8414,15.0
15692.2,4256.42,0.27124,200.301,2137448.2,246.197,5132.7,86.0,25.4522,5.395
12926.1,3217.61,0.24892,159.948,1802047.8,201.676,5077.45,192.0,28.0478,1.823
22665.4,6433.43,0.28384,310.588,3127046.8,351.271,6331.23,104.0,17.7673,3.62
7973.45,2909.44,0.36489,86.2231,1135365.0,122.395,3077.29,14.0,35.3884,6.263
9585.36,2920.7,0.3047,94.8458,1297061.5,130.484,4496.6,36.0,33.3926,13.183
6455.23,1769.01,0.27404,54.9705,845997.0,88.3432,3267.04,52.0,38.1321,14.575
9047.86,3019.55,0.33373,72.6017,1274662.8,116.71,3632.52,44.0,36.6365,14.025
18553.8,7562.74,0.40761,183.48,2573590.0,270.595,5519.79,166.0,26.293,17.713
13554.1,3963.33,0.2924,144.626,1815170.8,201.769,4781.6,56.0,30.88,2.249
10663.4,3409.83,0.31976,129.473,1459961.6,158.549,4740.22,73.0,29.9868,5.092
7686.26,3256.67,0.4237,79.1115,1071605.8,115.681,3338.11,59.0,35.8078,3.147
9633.9,3577.61,0.37135,79.4647,1317080.9,150.127,4156.75,44.0,37.0465,18.16
11038.7,2472.86,0.22401,123.337,1495250.9,155.299,3674.78,16.0,34.7656,2.141
10573.8,4769.79,0.45109,135.52,1440641.5,202.474,4352.36,102.0,32.1913,14.414
17000.7,7001.52,0.41183,189.675,2260351.0,301.612,5602.79,189.0,22.4935,20.349
8312.74,2196.12,0.26418,91.8154,1173272.1,115.508,3544.24,93.0,36.9074,1.932
21097.4,6114.75,0.28983,245.435,2918598.5,313.733,5587.57,88.0,22.9958,3.357
7094.9,2401.74,0.33851,79.7152,970462.6,98.1634,3678.15,34.0,36.1434,1.99
8131.87,2452.54,0.30159,86.6092,1152667.5,122.459,3561.87,86.0,36.8296,2.11
4848.38,1194.1,0.24628,47.4953,688088.5,62.4588,2546.37,47.0,41.9304,11.05
14102.6,4382.27,0.31074,192.822,1966745.0,223.312,5553.06,130.0,24.369,4.093
7385.12,1847.48,0.25016,85.1323,1032902.56,103.095,3858.98,23.0,35.9714,1.322
8973.75,2514.03,0.28015,102.126,1230894.4,119.136,3848.33,24.0,33.0969,2.403
17563.3,5112.58,0.29109,175.042,2477711.5,221.183,5626.54,65.0,32.0342,17.063
8469.72,2417.47,0.28542,67.7221,1135887.4,110.543,4071.7,38.0,38.8385,17.409
15704.1,5074.55,0.32313,238.355,2153348.0,266.929,5480.08,130.0,23.3503,1.884
8716.96,1778.6,0.20403,98.7821,1234610.0,126.939,3794.87,47.0,34.9677,2.644
18874.1,4984.86,0.26411,201.549,2699002.5,277.134,5556.04,234.0,22.749,5.868
5492.82,1520.79,0.27686,35.232,730791.25,82.8819,2796.87,60.0,41.2128,13.136
8229.55,2713.57,0.32973,78.8797,1142759.2,110.343,3755.76,25.0,35.2108,2.898
8134.42,2313.99,0.28446,74.4476,1148613.2,106.883,4054.45,16.0,36.0973,5.752
11800.0,3931.43,0.33317,107.952,1701622.6,162.641,5341.22,68.0,26.6402,20.753
3977.65,706.23,0.17754,34.8021,557437.56,44.4667,1663.72,13.0,44.8739,5.014
9246.15,2733.37,0.29562,91.0964,1301908.2,115.594,4536.89,49.0,33.3815,1.977
5439.77,1083.43,0.19916,51.4387,756193.25,71.8451,2522.1,57.0,41.5594,11.759
9602.04,2212.69,0.23043,97.817,1358388.2,124.639,3592.66,118.0,36.3506,2.601
3885.4,999.15,0.25715,34.8223,553613.3,46.8853,1777.35,13.0,44.342,1.912
6554.74,1587.01,0.24211,65.5898,948867.8,89.457,2772.59,80.0,40.3043,19.024
8310.46,2269.22,0.27305,82.9546,1172566.6,111.388,4067.47,37.0,34.4183,2.814
5351.21,1266.66,0.2367,46.5607,751919.25,66.0844,2828.29,13.0,41.2699,2.789
10176.7,3220.88,0.31649,126.031,1362668.5,169.676,4020.46,37.0,33.5715,1.52
19538.9,7766.61,0.39749,238.545,2649817.5,354.609,5171.63,154.0,25.4474,7.806
7783.38,3254.06,0.41807,82.6177,1092540.9,125.846,3349.05,36.0,37.5857,2.43
8894.72,2227.74,0.25045,99.1291,1253539.1,126.71,3205.69,5.0,36.9645,0.616
7187.27,1423.61,0.19807,62.1252,1051105.9,92.8086,2353.23,64.0,41.6527,12.275
8464.77,3828.64,0.4523,95.8491,1207356.2,135.198,3178.97,67.0,29.7794,15.252
5851.58,1477.41,0.25248,60.2705,773321.6,81.8869,3212.58,65.0,36.8171,4.313
11213.1,3848.83,0.34324,120.726,1521214.2,197.59,3887.11,88.0,33.6447,9.393
19239.5,4128.11,0.21456,224.701,2694650.0,285.137,5488.78,155.0,24.0601,2.661
9222.15,2591.06,0.28096,92.5703,1292534.8,126.459,3960.29,28.0,34.3365,3.069
5355.51,1951.68,0.36442,49.475,770551.2,81.5372,2352.21,79.0,41.7992,7.704
8798.85,2680.5,0.30464,100.771,1235146.0,140.826,4181.7,82.0,33.4164,17.618
11354.8,3033.18,0.26712,136.449,1562584.0,161.865,4488.31,92.0,31.3209,1.97
11508.6,2989.05,0.25972,100.615,1680287.9,131.297,4550.28,78.0,30.4086,16.518
11360.2,2231.53,0.19643,140.547,1579822.6,168.208,4632.68,151.0,29.7818,2.074
7246.49,2352.58,0.32465,66.9307,983345.2,101.386,3331.76,51.0,38.3581,13.463
13125.9,3675.36,0.28,153.914,1852643.5,204.573,4804.74,65.0,28.0223,3.047
9065.01,3052.22,0.3367,67.3015,1270398.2,112.979,3479.26,47.0,36.3822,14.884
6187.86,2648.92,0.42808,58.5526,883680.2,98.5323,2991.98,50.0,40.3718,15.719
7034.22,2252.84,0.32026,63.4024,951025.3,101.117,3145.77,26.0,39.7262,1.713
9653.77,3072.41,0.31826,86.551,1368414.1,139.559,3483.66,15.0,35.5465,3.657
13770.8,5108.59,0.37097,199.45,1818316.0,262.645,4752.86,106.0,25.578,9.987
8224.38,2547.01,0.30969,90.0116,1112973.1,117.026,4274.11,103.0,33.3403,4.786
8405.12,2516.31,0.29937,63.2794,1155866.9,114.454,3534.26,36.0,36.7989,10.76
12598.0,4287.08,0.34029,157.752,1753511.6,216.178,4445.21,151.0,30.8784,20.546
11447.6,3325.23,0.29047,113.712,1643421.8,176.375,4140.61,17.0,32.8601,3.463
9904.24,3910.62,0.39484,120.679,1345749.2,199.672,4318.37,163.0,31.1235,2.865
8587.83,2512.48,0.29256,92.4861,1215923.1,112.497,3639.11,87.0,36.4069,2.313
12901.4,5083.54,0.39403,105.727,1757576.0,192.961,5454.51,47.0,34.4333,18.571
6619.33,2096.92,0.31678,76.8226,910236.94,93.2577,3255.07,49.0,37.7049,1.507
6394.05,2178.52,0.34071,64.0621,831205.5,96.7887,3460.07,59.0,38.4414,5.001
18186.4,7116.78,0.39132,158.112,2487129.2,311.914,10639.58,58.0,31.1885,3.441
8931.55,3128.6,0.35028,88.7234,1182426.8,138.046,3670.45,54.0,35.909,1.242
9316.14,2680.29,0.2877,107.623,1296357.1,134.37,4174.96,107.0,33.2254,16.624
6432.66,2129.8,0.33109,57.9773,900783.25,96.2366,2703.37,49.0,40.5265,2.17
4813.6,1562.08,0.32451,34.7907,676208.44,59.6132,2224.72,9.0,44.5035,7.598
6853.17,2227.04,0.32496,63.8151,964516.4,84.5767,2854.4,53.0,38.4486,15.915
10757.6,3525.88,0.32775,130.408,1466853.0,156.289,4787.45,66.0,29.7384,5.399
14170.5,3520.75,0.24845,186.407,1937925.8,214.666,4581.39,179.0,28.9962,1.697
9092.0,2688.75,0.29572,74.8766,1265985.0,112.246,3415.15,49.0,36.2453,17.1
7856.29,2049.53,0.26087,84.6363,1083510.0,110.105,3090.39,21.0,37.8149,0.619
13206.3,2856.02,0.21626,190.401,1835009.6,239.131,4845.09,130.0,27.4891,3.532
4898.72,834.02,0.17025,39.4057,644408.06,59.7784,2740.63,9.0,43.8692,5.823
14778.2,5027.98,0.34022,182.302,2105820.5,267.051,5048.23,120.0,25.7777,4.005
8679.99,2245.36,0.25868,82.7754,1225963.8,109.186,4014.85,41.0,35.6548,2.405
7606.95,2147.85,0.28235,69.7002,1010565.1,100.061,3748.57,14.0,34.9527,11.211
8619.61,2798.12,0.32462,89.0735,1197175.0,122.313,3196.39,16.0,37.1137,1.346
7188.47,2310.68,0.32144,74.5438,988332.94,93.403,3739.19,39.0,46.5464,1.715
4643.43,1678.84,0.36155,48.1884,624560.5,66.9019,2236.51,27.0,42.434,10.829
9164.88,2380.35,0.25972,103.898,1290280.9,146.594,4209.92,47.0,33.6398,3.269
6145.45,1531.92,0.24927,50.7389,861280.3,72.8516,3289.34,58.0,38.7617,2.336
6511.88,1512.07,0.2322,54.0315,890048.4,83.2159,3041.22,50.0,39.7799,7.07
6677.59,2533.68,0.37943,79.6697,915612.7,100.604,3266.16,65.0,38.4307,2.414
6348.49,2162.74,0.34066,60.2157,808292.06,108.224,2781.77,5.0,39.5666,14.339
21264.6,7181.28,0.33771,241.976,2968829.5,337.258,5558.31,82.0,23.0835,3.758
14445.7,4817.42,0.33348,154.09,1979721.9,222.871,4734.49,29.0,28.9308,3.323
18349.0,7240.37,0.39459,132.264,2568814.2,298.407,17083.76,70.0,32.1792,12.722
8284.66,2400.29,0.28972,66.7629,1103831.6,105.37,3911.8,39.0,35.3121,15.944
7163.2,1924.2,0.26862,83.7809,963343.56,97.0897,3330.53,45.0,38.0328,12.547
8814.99,1813.74,0.20575,76.9486,1244279.9,102.92,3736.88,23.0,35.7839,1.181
12194.5,2889.23,0.23692,163.224,1711215.5,216.782,4248.32,79.0,31.0057,1.75
4190.77,941.36,0.22462,42.412,561166.2,58.3827,2520.35,17.0,42.6891,10.277
13450.9,2735.14,0.20334,164.585,1834959.2,210.529,4754.78,92.0,28.6296,1.808
15630.0,3580.91,0.2291,172.672,2208605.0,229.857,4916.48,75.0,27.0761,3.697
15173.1,4233.99,0.27904,187.68,2117969.5,228.056,5654.17,136.0,22.7544,0.834
7265.66,2757.67,0.37954,62.3215,976214.0,118.727,3037.48,96.0,40.2589,12.359
8121.69,2765.84,0.34054,62.0047,1149529.4,105.906,4034.2,47.0,38.6036,11.759
12765.0,3167.22,0.24811,157.636,1756365.9,192.094,5104.22,68.0,28.6578,2.116
5829.81,1726.4,0.29613,55.8837,782108.06,90.5165,2646.91,28.0,41.2312,4.305
13563.8,4084.18,0.3011,114.042,1967974.4,177.721,4065.48,138.0,34.5278,19.304
12294.0,4008.83,0.32608,114.26,1640254.2,185.016,4936.09,72.0,34.0799,18.311
9834.93,4032.63,0.41003,93.7282,1407884.5,132.021,3640.95,42.0,37.9749,14.798
9724.1,3328.4,0.34228,97.1653,1346714.6,122.993,3693.25,55.0,31.4006,17.806
5621.21,1797.11,0.3197,63.6222,744079.5,89.4996,2792.21,9.0,39.8289,16.005
17996.4,4962.47,0.27574,262.279,2414334.0,300.693,5705.21,329.0,21.4686,3.04
10622.6,2887.0,0.27177,135.177,1475398.1,176.194,4628.99,162.0,29.2036,1.148
17102.4,5904.21,0.34522,200.164,2403069.5,267.346,4927.42,108.0,26.7649,4.204
7772.43,2169.9,0.27917,72.18,1096327.6,105.368,4091.46,16.0,34.967,4.658
12318.6,2523.64,0.20486,150.493,1676780.5,193.993,4861.05,139.0,29.8583,0.631
7424.69,2715.3,0.36571,64.0421,1065650.1,106.136,3225.87,30.0,38.9765,1.52
5778.1,946.03,0.16372,54.3151,803654.7,59.9243,2980.27,20.0,39.9759,2.298
14352.8,2838.6,0.19777,168.697,2040645.9,218.407,4826.34,72.0,27.8555,2.926
12596.0,3245.47,0.25765,168.553,1765205.4,188.036,4692.72,110.0,29.3043,2.559
6265.35,1195.27,0.19077,69.6604,838833.2,83.393,3359.51,36.0,38.3591,4.226
11013.9,3432.56,0.31165,132.736,1506479.1,148.753,4910.19,75.0,29.2809,3.552
6703.29,2202.59,0.32858,52.2267,951094.75,89.5218,3200.01,9.0,41.376,14.262
6315.96,1455.26,0.2304,67.1442,890539.7,71.7576,2842.36,76.0,39.5279,7.695
15312.5,4968.89,0.32449,225.474,2106818.8,257.506,5317.18,275.0,24.6153,2.223
7374.78,3007.95,0.40786,49.8675,1028225.0,123.254,2592.89,69.0,40.5441,13.16
8747.06,2214.03,0.25311,97.5042,1189646.4,128.668,3502.83,7.0,36.4309,1.474
6761.78,2215.17,0.3276,80.8863,920103.56,91.0234,3152.92,59.0,46.5464,1.694
13465.5,3954.7,0.29369,142.169,1937955.2,221.253,4776.01,66.0,29.8245,1.075
5916.48,1523.55,0.2575,63.0685,849118.9,75.4469,3193.57,49.0,39.6157,13.814
7934.07,1972.39,0.24859,67.1815,1095030.4,109.728,3678.36,24.0,37.2068,1.636
7794.28,3381.69,0.43386,53.4587,1100273.9,135.161,2859.81,50.0,39.2158,12.612
12730.6,3500.03,0.27493,132.061,1774170.8,178.934,4543.6,57.0,22.4118,2.902
14611.1,5119.86,0.3504,156.281,1997357.0,240.68,4398.48,92.0,30.2151,2.031
4980.73,1531.13,0.30741,40.5652,656756.8,73.2352,2667.91,18.0,42.9993,12.812
9774.01,2063.78,0.21114,94.9325,1382249.0,144.695,4303.18,47.0,33.3314,0.72
15767.2,5674.87,0.35991,177.704,2163584.2,270.329,5379.64,200.0,26.8679,5.853
8082.84,3385.27,0.41882,79.8341,1150792.6,120.36,3366.97,39.0,37.7605,2.654
5851.76,1824.19,0.31173,58.3739,776088.44,90.5358,2703.32,32.0,41.0208,4.391
7529.12,2421.49,0.32161,63.4281,986737.8,114.353,3980.96,76.0,38.0984,14.181
5695.23,1315.46,0.23097,42.4622,785930.56,84.8204,2810.32,14.0,41.382,12.796
5029.21,1797.61,0.35743,48.3388,698169.9,64.7874,2182.44,17.0,43.1052,3.606
6292.54,1546.84,0.24582,69.126,895199.3,74.8569,3104.32,12.0,38.8627,1.579
12009.6,3725.34,0.31019,149.425,1668092.5,161.493,5091.36,39.0,28.217,4.063
7146.49,2079.3,0.29095,80.5459,972289.5,107.788,3072.15,84.0,39.2647,1.247
4865.18,883.5,0.18159,43.453,660848.25,68.9179,2642.89,13.0,42.9446,2.137
4280.19,821.99,0.19204,38.6478,561620.06,64.0383,2587.06,12.0,43.4913,2.177
5686.6,1528.52,0.26879,51.8655,805928.06,76.6176,2740.47,9.0,40.2307,13.759
16278.4,3658.62,0.22475,178.07,2290148.0,232.738,5206.31,213.0,25.995,5.006
15234.7,4916.58,0.32272,121.823,2171011.2,212.548,5182.12,53.0,26.4564,14.528
6756.43,2142.9,0.31716,53.59,947387.56,93.5062,3147.04,6.0,38.9396,6.354
5213.42,1914.72,0.36726,49.0541,741955.25,71.8187,2196.29,21.0,42.3093,3.256
5514.64,2108.33,0.38231,21.3934,748225.75,79.5022,2335.32,41.0,42.5429,10.652
5009.58,1726.4,0.34461,51.6233,672039.1,79.6047,2871.19,40.0,40.88,17.26
13045.7,4057.82,0.31104,151.631,1804741.9,221.391,4898.24,111.0,29.0245,15.716
6562.25,1060.93,0.16167,69.3119,883035.0,85.9481,3289.64,34.0,36.5762,6.607
8782.04,2332.68,0.26561,54.4886,1208908.6,110.493,3072.73,44.0,38.0126,17.075
17093.9,4248.75,0.24855,253.833,2341959.2,267.431,4922.05,251.0,26.8425,4.519
6500.75,1171.27,0.18017,63.9273,890778.1,82.5918,3164.85,19.0,39.0316,13.015
5794.87,2421.71,0.4179,56.0429,776402.0,88.9586,2607.72,68.0,40.9157,4.268
7800.57,1955.89,0.25073,50.2235,1077791.1,98.2572,2986.47,7.0,42.3773,8.814
9773.55,3254.17,0.33295,105.237,1378375.0,133.744,3706.75,19.0,35.0816,2.489
12711.8,4414.7,0.34729,104.705,1737428.0,190.045,4677.68,143.0,29.244,3.902
11954.7,4121.92,0.34479,135.658,1649277.2,175.138,5014.86,63.0,28.8394,6.449
8061.16,2405.45,0.29839,95.031,1138326.8,114.069,3551.74,99.0,36.7693,1.975
7085.06,1713.77,0.24188,71.0054,964112.94,94.5983,3096.25,44.0,36.6171,4.75
14699.8,3615.03,0.24592,184.712,2078837.4,209.934,5668.38,68.0,23.2562,1.352
14632.0,4691.29,0.32061,172.86,2114045.2,266.758,4925.31,102.0,26.7813,4.502
5927.57,2012.39,0.33949,59.0146,828160.6,81.9216,2556.89,62.0,41.3979,9.809
15981.7,4434.18,0.27745,188.95,2197386.0,345.979,5562.34,211.0,23.6817,20.97
9962.12,3548.77,0.35622,67.8212,1425288.4,133.359,3393.93,44.0,36.9082,16.909
10604.4,5403.6,0.50956,86.4104,1316463.5,194.868,2951.1,68.0,38.156,18.823
7688.19,1902.44,0.24744,81.6116,1082728.8,100.419,3914.68,40.0,35.9591,2.304
6837.07,1861.01,0.27219,58.0884,933277.06,90.1803,2943.51,2.0,40.5584,0.0
8085.99,2397.65,0.29651,89.7561,1145398.0,112.948,3434.08,33.0,37.7162,4.271
9935.2,3082.06,0.31021,99.5151,1358492.6,132.112,3664.58,21.0,35.3054,3.48
7031.75,2684.89,0.38182,80.4279,956948.94,108.062,3668.5,86.0,36.5769,13.047
8264.21,2828.19,0.34222,94.6972,1172818.2,107.213,3528.24,40.0,36.8657,12.264
7632.29,2962.93,0.3882,63.5214,1045642.4,121.653,3261.28,67.0,38.4193,15.322
7428.91,1920.32,0.25849,89.11,1043665.1,105.55,3473.19,96.0,37.2135,1.349
7179.93,1648.88,0.22965,66.5781,1023126.2,102.511,2868.18,34.0,37.5003,14.119
7266.3,1364.77,0.18782,64.5442,998124.7,87.928,3414.06,22.0,37.6499,1.634
4435.67,1358.04,0.30616,31.2413,625920.9,55.9526,2157.84,47.0,43.993,7.214
5693.16,1911.32,0.33572,64.5382,781672.1,78.3832,3133.02,40.0,39.0452,15.245
6170.89,2291.01,0.37126,61.6967,839407.9,95.8749,3476.15,84.0,37.9304,15.211
9308.66,2756.17,0.29608,69.2205,1321447.6,121.475,4335.24,47.0,33.6767,14.929
4098.5,1284.13,0.31331,35.7514,560810.2,51.0179,1390.39,32.0,44.4602,11.538
9961.34,3384.54,0.33976,118.458,1417423.8,141.707,3944.53,59.0,34.4676,3.307
14931.7,3539.92,0.23707,193.482,2101384.0,244.488,4972.23,116.0,26.8836,1.662
16120.8,4999.81,0.31014,186.921,2173734.2,262.197,5216.88,221.0,25.7107,2.437
14227.7,4398.98,0.30918,166.475,1991283.5,223.637,4603.13,85.0,29.8246,4.261
7705.43,2234.02,0.28992,85.3814,1047139.8,129.652,3466.26,26.0,36.3104,2.783
8534.22,1984.65,0.23255,97.7021,1194524.9,125.776,3542.41,13.0,34.5473,1.09
13319.4,3749.53,0.2815,167.154,1865363.4,226.884,4329.68,65.0,30.43,1.565
13147.2,3468.68,0.26383,113.919,1848833.6,144.789,4317.36,157.0,31.9516,17.862
6540.0,1543.76,0.23604,59.9883,869278.6,83.2432,2746.81,41.0,38.5104,10.525
15360.4,4593.46,0.29904,194.257,2046546.9,255.53,5049.48,156.0,26.742,4.752
11566.7,3340.89,0.28883,109.737,1676002.5,150.114,4334.62,74.0,32.4676,17.899
7919.7,1937.81,0.24468,66.8656,1107255.9,106.948,3068.63,37.0,38.4333,14.426
5312.59,834.67,0.15711,53.0721,730000.8,58.7373,2994.33,14.0,40.0162,4.249
9518.91,2514.2,0.26412,92.4864,1320448.6,136.605,4075.51,39.0,34.5103,4.985
6195.44,1766.24,0.28508,56.1339,790779.56,103.88,2720.08,18.0,37.8007,12.327
6913.28,1990.99,0.28799,65.4661,969497.7,93.2634,3431.01,42.0,37.5184,15.294
16788.7,5483.99,0.32664,184.34,2335620.2,279.795,5604.02,98.0,23.6274,7.301
3973.24,902.14,0.22705,31.2506,575748.75,41.513,1107.13,33.0,45.438,18.873
5229.54,2053.54,0.39268,48.4779,712117.3,78.8988,2046.16,17.0,42.2095,14.866
12465.6,3932.76,0.31548,168.184,1827456.0,255.435,4755.58,83.0,27.9745,3.253
8214.09,2683.48,0.32669,65.0899,1129976.1,130.308,4803.41,34.0,37.9883,14.563
12906.7,3864.32,0.2994,96.0907,1768756.9,161.246,5211.77,140.0,29.1562,18.792
7108.8,2231.32,0.31388,77.1587,968272.2,105.959,3362.0,43.0,37.0578,8.359
13419.4,4311.43,0.32128,149.06,1873828.5,200.205,4690.68,139.0,30.4318,18.96
12484.3,3687.85,0.29539,117.528,1749188.2,143.096,4325.89,131.0,31.6098,15.72
8947.75,3126.66,0.34943,86.9364,1258402.4,134.332,3479.18,7.0,36.8361,5.125
6100.16,1641.82,0.26914,59.419,871509.3,74.2312,2485.76,53.0,41.641,4.204
8698.34,1570.1,0.1805,83.5393,1242362.2,106.291,3412.11,14.0,36.7205,7.806
10273.2,2905.79,0.28285,132.777,1365458.6,155.39,4047.15,32.0,31.2473,1.767
9653.48,2510.83,0.26009,97.1999,1355363.8,133.56,4005.77,26.0,34.3234,6.299
23196.8,5402.48,0.23289,314.917,3196993.5,405.224,6225.29,164.0,19.8519,0.948
7539.44,1703.69,0.22597,62.2993,1050605.8,99.7058,3545.18,23.0,37.3461,2.663
10619.6,3336.42,0.31417,104.938,1479036.1,153.617,4268.03,47.0,34.2,2.036
22785.6,5388.85,0.2365,327.087,3140357.5,400.691,6217.08,164.0,19.8388,0.973
5243.38,1605.23,0.30614,53.032,727028.5,72.2111,2657.93,21.0,41.1626,3.09
11779.1,2305.42,0.19572,143.118,1655933.2,177.426,4631.5,144.0,29.807,1.742
12564.3,3096.59,0.24645,128.584,1705432.6,161.224,4082.63,220.0,31.9538,3.047
7684.57,1741.38,0.2266,56.7696,1078841.8,76.4492,3544.04,18.0,39.0367,6.756
17075.0,5305.09,0.31069,255.288,2360889.2,347.282,5889.04,277.0,16.2175,6.523
18059.6,5777.28,0.3199,201.873,2454170.0,265.027,6567.09,130.0,20.6816,19.642
8586.74,2134.38,0.24856,74.9132,1188137.9,102.223,3677.58,57.0,35.9961,12.919
6365.15,1615.85,0.25385,65.3267,841598.7,92.419,3425.57,81.0,37.8399,1.132
17298.7,6313.0,0.36494,240.148,2366503.2,260.047,5592.48,129.0,22.7659,2.208
5121.71,1325.9,0.25887,52.8791,675334.5,90.4173,3204.57,12.0,40.4027,12.829
8878.59,1681.83,0.18942,93.8401,1253486.5,123.933,4209.16,47.0,33.8932,0.744
8489.92,3835.65,0.45178,97.2065,1210853.8,134.945,3180.51,67.0,36.725,15.292
7032.98,1746.2,0.24828,56.3129,984374.06,78.7824,3015.12,34.0,39.8534,12.872
6884.65,2337.68,0.33954,70.3496,943996.56,98.2945,3438.72,33.0,38.9255,13.705
6548.78,1328.02,0.20278,66.8217,924855.1,65.1625,3330.94,15.0,37.6124,8.318
8373.21,3017.75,0.3604,76.2806,1175223.5,110.334,3550.06,32.0,38.8189,16.17
12689.6,3795.41,0.29909,122.143,1815677.4,190.711,4496.66,88.0,30.8271,16.75
15131.9,4310.3,0.28484,185.682,2097996.0,229.104,5630.62,137.0,22.753,0.747
9588.49,2775.11,0.28942,81.2556,1356129.1,123.001,4139.34,61.0,35.0415,8.574
7279.01,1859.86,0.25551,55.1086,977186.4,92.9907,3314.92,45.0,38.9257,15.98
5824.99,1997.83,0.34297,69.4424,812522.5,87.6451,3009.42,38.0,40.5491,1.653
14779.0,4657.28,0.31512,163.996,2111064.0,234.036,4910.27,51.0,29.6996,2.657
8664.29,2933.9,0.33861,33.4837,1215043.9,103.075,3560.59,82.0,35.6342,15.114
10966.3,3379.87,0.3082,86.3535,1466226.0,165.006,4180.57,7.0,33.2455,13.804
15245.4,5676.87,0.37236,168.328,2131701.0,258.347,4891.94,73.0,24.3338,14.949
7872.66,1533.22,0.19475,77.8944,1102771.9,99.4939,3813.42,12.0,34.2738,2.519
9039.91,1973.38,0.21829,65.2315,1269199.8,92.1937,3629.05,45.0,37.0524,16.125
7219.87,1871.73,0.25924,64.2759,996419.56,89.9051,3054.31,45.0,39.6157,1.965
11949.6,3853.79,0.3225,141.836,1656941.8,170.679,4250.28,36.0,31.8127,3.221
8144.06,3431.25,0.42131,68.4999,1080258.0,136.864,3189.74,86.0,39.591,14.794
15548.9,4368.47,0.28095,235.041,2121743.8,260.093,4772.39,285.0,27.6171,5.047
9514.74,2988.56,0.31409,82.5686,1358894.6,137.706,4224.27,72.0,33.9955,4.606
15005.9,4266.61,0.28432,180.79,2072966.5,221.802,5632.39,134.0,22.7348,1.403
11132.4,2738.65,0.246,134.0,1554753.1,169.55,4664.62,173.0,28.9206,0.759
10112.5,3631.53,0.35911,91.7464,1408549.4,139.366,3681.97,91.0,35.4758,19.749
14593.0,3843.14,0.26335,211.047,2023963.2,248.795,5106.8,157.0,24.5529,3.212
10006.8,3225.07,0.32228,90.0331,1433148.5,130.886,3602.03,9.0,35.1062,3.52
6711.63,1661.11,0.24749,70.4894,898917.44,100.352,3490.47,85.0,37.708,2.215
9878.86,2653.64,0.26861,112.673,1399308.4,155.64,4415.27,150.0,32.8251,13.712
5120.37,908.38,0.1774,53.6045,705938.56,70.5639,2852.13,45.0,41.426,9.31
10631.1,3719.14,0.34983,130.482,1454234.1,184.572,3843.95,33.0,33.5683,2.871
15015.9,4885.13,0.32533,220.479,2088233.9,250.018,5365.47,289.0,24.6335,1.658
15104.2,4882.24,0.32323,222.526,2044990.5,299.952,5689.04,177.0,22.1412,2.748
4618.35,856.14,0.18537,45.3572,650759.4,53.7983,2558.56,20.0,40.7701,3.562
14170.5,3520.75,0.24845,186.407,1937925.8,214.666,4581.39,179.0,28.9962,1.697
7592.7,2086.73,0.27483,57.1427,1070606.2,87.4414,3695.06,42.0,37.3929,13.057
6238.86,1398.64,0.22418,69.5199,886634.5,71.2349,3099.01,12.0,38.8243,1.573
6786.6,2748.4,0.40497,51.4341,947641.06,107.591,2585.34,66.0,40.5444,14.212
6074.92,1309.91,0.21562,67.8244,857746.7,73.6142,3055.21,16.0,38.7115,1.461
7250.39,2613.9,0.36051,66.6986,1063372.6,106.956,2719.59,53.0,39.7817,13.217
17882.4,5768.31,0.32256,235.261,2456453.2,257.448,5624.08,133.0,22.8231,2.245
14726.3,5459.74,0.37074,210.181,2043058.8,267.19,4454.36,110.0,29.6232,4.882
7105.2,2609.23,0.36722,76.3314,968465.9,111.084,3376.86,30.0,37.5427,11.69
6386.27,2855.4,0.44711,88.2129,773809.7,124.821,2079.59,100.0,41.2568,3.666
6910.98,1962.2,0.28392,92.7924,948302.1,88.9357,3501.34,21.0,37.5196,8.676
8260.25,2954.27,0.35764,74.5809,1112421.9,122.08,3267.68,79.0,38.5061,3.067
13976.7,5560.36,0.39783,156.859,1966523.4,211.155,6488.19,40.0,24.2003,17.915
6226.16,1414.82,0.22723,67.4832,876959.8,74.7876,3062.05,15.0,39.1205,1.589
11578.7,3084.13,0.26636,170.0,1621506.8,193.734,4673.38,100.0,29.4715,2.555
18302.0,5261.43,0.28747,258.973,2488212.2,300.581,5274.59,220.0,25.0598,5.277
9473.66,2373.43,0.25052,101.819,1306458.9,135.745,3732.29,7.0,35.2222,3.211
7993.5,2399.69,0.3002,70.6553,1080538.6,115.321,3459.8,73.0,37.1997,3.441
11553.2,3728.55,0.32272,144.681,1595806.4,196.624,4363.37,36.0,31.8824,3.81
4067.09,1025.68,0.25219,35.9943,567634.56,51.837,1755.26,41.0,44.7778,10.658
6411.31,2061.5,0.32154,44.7148,831886.25,90.1626,3011.5,55.0,38.9741,3.429
18880.8,6821.55,0.36129,160.412,2629680.8,241.152,5693.07,139.0,22.7187,19.626
17740.6,6086.11,0.34306,151.55,2416477.5,268.089,5815.09,127.0,25.0577,1.88
7667.05,2520.28,0.32871,53.8177,1092593.4,94.3672,3715.31,55.0,37.5192,14.339
7851.57,2433.71,0.30996,75.0647,1064820.5,106.005,2958.13,115.0,38.4198,3.141
13209.2,3498.44,0.26484,143.971,1861608.9,159.534,4733.66,112.0,27.9591,18.563
8505.51,2780.69,0.32692,86.2459,1154682.9,130.187,3506.46,105.0,36.655,15.701
6344.19,1937.99,0.30547,60.955,878239.9,78.9093,3181.47,33.0,38.7726,4.107
7367.53,2051.75,0.27848,73.9517,995704.44,96.9657,3642.18,86.0,37.779,2.491
15072.7,3935.41,0.26109,187.275,2122664.5,215.985,5716.24,63.0,23.0044,1.461
8164.63,2626.47,0.32168,70.6544,1168359.5,115.617,3073.13,83.0,38.2574,15.264
4850.0,1168.4,0.2409,45.1742,681547.3,66.23,2670.15,23.0,42.0546,3.277
7848.41,2119.84,0.27009,85.9272,1078877.8,112.687,3097.54,21.0,37.6977,0.595
18164.1,5710.28,0.31437,180.23,2485507.0,253.442,4845.99,178.0,29.3909,20.897
9875.02,3669.77,0.37162,89.607,1332697.6,132.938,5346.84,47.0,33.4711,18.466
6100.68,2683.6,0.43988,61.9852,803632.44,113.71,3076.57,74.0,39.5921,13.142
20545.1,6503.23,0.31653,253.543,2860691.5,331.831,5455.49,76.0,23.1656,3.752
12401.2,3225.16,0.26006,165.925,1728575.8,194.254,4813.77,73.0,28.7305,3.328
12688.9,4656.96,0.36701,62.7578,1765702.4,179.811,5642.51,89.0,25.9166,19.582
10930.4,2524.87,0.23099,162.364,1544595.2,178.21,4650.17,49.0,29.643,1.289
6344.6,2277.55,0.35897,78.0883,863743.0,93.1583,3180.04,58.0,38.457,1.346
7002.41,2543.18,0.36318,69.4916,938669.2,114.026,3136.47,59.0,38.4532,15.322
10830.7,3159.23,0.29169,124.132,1448863.1,158.75,4060.81,47.0,33.8192,1.565
11597.3,2691.28,0.23206,147.246,1641728.9,153.435,4108.38,130.0,32.3355,2.588
8894.35,3110.92,0.34976,92.2818,1200809.0,125.24,3345.91,80.0,38.0448,2.408
8096.39,2698.18,0.33325,61.3796,1118601.9,117.277,3435.24,33.0,36.5565,16.369
7208.85,2816.67,0.39072,64.4245,1053756.9,99.1617,3209.53,30.0,38.9913,1.104
15624.1,5143.38,0.32919,204.949,2087004.0,274.221,5393.13,228.0,27.0938,14.726
3799.63,1203.12,0.31664,33.7361,519917.75,50.0118,1357.56,29.0,44.5289,11.759
14902.9,3423.73,0.22973,211.843,2085152.5,247.933,5531.79,81.0,23.8387,2.074
8869.04,2428.14,0.27377,93.227,1197821.6,124.999,3589.08,10.0,37.1687,1.748
6512.49,1761.86,0.27053,59.1537,892588.44,84.3986,2686.22,11.0,40.6243,4.692
7895.38,1983.5,0.25122,101.022,1056884.2,125.28,3473.63,9.0,37.022,1.429
9415.08,2410.83,0.25606,100.041,1255445.2,131.726,4104.57,62.0,35.6839,5.18
13311.2,4500.58,0.3381,149.309,1851224.2,188.251,5140.66,35.0,27.6881,4.18
10399.3,2981.86,0.28673,83.454,1470435.9,132.926,4293.06,75.0,32.9183,9.373
6309.17,1718.5,0.27238,54.4345,886101.9,78.8651,3239.39,53.0,37.6263,2.51
7952.5,3021.08,0.37989,84.48,1080502.8,136.301,3504.65,17.0,36.1076,13.686
5695.24,835.47,0.14669,47.5486,808280.0,66.6889,2679.05,2.0,42.2815,1.415
13823.3,4204.55,0.30416,160.513,1894197.5,235.134,4804.1,117.0,28.4778,4.667
11056.2,3498.96,0.31647,87.7758,1482605.5,163.686,4207.91,16.0,33.1422,13.691
7529.55,3050.18,0.40509,64.9277,1088473.2,99.8552,3888.28,75.0,37.7875,14.816
6008.12,1864.84,0.31038,47.5355,863267.5,97.2651,2812.89,4.0,40.3603,11.22
7363.78,2814.47,0.3822,65.6518,1055842.9,96.7289,4376.97,54.0,36.2853,14.022
9116.42,2104.69,0.23086,107.194,1236972.9,134.536,4168.67,129.0,32.8988,2.619
3943.4,1068.03,0.27083,34.0316,561451.9,46.5381,1792.29,12.0,44.5431,2.05
8233.45,1941.43,0.23579,94.4884,1144901.5,112.893,3942.34,43.0,35.2185,2.476
11955.2,3915.08,0.32747,146.208,1677138.9,179.061,4825.82,44.0,27.3875,4.035
13601.3,4615.02,0.3393,157.231,1902535.8,206.941,5154.47,137.0,27.0282,16.878
14174.0,4628.57,0.32655,162.469,1959087.1,257.659,3826.97,133.0,33.2825,19.236
21682.3,6203.67,0.28611,299.443,2930439.0,312.738,6632.19,291.0,18.6794,1.513
6753.68,727.54,0.10772,68.7425,913518.94,85.9865,2782.97,65.0,36.2626,6.407
7859.5,1972.38,0.25095,92.7339,1097260.4,128.531,3217.6,4.0,36.3993,0.501
7042.16,1935.04,0.27477,62.592,962553.9,99.0068,3100.39,43.0,37.3834,4.596
15684.0,5121.94,0.32657,214.994,2160867.2,257.219,4981.83,150.0,26.7881,19.572
17593.3,5586.0,0.3175,193.876,2502543.5,291.424,5418.01,256.0,19.2805,16.462
14295.2,4102.53,0.28698,191.945,1998507.9,221.114,5390.76,141.0,22.7347,0.717
6095.87,1541.98,0.25295,51.557,793674.56,97.7489,3632.19,15.0,39.7314,1.799
6887.19,1946.29,0.28259,52.0197,979928.7,93.4246,2423.9,90.0,41.309,14.301
7117.2,2083.42,0.29273,77.3739,1021828.94,81.2685,2547.79,58.0,40.4899,13.66
4685.25,1068.32,0.22801,37.5593,639887.56,55.047,2515.71,53.0,41.9464,10.077
12632.9,3788.56,0.29989,150.177,1738010.4,201.688,3902.27,185.0,32.3356,17.08
5603.26,1490.07,0.26592,46.7717,785064.06,70.3168,3063.57,14.0,40.3892,2.448
7137.43,1984.68,0.27806,68.1085,942460.8,91.5817,3285.09,18.0,38.1552,7.387
8107.84,2158.96,0.26628,89.6619,1111953.4,110.386,3106.1,22.0,37.2814,0.993
6855.87,2206.67,0.32186,51.8164,932363.94,93.6459,2581.61,37.0,41.3656,8.179
10153.3,3946.29,0.38867,94.2758,1440900.8,151.536,3630.76,95.0,36.6483,15.041
6184.91,2449.35,0.39602,57.7182,865684.75,88.0924,2658.52,29.0,40.9283,4.851
15078.3,4392.9,0.29133,177.388,2072749.5,221.125,5661.76,62.0,22.3539,6.08
10870.0,3329.14,0.30626,90.734,1539026.8,140.972,5150.92,113.0,30.0778,15.767
6964.28,1763.42,0.2532,73.2654,921934.5,96.0392,3465.43,78.0,37.6546,1.755
9300.69,2493.89,0.26814,70.7743,1261892.9,134.835,3611.83,31.0,34.451,3.509
10497.1,2881.85,0.27453,115.54,1463665.6,157.165,4254.01,54.0,33.3633,3.992
6276.02,2180.27,0.34739,66.4194,829829.3,100.47,3187.8,54.0,38.9633,12.62
10418.7,3226.64,0.30969,125.61,1401670.5,159.49,4039.96,37.0,33.6542,1.671
6671.78,2657.12,0.39826,58.3878,979011.0,95.9831,3141.17,32.0,32.7613,12.248
13801.7,3345.9,0.24242,186.839,1891156.5,207.942,4584.55,174.0,29.0553,1.589
11795.9,4306.46,0.36508,77.8412,1603360.8,181.38,9592.65,92.0,34.4731,7.433
6661.6,1880.99,0.28236,69.1807,940917.8,79.7878,3248.87,20.0,38.9268,1.715
7474.73,1849.32,0.2474,64.161,1052148.6,92.0215,2974.99,82.0,38.5861,1.752
5602.74,2016.0,0.35982,61.6833,729397.94,91.4514,2956.66,5.0,40.8449,10.788
14515.2,4452.34,0.30673,151.49,2017106.5,224.853,5256.7,191.0,31.1621,1.222
8075.7,2687.98,0.33284,57.2623,1104376.9,112.637,4111.28,26.0,35.6181,15.172
5297.01,1333.44,0.25173,47.2868,734350.94,66.5671,2918.1,14.0,40.8682,2.472
9049.15,2226.12,0.246,101.116,1247889.5,107.59,3272.49,46.0,36.9905,11.757
10504.9,3018.2,0.28731,120.725,1431554.6,160.588,3967.03,26.0,33.9924,1.867
14556.9,3215.6,0.22089,205.792,2014576.2,246.365,5000.05,141.0,26.5658,3.029
6964.63,1746.69,0.25079,70.473,925891.1,95.4435,3700.36,26.0,46.5464,0.0
6053.3,2005.39,0.33128,58.9857,863976.1,81.3367,2588.35,65.0,41.5065,5.84
9196.63,2722.02,0.29598,79.4848,1278710.1,114.914,4407.36,64.0,34.214,4.841
7367.14,1856.37,0.25197,72.7263,1015658.7,107.883,3314.22,54.0,37.6914,13.791
21172.1,5795.51,0.27373,297.292,2884193.8,303.815,6590.75,287.0,18.6689,1.546
13998.9,3879.3,0.27711,144.356,1905013.4,204.013,4162.8,136.0,31.1741,17.146
9473.86,3369.92,0.3557,74.295,1310038.4,130.374,3904.29,99.0,35.0377,15.019
4891.96,1393.41,0.28483,44.3136,677082.56,59.7905,2012.68,17.0,43.6227,2.112
10857.4,2468.69,0.22737,121.843,1470857.0,161.957,3643.46,21.0,34.7359,2.207
7945.61,1767.5,0.22244,61.6723,1121938.4,92.062,2966.22,32.0,38.6123,5.122
15629.2,6372.25,0.40771,102.071,2133665.2,246.146,4544.54,133.0,26.3424,4.291
7304.79,2021.55,0.27674,63.1197,1001473.0,96.6195,3205.75,41.0,37.0709,6.999
10662.4,2799.04,0.26251,131.803,1503281.9,152.09,4366.75,57.0,31.937,3.632
16411.9,4387.39,0.26732,227.061,2269834.0,264.659,5621.44,216.0,22.522,2.167
5351.78,1342.33,0.25081,50.6798,680885.75,71.036,2319.47,22.0,42.7475,10.072
10924.9,2366.37,0.2166,141.899,1548754.0,183.741,4544.9,50.0,30.3618,1.192
18334.1,5598.92,0.30538,198.771,2484064.5,270.293,7013.64,129.0,20.4689,19.61
4420.91,1079.63,0.2442,34.5269,613427.1,53.0285,1814.83,13.0,43.4537,13.064
4397.23,1436.88,0.32676,37.4154,600159.5,51.5581,1431.08,14.0,44.4221,4.502
5258.01,965.3,0.18358,48.2176,755261.8,65.1532,2807.66,55.0,40.2176,2.018
10482.4,4490.86,0.42841,71.7794,1445533.4,168.628,9690.29,51.0,35.4091,1.912
5556.26,1147.56,0.20653,57.2616,770944.75,73.415,2670.8,19.0,40.4645,2.104
16907.4,5022.18,0.29704,243.474,2324433.5,283.913,4815.84,283.0,27.3899,5.077
12652.1,4809.53,0.38013,130.152,1818466.1,184.653,4464.07,165.0,31.6,18.63
6782.57,1823.49,0.26884,67.2538,950586.5,82.993,2794.38,51.0,39.7716,4.499
11654.8,3458.26,0.29672,168.544,1608804.0,211.224,4750.8,62.0,26.556,3.635
8653.69,2770.22,0.32012,69.452,1238149.4,109.837,3582.26,40.0,37.1386,15.375
10141.4,2933.58,0.28926,118.451,1398673.8,143.586,4166.6,132.0,32.8002,2.634
8358.56,2755.36,0.32964,70.8682,1182521.1,106.719,4349.64,11.0,32.6957,8.612
18131.7,7836.11,0.43217,194.034,2448159.8,314.369,6085.52,171.0,26.9435,14.762
13292.5,5320.92,0.40029,138.221,1862539.2,195.959,4759.58,97.0,30.0962,8.614
7609.99,3127.38,0.41095,68.3596,1025652.5,122.828,3063.73,52.0,38.68,13.48
5498.86,1799.5,0.32724,50.8909,781616.1,83.9254,2417.55,77.0,41.2477,14.152
14407.4,3940.37,0.27349,186.886,2027326.1,235.791,4486.45,29.0,46.5464,2.748
8145.77,2367.91,0.29069,61.1379,1172754.9,92.3344,4245.23,48.0,35.6493,7.502
10599.4,3433.93,0.32397,93.23,1476386.2,136.515,4673.96,73.0,32.0134,15.781
8870.56,2713.16,0.30586,74.0629,1263774.9,97.31,3405.0,29.0,31.0443,13.558
14965.9,5477.19,0.36597,190.82,1995632.1,260.307,5169.98,106.0,27.2915,5.147
9295.45,3533.38,0.38011,86.2786,1250307.8,131.078,3798.17,37.0,36.8711,14.09
8594.03,2711.1,0.31546,93.8423,1218056.6,117.479,3410.21,89.0,37.0051,15.208
9484.64,3673.05,0.38726,132.735,1255805.4,182.98,4437.97,172.0,30.9978,1.497
5188.11,1599.27,0.30825,55.0889,697220.94,88.6003,2635.34,5.0,40.2483,11.275
9230.18,2582.28,0.27976,96.1725,1259109.4,101.879,4078.29,14.0,34.2675,10.088
15487.5,4571.91,0.2952,167.797,2139461.0,259.91,4921.76,17.0,28.3438,2.821
11518.2,3628.13,0.31499,148.532,1624197.1,165.491,5107.63,43.0,28.0673,3.313
12432.9,3487.79,0.28052,134.954,1728235.8,203.132,4118.7,41.0,32.4516,15.822
13056.8,3712.16,0.2843,207.586,1798094.5,246.165,4206.97,93.0,31.3198,4.707
8515.97,2177.0,0.25563,85.2238,1215590.5,114.667,3327.86,5.0,35.6623,2.378
8226.12,2580.5,0.31369,60.3329,1118661.5,111.185,3014.78,41.0,38.778,15.458
8084.03,2676.26,0.33105,59.1976,1145493.9,102.516,3029.12,22.0,39.0033,13.857
15182.8,4575.72,0.30137,161.664,2134272.0,181.81,5372.93,35.0,28.0811,17.817
13554.8,4735.29,0.34934,163.171,1858882.9,232.403,4794.2,161.0,28.3878,13.578
13120.5,4053.61,0.30895,153.797,1846727.6,165.344,5113.05,23.0,27.3964,15.144
8069.42,2123.23,0.26312,95.3398,1144669.5,102.741,3062.97,43.0,35.9841,7.199
4247.72,1819.13,0.42826,25.1294,587387.9,60.7958,1636.42,32.0,44.2953,7.609
4011.0,1014.75,0.25299,33.3942,552114.94,45.112,2048.15,41.0,44.3858,6.404
7588.36,1923.64,0.25349,79.0066,1008533.8,97.2743,3347.6,48.0,37.5653,13.139
8938.0,2304.35,0.25781,88.1016,1260304.6,113.764,4687.09,26.0,33.1553,1.861
8060.37,2750.77,0.34127,94.4598,1134458.4,117.371,3202.7,32.0,37.2532,14.364
8445.43,1620.04,0.19182,98.4914,1193069.9,116.478,3841.34,49.0,34.7713,2.994
13614.3,3796.36,0.27885,172.157,1879564.4,197.959,5100.57,64.0,26.6874,2.073
14913.3,4998.09,0.33514,182.938,2083218.2,261.194,5402.29,153.0,24.921,1.299
15270.5,4396.09,0.28788,184.507,2169838.5,221.035,5675.76,83.0,23.1424,1.528
7039.05,1388.27,0.19722,76.5596,949979.8,90.3633,3235.08,38.0,37.6743,19.123
12870.2,3509.43,0.27267,149.075,1811909.2,199.829,4610.08,156.0,29.3596,3.991
8054.33,1960.13,0.24336,86.4055,1103331.9,125.98,3525.82,35.0,35.6819,4.022
6811.89,2021.02,0.29669,75.0864,928257.94,92.3303,2933.03,9.0,39.455,7.655
9604.09,2629.07,0.27374,108.558,1358491.9,146.008,3890.23,34.0,33.5723,1.749
13186.8,3511.06,0.26625,151.504,1805024.9,194.167,4687.47,30.0,29.8504,1.964
13466.7,5635.68,0.41849,134.747,1754257.5,217.303,4552.21,107.0,33.5648,20.119
9472.58,3341.95,0.3528,99.0065,1314282.2,143.141,3992.59,26.0,30.6207,10.004
17818.7,7161.41,0.4019,158.566,2488975.0,241.135,5736.36,53.0,24.4831,13.271
12203.1,3444.47,0.28226,152.739,1703213.2,206.985,4786.19,65.0,28.3441,2.769
6264.77,2841.73,0.4536,77.0796,785446.75,138.385,2049.06,108.0,41.7934,16.369
13170.1,3443.95,0.26149,169.765,1856252.2,205.29,4943.7,206.0,28.1682,2.241
14522.2,4567.86,0.31454,160.16,2015761.1,200.021,4898.79,143.0,28.4465,5.084
9244.6,2723.53,0.2946,68.5232,1246722.5,126.529,4364.29,78.0,46.5464,4.822
13095.6,4325.92,0.33033,151.007,1867538.2,223.714,4981.54,69.0,28.8519,1.208
5318.83,1845.07,0.34689,45.7529,765492.3,78.5888,2577.79,50.0,42.0558,9.351
16340.3,4525.34,0.27694,215.618,2258074.5,269.289,5127.01,161.0,25.2706,3.13
12460.1,3211.12,0.25771,170.416,1733999.0,201.432,4779.56,65.0,28.5857,3.21
13268.4,4402.5,0.3318,149.897,1866124.8,160.338,5202.88,33.0,26.2548,6.138
10417.4,4025.65,0.38643,89.1785,1465078.2,159.975,3812.39,53.0,36.1283,14.74
12059.6,3641.12,0.30192,125.252,1717775.0,190.26,4988.86,128.0,28.059,19.74
8079.08,2178.15,0.2696,84.2518,1079226.5,130.6,3977.2,28.0,35.4002,4.086
22788.3,8921.8,0.3915,199.098,2952597.8,419.032,10451.07,179.0,22.3454,2.534
7241.1,2569.09,0.35479,68.0069,1004207.06,107.407,3541.68,46.0,37.2495,16.314
11228.3,3023.92,0.26931,147.212,1577671.9,155.764,4128.05,132.0,32.2621,2.909
12389.4,3562.0,0.2875,141.251,1716029.9,199.93,3880.18,162.0,32.6439,20.218
3599.83,998.71,0.27743,29.5715,504829.78,46.4352,1700.71,36.0,46.0396,10.382
13211.3,4335.52,0.32816,149.313,1810160.2,210.804,4572.93,48.0,30.0441,3.691
9494.41,4111.19,0.43301,96.4974,1278900.0,146.645,3541.44,129.0,37.454,14.007
8152.79,2085.29,0.25577,89.1898,1146728.8,109.083,3992.87,50.0,35.2534,1.321
8570.87,3021.81,0.35256,108.919,1205759.6,159.849,3833.42,113.0,34.6212,15.904
8819.93,2571.02,0.2915,92.798,1205934.8,104.022,3831.48,38.0,35.4426,14.771
10547.7,2413.19,0.22878,149.411,1449211.2,183.501,4068.46,66.0,31.795,2.123
7256.09,1599.5,0.22043,69.4541,1004478.75,79.4417,3233.45,62.0,38.8476,12.62
8820.9,3000.47,0.34015,80.8542,1204319.1,118.516,4134.59,18.0,34.8465,12.963
7041.05,2672.36,0.37953,66.5451,978191.3,107.422,2962.27,47.0,38.7358,15.544
9990.04,3331.89,0.33352,84.9227,1399142.0,138.399,4334.61,62.0,33.7069,1.46
6459.62,2412.62,0.37349,57.7074,925944.44,94.0265,2605.76,58.0,41.4819,4.589
10140.8,3165.07,0.31211,132.218,1344946.0,162.023,4100.53,37.0,33.5908,1.463
15289.1,3893.84,0.25468,209.884,2088460.4,255.41,5118.64,156.0,19.2337,2.598
16078.4,5361.14,0.33343,176.345,2209055.0,272.294,4972.51,36.0,31.5518,3.041
8479.28,1930.6,0.22768,85.9829,1192808.4,105.37,3917.39,102.0,34.6121,4.362
6629.07,2046.92,0.30877,63.7786,919185.06,78.7647,3214.1,39.0,38.581,3.915
7468.6,2202.64,0.29492,81.7839,1004288.8,132.063,3391.65,43.0,36.8544,1.357
12546.8,3031.54,0.24161,126.377,1766104.6,167.432,4555.83,58.0,30.4946,3.363
8937.34,2632.17,0.29451,98.2085,1246673.1,114.165,4140.24,119.0,34.1542,2.848
4889.41,1157.66,0.23676,38.9221,664258.25,57.6767,2574.9,50.0,41.8549,10.795
6614.67,2847.89,0.43054,63.3363,954112.2,110.933,3215.07,79.0,38.7238,13.6
5104.63,1777.18,0.34815,40.2269,675677.5,77.4045,3146.38,10.0,44.597,11.678
7322.26,3013.91,0.4116,66.7631,968251.8,123.169,2900.52,55.0,39.3224,16.174
9244.16,2627.69,0.28425,101.154,1313583.1,130.502,3813.47,45.0,35.0838,2.63
12988.7,3610.22,0.27795,115.555,1834414.5,175.994,4911.92,77.0,31.2478,7.578
7838.08,2026.24,0.25851,66.3626,1080628.1,105.909,3391.4,36.0,36.9656,5.647
16641.1,4989.09,0.2998,256.427,2285033.5,267.592,4878.1,280.0,25.7067,4.109
8743.4,1816.33,0.20773,78.4531,1246935.9,101.736,3750.6,35.0,35.545,2.298
7067.56,2122.03,0.30024,76.5766,962466.44,115.667,3064.9,81.0,39.0721,0.711
15912.6,6480.62,0.40726,183.892,2206586.8,294.883,4616.99,75.0,28.4107,10.848
6175.82,2154.23,0.34881,72.6503,771650.25,125.505,1973.03,80.0,42.2855,14.292
11465.8,4640.21,0.4047,101.222,1595958.0,151.031,4822.17,35.0,34.7413,16.132
8382.67,2441.71,0.29128,76.752,1137641.6,102.708,3141.88,111.0,34.4158,13.364
9254.25,3459.84,0.37386,59.3281,1276948.0,142.298,3817.04,36.0,38.844,14.306
7907.5,2097.36,0.26523,65.1618,1141235.2,93.7613,2589.47,50.0,40.5505,13.464
20868.1,8694.85,0.41665,164.821,2832908.5,371.241,10010.84,60.0,30.7166,4.445
11003.2,3307.65,0.3006,65.2141,1469607.8,156.605,5010.63,42.0,31.2149,16.519
13337.5,2836.1,0.21264,161.684,1823845.0,213.069,4828.73,95.0,28.0616,1.72
3965.05,1171.51,0.29545,36.0871,542481.1,48.914,1397.07,17.0,44.3268,1.398
17345.9,5225.07,0.30122,169.632,2384452.0,279.141,7429.49,122.0,24.3403,6.857
7972.81,3078.06,0.38606,81.8107,1125329.9,130.334,2999.89,101.0,37.2177,15.576
12284.0,4233.0,0.34459,114.719,1685729.8,167.349,4859.41,75.0,28.4967,15.735
7138.82,1779.14,0.24922,64.9239,952752.9,100.003,3270.92,75.0,38.537,13.85
6984.13,1934.46,0.27697,60.5245,957062.94,93.6856,3057.69,50.0,40.12,2.477
5244.74,1234.14,0.23531,42.4154,734135.9,67.4942,2708.4,26.0,41.2341,9.351
11301.7,3149.5,0.27867,133.126,1561734.5,164.227,4441.41,88.0,31.5685,1.975
7004.45,1890.07,0.26983,66.8811,989362.5,82.8456,3673.71,30.0,37.2802,2.079
8690.44,2214.05,0.25476,83.5288,1233822.8,105.797,4057.26,77.0,34.057,13.56
9189.27,2193.81,0.23873,108.32,1265180.4,140.114,3993.09,33.0,34.2508,2.001
8241.85,1495.07,0.18139,74.0527,1094394.0,97.3059,4024.1,25.0,36.935,9.916
10412.7,2981.07,0.28629,93.6597,1421946.4,148.114,3718.8,124.0,35.1461,15.416
8111.38,3283.54,0.4048,52.9881,1133396.8,134.134,3321.86,83.0,37.5909,12.065
7662.61,3160.41,0.41244,71.1874,1011149.75,118.999,3093.33,87.0,39.0601,15.482
11076.9,2913.41,0.26301,133.534,1522757.2,155.786,4448.28,90.0,31.1257,1.851
10313.5,3199.48,0.31022,132.343,1411458.9,153.212,4878.55,73.0,28.9158,3.386
9551.28,2880.97,0.30163,92.6583,1294031.1,103.963,3845.2,30.0,35.6219,17.215
8258.07,2766.85,0.33504,43.8049,1072050.5,120.524,3192.94,58.0,38.7439,11.529
7456.28,1677.77,0.22501,58.7728,1057628.8,86.3978,2918.36,23.0,38.8264,8.216
10314.2,2987.99,0.28969,107.971,1451313.5,138.066,4344.75,104.0,30.3232,20.847
13928.4,3636.01,0.26105,193.704,1939447.0,249.679,4940.18,143.0,26.7877,3.185
6646.39,2109.11,0.31733,64.6745,918006.2,93.5859,3154.38,46.0,39.7706,2.313
11849.9,3907.21,0.32972,87.9875,1618815.9,163.204,4181.39,127.0,32.6886,4.275
8114.9,2325.72,0.28659,97.18,1155406.6,109.443,3545.78,95.0,36.9576,2.282
8359.02,2700.99,0.32312,94.7302,1142605.4,120.157,3618.15,45.0,34.7035,2.829
7622.9,2365.61,0.31032,65.6988,1114556.4,96.5919,2703.59,54.0,39.9341,11.778
19728.5,6491.15,0.32902,250.628,2733305.8,340.302,5466.04,83.0,22.8913,4.315
10055.4,3163.99,0.31465,109.181,1353149.8,160.674,4217.03,81.0,33.0275,1.33
19328.4,5818.17,0.30101,204.363,2697453.0,317.316,6022.71,237.0,21.1134,4.753
8962.83,3149.93,0.35144,65.0714,1257381.9,120.88,4403.74,58.0,35.3163,17.324
16625.5,5043.44,0.30335,228.879,2365784.2,286.213,5687.74,106.0,21.0714,3.971
11959.4,3072.66,0.25692,126.136,1673845.9,166.686,4468.85,61.0,31.0627,2.764
9283.31,3748.09,0.40374,85.5249,1274628.4,132.577,4153.91,58.0,29.9198,15.588
3908.07,822.36,0.21042,42.3408,531946.3,56.4013,2537.43,15.0,42.5287,13.175
3775.79,1176.86,0.31168,33.9678,514195.2,48.5693,1339.44,24.0,44.6292,11.205
14395.1,4278.01,0.29718,155.206,2021438.5,204.321,6538.14,50.0,25.2681,20.481
11454.4,5689.17,0.49667,86.2373,1408649.4,222.727,3004.56,73.0,37.7851,20.563
11539.5,2805.99,0.24316,156.669,1654993.5,165.25,4770.92,32.0,29.1627,2.429
3902.86,1350.08,0.34592,36.3014,538389.7,49.8276,1382.57,26.0,44.4159,11.904
15151.7,3681.39,0.24296,183.583,2116865.0,224.447,4721.87,40.0,28.3392,1.476
14868.4,3111.15,0.20924,181.19,2065946.9,221.103,4702.23,37.0,26.0269,1.275
6325.03,1937.4,0.3063,64.6077,787982.8,92.7288,3074.44,31.0,39.4709,2.226
5152.0,1509.08,0.29291,57.8379,679031.5,81.9477,2650.35,28.0,41.2571,4.654
10294.0,4140.6,0.40223,99.5623,1429911.2,174.21,5523.34,58.0,32.4134,2.517
7015.63,2244.99,0.31999,70.6303,966471.7,100.273,3684.73,15.0,30.3281,11.682
6880.13,1826.9,0.26553,64.2359,917101.25,92.178,3526.85,56.0,39.0292,4.179
6252.94,2469.55,0.39494,62.6579,879171.4,109.054,3069.69,7.0,39.356,12.592
20626.1,8304.08,0.4026,242.708,2890040.0,372.345,5576.98,145.0,23.1143,7.96
3997.48,1315.78,0.32915,35.2909,567284.8,53.5706,1843.73,11.0,44.2907,5.941
10946.3,2903.11,0.26521,135.914,1521455.8,166.314,4699.27,173.0,28.673,0.803
8710.57,2097.1,0.24075,80.7345,1224329.5,110.155,4074.32,51.0,34.8735,16.769
13182.4,2931.44,0.22237,175.803,1843535.0,200.857,5000.65,176.0,27.9244,2.773
14440.7,5583.01,0.38661,130.564,2086674.2,203.553,6423.22,73.0,22.3434,16.199
14045.1,4717.25,0.33586,199.789,1833870.8,249.63,5222.12,82.0,26.1801,6.579
4545.0,1449.19,0.31885,38.9788,592593.0,64.7437,3013.52,25.0,41.6334,11.206
11237.2,4012.35,0.35705,128.298,1551532.5,178.176,3962.34,40.0,31.8972,3.265
6595.2,1666.95,0.25275,58.4665,883416.0,80.1153,2588.55,26.0,40.6473,10.672
7147.36,2079.78,0.29098,75.6947,961851.7,114.046,3044.19,89.0,39.3116,1.45
6237.84,1767.98,0.28342,68.9692,894891.0,80.8742,3084.8,8.0,38.9391,1.958
7206.03,2197.41,0.30494,66.0076,1009847.7,84.0103,3472.93,14.0,37.3626,6.49
9322.9,2496.19,0.26774,101.098,1292280.0,110.796,3284.01,40.0,35.8023,9.594
16308.0,4604.67,0.28235,208.585,2279634.5,285.792,5167.89,160.0,24.9427,4.165
13101.9,5012.78,0.38259,142.404,1851510.1,183.22,4452.13,43.0,30.4782,5.259
4367.01,1754.64,0.40179,36.691,608031.4,65.6492,1967.45,19.0,44.4753,1.713
7255.62,2082.22,0.28698,68.4427,987788.1,100.169,3530.83,56.0,37.6298,9.143
14535.2,5311.98,0.36545,166.15,2009914.6,215.586,5105.09,85.0,26.858,5.533
14197.8,4682.3,0.32979,156.758,1946171.0,236.953,4423.69,75.0,31.4949,18.596
10658.7,3952.05,0.37078,134.245,1500099.9,219.122,4181.96,126.0,33.2495,20.892
5933.77,857.14,0.14445,48.9394,840017.56,72.1997,2718.24,1.0,42.0983,0.809
7112.64,1962.85,0.27596,74.3234,1028896.44,110.201,4242.05,31.0,36.0766,2.895
9020.34,3282.96,0.36395,87.1715,1295659.0,126.993,4642.19,84.0,32.0862,19.625
3723.31,1286.02,0.34539,25.9219,507854.03,47.1239,1442.66,1.0,45.1337,1.745
11810.8,2974.7,0.25186,107.596,1652154.0,141.366,4674.91,43.0,29.3547,16.995
9765.49,3524.45,0.3609,151.978,1311249.9,200.645,4586.37,91.0,30.1545,5.426
6486.23,2433.25,0.37514,53.3539,886180.9,93.3766,3333.68,22.0,38.4768,6.993
8939.59,2371.16,0.26524,84.1474,1269825.5,119.69,4025.65,9.0,33.8404,2.173
4892.0,1413.08,0.28885,38.5385,674696.06,63.458,1441.71,24.0,44.3795,7.272
5277.75,1080.35,0.20469,60.0515,710231.5,60.7453,2732.45,65.0,41.0204,16.448
10161.5,2927.02,0.28804,131.366,1388921.9,143.901,4865.39,63.0,29.4087,3.612
11899.5,3513.08,0.29522,107.262,1634800.1,168.417,4664.86,19.0,31.5135,3.73
7705.04,1471.93,0.19103,60.0144,1066262.9,88.9991,3500.38,33.0,38.2913,13.81
11306.5,3953.04,0.34962,103.687,1475470.9,170.134,3968.2,97.0,35.2578,18.055
5868.77,1924.77,0.32796,39.8809,819602.25,81.7824,3238.05,44.0,41.9789,10.21
18450.9,5149.57,0.27909,200.178,2551140.5,283.71,6214.28,238.0,20.4152,9.741
13661.1,4887.44,0.35776,155.056,1946687.0,215.508,5451.4,86.0,26.2365,2.777
8763.02,2866.97,0.32716,64.7335,1218188.6,128.076,3764.32,12.0,37.3371,14.361
12490.2,3863.71,0.30933,132.732,1770973.9,224.376,4533.53,111.0,31.3055,15.609
17127.9,4145.7,0.24204,227.754,2357635.0,294.613,5240.26,217.0,23.919,5.176
13883.7,4013.69,0.28909,168.074,1993535.8,247.69,4887.0,85.0,27.4647,3.281
9018.04,3525.81,0.39097,68.0776,1272476.6,129.546,4247.03,29.0,33.9388,19.861
11260.5,3620.54,0.32152,116.68,1594793.0,141.501,3826.92,72.0,34.9694,2.504
14671.6,4197.81,0.28611,195.467,2038977.4,222.832,5611.91,141.0,29.9357,0.82
18374.2,5671.08,0.30864,265.735,2499189.8,308.865,5694.04,319.0,21.3825,3.355
13697.2,3922.14,0.28634,168.922,1912125.9,213.587,4779.48,112.0,22.4335,4.744
5933.47,1180.57,0.19896,55.1547,824837.44,77.4113,2686.02,18.0,40.8134,1.008
11997.2,5457.53,0.4549,95.3254,1664986.4,189.88,3972.26,84.0,35.6511,17.298
11802.2,3181.5,0.26956,148.325,1685636.1,166.059,4675.84,28.0,28.6685,1.727
10839.7,3088.86,0.28495,119.632,1453634.0,163.18,4149.47,38.0,33.2569,1.682
5820.5,1928.93,0.3314,55.9336,802673.56,79.2056,3160.55,11.0,39.5384,8.394
6667.3,2215.41,0.33227,65.4834,899679.9,93.2913,3111.36,20.0,40.2474,1.539
15747.3,4784.41,0.30382,192.911,2099523.5,251.139,5223.11,195.0,25.478,2.576
4171.67,949.06,0.2275,41.2065,575258.4,45.6007,2339.18,42.0,43.3759,11.339
7538.35,2103.86,0.27908,71.6357,1054826.9,96.4777,3146.95,32.0,38.4698,3.332
11759.7,4097.24,0.34841,118.091,1632965.6,199.582,4007.17,67.0,30.2806,16.329
21858.2,6375.93,0.29169,291.992,3025407.0,366.788,6355.94,96.0,17.8646,3.404
11132.6,2934.05,0.26355,122.106,1531799.8,204.933,4312.53,149.0,29.0922,16.101
4648.76,1759.77,0.37854,46.9062,674306.25,68.1371,2375.4,58.0,42.9715,10.813
5286.39,1443.71,0.27309,44.9377,714637.4,85.0259,2889.41,17.0,41.6406,8.922
6987.67,1728.26,0.24732,58.4669,954612.5,85.1125,3009.5,15.0,40.1906,2.957
8210.13,2800.9,0.34115,80.5562,1120476.6,119.952,3898.38,32.0,37.7959,4.017
13818.9,4321.91,0.31275,163.239,1928390.4,217.985,5245.08,50.0,28.8238,2.472
9179.6,2077.89,0.22635,78.0049,1218813.5,118.376,3375.65,29.0,38.0526,13.677
6034.8,1896.56,0.31427,38.7512,833097.3,84.1005,2385.2,10.0,41.2062,14.817
6407.28,1723.67,0.26901,67.5593,876103.4,91.0491,3255.67,85.0,38.5692,14.304
7938.55,2075.58,0.26145,81.2568,1124337.4,109.707,3903.13,34.0,35.8004,2.608
10520.6,3022.24,0.28726,153.406,1446326.5,185.45,4258.83,113.0,32.2314,6.111
7837.09,1752.99,0.22367,98.4787,1047163.94,125.846,3368.91,5.0,36.9677,1.303
8015.99,3214.32,0.40098,80.7022,1148802.2,125.492,3265.3,43.0,37.9949,3.668
13147.2,3468.68,0.26383,113.919,1848833.6,144.789,4256.1,147.0,31.7647,18.795
15941.1,4981.27,0.31247,178.631,2219868.2,247.954,5477.89,156.0,23.7966,1.909
5857.74,2131.65,0.3639,56.1994,821024.5,80.3243,2633.25,33.0,41.2214,3.316
7579.33,2173.46,0.28676,72.1861,1034347.3,117.127,3079.35,80.0,38.6443,1.191
6065.01,1570.87,0.259,66.0619,767343.25,92.426,3053.14,18.0,39.6759,4.097
7039.68,2092.01,0.29717,64.1283,971490.8,95.2773,3079.75,53.0,39.8062,2.379
11499.5,3736.04,0.32488,98.8455,1594289.5,161.973,4043.62,113.0,35.4438,7.788
7331.49,1198.29,0.16344,60.9774,1009169.1,77.6455,2835.73,31.0,39.6393,14.202
13491.6,5012.21,0.3715,108.504,1810952.0,244.843,4364.29,142.0,27.8654,6.653
10310.6,2638.74,0.25592,120.214,1421957.8,169.389,4711.95,75.0,27.401,1.578
9379.85,2799.95,0.2985,90.1317,1308282.5,125.572,4584.8,46.0,33.8935,1.584
8468.34,2122.38,0.25062,92.7195,1182589.2,124.646,3232.54,4.0,36.9507,0.472
7603.51,2721.52,0.35792,65.4815,1027950.8,110.312,3330.49,28.0,39.8109,3.715
23522.9,5752.0,0.24452,324.181,3236717.0,406.561,6230.21,136.0,19.8321,1.03
11586.0,3102.55,0.26778,134.827,1584064.9,159.132,4508.25,84.0,31.4002,2.042
7048.67,1762.18,0.25,67.4151,965497.06,95.9753,3145.9,32.0,38.5864,11.425
6921.93,1985.34,0.28681,77.4927,944673.0,108.601,3067.44,84.0,39.0929,1.157
9515.84,3598.21,0.37812,71.9834,1261553.6,162.536,4380.97,71.0,31.7199,15.741
13376.2,4869.79,0.36406,130.719,1903838.6,192.182,4923.45,57.0,26.8278,16.782
5784.84,1265.87,0.21882,57.1086,762794.3,73.8968,2723.76,59.0,40.1237,18.408
7432.53,2449.48,0.32956,92.5837,1007691.7,123.62,3218.94,84.0,38.6371,1.917
6752.64,2451.0,0.36296,62.3431,986187.3,112.225,2338.42,47.0,41.7431,12.001
12474.0,3716.82,0.29796,175.575,1720057.9,195.523,4841.01,117.0,28.2938,3.906
15967.9,5055.0,0.31657,182.387,2225952.8,258.553,5491.47,151.0,22.9799,1.966
14609.4,4095.48,0.28033,141.181,2036330.8,175.649,4631.41,56.0,29.8936,3.292
5705.77,1707.83,0.29931,38.8749,795496.75,64.9954,1976.9,40.0,43.7272,12.108
9678.48,2645.33,0.27332,115.72,1327870.2,138.044,4158.0,131.0,32.7848,2.108
15558.4,4575.03,0.29405,179.277,2134236.5,271.376,5262.29,85.0,25.2057,6.329
8443.2,2677.29,0.31709,62.0352,1178746.1,127.839,3045.85,32.0,37.9392,5.336
7705.67,2158.0,0.28005,90.124,1096699.5,111.902,3514.22,95.0,37.0755,1.92
9854.15,3503.4,0.35552,94.5033,1356998.4,138.058,3917.45,77.0,36.8736,11.555
8451.82,2659.02,0.3146,81.1751,1173469.2,111.495,3777.29,40.0,36.0581,15.142
7083.21,2152.6,0.3039,61.1039,971776.56,93.2593,2749.29,57.0,39.8139,15.304
11835.3,3112.81,0.26301,130.961,1638325.8,166.033,3714.29,31.0,34.446,2.083
7739.03,2478.31,0.32023,83.2296,1053536.6,108.566,3562.44,45.0,38.031,5.147
10344.2,2216.06,0.21423,103.09,1471579.0,142.397,4290.42,47.0,33.5024,0.756
19270.0,8239.58,0.42758,140.072,2650910.8,311.612,5747.31,116.0,23.1269,20.123
5694.48,875.86,0.1538,46.901,795393.4,73.0865,2606.55,1.0,41.9323,1.236
8150.86,2133.51,0.26175,84.2436,1131542.9,118.719,3917.54,32.0,35.5217,1.791
11950.7,5075.46,0.42469,99.0815,1626532.1,201.216,4100.04,26.0,34.2098,14.403
6655.74,1669.57,0.25084,65.0193,923712.06,81.009,2918.88,70.0,39.283,17.182
9588.43,2869.22,0.29923,84.7216,1348412.0,131.159,4210.48,48.0,34.2618,1.957
10896.2,2909.42,0.26701,135.5,1494369.9,164.501,3704.55,25.0,34.5481,2.277
7967.44,2705.71,0.33959,86.7322,1137686.4,121.689,3531.52,41.0,37.4773,5.441
15925.7,4481.69,0.28141,182.772,2273482.8,231.747,5123.07,223.0,26.2396,17.515
5677.77,1585.45,0.27923,46.506,794675.2,73.0472,2943.28,15.0,39.5855,2.54
16099.6,6207.76,0.38558,201.985,2113054.5,259.076,5559.88,106.0,26.4081,7.098
19592.4,6384.84,0.32588,248.291,2736734.8,326.826,5484.57,75.0,23.5898,3.529
12674.6,5999.7,0.47336,104.158,1764860.6,224.327,4104.02,45.0,30.1247,18.253
9254.94,2215.11,0.23934,98.8331,1306116.0,126.458,3856.59,53.0,34.8753,2.996
16649.4,6174.85,0.37087,181.374,2247203.8,257.681,0.0,133.0,25.3804,18.669
4753.75,1644.93,0.34602,43.8823,646782.25,60.0329,1941.05,36.0,42.9623,4.67
9233.83,3451.07,0.37374,80.2366,1259511.9,117.377,3387.81,16.0,37.055,4.434
6085.38,2242.75,0.36854,39.391,832761.44,90.2353,2233.37,7.0,42.419,17.393
12524.2,3487.68,0.27847,164.156,1739841.5,164.538,5024.31,99.0,28.0547,17.726
9818.16,4231.2,0.43095,95.4914,1388851.5,164.694,3683.49,52.0,35.2302,17.466
7249.46,1855.96,0.25601,62.4132,1007619.44,99.3284,3946.03,49.0,36.6784,13.723
6454.54,2267.54,0.3513,64.22,818125.1,106.006,3132.13,25.0,37.9548,3.001
14157.2,4842.67,0.34206,161.261,2011370.4,232.627,4515.3,64.0,29.4748,3.928
4203.21,1527.19,0.36333,24.7812,569765.2,55.228,1739.48,14.0,45.6301,9.104
11546.3,4024.96,0.34859,76.2938,1587894.8,168.161,4865.22,65.0,31.3571,16.159
13814.6,4600.7,0.33303,140.382,1961400.8,184.669,4525.69,46.0,30.3872,5.862
4642.91,1409.86,0.30365,40.0235,624413.06,60.81,2716.72,17.0,40.0204,10.859
12972.8,3884.2,0.29941,156.683,1820019.5,233.474,4348.59,72.0,29.9852,1.554
9213.64,2594.52,0.28159,83.3659,1318028.9,120.03,4158.68,70.0,33.8306,4.238
22078.0,8159.11,0.36955,194.012,3066849.2,362.525,17275.4,146.0,26.9343,3.379
23470.2,7193.56,0.30649,300.766,3269017.2,387.7,6382.79,105.0,17.7532,3.753
9625.69,3144.63,0.32669,117.829,1371450.9,126.508,3907.27,55.0,34.5396,1.869
4349.49,1247.57,0.28683,41.8673,576307.25,61.6395,2773.86,18.0,42.4028,11.17
13696.0,4088.79,0.29853,145.35,1844330.9,211.942,4993.11,53.0,28.1334,3.581
12973.7,5106.22,0.39358,99.6767,1794437.1,210.677,4766.05,94.0,30.4786,16.347
6896.51,1485.34,0.21537,71.1506,1006021.0,71.4068,2550.66,42.0,40.6787,13.343
10396.5,3183.27,0.30618,116.748,1477214.2,134.505,3844.99,52.0,34.8595,1.66
10704.2,3134.65,0.29284,99.6031,1455340.5,135.784,5941.13,37.0,30.1301,15.57
10954.1,3660.94,0.3342,93.4732,1515966.9,153.212,3946.49,20.0,36.2576,6.269
6443.43,2324.75,0.36079,74.6845,862755.9,114.332,3399.6,47.0,37.146,16.571
8230.86,2114.96,0.25695,67.5182,1135024.5,114.331,3840.33,23.0,35.9841,1.649
9154.46,2636.12,0.28796,92.4891,1269634.5,126.979,4134.75,102.0,33.9928,12.985
10224.1,3040.57,0.29739,112.745,1454135.0,135.693,3860.09,58.0,34.7432,2.013
4091.09,734.15,0.17945,41.3201,537181.0,57.6449,2540.44,14.0,43.4929,1.916
11597.1,4971.52,0.42868,109.546,1558121.5,180.591,4651.54,76.0,32.8727,15.641
11521.8,3205.43,0.2782,143.126,1556617.6,168.261,4454.57,97.0,30.4703,3.279
7885.1,1969.46,0.24976,94.2108,1102702.5,123.46,3229.48,4.0,36.636,0.481
4985.45,1860.78,0.37324,40.7844,661129.56,84.7374,2921.2,7.0,40.6093,12.122
4216.67,1336.55,0.31696,37.0264,579355.9,50.9257,1442.91,17.0,44.1863,1.542
4668.27,1169.66,0.25055,46.9732,589805.7,65.9408,2118.7,18.0,43.613,1.442
7479.33,2447.6,0.32724,66.3132,1038595.0,109.064,3508.75,59.0,37.6575,2.983
11196.3,3469.4,0.30987,127.498,1586015.2,180.209,4448.41,40.0,31.3179,3.15
11206.6,3773.78,0.33674,115.286,1577035.1,145.097,3926.98,82.0,34.6622,6.362
5638.39,1930.06,0.3423,60.3226,736435.56,98.172,2444.94,35.0,39.5685,3.378
6666.14,2322.86,0.34845,66.257,889329.2,88.9839,2885.37,69.0,40.2789,9.39
8272.0,2593.64,0.31354,64.2555,1178382.4,100.279,2813.51,70.0,38.6392,13.639
12325.3,4482.45,0.36367,72.5928,1749007.9,161.928,4551.94,98.0,31.372,16.551
20314.0,6293.59,0.30981,245.488,2830541.0,328.15,5510.8,84.0,23.5892,3.364
14646.7,5804.27,0.39628,157.508,2059140.9,230.079,4882.05,114.0,28.1658,8.986
6692.53,3138.72,0.46898,70.6189,920848.44,115.764,3132.12,64.0,38.3126,14.872
9332.0,2857.29,0.30618,89.3686,1328880.6,126.09,4281.99,71.0,33.1049,5.413
7266.64,2143.32,0.29495,75.456,991827.2,114.454,3064.86,82.0,39.0477,0.701
5743.26,1813.17,0.3157,57.1278,785837.44,79.5695,3214.4,13.0,39.7319,7.769
13921.9,5346.12,0.384,203.628,1838821.6,244.969,5132.49,93.0,26.8497,5.456
5018.33,1642.39,0.32727,20.4334,685244.7,64.6818,1963.24,41.0,43.2919,10.065
13448.4,3405.33,0.25321,163.251,1841060.6,212.239,4855.6,112.0,27.821,2.616
6466.55,1585.62,0.2452,48.8028,914694.94,74.7527,3261.37,56.0,39.2513,1.603
15103.3,4639.19,0.30716,155.131,2153797.8,217.314,5536.35,171.0,23.5758,12.037
20584.5,6702.99,0.32563,250.681,2868824.0,353.446,5914.58,215.0,24.1248,6.237
14628.8,3222.0,0.22025,170.777,2065902.8,226.278,4908.51,96.0,25.2166,6.078
7764.46,2621.05,0.33757,53.9765,1129217.6,98.7245,3464.45,31.0,37.688,15.455
8145.15,2668.39,0.3276,63.7441,1137030.0,106.527,3675.51,12.0,37.1337,16.515
9419.76,2392.42,0.25397,78.5711,1285645.5,118.811,3630.74,51.0,38.6257,16.018
9683.76,3797.69,0.39217,88.1552,1298791.4,136.606,3969.43,44.0,34.3838,18.023
6460.73,1465.31,0.2268,63.8442,893218.75,86.662,3344.48,25.0,37.788,5.235
8615.18,2011.94,0.23353,79.5839,1217759.1,116.081,3783.96,31.0,35.1528,1.39
9460.21,4427.62,0.46802,83.9104,1321756.5,146.404,3623.27,38.0,35.9371,15.934
6466.21,1883.86,0.29133,72.9844,853903.3,105.485,3431.47,81.0,37.9647,2.284
8659.05,2033.05,0.23478,95.3217,1197298.8,112.255,3337.52,121.0,36.3214,1.812
8539.06,2553.43,0.29902,95.7324,1203766.6,123.424,3587.13,88.0,37.0226,2.337
6280.27,1733.89,0.27608,61.4925,790628.3,98.4659,3243.58,16.0,39.3722,1.701
5484.4,1892.81,0.34512,53.4284,793634.56,73.7713,2271.95,77.0,42.297,10.478
13810.9,4444.95,0.32184,184.078,1903869.0,249.646,4535.56,30.0,29.1975,1.963
7638.81,2218.77,0.29046,89.5807,1021922.8,107.721,3400.84,34.0,31.0904,15.781
4208.31,810.94,0.19269,40.922,554760.06,58.9336,2562.74,11.0,43.5281,2.216
4881.12,1507.01,0.30874,48.5648,683979.25,66.2759,1977.29,10.0,42.3332,3.848
21083.3,5715.2,0.27107,291.84,2841080.5,311.88,6570.13,286.0,19.4956,1.837
7013.08,1837.51,0.26201,67.5227,960040.94,104.51,3614.14,22.0,37.4062,1.564
8501.69,3484.07,0.4098,90.255,1195806.6,136.302,3848.55,32.0,36.3832,13.053
8426.28,1560.44,0.18518,97.6901,1192655.0,120.419,3805.18,44.0,35.3857,3.122
4934.54,980.27,0.19865,42.5914,705879.8,59.1127,2185.0,80.0,42.8154,0.716
11363.1,3585.33,0.31552,96.3441,1584417.5,156.105,5081.0,106.0,27.3118,13.712
15420.7,5221.22,0.33858,170.914,2206930.2,238.012,6737.33,59.0,26.7903,19.225
4048.4,724.46,0.17894,39.4545,532020.06,59.399,2571.58,11.0,41.8567,2.141
10601.7,3263.1,0.30779,128.112,1409234.0,167.816,4187.13,36.0,33.6027,1.604
4233.83,831.6,0.19641,40.7758,553422.44,63.4748,2571.78,11.0,43.4875,2.157
18853.8,7815.98,0.41455,194.131,2504269.5,329.655,5786.08,79.0,28.3346,5.242
14971.0,4257.79,0.2844,196.094,2070214.2,222.219,5637.25,135.0,22.6498,1.3
4359.82,759.01,0.17409,41.076,576831.6,65.0825,2570.04,11.0,43.3352,2.226
17178.8,4104.5,0.23892,191.167,2420033.5,268.258,5669.24,90.0,23.0435,1.442
12258.0,3338.97,0.27239,146.268,1653411.0,184.991,4738.66,68.0,26.331,7.498
7989.06,1931.66,0.24178,71.1722,1167186.2,93.0897,3060.41,20.0,37.8763,1.43
5526.41,1284.43,0.23241,51.8885,725157.75,87.4084,3415.23,21.0,40.7842,2.108
9448.94,2417.21,0.25581,102.515,1332138.5,156.046,3831.32,12.0,34.1232,0.603
5335.81,1752.42,0.32842,44.1045,743897.06,69.5441,2001.89,22.0,42.9341,3.351
10181.9,4078.45,0.40055,92.8621,1423943.4,156.246,3888.04,8.0,35.0146,16.677
13641.7,3672.22,0.26919,186.821,1883836.0,212.284,4579.84,185.0,29.1308,1.892
8099.02,2605.36,0.32168,66.0628,1113883.0,104.258,3125.63,39.0,39.8245,16.818
9247.9,3537.87,0.38255,89.2341,1316306.9,150.08,4142.72,85.0,32.6117,15.032
10668.2,3193.78,0.29937,124.703,1442020.5,166.742,3958.03,34.0,33.3029,1.861
7515.45,2122.07,0.28236,66.2799,992344.8,98.6435,3376.3,23.0,37.7383,2.784
14996.2,5012.73,0.33426,117.079,2099352.2,192.483,4974.31,145.0,28.7973,10.667
18891.3,5877.44,0.31111,179.942,2582337.5,275.545,6347.1,100.0,20.5607,19.273
6921.03,2830.9,0.40902,48.189,990917.75,98.5186,2780.82,28.0,39.9671,12.787
13781.1,4394.39,0.31887,168.04,1912825.0,204.267,4774.4,90.0,28.8343,7.59
13285.6,3877.38,0.29184,170.431,1851351.5,225.984,4319.04,79.0,30.9525,1.75
7762.63,1811.19,0.23332,64.7482,1091902.2,84.8124,2956.52,32.0,38.3347,13.336
10924.1,3720.11,0.34054,131.834,1461037.1,167.345,4150.05,47.0,33.3677,1.562
7960.92,2513.36,0.31571,63.6605,1119246.1,104.675,3375.35,28.0,36.3688,17.824
5358.89,1303.63,0.24326,43.8014,717050.4,72.382,3050.79,14.0,43.2639,9.096
7074.01,1830.03,0.25869,66.1372,971973.9,87.5656,3095.25,48.0,39.5517,1.957
7104.56,1774.28,0.24973,54.9405,929774.1,92.8232,3109.78,51.0,37.6809,17.139
4499.33,922.82,0.2051,42.6516,608222.1,59.0736,2533.62,11.0,42.9559,5.097
15592.1,5559.32,0.35654,169.087,2125961.2,236.717,5232.24,129.0,26.0014,9.996
8688.92,1882.61,0.21666,99.8124,1208609.2,130.017,3821.67,39.0,34.9364,2.58
11342.2,3287.36,0.28983,133.469,1605753.6,161.84,4381.79,56.0,32.1268,4.018
9228.21,2530.61,0.27422,106.872,1289681.2,115.36,3443.11,47.0,36.1369,10.282
9367.64,2520.15,0.26902,120.912,1286123.5,137.216,4125.82,133.0,32.7757,2.474
5726.44,2176.28,0.38004,49.0151,771427.56,96.4654,2886.33,56.0,40.2712,14.549
9251.24,2891.74,0.31257,55.7868,1269766.0,127.108,4411.78,29.0,37.4618,11.833
13880.3,4806.14,0.34625,134.992,1923914.9,180.008,5248.15,62.0,26.972,16.724
10967.8,3800.87,0.34654,98.0428,1523458.0,149.544,3782.18,38.0,35.126,19.17
8696.29,2527.07,0.29059,77.3209,1197406.9,109.687,4616.27,81.0,35.9502,20.338
9955.93,4029.88,0.40477,90.2749,1444577.2,138.633,4732.08,30.0,32.6033,14.522
8162.57,2572.76,0.31518,66.6561,1128474.4,107.893,3318.75,35.0,37.0491,15.717
7891.25,2632.16,0.33355,68.9677,1116312.4,98.2062,3177.51,29.0,38.1627,9.483
13216.7,4043.71,0.30595,128.247,1859997.1,160.59,5092.27,151.0,27.72,15.419
18804.3,5193.38,0.27618,228.973,2587087.5,261.124,5595.29,184.0,22.745,3.512
7395.74,2597.52,0.35121,72.091,1058238.8,109.943,3454.65,25.0,37.5069,16.636
4962.38,1202.8,0.24238,44.0365,715701.06,68.5087,2447.56,42.0,42.128,6.365
14046.3,4302.17,0.30628,156.708,1918117.5,213.417,5151.11,12.0,30.8177,16.315
7434.19,2470.2,0.33227,74.9758,1056736.4,94.7601,3729.54,17.0,36.8641,18.856
17924.8,6971.66,0.38893,130.47,2415584.0,268.698,4561.89,60.0,34.9137,19.852
7246.85,2726.71,0.37626,83.7833,997848.94,116.238,3486.8,36.0,37.958,4.015
15666.0,5194.19,0.33155,216.141,2181328.5,256.979,5303.48,290.0,24.7486,2.09
8488.51,2167.15,0.2553,74.7181,1157725.8,101.441,3799.89,90.0,34.402,15.037
19057.9,5567.07,0.29211,249.397,2585272.0,304.837,5785.41,333.0,20.8296,2.602
12709.1,2461.47,0.19367,160.595,1726253.6,210.505,4686.85,96.0,29.0729,1.764
22893.8,9542.64,0.41682,181.437,3131765.2,398.396,15409.45,145.0,27.9774,18.04
6686.64,1788.64,0.26749,62.205,906056.25,86.0827,3392.4,42.0,38.7374,6.74
17104.6,4968.63,0.29048,236.206,2354672.5,296.499,5248.13,191.0,19.2024,4.791
7612.06,2968.18,0.38993,65.2549,1114322.2,105.748,3233.03,30.0,38.7575,1.556
16154.5,5811.17,0.35972,184.288,2266964.5,276.134,5052.82,109.0,26.3841,3.152
5509.91,1482.91,0.26913,48.7245,720853.06,64.3173,2011.42,32.0,43.3832,12.231
11572.7,4179.89,0.36118,116.623,1640031.5,167.934,4549.88,145.0,27.1742,19.757
13956.1,2816.35,0.2018,175.078,1962204.9,197.025,4041.58,145.0,32.1719,1.494
6782.98,1736.26,0.25597,64.2574,944160.4,84.1159,3574.76,36.0,37.4433,2.189
13980.2,4655.46,0.333,151.428,2012749.8,227.724,4955.47,90.0,28.8533,1.657
7838.98,2856.64,0.36441,83.8903,1075972.4,120.792,3593.21,37.0,37.1796,6.671
21449.2,6891.05,0.32127,249.26,2996187.0,339.683,5540.05,72.0,23.1755,3.482
9191.59,2546.01,0.27699,74.5367,1322337.4,120.802,4453.5,94.0,33.0971,1.584
7899.91,2852.0,0.36101,75.9901,1085827.9,118.485,3602.88,48.0,33.5081,16.139
8544.74,2610.42,0.3055,51.4756,1173229.9,110.7,3986.37,26.0,35.9684,13.903
6360.24,1936.06,0.3044,55.4659,842330.5,90.8245,2776.37,57.0,40.2334,15.918
9498.87,3636.05,0.38278,93.5887,1350651.6,141.083,3698.62,29.0,35.1298,3.066
7727.98,1456.21,0.18843,68.2196,1088994.9,100.612,3723.21,12.0,33.0077,1.775
9750.57,2465.29,0.25283,99.5155,1354356.6,107.141,3443.12,31.0,35.8411,13.296
6926.92,1743.22,0.25165,65.6494,969020.4,91.6134,3076.76,35.0,36.6341,4.428
14124.6,5559.24,0.39358,178.952,1912223.4,288.464,4401.28,84.0,32.2004,18.95
7506.46,1233.37,0.1643,54.9025,1107660.9,85.9364,2469.41,44.0,40.4971,15.351
10333.8,1488.94,0.14408,144.709,1445257.9,157.221,4601.91,140.0,29.8902,1.788
15073.9,3527.97,0.23404,202.813,2100615.5,246.557,4969.68,120.0,26.7682,2.085
8607.5,2839.08,0.32983,71.2936,1197681.9,116.632,4586.27,18.0,34.2574,12.873
13464.1,3556.83,0.26417,173.903,1894221.2,208.546,5052.96,192.0,26.711,1.947
15570.7,3618.21,0.23237,210.138,2138202.5,236.536,5165.2,122.0,21.71,3.306
9924.58,2848.9,0.28705,97.4503,1379624.5,138.879,4907.97,52.0,28.1918,8.62
5628.37,1224.03,0.21747,50.615,799624.2,72.2375,2915.26,57.0,39.3881,1.888
8479.49,2681.51,0.31623,74.0349,1234361.9,109.182,3085.61,22.0,32.519,1.606
8403.81,2755.96,0.32794,78.3125,1115755.1,119.237,3205.42,82.0,38.7484,5.006
7223.45,1373.22,0.1901,67.8766,987031.0,94.5042,3466.43,30.0,36.769,7.747
5518.73,847.3,0.15353,50.9398,752788.7,61.2334,3024.16,19.0,39.9193,4.085
14076.3,5070.17,0.36019,84.304,1919323.1,186.402,4733.89,131.0,30.1117,15.576
8931.87,3159.26,0.3537,79.9677,1195073.9,133.006,3788.61,49.0,35.4231,8.318
7415.35,2132.99,0.28764,74.9092,985069.9,98.0948,3363.99,81.0,37.5866,3.384
5255.87,1892.65,0.3601,49.718,731327.7,74.1591,2159.93,29.0,42.528,4.445
11742.0,3637.84,0.30981,139.137,1687168.8,207.448,4795.87,57.0,29.7593,1.984
12443.8,3658.32,0.29398,148.088,1745001.9,219.842,4729.7,84.0,29.1679,4.714
7694.91,1718.52,0.22333,67.7695,1034761.75,89.5007,3512.08,30.0,36.6438,13.069
8220.81,2923.08,0.35557,73.6583,1143967.8,127.525,3894.54,19.0,35.489,16.726
9046.0,2750.89,0.3041,104.309,1239706.2,133.611,3511.84,123.0,35.7707,1.75
7724.68,2521.16,0.32637,72.0986,1040737.94,132.502,3102.19,74.0,39.1153,1.773
17332.7,4983.65,0.28752,227.774,2409079.0,282.981,5727.28,198.0,21.8532,2.466
19550.4,5605.82,0.28673,203.862,2710278.5,302.974,6232.76,241.0,19.5606,9.293
9104.09,3596.57,0.39504,72.0484,1294454.9,134.559,4662.43,23.0,32.3549,18.553
18661.7,6152.55,0.32968,184.484,2638191.0,298.681,5613.85,197.0,22.9076,8.675
9778.36,2422.85,0.24777,100.688,1397274.2,146.013,3897.59,41.0,31.1747,2.293
8842.95,2411.27,0.27267,81.7331,1199296.9,118.766,3849.32,33.0,35.4131,1.913
10174.2,2604.22,0.25596,128.854,1407684.5,159.957,4612.74,62.0,30.0919,1.247
15951.9,3267.78,0.20485,203.535,2199620.0,237.795,5134.47,138.0,24.9394,2.035
11822.9,4590.26,0.38825,89.7798,1679306.5,164.149,4773.56,106.0,30.805,19.664
5638.98,901.04,0.15978,51.4642,777632.56,64.7135,2999.88,22.0,39.6756,3.612
13955.8,3494.66,0.2504,144.735,1955818.4,200.917,4630.65,102.0,30.0499,4.59
10145.5,3930.55,0.38741,85.1272,1457432.1,150.518,4000.04,37.0,36.9008,3.513
15835.8,5655.58,0.35713,190.44,2265742.8,277.65,5098.29,100.0,26.8109,4.45
8065.2,2832.04,0.35114,74.7296,1153373.1,102.084,3088.69,48.0,36.752,3.66
13863.6,4499.91,0.32458,164.178,1912439.9,220.509,5274.41,198.0,27.0405,1.526
12114.3,3787.25,0.31262,77.6242,1641288.8,175.289,5278.63,58.0,33.8443,15.558
18799.2,4333.53,0.23051,229.676,2634558.5,265.471,5545.95,83.0,23.7431,2.309
5827.16,1604.44,0.27533,59.1808,785526.2,82.7094,2689.31,42.0,40.8385,4.028
10137.8,4098.82,0.40431,91.5691,1385695.0,142.546,4433.42,88.0,31.9596,15.282
5766.45,826.24,0.14328,49.0814,815132.1,66.5547,2600.89,1.0,42.4023,0.748
5919.94,1203.68,0.20332,54.7527,816833.1,80.5729,2692.72,17.0,40.7856,1.063
9399.93,3147.97,0.33489,83.4213,1349375.4,130.877,3937.41,51.0,36.2827,16.093
6766.26,1846.69,0.27292,77.2802,926255.6,108.015,3020.72,82.0,39.3756,0.694
7089.36,1706.83,0.24075,64.4743,976502.0,89.4827,3278.52,58.0,38.8983,5.731
8737.89,2269.05,0.25967,85.2705,1238118.4,124.99,3310.49,3.0,36.5697,2.274
7256.87,1369.6,0.18873,59.6107,1064181.9,94.23,2429.0,68.0,41.158,15.129
14778.6,4790.81,0.32417,191.458,2059752.1,250.686,4464.24,26.0,30.0476,3.083
11446.7,3200.03,0.27955,133.546,1614291.0,175.411,4962.29,167.0,26.9981,1.559
8454.23,2897.78,0.34276,51.1771,1135163.1,124.785,4705.93,33.0,37.3846,14.001
9815.58,4179.25,0.42577,87.9582,1395073.4,149.345,3995.42,37.0,35.0094,14.783
7875.56,2234.77,0.28376,63.5555,1100510.0,108.547,3360.83,89.0,36.9866,2.793
9202.74,2169.74,0.23577,110.168,1289330.5,135.692,4211.32,64.0,34.3998,2.478
5915.17,2308.66,0.39029,72.0865,808618.0,93.4293,3124.08,51.0,40.2769,12.418
21475.6,6801.02,0.31668,244.626,3003361.0,334.656,5539.45,70.0,23.172,3.581
12425.6,4144.06,0.3335,116.924,1777695.9,164.088,4732.41,144.0,30.0954,6.321
9813.17,3278.54,0.33409,106.02,1348060.6,149.148,4741.6,45.0,33.0987,2.73
7919.22,2077.37,0.26232,95.9867,1099232.4,127.275,3202.66,5.0,37.0473,1.215
15429.7,4773.74,0.30938,182.963,2032631.0,223.762,4347.94,108.0,30.4416,2.49
8312.69,2872.99,0.34561,68.8208,1151004.2,121.653,3456.95,72.0,38.4215,16.676
5903.69,1983.73,0.33601,65.5421,786787.44,84.4113,2800.53,40.0,40.42,4.441
9266.72,2568.68,0.27719,102.13,1299308.2,129.624,4149.64,53.0,34.7793,4.626
8735.55,2209.34,0.25291,97.517,1182141.1,128.815,3509.36,10.0,36.8874,1.622
8814.81,2026.77,0.22992,99.4382,1235709.4,125.751,3834.17,40.0,35.0054,3.004
16353.4,4567.51,0.2793,202.094,2249940.8,276.794,5174.2,162.0,25.8751,2.856
5981.47,1386.48,0.23179,67.6784,839636.9,75.589,3096.21,22.0,38.5889,1.174
10884.0,2880.7,0.26467,160.972,1535619.4,164.394,4729.67,28.0,28.2031,2.427
11126.6,2934.43,0.26373,115.75,1513046.5,174.643,3944.11,30.0,32.6025,3.105
5419.13,1123.07,0.20724,45.6893,779263.3,71.761,2841.69,56.0,40.3004,1.884
7261.69,2907.03,0.40032,71.6618,1016983.2,113.739,3358.22,19.0,39.1256,15.362
7325.74,1117.08,0.15248,55.9126,1030758.5,78.5875,2738.32,28.0,39.9052,6.407
13583.9,5474.68,0.40302,154.529,1912526.9,217.571,5051.97,43.0,28.3382,19.735
6188.27,1781.82,0.28793,70.1439,864838.4,82.8694,3036.94,38.0,39.9296,4.05
7348.02,2185.38,0.29741,71.777,1010201.94,96.6797,3935.45,63.0,34.2135,2.252
15037.7,4335.96,0.28833,181.278,2092926.9,234.727,4517.12,19.0,29.5635,3.599
9242.94,2516.85,0.27229,101.514,1262871.5,146.124,4056.11,33.0,33.8766,1.771
7087.3,2616.6,0.36919,63.0867,1021699.44,94.7596,3229.46,29.0,38.8605,1.138
17565.6,5532.94,0.31498,203.347,2508180.8,294.905,5263.69,255.0,23.3738,14.484
9340.23,3369.13,0.36071,103.468,1292911.0,125.687,3399.01,26.0,31.892,13.889
7760.61,2237.21,0.28827,91.0205,1039003.6,119.497,3227.75,82.0,38.6607,1.739
17342.9,4766.71,0.27485,220.414,2457096.2,265.217,5611.96,91.0,21.7586,2.739
15565.4,5234.86,0.33631,194.2,2115318.8,263.476,4655.72,45.0,28.4537,2.163
6774.43,1832.38,0.27048,67.8684,909523.9,90.2421,3015.57,17.0,38.9168,2.057
4172.45,1288.01,0.30869,33.2805,576052.1,50.8986,1395.36,17.0,44.2944,1.51
7036.12,1897.73,0.26971,56.7888,989286.9,87.2741,2876.58,44.0,37.3484,16.395
4864.17,1355.74,0.27871,46.9372,668934.75,51.3647,1871.65,19.0,43.7386,0.0
5214.86,2078.9,0.39864,33.8829,741316.7,68.2599,2601.7,39.0,42.6985,3.508
15391.6,6700.65,0.43534,191.197,2164845.0,310.403,4674.18,118.0,28.6365,14.869
5924.92,1875.28,0.3165,56.5305,806090.8,79.4151,3175.88,13.0,39.4474,7.798
14724.7,5322.93,0.36149,169.559,2042342.6,225.19,5143.11,89.0,26.5208,5.416
8847.89,3686.41,0.41664,64.4738,1265844.8,132.624,4452.98,76.0,34.9787,16.261
4099.04,1357.36,0.33114,34.8238,555055.7,53.2395,1431.76,31.0,44.3253,11.349
8801.29,2681.65,0.30468,95.6148,1234719.4,122.474,3569.92,89.0,35.6644,2.188
8435.74,1589.7,0.18844,76.8054,1211548.8,95.3777,3812.69,15.0,35.4505,1.154
3820.29,1014.67,0.2656,33.6537,542329.3,46.7376,1769.12,11.0,44.5007,2.021
7336.12,1082.91,0.14761,81.5957,1028473.7,112.949,3784.74,80.0,35.8,15.321
8549.69,3073.57,0.35949,85.6757,1150902.9,135.497,4268.98,110.0,33.1744,5.235
8508.96,2660.52,0.31267,76.2437,1156732.5,108.329,3934.79,91.0,31.6397,12.938
5369.3,1034.78,0.19272,57.3817,731789.8,59.7431,2385.17,40.0,41.4602,11.144
7114.91,1790.28,0.25162,64.1599,946185.56,97.1418,3439.01,38.0,35.6985,11.367
19440.0,7792.36,0.40084,154.788,2659977.5,337.291,8128.49,51.0,31.5585,2.918
11489.7,2763.67,0.24053,130.653,1584520.1,151.309,3942.12,19.0,33.3868,3.723
8873.37,2462.2,0.27748,83.6242,1271358.2,119.663,4127.44,4.0,33.544,1.575
8908.08,2279.24,0.25586,88.7867,1252218.8,118.116,3358.55,106.0,37.3796,19.567
15343.1,5698.94,0.37143,161.636,2149323.5,265.663,5058.55,121.0,27.4632,18.844
7861.94,1995.27,0.25378,93.4254,1099789.1,124.689,3212.7,5.0,37.0365,0.673
7239.39,2107.87,0.29116,75.8913,987175.44,114.998,3070.11,80.0,39.4591,0.701
8708.14,3216.93,0.36941,69.7163,1220672.5,131.007,3492.42,78.0,37.5359,19.944
14262.8,4948.28,0.34693,130.587,2059589.9,200.803,4840.18,125.0,29.151,4.201
13098.5,3714.34,0.28356,165.799,1826705.0,195.98,4898.8,54.0,28.6172,2.46
7041.28,3047.91,0.43286,84.1866,976963.8,128.759,3402.39,99.0,37.3431,17.102
15971.6,5709.24,0.35746,189.194,2225112.2,256.851,4670.7,31.0,26.0377,1.997
6100.47,1558.49,0.25547,54.8495,861285.6,68.7402,2291.79,16.0,46.5464,0.0
8303.23,2725.53,0.32824,93.1898,1159190.4,123.445,3383.83,36.0,36.3469,14.509
9591.38,2716.2,0.28319,93.8297,1326118.4,123.478,3816.86,40.0,35.1798,2.799
20031.5,6387.63,0.31887,199.155,2814941.2,291.309,5900.86,120.0,20.8216,16.653
9528.69,2148.61,0.22548,80.6221,1337607.9,127.749,4643.8,27.0,32.9625,4.078
9303.74,3803.27,0.40878,92.1237,1335955.2,125.264,3908.58,34.0,33.6636,9.915
11975.6,3772.08,0.31498,126.586,1694432.0,175.043,4611.32,147.0,30.5623,13.294
16085.7,5795.09,0.36026,182.553,2174083.8,258.684,5307.52,93.0,25.2563,8.556
7696.62,2514.87,0.32674,76.2897,1044398.8,113.117,2951.25,15.0,39.2599,13.472
8673.48,3947.35,0.4551,88.5579,1133265.2,154.581,3452.38,56.0,36.6217,15.444
13396.7,5356.95,0.39987,165.583,1842420.5,231.793,3021.03,118.0,55.0715,17.332
8831.18,1884.89,0.21343,100.989,1238202.4,121.564,3842.13,62.0,35.328,2.837
6515.01,1560.12,0.23946,66.7497,893899.75,72.9671,2773.19,44.0,40.3823,9.242
6630.63,3005.78,0.45331,67.7513,899418.1,131.262,3250.18,72.0,38.3983,14.86
16314.1,4579.01,0.28067,199.615,2322064.8,266.324,5246.6,258.0,24.3016,13.818
10018.8,3641.32,0.36344,104.638,1413656.8,144.629,3712.1,10.0,34.8677,3.122
11564.3,3783.58,0.32717,111.299,1657699.1,181.974,4573.79,62.0,26.1613,15.668
9342.94,2699.91,0.28897,65.7711,1303156.9,135.738,4257.0,11.0,34.2544,14.74
7101.31,1745.22,0.24576,59.868,992107.75,81.7604,3913.79,48.0,40.2175,11.443
7946.26,1761.29,0.22165,74.8064,1071002.2,86.917,4066.02,81.0,35.6342,13.527
8218.76,2374.85,0.28895,60.5888,1161165.4,95.7878,3124.0,43.0,38.3738,14.791
10462.0,4252.51,0.40647,61.8282,1368128.2,174.213,3928.49,77.0,35.1218,17.253
12865.4,5200.4,0.40421,139.181,1741674.6,226.25,4014.05,156.0,32.0515,20.37
8978.58,3796.0,0.42278,77.8224,1231649.2,139.011,3839.97,104.0,34.5651,5.181
8785.94,2118.12,0.24108,96.2593,1248414.9,126.22,4035.79,166.0,33.0855,1.309
5310.58,1662.82,0.31311,41.962,756278.94,63.8383,2577.05,67.0,41.9073,12.286
20313.5,8135.35,0.40048,199.898,2830332.5,355.434,5709.89,130.0,26.1703,5.516
12814.4,3759.84,0.2934,119.752,1746310.2,156.263,4812.08,66.0,31.5651,19.774
7830.88,2839.3,0.36257,69.7841,1065709.6,127.452,3892.68,91.0,34.6992,13.783
7368.5,1900.62,0.25793,63.2518,995434.8,93.5482,3331.41,44.0,38.2865,14.14
5665.23,1163.81,0.20543,51.1877,796971.06,66.0856,3065.27,24.0,39.382,11.289
8560.66,2208.22,0.25794,97.6861,1154224.2,130.798,3512.26,10.0,36.7353,1.358
4648.76,1759.77,0.37854,46.9062,674306.25,68.1371,2375.4,58.0,42.5985,10.878
15288.3,4002.76,0.26181,182.573,2167009.8,210.62,5694.35,68.0,23.026,1.278
9060.54,2558.77,0.2824,78.7537,1255865.0,113.4,4193.3,63.0,33.9987,3.018
13386.5,2862.81,0.21385,157.739,1823611.8,221.09,4776.34,115.0,28.3952,1.732
8958.11,3041.96,0.33957,103.787,1259780.9,119.738,3501.99,63.0,36.1045,17.729
5952.65,2125.42,0.35705,71.5715,825978.1,89.9742,3048.0,35.0,40.3689,1.765
15045.2,4716.27,0.31347,208.432,2102381.8,253.218,5312.74,290.0,24.6536,1.688
13664.6,4433.71,0.32446,152.356,1859084.6,206.97,5539.31,16.0,30.8802,5.915
14632.2,4736.14,0.32367,144.022,2041321.6,190.293,4381.32,121.0,29.3244,18.015
8064.87,2064.76,0.25601,75.2262,1111045.9,102.636,3172.52,6.0,37.6063,12.335
4032.97,1381.1,0.34245,36.3101,563201.2,51.6613,1772.06,11.0,44.5396,7.162
9823.77,2882.24,0.29339,74.4557,1313276.5,135.126,4414.33,57.0,33.2284,19.65
10191.6,3790.45,0.37191,120.338,1409353.4,179.957,3746.89,31.0,33.5354,3.426
11479.2,3862.34,0.33646,139.468,1625947.0,176.78,4428.53,40.0,32.4112,4.358
8078.72,1918.04,0.23741,87.0592,1140965.8,105.666,3893.9,114.0,34.2563,3.264
6989.73,2783.22,0.39818,61.6268,985493.4,101.253,2498.88,69.0,39.8112,10.675
4802.22,1213.75,0.25274,45.9793,688888.6,65.7378,2485.93,48.0,42.0276,10.596
7715.27,2258.95,0.29278,67.1539,1071761.1,104.489,3646.95,23.0,36.9869,11.416
7760.7,1459.9,0.18811,74.2696,1087125.9,103.387,3725.69,11.0,34.0182,1.813
5912.77,1401.8,0.23708,68.6271,827726.2,69.7065,2845.87,76.0,39.4049,8.842
10866.1,3554.24,0.32709,120.037,1497881.5,188.644,3813.12,38.0,32.4417,2.358
8998.62,2630.44,0.29231,78.2567,1245469.8,114.892,4471.73,65.0,34.7677,1.914
5891.71,1403.14,0.23815,52.3194,843399.9,88.5941,2269.81,20.0,40.0098,9.893
7010.34,2008.47,0.2865,80.4949,949628.7,111.257,3043.49,83.0,39.2278,0.875
6529.66,1800.75,0.27578,61.5967,876273.75,93.9372,3233.51,75.0,36.0154,17.992
5978.56,1965.82,0.32881,55.5595,837832.75,85.0381,2869.79,96.0,39.9753,13.545
5008.34,2063.37,0.41198,45.9609,722853.7,71.8481,2495.88,40.0,42.7472,13.393
15349.7,3847.17,0.25063,165.185,2179691.2,193.698,6173.85,67.0,21.669,19.915
5909.9,1589.78,0.269,60.505,741423.1,89.0334,3109.79,20.0,39.3532,2.369
10355.4,3922.9,0.37882,77.3836,1400049.0,155.925,5108.45,95.0,38.0574,14.477
10703.4,5568.27,0.52023,104.761,1447097.4,208.453,3535.82,65.0,34.4447,17.248
15494.3,3489.36,0.2252,202.515,2134293.0,247.633,5142.17,141.0,24.5383,2.729
6784.8,2032.74,0.2996,64.0407,917313.0,91.1672,3230.7,39.0,39.8773,3.063
7967.89,2809.48,0.3526,65.7391,1122913.6,107.406,4081.38,68.0,36.6395,3.543
15363.0,3688.34,0.24007,178.445,2143365.2,238.26,4707.61,43.0,28.198,1.593
10277.0,2341.38,0.22782,109.987,1458951.8,136.385,4463.17,38.0,33.5854,1.222
14948.5,3795.88,0.25393,189.126,2109926.2,208.595,5692.07,65.0,26.6861,2.757
4177.9,1117.33,0.26743,44.3289,575316.56,50.1272,2378.11,57.0,42.6207,5.145
10319.3,2549.96,0.2471,118.526,1402757.6,168.132,3626.55,20.0,34.6927,2.191
6216.0,2651.08,0.42649,70.1695,815674.3,117.172,2716.38,82.0,40.044,14.777
6991.62,1760.51,0.2518,69.4534,969552.3,87.2082,3150.6,36.0,36.337,11.844
9125.24,2076.25,0.22752,85.8192,1294567.2,110.187,4667.44,28.0,33.1617,2.182
6383.93,1228.54,0.19244,55.0556,895224.7,65.7043,3058.76,19.0,39.489,4.836
7843.2,1763.41,0.22483,71.717,1111168.5,89.2792,3157.85,16.0,37.2767,13.074
5373.44,1283.13,0.23879,50.4507,770548.3,69.1447,2869.4,56.0,40.3004,1.467
8952.04,1798.69,0.20092,95.3302,1251822.9,112.211,3953.9,54.0,34.9851,3.255
18596.1,5447.62,0.29294,243.78,2521516.5,320.249,5723.58,324.0,21.1703,2.839
8894.96,1597.97,0.17964,108.38,1246801.9,120.377,4206.97,54.0,33.9255,1.01
7619.77,1876.76,0.2463,69.6385,1046007.0,101.612,3277.04,36.0,36.6112,16.799
3600.19,1127.46,0.31316,31.5638,492008.44,45.3864,1356.04,22.0,44.6402,1.494
5413.19,1999.99,0.36946,32.2644,766002.0,70.5494,2739.7,45.0,42.6218,2.893
11386.7,2416.8,0.21224,146.069,1594136.0,178.903,4621.0,151.0,29.8364,2.13
7813.2,1839.19,0.23539,71.0492,1029034.4,119.419,3144.06,64.0,40.0173,13.983
15370.3,4583.57,0.2982,189.323,2143705.5,231.483,5625.03,136.0,26.9222,1.521
4009.37,1068.45,0.26648,33.6545,574113.3,47.0027,1769.09,12.0,44.5055,2.018
14389.2,4674.49,0.32486,138.337,2023104.1,198.905,4870.88,83.0,30.6744,9.005
7021.43,2005.97,0.28569,66.0591,944978.75,102.414,3196.36,46.0,38.3465,13.137
8490.47,2459.52,0.28968,79.2133,1180060.5,98.4429,3970.68,69.0,33.6976,8.785
5945.06,1284.41,0.21604,65.2846,803335.6,85.3228,3297.32,60.0,38.2917,9.922
11213.1,3848.83,0.34324,120.726,1521214.2,197.59,3887.11,88.0,33.6447,9.393
7148.56,1914.82,0.26786,61.6227,991090.9,90.5217,3081.35,26.0,38.9037,9.369
7914.59,2179.61,0.27539,88.8108,1085437.1,111.92,3099.92,21.0,37.6867,0.6
16006.6,6329.88,0.39545,133.182,2295248.8,231.317,5459.0,80.0,25.2513,11.294
10040.2,2825.62,0.28143,98.1533,1435063.9,138.538,3658.09,126.0,34.6121,2.475
14530.8,4408.65,0.3034,149.282,2084506.8,239.395,5133.37,70.0,28.0076,1.36
19851.8,6655.01,0.33523,256.019,2784529.2,324.561,5440.88,89.0,23.6099,4.203
15941.1,5573.22,0.34961,156.567,2220699.5,230.304,7932.78,54.0,25.7623,15.978
8370.72,2799.23,0.3344,65.2363,1142474.2,111.474,3966.19,51.0,36.4513,6.961
3482.95,1538.41,0.44169,11.5339,472175.5,47.8159,1465.8,32.0,45.1828,3.746
10928.2,3667.67,0.33561,118.804,1586646.0,144.261,3910.48,56.0,34.3826,2.354
4266.39,1316.5,0.30857,39.0381,567083.1,57.486,1890.68,41.0,43.9225,12.677
5246.32,1762.7,0.33598,40.7484,711665.0,79.0339,1660.47,16.0,43.4446,10.438
13211.3,4609.11,0.34887,99.0718,1803503.6,191.116,4783.71,143.0,28.8018,4.919
15964.6,3576.33,0.22401,202.924,2210517.5,243.815,5071.07,146.0,26.3627,2.951
8272.09,1493.19,0.1805,77.4743,1117316.9,102.072,3690.3,32.0,35.4698,9.241
4184.7,778.01,0.18591,40.6767,547644.0,60.8448,2559.33,12.0,43.0719,2.094
11800.7,4508.42,0.38204,98.7653,1661911.5,151.315,4193.88,31.0,32.8598,11.907
6425.35,1294.44,0.20145,71.4466,847254.2,88.3894,3414.32,86.0,38.164,1.52
15027.3,4444.05,0.29573,179.845,2069781.6,217.273,5634.25,79.0,27.8925,5.758
6096.17,1976.86,0.32427,56.9001,846467.75,77.5257,2610.54,32.0,41.3664,3.117
6588.71,1808.93,0.27454,70.7403,901791.06,91.5204,2947.68,18.0,46.5464,13.106
8545.66,2583.62,0.30233,90.0538,1164093.8,121.543,3285.62,83.0,38.4096,1.578
6860.49,1881.22,0.27421,66.4955,977266.25,103.947,2878.16,33.0,39.267,14.737
7830.66,2277.43,0.29083,72.6061,1091309.8,127.427,3425.09,71.0,37.2817,16.33
12691.8,2513.85,0.19806,150.169,1727090.2,198.777,4883.23,138.0,29.8273,0.563
19019.1,6209.12,0.32646,182.98,2608133.0,278.376,5652.57,104.0,23.4783,15.165
6420.32,1914.23,0.29815,57.6833,893153.5,90.6264,2678.33,44.0,39.6982,2.023
8904.83,2664.81,0.29925,78.5823,1264285.6,128.452,4204.45,46.0,33.3095,1.527
6863.5,1595.58,0.23247,71.6095,964109.44,101.379,2990.56,89.0,36.1993,17.948
9805.28,2991.84,0.30512,109.12,1327743.2,124.419,4868.5,34.0,30.8463,19.207
8782.56,3181.14,0.36221,85.3148,1192801.1,131.975,4087.62,31.0,32.1872,4.465
12291.8,3918.81,0.31881,133.103,1657850.1,170.406,4496.2,103.0,31.2961,4.904
13749.1,3550.29,0.25821,191.524,1865674.0,216.27,4618.48,178.0,28.8239,1.9
4560.2,943.67,0.20693,44.9355,618302.06,61.0531,2629.08,12.0,42.83,2.527
8063.76,2233.32,0.27695,89.7823,1114869.4,97.7978,4015.28,29.0,34.4246,2.879
10655.5,4065.11,0.3815,135.725,1454332.0,196.443,4290.57,82.0,32.7948,17.991
9134.16,2400.53,0.2628,86.3784,1268096.4,116.734,4151.57,42.0,34.4244,2.059
9279.33,2963.66,0.31938,94.5283,1281164.0,115.456,3560.96,38.0,35.7559,10.022
8233.16,2199.28,0.26712,91.6149,1149730.6,99.654,3855.18,50.0,36.1507,3.45
14036.1,4798.67,0.34188,199.948,1971735.6,229.154,4878.21,141.0,23.0604,19.205
13870.6,4327.14,0.31196,166.623,1928407.6,211.674,4878.33,83.0,28.135,3.387
14815.7,3784.26,0.25542,170.806,2096562.1,208.164,4161.14,131.0,31.705,2.27
10020.2,2834.89,0.28291,113.34,1365332.9,166.377,4188.8,77.0,32.8675,0.733
11152.6,3904.8,0.35012,91.1762,1564287.8,153.622,4303.4,101.0,32.1854,16.185
5647.48,1151.92,0.20397,47.4985,809467.3,69.1663,2873.69,58.0,39.7991,1.184
9898.65,2475.49,0.25008,109.899,1370351.5,136.237,3608.59,11.0,46.5464,1.454
8302.0,2198.83,0.26485,66.9161,1105777.8,103.171,4158.23,24.0,34.6427,9.999
5169.55,1646.55,0.3185,53.7444,720562.0,67.5061,2555.26,26.0,41.7589,3.179
11713.9,3240.2,0.27661,139.269,1622500.2,173.652,4443.73,97.0,31.5579,2.033
6100.31,1759.91,0.28849,60.6419,819883.0,85.3449,2664.47,51.0,37.3669,16.666
10970.7,3650.5,0.33274,124.088,1521390.1,178.54,4116.57,34.0,28.8351,2.652
4786.96,1357.31,0.28354,39.758,642077.44,71.2657,2684.95,18.0,39.593,9.296
6480.97,2019.27,0.31156,63.8309,894642.6,74.905,3217.36,40.0,38.5896,4.409
9033.37,2684.8,0.2972,79.6722,1277816.5,131.122,3810.81,34.0,37.3813,6.303
11472.9,2852.59,0.24863,136.024,1550848.1,156.398,3938.93,216.0,32.6426,2.478
10191.1,3769.85,0.36991,71.5786,1435933.8,136.565,4341.75,47.0,33.3007,15.555
10701.4,2514.31,0.23495,129.468,1477360.4,152.33,3694.3,21.0,34.4674,2.638
8684.75,3001.47,0.3456,72.829,1172502.5,124.106,3646.58,75.0,37.4459,10.584
10701.2,4290.99,0.40098,134.791,1431977.2,205.483,4546.55,176.0,30.9772,1.755
8707.15,2282.38,0.26212,79.3916,1224444.9,101.423,3764.52,40.0,35.0684,4.332
9305.31,2567.95,0.27596,95.1546,1292866.1,116.601,4391.67,149.0,29.6465,14.323
7402.39,2122.08,0.28667,74.4485,992771.6,103.744,2981.27,105.0,34.6795,4.835
22444.9,5283.43,0.23539,332.745,3082409.0,401.026,6226.43,156.0,19.8331,0.953
16989.0,6623.26,0.38985,184.723,2343043.0,267.028,5982.03,117.0,22.5854,11.417
8380.22,2623.03,0.313,101.177,1147901.9,144.749,3270.55,9.0,34.5042,1.943
12918.2,4433.15,0.34317,166.459,1814435.8,227.078,4951.8,158.0,27.8651,18.664
5607.25,1079.87,0.19258,52.7905,807441.8,70.7269,2840.26,58.0,40.2846,1.211
3820.99,1190.44,0.31155,32.2236,518370.2,50.9179,1368.79,34.0,44.5035,10.831
9753.04,1897.02,0.1945,103.141,1384287.1,133.989,4265.62,45.0,33.6283,0.897
9280.02,2900.1,0.31251,95.6194,1329914.5,120.101,4182.91,118.0,26.0612,17.705
10099.6,2843.58,0.28155,117.192,1388326.6,142.365,4204.42,124.0,32.7318,2.344
13954.4,4598.5,0.32953,164.873,1928452.5,210.54,4927.81,141.0,28.325,8.356
4936.12,1305.33,0.26444,54.5627,649788.44,77.7755,3181.54,23.0,38.6152,2.892
7687.31,2508.8,0.32635,70.4839,1058124.2,102.949,3676.11,66.0,36.9899,14.067
3859.47,1229.86,0.31866,36.6058,524774.25,47.1295,1430.61,17.0,44.2373,1.694
14555.3,4719.52,0.32424,162.841,2013982.6,222.139,5224.85,190.0,27.2701,1.89
17208.1,5743.61,0.33377,184.551,2376343.8,264.18,5897.58,105.0,24.7685,7.558
18815.3,7108.81,0.37782,200.958,2614066.8,296.161,6290.3,191.0,19.8568,20.691
9052.35,3430.91,0.379,88.091,1279231.2,128.132,3954.46,57.0,34.3154,16.275
8226.62,4604.96,0.55976,89.1586,1006175.44,169.561,2513.75,101.0,39.5883,18.799
16756.8,4720.41,0.2817,221.736,2313279.8,275.651,5670.57,198.0,22.2754,2.229
7009.0,2013.92,0.28733,64.8138,984054.75,87.9175,3615.13,29.0,37.9793,1.925
7227.86,2273.06,0.31448,64.4876,1025896.94,91.2111,4072.63,40.0,35.6493,10.422
15994.2,6281.46,0.39273,186.586,2207628.8,268.786,5481.38,219.0,26.5275,5.944
7379.32,2293.03,0.31073,54.3299,959554.9,122.079,4895.04,21.0,36.3604,16.882
12537.5,3846.74,0.30681,127.519,1686755.2,181.005,4747.04,47.0,31.5708,1.563
7749.52,1847.96,0.23846,53.8104,1111167.9,81.948,3385.94,16.0,39.9385,5.165
6046.41,1171.54,0.19375,53.2958,840113.9,68.1416,2445.95,21.0,40.8505,14.838
8907.42,2622.86,0.29445,94.4748,1234457.6,141.288,3319.67,8.0,36.7052,1.922
7318.61,2018.78,0.27584,59.9643,1020755.6,92.2992,2969.76,33.0,40.4823,18.499
11821.4,3572.14,0.30217,111.795,1693367.9,155.123,4873.01,74.0,32.6627,19.05
4498.5,943.71,0.20978,45.1155,613478.4,70.6989,2579.86,12.0,43.0762,2.303
11352.7,4365.94,0.38457,87.0795,1615655.1,175.968,3750.67,25.0,34.8596,20.071
13024.8,3822.58,0.29348,150.761,1822950.0,234.508,4255.28,79.0,29.9226,1.643
8624.94,1836.85,0.21296,81.6715,1235624.4,101.732,3761.37,27.0,36.1784,2.017
8466.18,2392.3,0.28257,92.2148,1103523.0,142.354,3872.29,107.0,35.5101,17.158
8005.51,2526.4,0.31558,74.3116,1117481.5,106.674,3983.58,54.0,33.7411,6.666
10045.9,3775.8,0.37585,82.1788,1423991.5,139.459,5160.06,26.0,34.7484,13.799
11317.2,2938.49,0.25964,115.115,1593660.5,159.73,4446.79,74.0,32.6648,2.292
9036.24,2683.68,0.29699,93.3893,1277515.4,119.799,3870.37,90.0,36.6798,2.297
4248.07,780.73,0.18378,39.0511,557771.2,63.6645,2555.72,12.0,43.7538,2.191
10592.5,2754.81,0.26007,145.328,1443645.4,173.102,4291.96,28.0,30.2657,2.075
16419.2,5566.15,0.339,193.303,2205670.0,286.514,5250.37,202.0,25.4277,3.251
8570.62,1571.39,0.18334,78.2677,1222782.2,100.683,3901.44,15.0,34.9236,0.814
8755.62,2698.75,0.30823,60.6469,1236120.5,112.997,3209.83,9.0,36.3886,15.9
7187.72,1811.03,0.25196,69.5243,956501.6,98.4668,3836.1,69.0,36.5924,3.33
8163.69,3352.24,0.41062,79.77,1157863.4,124.387,3362.89,47.0,37.5081,3.467
9900.48,2824.62,0.2853,96.9365,1296882.9,172.355,4408.08,98.0,29.8037,4.018
9177.48,2740.36,0.29859,97.6281,1260097.6,98.6677,3651.64,31.0,35.6368,11.638
7021.4,1967.27,0.28018,63.4709,970769.44,91.8036,3082.46,44.0,39.6318,1.957
11541.1,3389.85,0.29371,106.538,1635956.1,161.61,4262.94,133.0,32.8637,3.44
4896.24,841.94,0.17195,39.233,672054.8,63.994,2407.62,29.0,41.0671,11.51
13037.8,4372.97,0.3354,123.465,1797444.9,186.896,4851.05,119.0,46.5464,2.16
6268.24,1700.6,0.2713,62.5153,840281.4,95.0587,2993.77,55.0,40.0404,8.584
10674.2,3331.47,0.3121,124.786,1464878.9,156.639,4778.24,75.0,32.1282,18.336
7453.46,2741.81,0.36785,66.3552,1048019.0,110.983,3122.99,47.0,37.894,17.486
7917.0,1981.88,0.25033,85.0322,1085559.8,111.509,3107.76,21.0,37.6106,0.742
9903.89,3913.8,0.39517,87.5198,1308473.4,171.294,4426.43,101.0,32.9104,16.441
8939.43,1973.19,0.22072,101.358,1258787.4,145.389,4170.93,69.0,33.1276,3.76
9629.25,3740.79,0.38848,81.9794,1342140.1,140.437,3892.86,116.0,34.0777,3.385
14527.8,2691.81,0.18528,176.877,2028984.5,226.276,4685.18,26.0,28.5746,1.303
4042.6,839.42,0.20764,36.2643,563561.7,46.1805,1733.42,12.0,44.9373,4.856
10525.1,2672.82,0.25394,134.533,1491718.8,154.174,4012.15,133.0,33.4657,2.979
8104.31,2792.16,0.34452,84.3707,1118192.0,109.914,3670.02,41.0,37.6296,14.819
12094.9,3426.98,0.28334,129.19,1714982.8,176.162,4609.47,61.0,29.657,2.993
9548.06,2751.28,0.28815,86.3267,1363688.1,130.89,3545.59,12.0,35.5136,2.368
6099.58,1972.29,0.32334,53.8283,839606.56,92.1174,3709.64,71.0,36.6413,1.315
13190.8,3426.22,0.25974,164.595,1850879.6,223.169,4980.55,198.0,27.9204,2.182
9262.41,3681.31,0.39744,89.2026,1219064.8,143.776,3897.51,57.0,36.0756,1.867
13002.0,4452.72,0.34246,154.139,1810388.0,173.049,5067.92,35.0,27.2396,6.562
18142.9,4787.17,0.26385,213.713,2502959.5,293.761,4969.13,124.0,26.7162,8.452
10871.2,3831.62,0.35245,98.3896,1512611.2,167.952,5436.47,51.0,32.5888,2.033
8277.16,1516.89,0.18326,86.4328,1159549.4,109.528,3770.18,13.0,34.2738,2.012
11688.4,3142.46,0.26885,147.94,1623297.4,202.01,4764.69,59.0,28.3899,2.667
12624.5,4973.68,0.39397,136.712,1739335.0,207.496,4759.41,141.0,29.8364,17.109
12762.3,3912.75,0.30658,108.219,1786715.8,209.846,5085.79,167.0,23.159,1.298
6193.21,2048.84,0.33082,66.238,861626.2,98.0893,2889.84,48.0,37.728,15.631
10261.2,2963.71,0.28882,111.036,1430226.0,171.691,4197.2,51.0,33.6788,3.028
8465.62,2138.91,0.25265,84.5764,1197971.5,114.513,3331.85,6.0,36.4773,2.175
8266.71,3157.16,0.38191,64.4815,1159563.2,119.196,4306.0,68.0,38.2411,12.237
7987.44,1976.57,0.24745,87.8314,1123958.1,105.637,3925.69,45.0,35.1998,2.135
6575.79,1479.66,0.22501,48.8033,922934.0,77.5966,2836.92,43.0,40.6289,9.292
4723.65,813.68,0.17225,46.057,676318.94,53.8748,2185.87,80.0,42.7884,0.655
9633.9,3577.61,0.37135,79.4647,1317080.9,150.127,4156.75,44.0,37.0465,18.16
9352.7,2336.99,0.24987,76.0136,1283615.6,94.4592,3591.93,26.0,36.9776,11.865
18984.6,5523.3,0.29093,261.476,2584855.2,315.244,5731.42,328.0,21.2695,2.731
7808.9,1658.88,0.21243,79.2604,1055622.1,118.016,3522.23,35.0,35.844,1.567
18698.7,5633.15,0.30125,241.863,2593436.0,327.88,5426.45,212.0,25.0304,6.51
14280.1,3770.13,0.26401,186.4,1951964.9,239.183,5144.42,88.0,46.5464,4.386
5702.86,1488.1,0.26093,58.1141,714924.06,91.4427,3090.36,17.0,39.4714,2.203
6703.29,2202.59,0.32858,52.2267,951094.75,89.5218,3200.01,9.0,38.4568,14.262
10789.8,3246.2,0.30085,123.054,1506313.6,170.074,4330.19,131.0,27.7159,20.112
8732.5,1899.86,0.21756,93.5474,1210688.4,132.259,3656.98,20.0,34.1154,1.702
9891.67,3595.2,0.36345,115.459,1390223.0,176.384,4261.75,58.0,33.7774,5.012
7010.72,2619.5,0.37364,58.5148,984754.6,95.1722,3985.04,63.0,37.6459,5.208
8233.84,3094.68,0.37584,81.0148,1114824.0,125.322,3711.59,65.0,35.6768,18.941
6915.17,1771.24,0.25613,56.0042,996602.9,71.7427,3212.64,26.0,38.4979,16.222
9759.95,3299.54,0.33806,93.2773,1394731.6,143.226,4076.19,104.0,33.8766,4.437
4045.88,1385.75,0.3425,35.1162,558158.3,50.8689,1388.97,17.0,44.2919,1.904
8982.38,2286.4,0.25454,99.7264,1250503.4,138.759,4056.61,174.0,33.3716,1.882
7298.23,2974.74,0.40759,57.3767,972673.1,123.181,2724.12,56.0,40.2505,12.533
5964.08,1950.12,0.32697,54.1675,815584.1,83.6522,3160.93,12.0,39.5045,7.928
16080.2,3906.62,0.24294,193.15,2213278.0,228.246,5205.73,146.0,26.672,19.016
12453.0,3413.53,0.27411,157.57,1697668.8,176.878,4325.06,30.0,46.5464,2.239
10309.6,5254.45,0.50966,88.5614,1272060.2,207.738,3368.36,83.0,37.5778,17.312
16710.1,4132.31,0.24729,247.215,2282894.5,260.031,4902.71,261.0,27.7101,4.57
14082.8,4790.49,0.34016,165.967,2006369.9,232.531,4592.8,43.0,29.2134,3.484
6815.8,2207.9,0.32393,65.1522,894726.7,95.9289,3574.01,67.0,39.2663,14.651
9250.76,2842.82,0.3073,86.8072,1236029.1,141.095,4090.91,52.0,35.2002,0.0
16746.9,4752.44,0.28378,154.584,2342035.0,195.289,5358.29,150.0,24.8195,15.321
9824.5,2981.1,0.30343,100.927,1385299.2,132.896,4068.88,32.0,33.8117,2.945
17748.5,4488.94,0.25291,168.489,2458207.0,202.11,6914.24,144.0,20.5594,19.156
14160.8,2741.53,0.19359,174.738,2002830.2,222.105,4867.54,80.0,27.6684,3.034
13778.0,3551.5,0.25776,162.365,1949942.4,213.072,4998.72,197.0,27.7669,2.22
9792.75,2819.93,0.28796,115.148,1381715.5,156.196,4199.42,35.0,33.9093,3.218
15016.7,4816.53,0.32074,179.652,2051416.1,262.755,4800.05,25.0,27.968,2.905
8699.17,3531.22,0.40592,92.5527,1237124.4,124.144,3606.75,13.0,37.1812,14.147
10032.4,3255.71,0.32451,98.3673,1365862.0,144.952,4165.11,18.0,32.9397,2.921
5940.49,1920.17,0.32323,67.5047,826827.06,92.2163,2978.32,38.0,40.5419,2.063
14014.5,4382.47,0.3127,160.93,1912469.1,205.819,4864.79,11.0,30.7357,16.77
7198.45,2735.41,0.37999,61.6344,975540.25,111.677,3321.08,68.0,38.2154,12.494
9698.19,3341.54,0.34455,105.617,1363182.9,133.748,3670.05,11.0,34.9637,3.234
9317.3,2270.42,0.24367,87.518,1318748.6,122.689,4479.08,32.0,33.5052,3.837
12078.3,3552.07,0.29408,160.438,1695057.5,194.257,4131.97,65.0,32.0016,19.701
9907.58,3514.17,0.35469,77.9584,1377472.9,139.964,4123.12,58.0,34.2839,3.47
5400.75,1485.01,0.27496,45.7537,762916.4,68.7479,2069.81,2.0,41.9451,4.899
9288.13,3922.45,0.4223,82.3885,1298438.6,133.667,3661.29,114.0,35.1927,3.645
10073.4,2482.43,0.24643,126.965,1433860.1,153.28,4309.37,42.0,31.8792,2.296
7771.5,2029.58,0.26115,82.8512,1088408.6,131.075,3105.62,5.0,34.6667,0.661
6696.13,1609.39,0.24034,67.8227,957087.7,67.1823,3350.57,39.0,33.0055,11.168
9154.11,3042.28,0.33234,92.0886,1241685.4,122.203,3766.67,34.0,35.1422,2.479
14585.6,3918.66,0.26866,191.937,1993841.5,221.877,4601.46,179.0,28.8647,1.797
16785.5,5347.52,0.31857,202.732,2198788.0,276.131,6673.04,250.0,21.7109,2.451
8961.75,4470.75,0.49887,86.7814,1222385.2,154.563,3620.1,138.0,35.9466,16.141
4794.81,956.37,0.19945,44.9253,682863.1,63.5133,2661.14,19.0,40.8921,2.849
5849.08,1785.54,0.30526,62.2441,807256.7,92.0079,2788.42,69.0,40.3044,15.457
13950.9,3917.8,0.28082,144.928,1926251.4,187.183,4076.01,99.0,31.9682,20.995
11792.2,3757.52,0.31864,109.358,1705474.4,190.858,4435.14,20.0,32.3231,3.052
10405.0,3123.75,0.30021,119.434,1519348.8,145.55,3795.27,135.0,35.8956,16.7
9228.07,2612.35,0.28308,82.6916,1304156.1,122.84,4174.19,68.0,34.3665,12.901
7952.06,2477.99,0.31161,64.9868,1054831.8,107.672,3753.02,69.0,38.7039,13.351
4968.22,1415.06,0.28482,47.5067,693182.6,60.3092,1899.99,22.0,43.5894,3.232
6973.73,1446.84,0.20747,68.6184,950085.3,91.205,3290.94,32.0,38.6743,10.647
7745.69,3051.37,0.39394,75.8703,1066956.2,118.038,3524.78,69.0,36.415,10.121
6907.87,2843.14,0.41157,65.8003,977253.1,97.4193,2532.57,84.0,39.8847,8.273
18569.3,5267.28,0.28365,243.414,2540015.2,300.985,5454.95,280.0,27.6697,4.402
7225.75,2062.17,0.28539,65.6561,959675.06,98.5783,3394.05,49.0,38.7643,6.93
12353.3,3904.34,0.31605,152.778,1727460.4,166.724,5126.29,45.0,28.2955,3.361
6727.97,2203.08,0.32745,66.1031,896540.4,101.856,3259.7,83.0,39.7102,14.795
15695.3,4466.76,0.28459,212.788,2174145.0,284.541,5206.17,164.0,25.6771,3.775
5946.75,1096.09,0.18431,50.1453,856945.4,65.646,2357.06,69.0,42.4657,10.456
13875.1,4831.0,0.34817,194.113,1851013.6,232.942,4939.65,191.0,27.3268,3.014
7259.66,2714.62,0.37393,57.8548,1041435.7,90.2946,2626.46,61.0,41.1699,4.965
8067.25,2187.91,0.2712,91.7407,1141571.0,110.301,3536.51,97.0,36.5563,1.846
11867.7,3632.35,0.30607,109.036,1625403.1,166.557,4581.58,18.0,31.7069,3.747
10501.3,3346.78,0.3187,108.089,1448963.4,155.696,4080.81,15.0,32.5997,6.071
11123.2,4306.36,0.38715,100.684,1559368.2,172.136,4273.07,65.0,36.0781,16.999
9798.82,3346.53,0.34152,95.8524,1375642.8,142.29,3935.65,32.0,34.5027,5.952
12582.3,2668.32,0.21206,162.942,1715204.0,197.856,4918.06,141.0,27.4875,0.843
5987.0,1516.93,0.25337,52.9978,825822.44,88.7458,3013.81,45.0,41.1255,8.24
5035.5,1545.27,0.30687,46.6407,701147.1,62.4589,2288.71,15.0,42.1949,4.678
5962.6,2053.84,0.34445,59.4506,844431.94,81.9593,2519.02,64.0,41.4304,13.612
8983.83,2362.12,0.26293,70.4167,1273452.2,120.961,4328.39,18.0,35.2948,8.754
22574.1,9282.28,0.41119,183.542,3073494.8,358.344,5266.45,94.0,29.3074,20.438
5866.48,1513.19,0.25793,64.7946,799830.56,74.6324,3268.47,86.0,38.9756,13.22
4748.81,1620.35,0.34121,34.7043,666538.44,60.3071,1932.23,23.0,44.4004,11.852
6151.79,1841.76,0.29938,49.0134,788548.0,94.2955,2554.94,33.0,43.2835,10.012
10692.7,2630.51,0.246,132.591,1484830.2,167.953,4700.34,173.0,29.1077,0.605
19003.8,5756.13,0.30289,180.781,2720691.5,255.654,5476.57,198.0,26.666,20.422
16218.0,6364.02,0.3924,186.295,2200413.8,284.931,5326.06,210.0,26.3796,5.749
6272.36,1571.96,0.25061,70.0847,893420.7,71.0596,2856.13,71.0,39.6602,7.067
9988.4,3115.38,0.31189,94.7504,1392831.2,144.319,4243.18,37.0,34.239,1.37
11775.6,5172.66,0.43926,118.969,1705674.0,178.733,4834.62,134.0,28.6758,18.458
12047.8,3467.4,0.2878,136.694,1650371.0,174.26,4461.06,86.0,31.4428,3.02
7129.38,1237.98,0.17364,67.9608,1000922.06,84.7446,2996.21,26.0,39.1863,11.661
10691.6,3527.24,0.3299,161.346,1503117.9,204.058,4749.63,100.0,29.4663,2.925
7966.98,2150.22,0.26989,91.5829,1123281.0,110.497,3534.91,97.0,36.9985,1.894
14247.6,5034.44,0.35335,194.944,1961504.6,257.154,4697.04,36.0,28.7202,2.219
8046.44,1951.89,0.24257,96.6801,1126254.2,119.639,3224.68,4.0,36.9823,0.489
8414.31,3361.84,0.39953,59.8995,1168106.9,118.108,3415.83,80.0,36.9168,18.652
6461.9,2076.31,0.32131,69.5809,911592.5,97.2736,2805.38,21.0,40.2907,13.404
11478.3,4271.04,0.37209,111.557,1635718.6,179.019,4530.92,76.0,31.1024,3.447
5955.41,1337.25,0.22454,57.3299,807662.4,80.5002,2767.3,21.0,37.9088,1.757
9875.71,2919.05,0.29557,107.933,1331840.2,158.432,4123.06,47.0,33.4456,1.798
9372.38,2146.69,0.22904,112.607,1299084.8,130.372,4229.23,59.0,34.0194,1.633
11208.2,2375.96,0.21198,142.161,1547273.6,184.89,4146.49,57.0,31.9176,1.886
7634.11,1779.64,0.23311,88.8009,1029685.7,121.813,3451.24,35.0,34.5844,3.231
9489.24,4159.22,0.4383,89.4252,1321635.1,155.112,4065.43,17.0,36.0079,12.868
11859.1,2109.72,0.17789,151.131,1663161.1,165.323,4664.47,155.0,29.8806,1.49
8957.96,2438.22,0.27218,86.1747,1264689.6,126.183,3865.61,6.0,33.7756,1.933
9239.75,2236.34,0.24203,108.211,1302716.1,152.638,3831.33,15.0,34.6009,0.538
6600.03,934.82,0.14163,55.9596,938181.5,144.009,2541.86,89.0,41.7279,17.581
13076.0,5502.8,0.42083,176.387,1721483.0,269.966,3896.37,156.0,32.4098,20.729
7133.85,2285.43,0.32036,64.161,1033485.56,88.5247,4687.9,40.0,40.6267,16.768
9447.09,2320.7,0.24565,107.88,1300502.8,137.97,3730.38,12.0,35.2386,3.27
7027.36,1870.93,0.26623,68.2416,967761.75,99.5001,3477.66,32.0,37.6983,2.129
9405.9,2182.54,0.23203,111.358,1293276.9,132.352,4274.01,56.0,33.886,2.085
5172.78,1107.36,0.21407,38.5631,707429.44,57.5231,2697.84,40.0,40.6497,11.39
7011.88,2460.72,0.35093,77.9107,963424.44,99.8701,3740.43,32.0,36.2475,2.015
4781.93,1020.07,0.21331,43.4426,675005.0,61.2146,2648.39,17.0,40.3277,3.458
18454.3,6176.97,0.33471,257.181,2502660.2,324.368,5819.52,333.0,20.7655,2.589
5958.67,1577.18,0.26468,60.3553,810324.75,78.9857,2578.91,5.0,41.2726,3.389
6879.07,1849.31,0.26883,75.2528,912792.2,100.258,3490.74,69.0,36.6253,2.543
6889.66,1793.32,0.26029,55.7198,989908.1,74.2278,3226.13,28.0,39.3185,15.57
11571.2,4746.63,0.41021,109.563,1565281.1,167.51,4463.23,62.0,33.0888,9.896
5329.16,2139.47,0.40146,45.7334,726638.3,81.4474,2042.65,22.0,42.3489,9.08
10849.1,3764.49,0.34698,115.861,1568829.2,151.805,4732.18,83.0,30.0367,5.392
6323.83,1590.25,0.25146,60.9114,877995.75,79.9479,3192.33,35.0,39.2999,14.371
8147.26,2481.0,0.30451,101.695,1121425.2,137.492,3269.46,14.0,36.5281,1.547
9045.68,2296.46,0.25387,72.8028,1250968.4,107.993,4196.4,58.0,32.1798,10.676
9558.49,2664.6,0.27876,98.3431,1307099.5,100.291,4393.12,14.0,33.6287,14.795
9083.7,2383.33,0.26237,76.6683,1242085.4,93.4239,3548.35,37.0,38.4931,12.043
7160.82,2063.31,0.28813,81.0024,995762.25,107.473,3510.85,39.0,35.3437,4.367
8000.48,2391.76,0.29895,69.7101,1062145.2,105.405,3145.19,21.0,38.2672,4.21
7703.48,1349.29,0.17515,73.0821,1046302.4,94.9266,3671.5,23.0,38.8281,6.289
14599.6,4285.14,0.29351,167.357,2004849.5,221.505,5033.47,117.0,25.3663,6.632
7915.09,3382.9,0.42739,82.9187,1106852.0,128.019,4136.68,54.0,32.1113,17.124
10355.5,3814.24,0.36832,81.9151,1396305.2,157.521,4024.97,27.0,36.141,17.194
11863.5,3118.93,0.2629,166.833,1640181.0,205.208,4764.38,66.0,26.5181,3.499
9735.94,2766.82,0.28418,119.305,1333840.8,137.779,4171.37,119.0,32.9508,2.582
6745.39,2247.19,0.33314,63.4436,908322.5,97.7164,3117.27,20.0,40.2522,1.657
7320.59,2082.99,0.28453,65.2139,1012027.4,93.929,3391.85,42.0,37.7369,10.213
4578.71,1519.03,0.33175,44.4069,664257.3,68.843,2537.9,58.0,41.8945,11.608
11703.4,3114.69,0.26613,145.698,1565138.9,188.103,4512.12,63.0,29.049,3.905
10481.9,3409.98,0.32532,49.4359,1410675.6,144.292,4457.13,109.0,35.3465,13.903
8010.09,2346.85,0.29298,92.6169,1108194.9,111.329,3103.87,28.0,37.6323,0.898
9645.16,3762.13,0.39005,94.8733,1303796.2,134.877,3988.4,34.0,37.2974,14.224
8611.76,2350.75,0.27296,88.682,1217816.6,117.405,3299.8,2.0,36.6012,2.257
14753.8,4396.78,0.29801,108.648,1971003.1,245.524,4014.41,154.0,33.8226,15.514
17790.8,5410.96,0.30414,205.083,2451332.5,284.084,6203.08,237.0,21.6078,8.018
10326.7,3728.84,0.36108,94.6722,1440805.4,140.429,5393.14,91.0,30.9868,13.163
5222.25,1975.84,0.37835,41.0944,693755.5,93.2057,2967.48,22.0,42.9082,12.151
10982.6,3200.44,0.29141,117.311,1611109.5,173.966,3417.29,128.0,37.3819,16.217
9911.04,2498.21,0.25206,131.456,1368546.1,156.189,4652.85,75.0,29.9129,1.986
5445.5,1056.43,0.194,47.8085,786013.94,71.1099,2854.72,57.0,40.2953,1.244
7236.1,1567.6,0.21663,74.4033,957089.75,97.2582,2888.4,62.0,36.2826,9.447
6476.47,2206.83,0.34074,79.3072,903981.7,100.929,2836.58,13.0,39.5797,6.012
9324.79,3520.41,0.37753,61.8579,1236731.0,148.191,4919.88,53.0,34.1344,5.696
5293.15,1529.8,0.28901,57.9808,697845.6,82.5532,2679.6,35.0,41.1095,4.222
10647.2,4490.47,0.42175,89.0086,1452858.8,152.194,4677.53,45.0,31.1999,16.055
6484.98,2386.04,0.36793,77.8562,882459.6,94.4157,3252.54,59.0,38.5321,1.162
4892.56,1303.46,0.26641,35.9248,684806.1,55.144,1875.93,48.0,43.7934,11.431
16970.3,4759.88,0.28048,210.908,2346247.8,289.384,5192.4,178.0,24.983,2.57
8496.28,1680.92,0.19784,79.849,1196033.6,104.136,3787.07,12.0,34.5071,2.058
6945.23,1977.69,0.28475,59.9194,952392.8,88.4381,2627.79,22.0,40.1996,7.468
6840.67,1598.73,0.2337,64.7009,967714.75,85.8394,3651.72,28.0,38.058,0.0
13888.7,3394.89,0.24443,185.828,1901196.4,199.75,4644.2,175.0,29.4399,1.852
5854.29,1544.17,0.26376,52.91,755246.9,98.4711,3489.78,15.0,40.038,1.698
4373.99,1455.43,0.33274,35.0472,601598.1,54.6292,1441.43,19.0,44.2955,1.659
12389.2,3096.3,0.24991,131.814,1695005.5,164.984,4089.43,25.0,32.5923,3.792
15104.5,4973.92,0.3293,160.708,2107332.8,222.861,4919.77,101.0,27.8694,5.533
4756.1,1844.74,0.38786,42.6942,649684.25,68.0542,1486.18,9.0,43.9672,10.873
7217.77,2050.74,0.28412,66.3111,993776.94,94.7664,2767.68,99.0,39.4969,15.517
16404.0,5483.05,0.33425,179.812,2263600.8,261.26,5563.15,106.0,29.2513,3.503
9232.98,2986.59,0.32346,105.856,1254130.8,125.739,3883.7,32.0,33.7784,3.277
4787.18,901.46,0.1883,45.9411,622989.5,57.5828,1998.87,23.0,43.1171,5.524
9096.0,2506.67,0.27557,76.5124,1291011.4,107.203,4018.99,28.0,31.3383,19.337
18414.5,6744.4,0.36625,243.217,2524198.5,267.523,5634.7,114.0,22.4298,2.358
5076.73,1230.18,0.24231,51.1662,711216.44,67.4028,3065.79,50.0,40.195,1.787
5106.38,2088.09,0.40891,44.8116,737047.9,82.9823,2193.62,85.0,42.6882,11.545
14041.2,4871.74,0.34696,163.199,1961340.5,202.938,4916.0,146.0,28.1359,8.539
11229.3,4843.3,0.4313,105.186,1534982.8,175.01,6097.64,47.0,34.1195,1.612
7556.8,2681.89,0.35489,64.9157,1045201.94,102.653,3601.78,61.0,38.0167,14.299
13371.4,4456.86,0.33331,177.817,1814255.4,245.393,4553.62,31.0,28.8894,1.933
3631.62,1183.26,0.32582,25.7858,492862.94,43.732,1406.52,2.0,45.2765,1.902
14842.6,3681.69,0.24804,155.269,2104107.5,277.906,4474.6,45.0,29.9215,20.249
5124.94,1769.31,0.34523,40.7103,680752.94,78.7103,3222.64,13.0,43.4466,11.594
3970.38,1209.17,0.30454,33.3688,539457.75,51.0724,1385.8,32.0,44.4664,11.323
8116.74,2880.35,0.35486,78.1396,1089694.1,127.637,3525.85,47.0,36.5053,10.669
7127.21,1630.23,0.22873,51.7458,989822.5,82.615,3374.7,25.0,39.2317,3.597
8992.3,1593.35,0.17719,93.0185,1237362.0,104.878,4121.83,45.0,34.124,2.462
15373.2,5074.81,0.3301,215.38,2140050.8,253.852,5311.14,287.0,24.8087,2.305
9775.65,3153.54,0.32259,106.452,1336904.0,145.27,4291.52,77.0,32.3343,17.471
8098.87,2804.44,0.34627,76.2925,1094046.2,111.303,3671.17,82.0,35.537,3.763
5996.17,2448.54,0.40835,58.8904,812303.4,88.9421,2794.65,43.0,40.672,12.472
8514.9,2610.64,0.30659,100.157,1176209.9,142.464,3238.72,17.0,36.6998,1.515
6699.59,2953.1,0.44078,81.7863,820813.9,125.266,2128.15,116.0,41.1722,5.602
8011.88,2955.03,0.36883,78.2002,1090893.6,105.113,3098.38,103.0,38.1142,3.118
13894.0,4939.41,0.3555,192.476,1893351.5,252.118,4603.33,48.0,29.0495,2.359
11245.5,3591.86,0.3194,91.4729,1581619.8,130.396,5167.66,104.0,33.0332,10.733
13100.8,4773.97,0.3644,158.227,1823647.5,205.544,5070.19,117.0,27.3116,4.819
14166.4,4964.75,0.35045,164.495,2000367.1,204.769,5025.89,169.0,27.2785,7.255
9151.52,2925.33,0.31965,38.7671,1287706.5,107.593,3679.06,95.0,38.0348,10.99
7007.09,1826.88,0.26071,74.8289,961580.4,108.07,3094.56,77.0,38.3773,1.397
10342.7,3238.97,0.31316,126.427,1383446.1,169.861,4020.86,37.0,33.182,1.516
8107.0,1854.5,0.22875,74.0341,1106246.9,92.1758,3617.06,36.0,36.7926,13.973
11810.3,3427.82,0.29023,127.915,1629913.9,178.533,4816.64,70.0,28.5465,4.577
13654.4,4088.4,0.29941,155.018,1945654.0,222.97,4749.87,90.0,29.0402,5.31
18417.8,5615.13,0.30487,239.198,2580037.0,298.929,5509.25,133.0,22.5114,4.293
17433.9,5719.42,0.32806,169.81,2499749.0,254.344,5062.77,48.0,26.9737,2.862
9567.63,2947.18,0.30803,94.301,1354991.2,128.139,4086.81,99.0,33.4773,5.662
6830.52,2404.19,0.35197,65.3707,912768.0,103.789,3147.46,30.0,40.1021,3.15
4967.39,1419.71,0.2858,37.3736,690852.44,69.7238,2650.78,40.0,42.0422,8.525
17182.7,5208.55,0.30312,170.413,2322816.5,229.777,5166.94,170.0,28.4258,17.151
5704.96,1028.76,0.18032,52.3914,788258.94,60.9729,2936.64,23.0,39.6563,4.521
10902.3,3489.89,0.3201,126.173,1524967.4,168.817,4902.43,70.0,29.2972,3.518
7431.41,2117.3,0.28491,77.252,1009787.25,115.009,3102.3,78.0,39.0531,1.122
4020.64,1238.62,0.30806,34.4611,548010.94,52.4071,1368.1,32.0,44.498,11.37
9264.87,2617.66,0.28253,105.105,1267081.2,124.707,3877.84,26.0,34.0712,3.637
5980.68,1272.62,0.21278,49.2706,792467.06,75.6274,3042.08,35.0,38.7448,7.733
18554.7,6734.72,0.36296,185.379,2628175.5,280.164,5915.2,149.0,21.7598,2.907
15429.9,4048.52,0.26238,188.713,2138452.2,188.892,5333.78,141.0,26.5244,18.068
8329.68,1714.14,0.20578,76.9026,1198985.2,96.8301,3950.16,9.0,34.8508,1.258
15624.8,4660.9,0.2983,151.154,2246068.0,211.561,4949.12,37.0,29.3436,16.951
4686.48,1113.55,0.2376,40.0072,652852.2,55.6664,2320.3,48.0,42.4563,9.149
7593.68,2013.62,0.26517,65.4494,1054306.6,103.448,3547.1,22.0,37.7906,1.701
11012.4,3920.71,0.35602,121.689,1580146.1,179.257,4001.49,140.0,34.795,18.078
9268.82,3172.9,0.34231,91.2194,1268810.9,143.422,4577.02,35.0,46.5464,0.0
6117.0,1627.84,0.26611,56.0025,799358.06,84.2401,2570.02,29.0,39.8192,1.585
7557.88,3112.47,0.41181,78.8729,1071300.9,113.72,3353.26,38.0,37.466,2.556
15503.1,4256.55,0.27456,160.011,2198285.5,219.205,5725.67,89.0,24.7903,4.375
5520.5,1477.07,0.26756,50.3591,760648.7,73.3065,2359.05,36.0,38.9826,13.286
10001.6,3728.97,0.37283,90.8319,1387751.6,137.943,3779.64,52.0,34.4237,14.406
6707.91,2096.89,0.31259,65.1559,951093.56,84.9399,3667.93,45.0,39.4166,12.822
7867.29,2833.47,0.36015,79.5278,1117213.0,123.391,3440.9,62.0,35.9877,7.858
7728.1,2208.95,0.28583,95.5685,1077887.0,107.677,3191.12,32.0,36.4987,10.372
20802.2,6355.51,0.30552,293.26,2819291.2,342.939,6552.28,285.0,17.1567,2.165
11820.8,2813.63,0.23802,112.909,1639751.6,153.605,4556.19,44.0,29.5089,12.604
11290.5,3690.43,0.32686,99.8035,1584795.8,158.362,5631.55,50.0,35.6803,16.889
15956.8,4988.53,0.31262,209.725,2216729.8,275.841,5140.08,153.0,25.7699,2.307
16003.7,5200.8,0.32497,180.124,2232076.5,258.244,5642.25,146.0,24.6147,2.462
8881.27,2534.52,0.28537,72.1369,1256489.9,113.945,3370.24,54.0,37.3396,12.979
8481.76,3221.77,0.37984,89.3761,1187356.4,131.3,3555.24,31.0,31.5899,17.579
6958.69,1762.93,0.25334,76.3815,951790.2,89.5607,2954.02,111.0,38.5132,4.553
9178.11,3337.5,0.36363,95.6747,1236737.1,131.689,3357.87,80.0,38.0875,2.521
8242.81,1969.09,0.23888,82.4123,1147623.1,102.626,4123.28,41.0,33.2231,2.659
12965.3,3525.4,0.27191,164.937,1799006.5,194.612,5104.8,65.0,28.5742,2.071
12275.9,3680.07,0.29978,147.698,1722192.9,166.345,5049.45,33.0,28.2896,3.999
6854.48,1066.98,0.15566,73.3778,932232.56,87.1999,3226.19,39.0,38.4396,18.596
6515.3,1910.28,0.29319,57.1584,852164.4,90.4419,3310.45,52.0,38.1328,15.901
6740.34,1522.11,0.22582,71.5803,964843.75,76.3661,2999.44,64.0,39.9566,19.469
7065.04,2521.12,0.35684,73.2654,990288.1,103.485,3732.04,73.0,38.2256,15.454
6784.33,2174.42,0.3205,65.8559,889887.94,94.5778,3574.01,67.0,38.1179,4.322
10842.6,4079.6,0.37625,120.032,1448656.0,198.82,3949.42,34.0,30.7121,4.46
6976.06,2428.84,0.34816,61.7093,918059.2,113.577,2797.99,27.0,35.0863,6.134
8445.27,2142.41,0.25368,95.7337,1178008.9,119.769,3230.93,4.0,36.9605,0.559
8545.65,2676.69,0.31322,88.7298,1213816.5,126.689,3847.12,4.0,35.3733,2.395
6134.87,2001.29,0.32621,65.3303,830103.06,100.46,2996.54,80.0,39.9356,16.708
6526.12,1386.63,0.21247,72.0662,870773.75,88.202,3514.15,80.0,35.053,1.551
7352.42,2703.22,0.36766,63.2023,1048215.7,111.437,4371.59,40.0,37.0957,12.395
7019.44,2018.5,0.28755,65.3028,959186.5,89.0944,3505.57,48.0,37.8289,5.832
8656.76,2543.92,0.29386,93.2773,1200064.4,142.6,3272.33,13.0,36.4142,1.419
21900.2,6073.21,0.27731,195.317,3123836.2,269.953,6018.83,203.0,21.3069,20.429
9058.38,2542.62,0.28069,84.9763,1290693.2,126.216,3843.46,5.0,34.9648,2.073
7116.43,2426.22,0.34093,56.6274,963525.25,99.5168,2701.97,46.0,40.0975,11.926
7672.06,1811.39,0.2361,61.5576,1083804.2,80.0101,2946.94,15.0,38.378,10.931
11088.5,3772.2,0.34019,132.559,1479608.2,169.502,4147.04,40.0,33.1185,3.836
8771.11,2773.13,0.31616,92.3868,1184407.9,120.515,4256.29,119.0,33.3719,2.949
11834.4,4567.88,0.38598,137.951,1649624.5,212.693,4888.71,115.0,28.0877,20.035
7886.5,2008.44,0.25466,68.4605,1090130.0,109.611,3669.51,23.0,36.6702,1.473
9722.46,2425.95,0.24952,97.8381,1362565.0,134.342,4106.47,54.0,34.0037,2.968
9272.72,2617.72,0.2823,88.4612,1331775.4,129.124,4065.86,6.0,35.4618,1.937
15685.4,5150.17,0.32834,167.851,2173256.8,208.777,6118.41,112.0,26.0236,15.986
12139.6,4540.05,0.37398,116.215,1739575.0,159.163,4144.69,75.0,33.4424,5.073
15792.5,3301.02,0.20902,177.077,2237990.5,225.59,4986.64,85.0,26.6924,3.417
4685.32,1716.08,0.36626,30.6422,665378.2,62.577,2247.69,43.0,43.3414,11.597
7894.61,3147.69,0.39871,82.0432,1058562.6,137.048,3567.07,38.0,34.0471,19.544
9232.47,3981.25,0.43122,83.145,1242761.1,143.444,4090.97,37.0,35.8142,16.691
7593.26,2355.35,0.31018,78.9691,1028957.44,96.4888,3347.41,47.0,38.548,13.254
6816.68,2431.74,0.35673,79.4521,931695.8,99.6863,3257.1,60.0,38.7985,1.486
7025.47,2535.13,0.36084,60.593,971720.1,104.571,3732.03,72.0,38.1187,1.754
7309.89,2581.58,0.35316,63.0802,984321.5,111.514,3016.58,58.0,39.0649,12.229
7579.59,1337.63,0.17647,74.7365,1069055.5,98.0095,3748.96,13.0,34.4243,1.657
18084.1,5727.87,0.31673,243.602,2492372.5,307.333,5345.72,277.0,25.796,5.381
8212.9,1942.37,0.2365,92.0159,1154036.8,122.709,3209.46,4.0,36.9507,0.449
6945.19,2701.63,0.38899,83.4913,963730.1,110.276,3326.89,50.0,37.7029,17.84
9727.02,3942.1,0.40527,82.7221,1348045.5,154.312,3790.5,113.0,34.6098,4.076
8393.84,3323.06,0.39589,75.3856,1162585.2,115.445,3563.96,56.0,37.4385,8.923
14744.8,5758.85,0.39056,179.672,2087756.0,257.875,5102.92,168.0,23.4797,4.787
15615.0,4122.1,0.26398,248.645,2141505.5,264.697,4776.36,295.0,27.2125,3.963
6942.66,2121.37,0.30555,74.768,948559.3,99.5097,3250.65,62.0,36.3445,14.788
9441.8,3749.94,0.39716,90.9989,1371004.0,139.933,3977.75,40.0,33.7727,17.138
7459.68,2665.97,0.35738,77.4711,1011264.3,105.865,3528.74,58.0,37.6097,13.397
13221.3,4195.74,0.31734,145.183,1820348.4,201.022,4580.48,36.0,29.6005,3.157
9463.71,2727.91,0.28824,74.1731,1333076.9,127.909,3594.13,36.0,38.703,13.019
6629.0,2852.82,0.43035,45.867,929963.3,99.8608,2464.78,10.0,42.3875,15.193
6784.13,2350.25,0.34643,80.686,933399.8,92.5605,3255.2,64.0,38.7209,1.439
7245.51,2855.62,0.39412,82.257,990050.8,100.68,3448.11,83.0,36.2621,15.344
8108.15,2377.37,0.2932,91.3175,1103583.9,114.376,3213.33,83.0,38.755,1.789
11351.2,4056.41,0.35735,128.203,1545516.9,187.729,4006.5,21.0,32.1655,3.389
16212.5,6090.38,0.37565,152.834,2287113.2,258.55,6657.63,45.0,25.1425,17.738
3944.7,1086.38,0.2754,34.5915,558028.4,45.4132,1780.16,12.0,41.1904,2.006
12879.3,4251.9,0.33013,150.132,1782324.4,200.556,4427.67,45.0,30.6861,3.585
14637.6,4495.43,0.30711,153.779,2114309.0,223.203,5255.01,127.0,26.7994,17.871
12237.4,3788.47,0.30958,148.906,1711576.8,159.454,5216.75,31.0,27.4653,3.237
10322.2,3487.2,0.33783,110.098,1429887.1,161.237,4300.52,22.0,32.4742,4.593
14855.1,5637.35,0.37948,157.325,2112322.8,223.674,5186.71,72.0,27.7193,18.958
9631.81,3389.11,0.35186,97.2061,1354915.4,149.665,3822.36,79.0,33.781,4.815
6047.76,1541.74,0.25492,60.9588,793899.7,79.9842,2742.99,31.0,39.0691,3.867
9449.2,2935.85,0.31069,84.5225,1330705.0,122.83,3544.95,81.0,34.5282,12.672
7925.25,2560.88,0.32312,82.2718,1118771.2,114.385,3359.5,134.0,37.1419,18.271
17267.5,4845.46,0.28061,233.093,2430470.8,275.938,5669.82,94.0,21.4118,2.899
5480.61,2002.83,0.36543,48.6167,760548.8,78.1312,2314.2,33.0,43.3579,2.443
4370.74,1534.99,0.35119,34.4919,619365.4,55.5083,1347.23,36.0,43.8464,19.614
3872.19,953.05,0.24612,34.083,551400.75,46.2589,1777.83,6.0,44.4842,2.232
5902.02,1896.24,0.32128,55.9578,814466.5,83.1954,3153.67,17.0,40.044,7.25
10938.3,2112.59,0.19313,150.303,1528624.1,164.344,4591.58,148.0,29.7074,1.519
6982.2,2154.25,0.30853,70.2968,956028.6,98.9323,3091.8,49.0,39.5333,2.871
9583.97,2375.35,0.24784,124.22,1361088.4,147.893,4531.72,127.0,23.441,15.974
15915.2,3704.83,0.23278,205.52,2180490.0,252.981,5214.21,157.0,24.5345,2.224
7381.59,2218.77,0.30058,63.3657,1064364.6,90.8297,3693.17,58.0,37.4213,14.592
8736.69,2907.14,0.33275,68.6462,1239635.1,106.012,3736.87,25.0,35.1366,7.517
4726.95,1060.51,0.22435,43.8742,667706.6,64.1493,2687.85,13.0,41.7206,3.516
7117.48,1735.15,0.24378,75.4982,938668.8,99.2178,2946.32,41.0,38.4269,15.704
8241.5,2470.79,0.29979,73.1713,1095519.5,114.601,3657.57,65.0,36.253,12.725
14372.1,4971.5,0.34591,134.857,1947233.8,197.774,4130.75,73.0,31.424,19.2
12589.0,4671.86,0.3711,145.637,1716666.9,223.392,4404.75,89.0,29.4069,19.936
15543.6,4447.65,0.28614,207.674,2158656.8,260.412,5176.8,169.0,46.5464,2.905
8713.56,2362.39,0.27111,94.5414,1236788.2,116.506,3450.53,99.0,36.9503,16.369
4174.11,1247.2,0.29879,34.3996,573890.94,52.4698,1391.26,17.0,44.37,1.519
7213.94,1891.45,0.26219,65.0778,1002460.0,96.4472,3164.18,83.0,37.6916,3.661
8517.59,3087.86,0.36252,73.486,1192093.1,119.533,3874.23,99.0,34.5707,19.807
8809.26,3255.38,0.36954,65.3555,1215699.2,141.088,3751.63,13.0,36.8409,14.281
4837.83,1178.76,0.24365,50.4377,637817.25,76.3349,3155.3,14.0,41.3366,1.866
14301.0,5267.92,0.36836,162.109,2006013.2,235.802,4869.73,125.0,28.3961,20.073
14923.6,5771.15,0.38671,185.539,2028019.8,250.58,5857.48,136.0,27.1764,14.531
8936.31,2112.31,0.23637,99.6474,1262717.9,123.864,3799.8,50.0,46.5464,2.612
5070.81,1709.24,0.33707,45.3367,700400.7,64.9645,1870.52,13.0,43.7854,4.343
8224.53,1821.65,0.22148,66.8972,1201831.9,92.1108,2778.6,47.0,39.578,13.619
8034.02,2827.56,0.35194,82.4411,1098125.0,106.034,3473.46,37.0,36.9193,16.055
7606.13,2709.86,0.35627,61.6569,1002265.3,120.07,3122.98,30.0,38.8874,6.197
9122.3,2545.15,0.279,77.1127,1273134.8,109.83,4369.21,64.0,35.7163,7.877
8900.78,2305.37,0.259,86.2221,1247838.1,116.424,4728.37,26.0,32.9634,1.703
7678.98,2040.21,0.26568,49.7994,1044068.9,92.4662,3747.88,26.0,36.7603,13.337
12796.6,2887.59,0.22565,160.75,1795759.0,202.91,5234.95,35.0,26.8711,0.0
5336.96,1227.75,0.23004,43.9291,751208.5,62.1942,2262.94,12.0,42.736,2.655
7767.83,2061.33,0.26536,68.2612,1071484.2,100.987,3347.9,30.0,36.9898,4.06
7397.5,1792.57,0.24232,75.9282,1083049.4,87.2694,3035.27,18.0,38.1103,1.566
5958.96,1735.9,0.2913,59.0492,785210.2,82.6749,2851.37,5.0,39.1761,15.463
7157.04,2401.31,0.33551,75.662,993628.56,96.0291,3735.2,27.0,36.2744,2.414
13115.7,4748.93,0.36207,128.398,1838362.1,215.538,4351.79,47.0,29.6702,2.441
5656.21,1752.2,0.30978,58.4543,748924.8,86.3051,2638.39,27.0,41.2704,3.719
4818.87,1145.02,0.23761,49.7666,637647.75,76.4012,3152.27,14.0,40.1902,1.842
25153.4,6430.34,0.25564,369.317,3433294.2,392.33,6279.86,155.0,19.8575,1.296
14609.7,6264.21,0.42877,123.419,2074645.6,227.168,5108.88,140.0,21.0243,18.258
8457.0,2298.06,0.27173,92.4137,1183759.4,106.691,4061.37,25.0,36.8341,2.573
7507.78,2683.08,0.35737,84.8918,1016407.94,112.094,3612.52,27.0,36.5072,13.514
16870.0,6649.98,0.39418,203.767,2214417.0,275.021,5607.8,103.0,24.0775,6.548
18105.3,6706.96,0.37044,185.535,2533544.0,281.753,5251.46,71.0,25.3726,20.252
18236.0,5093.86,0.27932,250.927,2525249.0,278.348,5314.65,194.0,25.2833,4.204
14759.8,5006.88,0.33922,177.253,2067400.8,261.696,5311.69,161.0,24.921,1.484
4819.23,1170.7,0.24292,50.0422,613830.6,59.9071,2123.27,42.0,42.3027,2.874
6894.15,2011.2,0.29172,62.8154,914230.75,93.3319,3554.76,64.0,37.5266,4.588
16739.9,4492.15,0.26834,241.83,2319503.5,305.756,5212.85,215.0,22.8407,4.609
9910.49,3948.07,0.39837,82.0291,1360738.6,135.879,4708.89,28.0,33.4488,18.369
6644.69,2103.05,0.3165,54.5448,920763.9,83.698,2641.26,36.0,40.9166,3.935
14482.1,4862.65,0.33576,150.68,2040627.5,224.88,5440.38,33.0,28.0923,17.527
4140.23,1478.51,0.3571,32.5893,593287.25,50.4043,1501.45,40.0,44.2035,0.0
16584.4,3887.13,0.23438,207.663,2282421.5,255.577,5730.95,234.0,21.5116,7.734
5280.68,1415.18,0.26799,45.9347,750970.6,67.4672,2069.2,2.0,42.078,5.812
8411.65,1454.45,0.1729,73.9685,1122425.2,100.29,3813.27,28.0,34.3243,9.683
6702.98,1514.48,0.22594,57.217,950470.56,78.8795,2581.13,24.0,39.784,13.526
6908.98,1699.6,0.24599,58.8796,998167.2,95.0477,2769.55,82.0,38.0365,15.061
9663.52,3446.13,0.35661,95.2992,1368034.9,135.561,3803.19,92.0,35.0341,18.224
5830.78,1827.77,0.31346,54.7363,799328.0,78.8683,3208.65,13.0,39.4781,7.972
4004.01,1259.28,0.3145,36.2593,550770.75,52.0367,1388.93,16.0,44.3635,1.544
9888.24,2264.29,0.22898,90.0283,1393608.0,121.131,4037.81,153.0,34.4992,5.779
11291.4,1973.18,0.17475,131.777,1590813.1,168.274,4652.07,149.0,29.7644,1.702
11831.2,4624.78,0.39089,138.711,1628102.0,198.652,4467.37,90.0,31.5513,9.116
5866.17,1926.02,0.32832,36.0131,803861.44,79.9688,2230.02,21.0,42.4398,15.733
8396.27,2762.69,0.32903,97.0806,1124491.5,125.082,4002.63,43.0,36.2726,15.444
15740.0,5698.42,0.36203,195.047,2168413.2,254.675,6043.08,138.0,22.8224,0.803
4581.58,832.16,0.18163,41.2826,604880.6,59.5376,2680.37,13.0,43.3155,1.784
11519.2,3631.54,0.31525,124.06,1596245.6,172.264,4189.58,39.0,31.1912,2.464
16289.6,4689.34,0.28787,201.407,2265143.2,282.779,5795.37,235.0,21.4852,8.995
5924.05,1901.76,0.32102,58.0675,764225.7,92.3001,2842.83,5.0,39.207,15.738
7019.82,2081.09,0.29645,65.0661,969205.44,92.9956,3118.32,48.0,39.4787,2.463
13440.7,2628.96,0.19559,136.166,1801949.0,177.623,4286.73,127.0,30.6576,20.41
8853.41,2799.25,0.31617,60.8557,1257740.4,114.914,3153.66,9.0,36.5109,16.134
13675.9,3899.59,0.28514,159.354,1906343.2,235.901,4434.5,82.0,30.1261,1.598
21821.0,6306.74,0.28902,293.907,2995062.0,315.237,6639.94,291.0,18.6717,2.015
6842.49,1718.74,0.25118,66.9394,960407.94,84.916,3620.16,24.0,34.5063,2.101
11565.8,3667.12,0.31706,82.9984,1553509.1,163.038,3753.46,84.0,34.3213,7.445
6387.19,1555.71,0.24356,58.4257,840997.06,76.1158,3115.79,34.0,39.6168,5.28
12555.7,3297.62,0.26263,162.75,1748141.5,200.576,4825.12,52.0,28.4531,2.911
12369.2,4402.18,0.35589,130.551,1763142.6,186.906,5029.84,80.0,27.0627,19.862
6559.82,2231.01,0.3401,65.7414,914453.06,90.3556,3851.24,63.0,37.8974,3.638
6168.04,2015.22,0.32671,53.6402,839557.1,80.7798,2462.0,47.0,41.3144,14.844
17116.4,5895.78,0.34445,158.57,2434880.0,256.985,5723.95,128.0,24.0846,11.972
9446.22,2219.24,0.23493,109.381,1296547.9,144.374,4012.05,39.0,34.0357,1.956
14263.1,4034.24,0.28284,156.407,1955885.9,249.31,4609.22,86.0,46.5464,2.379
7823.31,3169.82,0.40517,73.3143,1105302.8,123.125,3342.2,40.0,37.7003,2.479
5112.22,1969.65,0.38528,28.856,721544.7,73.4556,2670.57,42.0,41.6956,10.873
4942.63,1367.53,0.27668,40.4764,661190.56,70.0677,3294.79,9.0,41.4164,12.476
12936.4,4039.6,0.31226,161.478,1775211.1,218.304,4735.15,119.0,29.3016,7.701
6230.43,2041.3,0.32763,61.0281,800716.4,97.8884,2993.9,5.0,38.8576,15.955
10382.5,4041.52,0.38926,107.118,1451085.4,142.777,3803.68,20.0,35.2683,4.03
16364.0,5843.63,0.3571,190.184,2271263.8,254.593,6396.48,212.0,27.495,2.68
6210.75,1533.19,0.24686,68.1635,868616.7,83.518,2825.2,70.0,39.4048,6.745
11830.5,4219.66,0.35667,132.616,1647954.4,184.039,4689.56,102.0,30.0544,18.646
9442.86,2608.7,0.27626,76.0109,1283025.5,119.6,4284.97,54.0,33.783,16.262
11239.3,3339.58,0.29713,113.219,1627411.9,152.582,4590.08,105.0,33.0332,17.602
13648.8,4564.43,0.33441,160.621,1846366.1,207.438,4852.42,85.0,28.6257,5.553
10634.0,3169.57,0.29805,162.831,1420860.2,200.51,4877.1,87.0,28.0365,12.003
5163.96,1121.97,0.21726,51.2502,740778.56,69.8796,2844.9,58.0,40.3989,1.454
10063.4,3811.44,0.37874,71.6128,1390478.8,142.026,4004.09,47.0,35.4033,15.612
11497.3,2809.92,0.24439,162.878,1596788.8,188.582,4673.15,52.0,29.5414,1.946
17104.6,4905.01,0.28676,196.586,2421022.5,219.833,5479.49,223.0,22.9842,9.349
4614.82,1212.1,0.26265,37.9841,639060.1,57.0663,2588.11,68.0,41.2839,5.025
11333.3,3424.69,0.30217,105.89,1562230.6,162.889,4273.06,13.0,32.9978,3.923
10603.9,2654.84,0.25036,105.249,1475522.8,128.13,4345.51,154.0,31.8526,16.439
6946.8,2099.95,0.30229,56.5768,890137.94,105.097,2847.14,5.0,40.0784,10.51
6285.14,1839.67,0.2927,52.7242,856978.56,83.7616,2682.21,31.0,40.6918,3.525
5238.78,1437.72,0.27443,47.0888,746696.7,67.2842,2334.64,21.0,41.613,7.022
9148.81,4924.77,0.53829,88.7848,1136380.1,176.752,2428.87,80.0,40.1487,18.198
7550.82,2233.73,0.29582,74.4047,1080414.6,141.616,3179.64,73.0,37.6923,16.896
10253.1,3957.2,0.38595,61.3027,1418268.9,145.498,4988.01,46.0,31.8283,20.778
6543.48,2827.74,0.43214,75.9583,811859.4,134.515,2065.43,92.0,41.5978,13.47
17384.2,5064.79,0.29134,206.921,2408165.2,262.793,5873.42,251.0,19.7474,10.151
4490.7,1347.52,0.30006,36.8782,642606.56,55.3206,1894.69,7.0,43.47,2.511
12037.7,4099.82,0.34058,148.018,1672111.2,199.79,4369.88,33.0,29.8193,4.036
11312.6,3945.82,0.34879,133.865,1499592.9,172.844,4166.91,39.0,33.222,3.976
13716.2,3838.81,0.27987,133.099,1947612.2,171.92,5002.48,101.0,30.1648,19.048
6311.86,1325.87,0.21006,58.1437,876279.9,78.899,2946.23,57.0,39.8765,12.935
7131.96,2293.79,0.32162,64.2403,1008548.5,87.8501,3710.31,81.0,38.4644,10.103
7721.01,2457.75,0.31831,73.7896,1040485.8,107.269,3107.58,115.0,38.5028,1.919
8537.09,3169.26,0.37123,93.1854,1198925.8,125.174,3187.27,36.0,37.3374,4.113
11549.6,2444.33,0.21163,149.057,1607640.4,171.821,4103.4,67.0,32.1305,1.67
12163.8,3947.53,0.32453,133.969,1695795.5,187.3,4714.58,81.0,46.5464,3.981
12044.8,3697.02,0.30693,107.19,1752771.5,160.894,4833.26,98.0,29.39,16.851
6877.97,1498.63,0.21788,78.9559,926792.6,106.51,3357.1,25.0,37.6325,14.535
6580.36,1683.69,0.25586,61.7676,907352.25,68.2882,3201.02,35.0,38.8441,2.194
9346.69,2473.36,0.26462,69.3047,1299349.0,127.13,3852.87,52.0,35.5405,12.222
12514.7,3751.69,0.29978,164.162,1746926.8,214.532,4730.61,70.0,28.9017,3.693
6687.08,2258.42,0.33772,88.6754,895258.2,112.625,3292.91,85.0,40.0209,14.411
9847.26,3998.71,0.40607,89.3896,1422543.5,142.204,3569.18,84.0,35.7519,17.696
10730.3,3261.72,0.30397,106.339,1514760.1,143.564,4088.93,30.0,33.6481,5.883
11454.2,3655.48,0.31913,133.925,1579042.9,155.062,4629.99,69.0,29.1879,13.243
5039.91,1809.08,0.35895,50.8328,708193.7,73.324,2169.32,27.0,43.3556,1.214
8107.57,2396.97,0.29564,90.8473,1099613.5,123.915,4214.96,52.0,34.1232,14.087
8279.72,2066.42,0.24957,81.0582,1178212.8,114.406,3751.25,64.0,35.8169,3.311
7250.87,2725.57,0.37589,63.8468,1061518.9,96.4873,3194.13,30.0,38.9373,1.057
7149.3,1956.24,0.27362,58.4411,955806.25,99.6046,3442.19,54.0,33.6859,7.602
8983.7,2286.51,0.25451,76.9472,1250878.6,120.677,4008.27,60.0,34.3927,11.774
7967.89,2809.48,0.3526,65.7391,1122913.6,107.406,4081.38,68.0,37.9783,3.543
12629.0,3262.52,0.25833,153.575,1753925.1,201.813,4832.58,72.0,28.3643,2.809
9550.97,2420.38,0.25341,88.77,1340161.0,117.648,4708.87,60.0,32.0068,14.085
5267.59,1103.5,0.20948,59.2808,717949.7,61.6558,2841.82,36.0,40.4727,12.49
11860.3,4393.0,0.37039,120.966,1651349.8,194.177,4476.16,112.0,46.5464,17.374
9916.58,2688.39,0.2711,105.733,1400846.2,142.842,3960.29,37.0,33.279,1.865
10565.7,4180.76,0.39569,69.5987,1461783.8,150.811,3676.0,53.0,36.3515,17.515
7371.97,2274.96,0.30859,63.6193,1033975.25,114.015,3488.84,55.0,36.9739,15.225
7728.31,2985.66,0.38632,66.7153,1079401.2,109.49,3590.68,83.0,36.7346,14.304
19125.8,8270.29,0.43241,200.675,2735471.2,319.895,5073.0,113.0,25.0616,19.555
4949.13,1421.66,0.28725,45.0663,681101.25,56.1106,1885.77,24.0,43.6333,2.109
10045.8,4214.39,0.41951,105.876,1363665.8,151.04,3360.22,89.0,38.0532,14.975
11084.8,4920.78,0.44392,93.3377,1569783.8,162.698,4185.43,125.0,34.9125,20.326
6810.64,1888.06,0.27722,30.8531,919378.44,86.4755,2638.59,58.0,40.3973,10.809
11424.9,3138.94,0.27474,115.687,1602470.8,163.18,4498.31,70.0,29.3495,9.803
7102.94,1717.07,0.24174,64.0685,985978.3,104.843,3431.93,43.0,37.2659,10.77
6132.2,2674.39,0.43612,64.1161,851233.4,90.2607,3193.82,50.0,38.6424,11.761
10897.2,3469.16,0.31835,102.877,1508315.2,147.197,4274.11,77.0,32.3572,19.636
9497.4,2588.91,0.27259,105.995,1349401.0,142.347,4229.35,44.0,33.4105,2.461
9164.17,2731.61,0.29807,85.9333,1247880.2,123.043,3817.35,37.0,35.0013,2.158
5146.35,2012.8,0.39111,34.2325,729650.6,66.381,2573.35,38.0,42.5972,3.858
10468.3,3108.86,0.29697,119.449,1424697.6,154.507,4385.53,127.0,31.2144,10.773
7292.8,2458.06,0.33705,77.4653,1001834.06,99.4699,3751.87,36.0,36.5152,1.897
8168.51,3142.59,0.38472,70.1297,1121543.0,125.803,3618.46,79.0,36.5329,15.238
9365.09,2740.34,0.29261,94.4045,1264878.8,112.819,3937.01,38.0,34.8704,14.638
4753.63,1867.23,0.3928,52.8294,673228.7,90.8141,2153.8,50.0,43.3195,13.466
14178.3,3756.25,0.26492,167.038,1954418.0,224.291,4859.61,120.0,27.6339,5.188
6315.87,1223.58,0.19373,53.0818,894946.9,66.93,3067.91,19.0,39.9282,12.737
7020.79,1995.48,0.28422,80.0055,954405.5,111.881,3043.04,83.0,39.1887,0.875
9308.03,1889.43,0.20298,103.018,1326660.6,130.29,4262.37,44.0,34.0588,1.248
13033.4,4814.76,0.36941,148.386,1788581.0,225.812,4758.27,100.0,29.4493,5.987
7579.22,1559.37,0.20574,71.3263,1035816.1,94.3747,3510.33,36.0,38.2456,18.021
9882.23,3196.1,0.32341,111.179,1399618.8,141.516,3844.41,60.0,34.7099,3.221
9224.71,1639.4,0.17771,91.7396,1316296.5,131.842,4105.82,40.0,33.3936,0.732
14275.0,4187.84,0.29336,187.731,2003238.9,235.243,4433.25,67.0,26.6987,3.368
6681.31,2304.47,0.34491,37.1094,915056.25,99.3545,2907.74,31.0,41.9221,16.399
5416.49,2242.79,0.41406,34.3671,768445.1,74.3528,2591.95,35.0,43.1413,6.848
23223.5,5418.46,0.23331,317.395,3177493.5,409.243,6229.71,150.0,19.8252,1.108
8035.31,1585.82,0.19735,66.0168,1124068.9,102.794,3528.52,18.0,35.7674,14.257
4437.79,1338.73,0.30166,38.2734,603734.8,59.6944,1846.32,40.0,44.2545,11.891
6885.77,1946.66,0.2827,68.4164,923034.6,93.5856,3010.63,19.0,38.9139,1.812
9451.0,3304.65,0.34966,37.9492,1338204.1,116.967,3724.41,95.0,34.5551,12.884
19185.1,6041.46,0.3149,209.439,2645399.0,306.711,6093.15,216.0,19.8443,11.274
12303.1,3284.24,0.26694,134.067,1706168.2,164.856,4752.05,50.0,29.2997,10.504
11429.4,3967.24,0.3471,112.447,1621959.0,158.769,3910.07,66.0,33.8495,3.506
16960.7,6088.66,0.35898,183.139,2328019.2,263.925,5482.18,93.0,26.6415,10.484
4677.52,969.24,0.20721,46.0196,650563.2,69.1124,2551.35,14.0,36.6365,10.745
7178.59,2340.9,0.32609,46.9895,999143.7,113.647,4104.32,65.0,37.3776,16.297
13378.8,3714.44,0.27763,152.247,1897308.2,215.05,5003.71,196.0,27.7471,2.752
11968.0,2467.16,0.20614,144.8,1704299.4,178.987,4599.94,53.0,29.9664,1.018
8360.51,2405.44,0.28771,81.2337,1201106.6,107.878,3102.55,28.0,37.2261,5.899
24687.9,7253.89,0.29382,321.071,3393293.8,359.346,6461.7,93.0,17.9135,3.669
13296.6,5127.82,0.38564,114.079,1885805.0,194.88,4454.05,63.0,31.2778,3.289
4463.7,786.11,0.17611,38.5075,593404.94,49.608,2541.36,8.0,44.2573,10.349
17729.0,4663.25,0.26302,224.952,2454630.8,265.017,5700.77,207.0,22.0454,1.934
7075.1,2489.53,0.35187,78.2097,966543.75,102.241,3747.72,34.0,36.1295,2.057
5584.99,1427.1,0.25552,64.7843,699094.5,88.0482,3092.5,16.0,39.446,2.216
9546.81,3379.04,0.35394,80.9794,1296372.8,127.423,4147.04,95.0,37.0021,16.089
8351.82,2458.72,0.29439,96.216,1173313.2,120.711,3582.77,94.0,37.0181,2.413
16942.2,7333.97,0.43288,194.387,2256690.8,320.544,6394.81,81.0,26.5693,6.987
17233.4,4156.1,0.24116,199.467,2423745.2,262.416,5669.41,87.0,23.0844,1.435
12034.8,2735.16,0.22727,127.939,1692397.4,163.69,4520.5,62.0,30.7445,3.19
13133.3,4285.11,0.32627,110.362,1826863.6,164.795,5750.94,92.0,30.1219,18.093
8222.41,2525.3,0.30712,77.6003,1158959.8,133.763,3344.0,99.0,37.6067,15.642
17263.9,4596.39,0.26624,211.759,2402893.0,271.751,5359.06,153.0,24.8213,2.959
7825.65,2998.42,0.38315,58.8481,1053441.4,121.221,3746.67,54.0,40.8672,18.394
6505.21,1629.22,0.25044,57.3703,925341.94,91.2051,2752.12,41.0,33.1506,11.064
4001.0,1159.35,0.28976,36.3832,546352.3,46.1514,1384.57,31.0,44.509,11.377
7666.89,2046.91,0.26698,65.8056,1048951.4,111.141,3729.47,24.0,37.0716,1.597
7725.1,2653.56,0.34349,69.7223,1084303.2,105.184,2870.4,59.0,40.0676,14.165
8648.76,3364.78,0.38904,62.3047,1162453.8,132.775,5150.53,58.0,33.4982,18.86
7190.74,2699.34,0.37539,62.153,1036908.94,97.6659,3239.91,29.0,38.8637,1.138
8321.18,2845.15,0.34191,76.2421,1166630.6,110.224,3528.1,30.0,36.9767,16.357
10484.9,3823.31,0.36464,86.7013,1470265.6,149.791,4055.44,87.0,35.5513,15.742
8881.09,2083.76,0.23462,69.4598,1269672.8,93.1301,3111.12,45.0,39.6117,10.941
15168.5,5024.66,0.33125,170.483,2094800.1,237.823,5442.68,196.0,26.9011,1.924
8104.41,3013.09,0.37178,85.1592,1119681.1,112.962,3751.87,52.0,36.005,14.474
5816.57,1918.58,0.32984,54.6074,792922.4,85.8374,3167.1,13.0,39.7145,8.014
10631.2,3021.73,0.28423,96.6679,1445217.9,136.011,6216.77,37.0,30.2705,14.472
10642.7,4372.16,0.41081,98.9376,1483270.5,157.576,3503.49,69.0,35.6878,16.921
7684.1,2370.64,0.30851,69.2939,1077601.9,100.681,3743.44,51.0,31.2823,5.366
7187.85,2236.2,0.3111,80.8046,977003.56,110.851,3070.06,75.0,39.0721,1.374
9914.38,2888.25,0.29131,100.159,1385401.1,136.27,4217.24,23.0,34.3472,3.514
9618.6,3189.58,0.3316,90.2879,1374114.4,135.412,4024.94,104.0,33.6332,5.016
6931.63,3101.95,0.4475,81.5156,947319.7,124.995,3864.17,84.0,35.8946,17.537
6110.87,1780.8,0.29141,52.8666,865338.06,89.3639,2857.2,6.0,40.6387,12.147
16108.6,5300.78,0.32906,214.693,2251043.0,257.34,5319.22,291.0,24.2918,2.148
7291.99,1811.67,0.24844,54.0142,1028377.06,80.6128,3430.07,22.0,38.0311,12.936
13196.4,3318.19,0.25144,159.007,1820147.1,206.133,4720.9,110.0,29.1617,3.92
9076.46,2898.91,0.31938,40.3929,1276510.6,118.634,3338.8,38.0,35.105,8.958
6224.05,1168.74,0.18777,65.7761,852734.0,78.9596,2628.76,46.0,40.6751,7.149
18959.9,4977.58,0.26253,242.758,2658046.8,275.918,5556.56,103.0,22.1587,2.751
8882.74,1721.29,0.19377,81.5581,1249074.0,113.384,3533.98,25.0,36.3248,5.031
12850.9,3693.6,0.28741,122.945,1873299.9,176.377,4136.39,118.0,34.0409,19.779
22659.5,7604.46,0.33559,193.907,3245000.5,312.037,5153.18,100.0,26.544,19.797
12962.6,4574.2,0.35287,165.791,1783029.8,194.035,5001.53,93.0,27.4274,5.138
11048.3,2865.9,0.25939,192.368,1536225.5,205.571,3919.24,136.0,32.8314,3.266
6606.98,1595.89,0.24154,59.8303,922273.75,82.5476,2823.4,29.0,40.8872,15.949
11482.2,3215.91,0.28007,97.7333,1584923.8,180.893,4537.45,123.0,30.471,2.855
6537.99,1378.0,0.21076,63.0942,929637.5,82.1089,2732.6,24.0,35.3703,13.591
23256.7,6753.84,0.2904,306.664,3206116.5,360.669,6392.86,112.0,18.3301,3.533
5075.52,1837.33,0.36199,41.7882,694833.2,64.2383,2023.47,33.0,43.8029,13.793
6990.7,1778.84,0.25445,66.1055,959876.6,84.6811,3091.6,48.0,39.4484,1.974
9072.91,2775.5,0.30591,95.0773,1292607.0,122.207,3619.55,89.0,36.4403,2.333
5457.07,1516.78,0.27794,52.4941,792097.7,67.3231,2351.07,73.0,42.2714,3.462
15107.5,4517.86,0.29904,205.631,2113425.8,253.483,5371.48,284.0,24.3026,1.492
7821.58,3532.28,0.4516,46.2916,1117020.4,137.896,5075.43,33.0,37.2632,18.533
16503.2,7011.86,0.42487,135.867,2282730.5,284.857,13717.91,111.0,32.3405,13.155
8060.29,1726.1,0.21414,65.2499,1122727.1,89.2434,3030.02,29.0,38.4125,14.156
15015.8,5468.83,0.3642,168.294,2126593.2,273.185,4672.39,80.0,27.9787,19.738
14946.8,4421.83,0.29583,172.507,2056386.9,259.368,4890.79,35.0,28.197,2.913
4063.62,772.88,0.19019,40.5485,536001.25,60.0306,2565.37,11.0,40.7212,2.208
4049.15,1189.58,0.29378,34.8915,551675.4,51.3494,1389.8,30.0,44.456,11.323
13614.1,4672.2,0.34318,123.495,1964756.9,191.519,4021.3,133.0,34.4637,16.996
8618.83,3111.7,0.36103,99.0197,1208440.4,124.546,3373.95,63.0,33.7046,15.97
7117.3,2852.96,0.40084,79.3966,994818.25,111.28,3565.96,60.0,38.0566,3.262
7092.18,2911.1,0.41046,65.3867,1016766.9,107.263,3128.2,21.0,38.3551,14.261
7089.64,2293.5,0.3235,62.7837,954402.4,104.184,3302.71,34.0,38.229,8.047
7099.55,2360.66,0.3325,57.5104,1009209.7,94.7436,3489.69,28.0,39.3185,15.911
13355.4,3835.74,0.2872,161.643,1848391.0,239.983,4399.1,83.0,30.56,1.524
9609.89,2315.76,0.24097,104.819,1356149.8,120.017,3606.58,119.0,35.9548,3.109
8417.8,2083.18,0.24747,88.0565,1187396.6,122.551,4015.32,166.0,25.9815,1.322
11791.4,4069.15,0.34509,122.396,1631264.1,192.64,4237.02,38.0,30.7634,2.124
9615.97,2617.7,0.27222,101.072,1338080.4,108.177,4152.5,52.0,36.3241,16.958
8377.2,2221.58,0.26519,83.2141,1184715.4,112.266,4037.34,41.0,34.8647,2.62
7524.91,2377.48,0.31594,84.7641,1020830.56,116.477,3416.99,120.0,38.3957,18.656
11633.6,2044.25,0.17571,157.44,1656552.1,166.07,4613.35,153.0,29.8736,1.772
6295.51,1706.64,0.27108,67.9929,843133.44,80.136,2898.23,17.0,39.4561,2.083
11671.8,3964.72,0.33968,127.836,1631451.8,181.814,4207.12,33.0,30.4994,2.362
18192.8,7068.55,0.38853,194.499,2544456.2,268.134,5764.08,194.0,25.3241,20.519
11840.1,3506.19,0.29612,122.625,1653075.1,140.022,4830.85,49.0,33.3042,18.56
12521.3,3399.62,0.2715,151.787,1778087.8,167.229,4767.58,33.0,27.9974,2.284
6874.57,1943.49,0.2827,61.4174,950405.94,97.1366,2864.34,49.0,39.2434,7.745
6122.62,1852.91,0.30263,56.5473,877503.1,79.3216,2543.18,62.0,41.671,4.983
10804.9,2980.08,0.2758,132.19,1527752.5,156.316,4326.47,55.0,32.2031,3.768
11974.1,3596.8,0.30038,133.162,1638114.5,168.998,4471.28,88.0,31.6052,2.7
16323.0,4157.19,0.25468,234.286,2314514.8,268.301,5532.58,89.0,22.2276,1.981
7357.13,2013.96,0.27374,64.5206,1013439.1,94.1411,3789.33,57.0,36.3589,12.56
6375.54,1534.91,0.24074,61.6334,892370.25,83.6786,2980.8,93.0,38.905,2.301
7005.36,1475.58,0.21063,67.8196,949688.6,94.8548,3351.91,47.0,37.082,9.388
13454.6,4227.6,0.31421,136.14,1873407.0,188.221,4385.42,36.0,30.848,3.37
10220.5,3938.25,0.38532,80.589,1442034.1,150.51,4297.32,57.0,30.4333,19.639
9153.76,2560.06,0.27967,72.4129,1249816.5,115.525,4194.8,78.0,36.4962,10.545
9863.13,2511.84,0.25466,105.093,1373546.2,148.351,4119.02,166.0,32.7756,1.668
11662.5,2429.16,0.20828,155.754,1650806.1,178.793,4601.2,50.0,30.0134,1.05
16285.8,5127.23,0.31482,193.168,2200710.0,269.912,5377.94,214.0,24.6066,2.687
6442.06,2206.11,0.34245,72.9037,895039.9,93.1246,3218.85,34.0,40.3405,13.087
13937.2,4972.36,0.35676,159.255,1985264.6,214.729,5273.02,163.0,25.4647,12.385
20227.0,6777.69,0.33508,250.428,2815645.8,338.183,5434.26,79.0,23.862,4.143
8245.96,1910.68,0.23171,91.2784,1102307.5,123.607,3968.91,47.0,35.4983,2.71
6730.31,1773.06,0.26344,62.7471,932403.94,92.4874,3183.91,76.0,38.977,11.94
12942.8,4486.61,0.34664,156.774,1798627.6,211.148,4936.4,125.0,28.1702,6.665
11803.6,3140.87,0.26609,162.994,1645365.2,221.274,4222.29,67.0,31.1721,1.505
6440.39,1625.07,0.25232,63.0969,862195.7,77.7259,3168.47,66.0,39.3738,11.293
6637.86,1808.45,0.27244,71.5502,960974.8,82.0342,2685.45,50.0,39.5288,14.767
17896.1,5528.15,0.3089,253.947,2412493.5,320.728,5735.86,326.0,21.3361,3.819
5529.3,1750.89,0.31665,54.5244,790939.6,75.291,2534.18,64.0,41.5931,3.236
7916.76,2445.72,0.30892,87.4126,1099022.5,114.374,3061.8,24.0,37.8532,2.369
5515.25,1465.32,0.26568,46.844,772969.44,68.8696,2924.21,14.0,41.7633,2.388
11817.7,2977.77,0.25197,156.508,1683655.6,163.721,4711.3,24.0,28.6565,1.577
7341.11,1180.5,0.1608,63.7886,1016416.75,73.6223,2743.92,22.0,40.4227,8.329
11816.7,4371.95,0.36998,85.1364,1597958.0,187.571,5352.86,29.0,31.3633,15.757
13438.8,4915.9,0.36579,99.9218,1934547.1,205.087,5527.72,71.0,28.8457,20.863
12891.8,4640.51,0.35995,124.415,1789232.8,154.544,4373.62,143.0,31.1466,16.252
9224.59,2676.18,0.29011,105.846,1273163.1,121.003,3927.65,19.0,33.5619,2.391
5121.05,1693.01,0.33059,35.6063,720729.25,62.6634,2335.35,16.0,43.1656,9.613
15462.3,7155.52,0.46277,210.476,2027809.2,249.861,6360.91,122.0,22.6944,6.083
4760.2,1453.0,0.30523,36.1842,672351.0,58.5601,1870.3,20.0,44.3612,12.598
10172.6,3211.31,0.31568,114.389,1400211.4,148.702,4458.58,95.0,32.8148,4.597
5204.73,1768.74,0.33983,32.8421,748827.94,67.5947,2167.35,43.0,43.7368,8.804
5091.33,1297.03,0.25475,36.6845,699715.9,60.8647,1966.34,22.0,43.5595,12.344
11171.7,2668.02,0.23881,129.567,1543038.8,151.428,3741.85,25.0,34.3223,2.616
6334.62,1259.03,0.19875,58.2219,856204.5,85.1749,3354.28,64.0,38.5032,14.806
16505.6,3847.67,0.23311,176.52,2317971.8,247.125,5166.35,215.0,26.4167,6.316
11032.1,2921.87,0.26485,111.018,1592011.4,144.923,4210.45,100.0,30.8647,17.14
13598.8,6288.0,0.46239,137.086,1884525.2,234.42,4845.65,123.0,28.913,16.03
6260.36,1843.46,0.29446,49.4841,815068.2,87.7149,2401.66,29.0,42.2319,13.808
7176.63,1974.49,0.27512,60.8543,984609.7,90.0876,3563.34,40.0,36.7616,10.87
12794.9,4157.1,0.3249,137.153,1805296.6,186.176,4309.21,33.0,32.4393,3.177
12440.0,2907.18,0.23369,157.641,1719623.9,193.551,4171.58,59.0,32.1425,2.682
6128.8,1953.86,0.31879,54.8999,873101.2,82.4899,2509.68,66.0,41.4887,3.964
12469.7,2733.22,0.21918,106.631,1736649.4,167.989,4945.06,6.0,31.0439,6.07
15902.4,5540.26,0.34839,194.913,2284609.8,282.806,5138.66,106.0,25.2024,5.528
8823.66,2333.21,0.26442,98.7125,1226337.1,125.985,4033.89,111.0,32.1922,4.125
8724.83,2509.4,0.28761,72.4408,1235222.9,103.397,3605.0,43.0,34.0283,19.132
18918.0,5556.47,0.29371,275.25,2538425.0,291.552,5678.78,314.0,19.7231,2.85
13376.8,4009.09,0.2997,164.971,1848146.6,214.968,4792.53,116.0,28.4369,5.3
11316.1,3942.79,0.34842,129.793,1575743.9,171.992,3960.44,48.0,32.0519,4.711
4239.8,1375.57,0.32444,37.0358,568312.5,60.986,1401.48,32.0,44.334,11.779
17751.8,5013.84,0.28244,225.02,2493508.8,279.738,5724.62,198.0,21.9483,2.283
10158.5,3157.68,0.31084,93.9053,1421962.2,141.956,5111.32,33.0,32.3115,1.334
7141.69,2298.99,0.32191,77.175,977014.2,98.544,3724.66,33.0,36.4966,2.362
13026.0,3908.41,0.30004,166.958,1792067.8,211.866,4728.25,117.0,20.892,18.316
9665.5,2106.98,0.21798,112.834,1341614.9,130.055,4286.2,58.0,46.5464,1.949
7159.77,1749.41,0.24433,70.9976,985282.7,90.0148,3119.78,11.0,39.7977,0.0
5786.64,2691.53,0.46512,54.1258,807674.7,106.471,2368.62,55.0,40.9568,15.316
7351.92,2972.29,0.40428,62.9882,1033599.4,105.24,3892.81,72.0,37.5156,5.195
9819.67,2650.35,0.2699,74.658,1314329.1,130.548,3934.84,46.0,37.2057,17.167
7279.01,2266.59,0.31138,62.8544,1005478.75,87.3446,3268.67,53.0,38.5394,9.341
8727.09,2587.55,0.29649,84.0105,1242347.9,129.29,3745.3,5.0,35.9427,1.713
7004.63,1616.59,0.23078,65.3004,979082.1,85.8654,3601.22,46.0,37.7871,2.363
6819.12,2495.22,0.36591,68.8819,933107.7,90.006,2977.99,47.0,37.315,14.312
6603.47,2050.3,0.31048,60.1729,899944.0,88.3253,3236.02,29.0,38.2353,10.497
6793.88,2715.84,0.39974,70.2935,930716.75,111.836,4544.81,52.0,33.544,15.5
10252.6,2516.5,0.24544,120.364,1421067.8,161.315,4639.71,71.0,30.0159,1.47
9829.46,3919.79,0.39877,89.5086,1357526.2,155.689,4430.02,86.0,36.4227,14.569
8612.29,2284.18,0.26522,99.5357,1194649.9,102.377,4314.23,89.0,33.5598,3.556
5427.31,1740.43,0.32068,53.8642,752909.1,72.8202,3055.32,9.0,39.8113,8.521
3297.88,874.41,0.26514,24.6175,445013.84,34.043,1336.21,2.0,45.9323,2.331
10364.6,3190.57,0.30783,97.8835,1449116.4,143.456,4147.49,20.0,33.6744,4.922
7824.22,1935.64,0.24739,88.3913,1096677.6,124.503,3120.47,5.0,37.5709,0.787
10051.6,2965.92,0.29506,108.387,1441900.4,162.481,3796.68,11.0,34.549,5.435
21842.0,6371.84,0.29172,291.712,2954038.2,329.449,6654.26,288.0,18.6525,1.452
15642.4,3758.58,0.24028,231.468,2145954.8,260.829,4819.75,293.0,27.7026,4.308
4991.83,1008.83,0.20209,47.483,702490.8,59.4888,2676.52,31.0,41.9159,2.55
16976.9,5811.09,0.34229,128.688,2421085.0,243.358,5743.76,67.0,23.7901,17.644
7138.93,1969.91,0.27593,62.1674,988020.0,90.5227,2713.11,17.0,39.8389,6.729
9248.32,2666.55,0.28832,86.3464,1307058.8,137.386,3872.38,1.0,35.1532,2.338
9153.89,2947.44,0.32198,90.9049,1276320.9,151.472,3677.28,80.0,34.9704,17.862
4833.66,1997.71,0.41329,42.9099,637793.6,86.3526,2778.77,34.0,43.1422,11.418
9614.92,3463.62,0.36023,90.4304,1375084.1,120.92,4300.42,46.0,33.8108,12.545
4795.19,1382.27,0.28826,42.0987,663152.8,60.6641,1851.06,33.0,43.9935,8.337
5635.41,1116.81,0.19817,51.4067,814173.3,68.4938,2874.4,58.0,40.3598,1.593
7942.01,1821.37,0.22933,63.9478,1156073.5,85.1914,2656.86,62.0,39.895,13.125
15471.5,4653.24,0.30076,168.931,2136254.0,263.185,4892.94,20.0,28.0654,2.793
14836.9,4167.02,0.28085,173.898,2077910.8,236.936,4581.55,18.0,29.8943,3.257
7686.47,2916.14,0.37938,71.0272,1092336.6,122.841,3325.01,52.0,37.3052,12.169
7972.53,2611.23,0.32752,71.6481,1139278.2,113.418,3348.63,75.0,38.837,11.339
11178.9,2997.6,0.26814,142.88,1586966.6,163.383,4137.97,123.0,29.9998,2.602
5770.1,2690.02,0.46619,49.4308,799865.8,90.5682,2299.7,40.0,43.0164,2.092
9177.22,3393.79,0.3698,84.902,1243444.8,135.472,4199.23,30.0,34.8664,4.838
3985.22,1209.82,0.30357,34.8013,542960.4,51.5723,1385.68,32.0,44.4984,11.143
22181.0,7662.6,0.34545,181.621,3140493.0,376.825,14909.28,98.0,22.915,5.355
9211.71,2660.69,0.28883,86.4043,1248728.9,121.534,3809.8,32.0,34.9153,1.99
4066.38,1175.19,0.289,31.3757,555841.75,49.8146,1408.75,17.0,44.2712,1.469
8276.19,2559.47,0.30925,94.3027,1175808.8,106.145,3987.47,37.0,35.2655,2.38
18545.8,5883.91,0.31726,185.459,2576810.8,254.23,7100.08,176.0,29.2137,19.541
10313.7,3040.74,0.29482,78.2289,1426871.9,123.948,5051.07,53.0,36.2712,15.937
3453.44,1144.96,0.33154,24.4714,465055.0,40.0613,1455.36,2.0,45.2186,2.765
14629.9,4496.82,0.30737,177.255,2022693.2,251.309,4862.26,31.0,28.5321,3.17
10458.3,3702.59,0.35403,163.033,1420890.8,206.44,4756.6,86.0,29.1441,5.513
5969.06,1828.06,0.30625,68.4259,801841.9,93.3335,2907.07,35.0,39.4748,13.577
5620.65,1561.58,0.27782,44.9228,794461.06,84.8086,2727.1,39.0,40.5066,7.781
7820.41,2697.65,0.34494,68.1232,1064520.8,111.438,3346.77,26.0,37.5533,2.794
7496.11,1811.5,0.24165,49.7478,1033267.25,87.2246,3503.93,21.0,37.7797,12.522
11610.7,3825.6,0.32948,99.6708,1618375.5,162.503,4665.23,47.0,34.2086,20.573
7875.73,2223.68,0.28234,90.5129,1064475.2,115.935,3266.22,75.0,38.479,1.775
7439.69,2245.33,0.3018,63.4533,1034198.0,105.795,3540.51,47.0,37.085,13.22
9522.69,2900.31,0.30456,114.815,1332432.5,160.903,4143.81,49.0,31.8751,3.134
8050.1,2183.25,0.2712,73.8368,1106281.9,104.019,3474.81,91.0,37.3249,17.036
6458.6,1355.25,0.20983,72.9902,923185.1,74.5238,2583.58,51.0,40.5103,9.551
9949.52,2974.22,0.29893,125.351,1380579.5,179.511,4189.73,58.0,32.9147,1.516
6453.45,1888.6,0.29264,60.0282,876045.25,85.3615,2999.56,26.0,38.9552,5.714
7691.68,2457.16,0.31945,72.8109,1041105.8,116.842,3651.02,57.0,37.4883,3.237
11285.8,3975.7,0.35227,96.842,1567463.2,152.215,3822.23,54.0,35.8546,11.904
7893.76,2687.55,0.34046,66.7362,1079350.6,106.729,3462.22,42.0,36.7709,4.491
8690.19,2436.2,0.28033,91.0912,1171516.0,114.398,3752.59,34.0,35.404,2.062
8266.64,2565.99,0.3104,85.1103,1186211.5,134.948,3270.89,88.0,37.6252,14.584
7597.62,2287.67,0.3011,79.2628,1038723.7,114.726,3126.03,80.0,39.0038,1.491
8600.5,2714.23,0.31558,92.2985,1216006.5,114.759,4101.69,23.0,35.3397,2.21
4927.44,1285.28,0.26084,45.7705,669284.44,65.3842,2765.01,21.0,43.1093,9.575
16646.1,6744.85,0.40519,207.217,2277600.8,228.593,6966.79,74.0,24.9436,3.705
8608.93,2816.21,0.32712,77.3258,1197639.8,112.354,3786.58,90.0,34.1888,1.699
8468.26,2366.98,0.27951,90.7893,1179827.1,123.503,3741.99,39.0,35.5103,2.018
8875.98,2004.75,0.22586,99.1488,1238545.9,132.63,3829.41,47.0,34.9265,3.461
8569.86,3198.24,0.37319,74.8826,1169048.6,116.638,3878.33,14.0,35.973,11.222
9978.1,2935.37,0.29418,114.74,1404023.6,159.267,4229.56,45.0,33.445,2.581
14391.0,4051.51,0.28153,202.28,1990451.0,240.141,5377.64,280.0,24.6909,2.067
10631.9,4045.81,0.38053,105.002,1507881.2,138.484,3799.71,53.0,34.4907,0.0
15845.6,6040.38,0.3812,132.08,2270878.0,223.045,6115.83,85.0,22.3794,17.401
9803.42,2735.99,0.27908,85.9046,1397352.9,127.355,4033.46,14.0,34.8931,12.323
9923.62,3195.02,0.32196,96.6141,1370493.0,130.073,3385.57,55.0,34.2415,15.339
16779.9,4435.02,0.2643,255.866,2336404.8,279.134,5267.44,204.0,25.7151,5.251
9443.6,1735.7,0.18379,103.671,1342051.5,124.355,4143.62,43.0,34.3242,1.043
13612.5,2890.63,0.21235,167.073,1845045.9,220.497,4728.0,101.0,28.7537,1.747
12702.9,3396.18,0.26735,124.755,1804528.6,177.465,5491.26,103.0,25.4575,18.878
7101.55,1812.39,0.25521,56.1238,1004415.4,80.4274,3237.22,28.0,38.893,9.074
8069.36,2138.48,0.26501,51.557,1106275.4,101.537,3694.01,41.0,36.9973,19.813
6975.6,2052.56,0.29424,64.5174,963016.25,95.067,3081.98,49.0,39.5252,2.344
5115.64,1012.42,0.1979,46.9813,744243.0,61.7462,2191.7,78.0,42.7206,0.827
6729.37,2336.91,0.34727,62.1293,863997.25,105.751,3312.68,5.0,38.4272,13.238
9031.98,1854.3,0.2053,90.5714,1286835.4,132.331,4159.08,43.0,34.0873,0.703
8268.08,2564.87,0.31021,68.0438,1115483.6,122.742,4523.94,64.0,38.4157,6.295
6984.91,2305.57,0.33007,65.3999,988835.6,83.8363,3961.27,50.0,37.5035,4.364
11160.9,2787.47,0.24975,148.414,1469441.6,186.671,4334.84,53.0,31.6215,2.943
6437.35,2148.49,0.33375,80.6126,868250.44,93.5817,3210.33,57.0,38.6536,1.428
8858.08,4686.38,0.52905,89.266,1108369.4,174.21,2651.89,90.0,39.0989,15.628
6148.45,1181.89,0.19222,57.7006,808524.2,70.4253,3172.92,33.0,38.863,16.301
15676.9,5004.07,0.3192,162.459,2179735.2,227.321,5339.21,165.0,26.5544,2.663
9093.67,2660.46,0.29256,75.4685,1284952.1,115.097,4081.86,23.0,34.2681,8.153
8489.08,3081.49,0.36299,80.8623,1160489.0,122.069,3464.79,15.0,37.2296,5.392
8609.87,3008.38,0.34941,68.6968,1151564.8,127.575,3496.09,83.0,37.2171,15.048
8111.04,2026.89,0.24989,75.3945,1114717.1,102.386,3522.4,32.0,36.0448,4.886
11923.9,2342.21,0.19642,150.549,1623734.2,191.992,4930.13,142.0,29.9788,0.54
8299.06,2496.43,0.3008,69.5769,1119026.1,124.024,4232.72,56.0,35.8779,6.379
5145.4,1726.49,0.33554,39.9096,693527.5,93.4999,3125.29,64.0,34.7226,17.514
7156.06,2149.53,0.30037,63.5369,963780.2,97.8901,3254.22,24.0,39.7026,1.682
6157.96,1434.84,0.233,59.2483,864762.44,76.4744,3137.11,31.0,40.4952,14.455
6088.22,1872.52,0.30756,68.6115,847109.25,91.096,3037.17,34.0,40.1887,1.616
3448.81,1306.53,0.37883,24.6957,472724.7,47.838,1398.22,6.0,45.2566,5.019
8473.9,3034.9,0.35814,100.03,1158185.4,160.694,4228.36,98.0,35.3176,16.705
7501.89,2270.33,0.30263,73.942,1041446.7,97.5288,3730.78,39.0,36.3122,1.842
14156.9,3558.34,0.25135,161.574,1942554.0,200.785,5031.45,129.0,29.5482,1.639
4918.21,1780.08,0.36193,45.1964,669514.9,67.3225,2130.82,36.0,43.6554,11.658
7949.2,2634.38,0.3314,69.18,1116054.9,92.0606,3476.83,49.0,37.1489,12.825
6722.56,2210.02,0.32874,73.0628,934410.1,93.1825,3713.11,31.0,36.4982,2.253
6220.62,3070.42,0.49358,55.3208,886839.06,108.116,2464.83,101.0,41.5092,11.77
11555.7,3009.82,0.26046,150.964,1646794.8,170.163,4745.33,38.0,29.4835,1.665
10130.2,3247.79,0.3206,96.8942,1390906.0,140.127,3562.08,14.0,36.1731,2.814
14550.0,4421.36,0.30387,155.669,2093794.5,218.891,5027.78,140.0,27.536,20.106
14075.3,3558.27,0.2528,125.878,1995262.4,177.72,5595.03,40.0,27.5681,6.768
9392.13,1826.37,0.19445,98.4689,1321598.5,129.828,4266.59,44.0,33.7628,0.926
8498.19,2610.06,0.30713,91.2454,1200157.1,110.503,3692.21,25.0,36.0378,12.857
7777.21,3048.71,0.392,88.4937,1099862.9,127.143,3087.72,34.0,37.67,15.471
10768.4,4405.81,0.40914,99.5186,1516990.5,150.253,4051.87,81.0,35.3165,12.904
11467.2,3283.37,0.28632,130.286,1611443.8,168.578,4383.44,52.0,31.547,2.949
5360.41,1817.57,0.33907,36.9203,748952.1,74.0854,2211.24,22.0,42.4402,12.607
7607.44,2502.38,0.32893,102.812,1055923.8,156.471,3662.21,96.0,33.1147,15.321
22365.3,8005.22,0.35793,307.191,2923076.8,304.557,8614.18,199.0,23.6809,6.912
4548.93,1128.25,0.24802,40.2479,630146.1,53.7761,1925.74,14.0,43.5932,1.596
9109.13,2131.75,0.23402,100.768,1294703.5,125.398,3813.79,41.0,30.3258,2.715
8121.37,1960.2,0.24136,97.0241,1141085.2,120.203,3219.13,4.0,36.9994,0.495
23403.5,5511.79,0.23551,319.129,3224177.8,407.957,6223.57,154.0,19.8365,0.966
7100.05,2041.91,0.28759,69.8735,958753.7,109.315,3415.58,70.0,35.2827,15.249
7656.71,2642.2,0.34508,64.1158,1040039.44,102.769,4007.84,62.0,36.2108,8.188
12548.2,3674.01,0.29279,115.516,1762861.0,168.195,4277.92,36.0,33.6458,3.566
14620.7,5744.82,0.39292,199.601,2076167.6,260.395,4565.61,102.0,28.848,4.266
16608.9,5179.05,0.31182,251.974,2303592.8,300.493,5260.4,212.0,25.5635,4.358
6769.9,1934.45,0.28574,54.8579,918595.8,88.8648,3571.29,28.0,37.4002,9.849
8938.43,2633.99,0.29468,74.4576,1244986.4,111.645,4321.17,61.0,34.202,2.595
8831.7,2455.09,0.27798,83.4545,1229698.4,116.193,4096.9,48.0,35.5997,1.8
8357.46,2711.83,0.32448,97.9634,1143612.0,147.31,3275.85,11.0,36.5644,1.076
4954.47,1651.72,0.33337,38.1412,664422.0,76.524,1684.11,7.0,43.637,12.594
11606.3,4079.48,0.35148,119.003,1618694.8,215.622,4636.68,139.0,27.8726,19.258
7153.63,2379.4,0.33261,77.894,990355.0,99.3868,3727.93,32.0,36.7208,2.111
17259.3,5015.53,0.29059,230.097,2412671.8,278.485,5743.11,139.0,20.9907,3.315
12064.6,3126.51,0.25914,149.004,1727734.5,167.286,4712.59,28.0,29.1213,1.73
10060.2,3862.04,0.38389,92.2732,1390434.9,152.157,3868.62,0.0,35.8332,17.57
8101.57,2087.81,0.2577,98.6782,1103141.2,118.509,3306.4,107.0,34.32,1.507
9207.51,3955.58,0.4296,68.2294,1359022.8,130.349,4773.55,43.0,38.7939,17.978
6702.37,2368.3,0.35335,79.3724,910723.75,98.5626,3257.75,57.0,38.6352,1.726
9500.28,3239.22,0.34096,103.535,1336832.9,131.869,3712.25,14.0,35.0263,2.163
6006.34,2237.38,0.3725,44.5567,852712.2,90.4745,2967.97,39.0,42.8234,12.692
19408.6,4855.25,0.25015,185.86,2677407.2,226.317,5352.91,66.0,24.8939,17.908
9388.15,3429.82,0.36533,89.2413,1320104.1,129.566,4070.19,49.0,35.6837,16.062
6298.98,2466.04,0.39149,57.5583,839195.1,112.774,3105.96,71.0,39.4581,14.171
4268.49,1111.72,0.26044,33.1997,588668.75,55.9493,1874.96,47.0,44.9913,5.453
7038.73,2293.09,0.32578,70.7471,951757.8,114.905,3267.06,72.0,37.3387,4.017
5174.08,1409.02,0.27232,47.8403,645601.5,75.1087,2149.05,21.0,42.7473,1.972
8192.48,3066.39,0.37429,73.1264,1112471.5,127.094,3528.83,45.0,36.5241,9.17
18259.3,6449.34,0.3532,220.529,2479237.2,275.472,5453.0,280.0,24.3305,3.021
12335.2,4104.77,0.33276,163.054,1691203.4,204.962,4919.28,134.0,28.3907,6.235
6105.07,1680.52,0.27526,53.6675,798270.25,98.5683,3911.43,17.0,40.3819,2.112
11219.5,4097.97,0.36525,97.7972,1622774.2,147.016,4091.33,87.0,33.6651,16.455
6459.82,1860.42,0.28799,60.7233,879098.56,92.1963,2993.13,29.0,39.8393,8.201
6760.44,2129.51,0.31499,73.2541,946106.44,100.635,3223.17,58.0,38.1177,17.084
6031.47,1929.17,0.31985,52.9021,825818.44,83.4617,3225.91,13.0,39.7011,8.023
6349.84,2580.76,0.40642,52.9966,902823.44,92.6778,2610.93,83.0,40.441,13.617
11189.9,2925.36,0.26142,123.724,1585606.8,203.432,4658.84,54.0,46.5464,0.0
8737.87,2159.35,0.24712,83.9982,1245774.9,110.712,3898.98,66.0,34.8776,4.805
8087.33,2899.19,0.35848,97.2629,1139539.1,104.9,3603.19,28.0,35.2763,14.915
5910.55,1588.05,0.26868,54.0231,764331.06,93.9604,3492.17,16.0,39.9508,2.076
15139.1,5322.85,0.35159,114.24,2182099.0,214.876,5337.93,139.0,32.3552,20.003
8146.49,2210.53,0.27134,84.3226,1128713.8,115.245,3104.43,27.0,37.6616,0.929
6566.78,2058.17,0.31342,73.9569,906049.1,98.6459,2887.26,20.0,39.436,9.67
8179.4,2377.25,0.29063,88.7948,1123891.9,111.321,4011.43,42.0,35.4349,2.042
18757.8,6227.01,0.33196,230.546,2551479.0,336.544,5244.48,142.0,24.4499,10.129
5880.59,1710.45,0.29086,57.3967,811131.8,81.1045,2673.25,43.0,40.568,2.004
7091.16,2363.57,0.33331,79.3873,971434.3,109.456,3844.0,95.0,34.0222,14.042
15425.7,5744.23,0.37238,118.384,2132106.8,237.819,6758.25,101.0,27.0101,2.16
7946.07,3765.13,0.47383,91.1296,1048087.56,138.558,3365.18,53.0,36.8379,11.979
5984.58,1320.01,0.22056,57.0928,818985.0,79.8609,2773.26,18.0,40.5744,1.39
9571.33,3864.31,0.40373,68.7323,1346986.1,156.592,4167.49,13.0,30.4968,16.947
6097.34,1497.85,0.24565,55.0372,850830.4,69.8341,3362.22,58.0,38.8321,2.289
14909.7,5280.17,0.35414,158.429,2138159.2,234.702,5396.56,146.0,29.2908,12.969
14978.5,4271.12,0.28515,185.52,2080046.0,226.581,5635.56,134.0,22.7347,0.717
4779.22,1670.72,0.34958,49.4217,627844.44,80.5341,2650.45,40.0,41.4992,17.926
13421.1,3019.08,0.22495,153.329,1812206.5,226.114,4748.58,113.0,28.5784,2.527
7053.35,1686.12,0.23905,64.4938,974900.44,80.6187,3636.52,55.0,37.9813,6.1
8366.8,3537.68,0.42282,81.3422,1152772.8,143.908,3317.38,122.0,36.9041,9.589
12724.8,4009.68,0.3151,169.358,1775801.4,204.742,4830.64,68.0,28.7454,3.223
8464.45,2193.48,0.25914,76.5809,1211576.0,115.786,3967.87,100.0,35.2921,2.944
5918.93,1755.67,0.29661,58.7888,794331.94,88.2313,2711.58,32.0,41.0745,4.514
13739.1,4077.5,0.29678,162.832,1918583.0,237.915,4354.53,86.0,27.7318,1.485
8044.97,2617.22,0.32532,115.317,1108714.8,141.184,3765.1,69.0,35.3103,3.258
10972.8,3930.01,0.35815,121.557,1539331.4,177.721,4180.65,51.0,30.7948,2.177
6590.48,2224.3,0.3375,68.5251,900678.9,97.9139,2975.9,5.0,39.7887,0.0
15332.0,5392.64,0.35172,135.528,2122657.2,227.364,5502.17,127.0,31.2407,19.245
12765.0,3757.49,0.29435,149.827,1775696.4,220.228,4579.86,90.0,29.8343,4.231
22720.7,5470.52,0.24077,349.563,3089012.8,394.62,6234.7,144.0,19.8296,1.208
5043.45,1241.7,0.2462,48.0728,642299.0,64.4918,2126.3,43.0,43.0347,2.915
9004.31,2987.0,0.33173,109.155,1254821.2,164.551,4102.63,94.0,33.5049,13.835
7703.16,1952.81,0.2535,86.4754,1089836.8,102.535,3490.32,96.0,33.2804,1.42
10772.4,3791.33,0.35194,121.981,1448323.4,188.116,3905.91,31.0,32.6842,3.386
7317.2,2454.93,0.3355,52.0528,1032787.25,93.0503,3628.54,59.0,36.3801,10.051
11322.9,4792.32,0.42324,93.0421,1605617.5,152.504,4471.25,60.0,35.2102,15.089
15980.0,4187.88,0.26207,214.335,2215390.2,252.396,5176.62,160.0,25.2922,3.426
3640.97,1459.11,0.40074,25.5942,493945.38,49.9234,1488.98,6.0,44.8665,4.274
7322.42,1941.08,0.26508,83.3972,1016098.0,84.9922,3910.75,59.0,34.1523,2.82
13441.6,4697.81,0.34949,206.228,1823043.9,253.656,4524.47,52.0,29.1466,2.265
16172.6,6107.43,0.37764,189.86,2257632.2,262.56,5148.2,35.0,26.1785,2.687
10286.9,2922.37,0.28408,101.52,1463771.1,146.511,4109.62,53.0,35.1281,11.794
11300.1,3818.31,0.3379,127.418,1570672.1,174.254,4189.56,45.0,31.0152,2.398
4048.27,685.93,0.16943,39.3106,546804.9,58.6918,2395.78,12.0,42.3458,6.226
10491.7,4421.53,0.42143,79.985,1480631.5,147.023,5067.34,85.0,32.6316,14.104
6902.52,2351.44,0.34066,62.8354,926170.4,103.856,3238.18,17.0,40.1495,1.618
7436.03,1497.57,0.20139,77.1801,1022070.5,93.0338,3426.98,48.0,36.7092,4.23
18153.9,5162.71,0.28438,239.012,2470801.0,290.766,4886.85,145.0,26.5113,9.73
14346.1,5177.45,0.36089,163.663,2001888.0,211.837,4996.08,79.0,27.5044,5.4
18192.8,7068.55,0.38853,194.499,2544456.2,268.134,5764.08,194.0,25.3241,20.519
12418.2,4217.37,0.33961,112.631,1792631.6,174.141,3600.13,155.0,36.1973,19.994
10816.5,3651.84,0.33761,112.917,1474975.2,182.919,3770.82,34.0,33.5031,3.666
12206.5,3388.26,0.27757,134.701,1685404.2,164.94,4597.91,92.0,30.9764,3.295
8048.15,1546.62,0.19217,75.5044,1131402.6,102.053,3766.36,15.0,34.147,1.935
10668.8,4258.4,0.39914,126.619,1413160.9,196.706,4543.92,183.0,30.4112,1.699
7978.76,2508.57,0.3144,75.8654,1116724.9,102.277,3974.52,54.0,33.756,6.521
9324.27,1962.0,0.21041,99.8716,1279805.0,136.919,4166.15,37.0,33.8484,2.594
14719.2,5920.63,0.40223,183.72,2033821.5,249.455,5241.46,132.0,26.6827,18.592
14085.1,4994.92,0.35462,187.533,1875986.8,255.822,4868.42,173.0,30.3084,19.788
21147.9,6112.53,0.28903,244.95,2914717.0,316.374,5605.99,84.0,23.0401,3.323
15458.0,4379.67,0.28332,188.608,2188205.2,229.879,5719.12,67.0,23.0006,1.338
8241.87,2219.44,0.26928,80.8759,1173344.6,127.051,3743.03,5.0,34.9145,1.956
5347.18,2127.81,0.39793,36.6977,726805.0,86.5611,2201.57,13.0,41.8474,16.348
9725.86,2940.6,0.30234,100.304,1332735.8,137.888,3607.74,122.0,35.434,1.729
7916.36,2414.61,0.30501,80.6254,1056434.2,107.769,3586.38,13.0,36.6854,11.64
7908.49,1916.98,0.24239,85.8235,1057110.6,99.8356,3430.26,37.0,32.3022,19.437
14907.5,4471.18,0.29992,198.025,2065495.2,255.408,5340.99,215.0,24.4642,1.459
18877.4,5771.92,0.30575,250.891,2565058.8,310.592,5706.54,337.0,21.4824,2.812
13653.6,4683.07,0.34299,89.4278,1925923.5,209.106,5005.89,105.0,29.1767,20.438
7133.41,1950.41,0.27341,90.4839,1004146.25,98.2695,3759.74,38.0,34.9036,1.832
20791.9,6714.32,0.32292,217.103,2963545.0,311.163,5873.46,245.0,21.5857,17.797
14490.5,4324.98,0.29847,202.231,1996156.4,266.34,5105.51,172.0,25.2986,3.439
6796.04,1847.91,0.2719,30.5133,919688.1,87.1644,2633.78,58.0,39.5865,6.575
9878.41,2259.41,0.22872,95.2139,1394489.2,137.725,4330.08,50.0,33.937,1.285
14879.9,2804.42,0.18847,179.49,2062455.8,220.011,4727.88,32.0,29.5086,1.365
8092.71,2117.09,0.2616,93.8931,1123589.5,107.988,4302.16,112.0,32.9006,12.774
8777.78,3173.97,0.36159,76.8793,1201010.4,119.339,3313.58,27.0,39.0663,17.969
12263.2,4087.73,0.33333,109.069,1679367.5,175.718,5732.09,74.0,32.3813,20.322
9252.04,2799.48,0.30257,83.8705,1337098.9,130.352,3957.01,65.0,34.9032,5.284
18432.6,7345.65,0.39851,187.734,2543579.8,253.041,5188.86,134.0,27.3508,19.966
6639.09,1833.4,0.27615,64.9371,908469.94,83.88,3413.07,82.0,39.2161,12.958
13018.3,3260.18,0.25043,189.336,1770424.4,208.191,4566.34,180.0,28.9048,1.822
13079.8,3774.6,0.28858,124.314,1851526.0,165.027,5423.83,107.0,26.5112,16.923
9421.98,2755.93,0.2925,79.5835,1310671.1,120.704,4264.71,64.0,35.4722,3.293
6921.53,1837.19,0.26543,60.8476,976390.9,103.341,3046.26,6.0,39.6561,13.319
14541.9,4123.6,0.28356,142.802,2037725.5,189.6,4807.26,70.0,28.5188,2.746
9034.85,2294.53,0.25396,97.9646,1268630.1,138.829,4061.34,161.0,33.382,1.354
8300.91,2601.45,0.31339,84.7694,1178946.5,116.369,3961.75,44.0,35.0367,2.558
16652.9,5252.78,0.31542,235.247,2262098.8,261.091,5447.93,113.0,24.1039,1.818
11601.5,3496.95,0.30142,102.064,1592569.9,169.788,6363.78,122.0,34.2328,10.154
4649.85,948.99,0.20409,43.5773,648327.75,68.2719,2377.04,21.0,43.4505,11.179
13066.4,5402.32,0.41345,134.012,1784420.0,213.884,4289.02,143.0,30.2764,18.556
7829.37,2024.19,0.25853,76.5839,1115648.0,118.459,3298.05,34.0,38.1053,3.908
7185.22,2299.45,0.32002,60.5333,1001456.06,98.0881,2706.71,83.0,39.5085,17.572
14977.9,3156.88,0.21076,205.947,2069590.9,237.982,5011.64,132.0,26.4889,2.551
8943.98,2162.91,0.24182,80.1659,1273995.6,122.538,3940.55,73.0,36.256,15.986
9742.72,2496.41,0.25623,94.9337,1374381.8,136.662,3681.77,122.0,35.623,2.179
12507.8,3048.41,0.24372,123.675,1753256.5,171.79,4676.0,61.0,29.9199,2.488
6113.13,2215.9,0.36248,59.3421,874110.4,94.1346,3219.9,28.0,39.6986,12.709
8159.27,2485.42,0.30461,71.6896,1117497.5,111.913,3574.08,37.0,36.5669,16.389
9397.53,3020.87,0.32145,57.5895,1327189.0,120.406,3164.86,22.0,37.1608,15.057
8291.46,1649.68,0.19896,76.5819,1194288.5,99.0182,3915.48,9.0,34.9382,1.332
9406.27,2490.32,0.26475,97.5107,1320641.2,133.622,4129.64,57.0,34.1664,6.33
9945.69,3685.2,0.37053,72.4633,1415470.1,131.234,3598.26,63.0,37.0723,18.426
6876.65,2000.86,0.29096,51.6741,899143.5,110.729,4694.13,22.0,37.722,2.682
22242.6,6937.6,0.3119,250.023,3089188.8,354.538,5938.95,236.0,24.2428,9.858
8981.1,2679.32,0.29832,101.941,1240382.8,120.294,3892.95,21.0,33.7947,2.346
5417.52,1960.36,0.36185,45.999,792326.7,68.2801,2594.36,35.0,42.1734,5.739
6714.35,2187.18,0.32574,35.8912,920469.06,93.4135,2761.25,8.0,43.2288,13.558
13566.6,3731.92,0.27508,163.415,1869427.5,203.742,5246.05,55.0,28.6166,2.185
14969.3,3159.6,0.21107,206.67,2071691.6,243.803,5085.95,155.0,25.5236,1.96
8309.6,2754.74,0.33151,73.8256,1161395.4,116.568,3090.36,28.0,38.4255,15.914
9203.46,2875.42,0.31242,79.5996,1276790.4,120.202,3897.37,68.0,33.2337,8.375
12786.7,3837.78,0.30013,145.978,1752059.8,195.616,4584.12,38.0,31.3905,2.62
16612.1,5832.78,0.35111,185.62,2372903.0,249.417,4992.6,61.0,27.1657,7.171
6172.66,1663.31,0.26946,53.6807,863907.1,75.0279,3340.22,61.0,38.8205,2.308
12397.5,3577.87,0.28859,140.35,1693648.2,201.964,4345.9,23.0,30.2139,3.502
6216.54,1758.13,0.28281,84.9224,853043.5,119.518,3430.3,83.0,37.4216,15.682
5917.43,1590.47,0.26877,58.906,747922.06,88.56,3101.37,16.0,39.425,2.179
14572.0,4946.49,0.33945,162.875,2009428.2,193.519,5017.14,74.0,27.2606,5.49
6927.13,1943.9,0.28062,62.2082,982259.5,78.3461,3604.91,75.0,36.5531,4.92
7216.42,2232.68,0.30938,68.7317,1032362.75,104.547,3261.39,20.0,36.4909,13.691
8002.07,2742.84,0.34276,57.9868,1147298.2,115.052,3601.61,14.0,38.3155,12.884
17189.7,4374.44,0.25448,226.476,2415647.0,269.632,5560.25,108.0,21.951,2.606
22179.1,6522.98,0.2941,291.358,3001379.5,331.452,6662.5,287.0,18.6908,1.417
9719.22,3078.02,0.31669,120.271,1344834.2,165.584,3753.61,19.0,33.3073,2.882
5484.3,1154.14,0.21044,53.4689,789258.06,75.3062,2849.22,56.0,40.5158,1.21
8392.35,2242.97,0.26726,80.0603,1186392.5,119.918,3356.89,8.0,36.3174,2.134
6533.28,2030.37,0.31077,67.6304,900814.25,87.3522,2808.36,49.0,39.4977,9.76
7047.08,2112.83,0.29981,57.3185,1028939.0,84.6657,3384.08,14.0,38.1457,14.105
10039.3,3607.04,0.35929,96.8665,1406575.5,127.518,3913.6,85.0,34.7113,9.625
12787.5,4671.88,0.36534,196.353,1670033.5,261.262,5131.0,177.0,26.0513,5.524
6632.58,2172.28,0.32751,55.8594,930450.1,87.5881,2744.99,38.0,40.2499,10.103
7379.12,1868.05,0.25315,67.447,992332.75,98.8011,3500.57,41.0,37.239,0.0
9201.81,2969.42,0.32269,92.0826,1291915.0,119.569,3327.19,61.0,36.1905,15.246
12574.6,5313.04,0.42252,100.255,1663033.4,205.914,4368.86,84.0,33.1369,19.576
20742.4,7922.77,0.38196,214.465,2753519.0,318.634,6967.95,200.0,23.1647,19.739
11717.8,3245.09,0.27693,134.793,1625102.4,162.351,4459.6,98.0,31.4257,2.115
16649.5,4366.53,0.26226,232.333,2370183.0,253.733,5506.25,91.0,22.5289,3.021
7674.86,1751.95,0.22827,71.865,1032535.06,97.2637,3515.93,54.0,36.7679,7.568
11717.6,2249.21,0.19195,160.545,1646647.6,176.957,4620.74,146.0,29.9724,1.558
4597.59,1592.94,0.34647,36.4037,627025.7,61.4187,1512.89,23.0,39.0559,1.856
14906.7,4850.4,0.32538,164.325,2062881.5,224.381,5234.17,190.0,26.7406,1.976
6667.48,1333.88,0.20005,70.9351,924788.75,91.5287,3093.18,57.0,39.0306,13.826
4368.15,1385.82,0.31725,30.516,612652.56,53.9309,2083.09,43.0,44.272,10.415
8398.58,3072.67,0.36585,91.8907,1178509.9,127.275,3593.46,33.0,34.8736,3.32
9882.26,4110.36,0.41593,87.1579,1391112.8,150.138,3812.11,107.0,34.5347,4.709
7277.53,2042.26,0.28062,75.2051,1030648.56,118.143,3351.56,48.0,37.4919,7.32
20734.4,7997.71,0.38572,189.396,2876946.0,356.061,16122.75,152.0,22.7299,4.1
9430.25,2836.27,0.30076,81.8597,1313309.6,128.846,3633.62,43.0,36.7948,14.267
14306.2,4657.73,0.32557,195.576,1963635.1,231.62,4620.91,178.0,28.7348,1.892
10739.2,3496.61,0.32559,106.426,1491781.2,159.005,4020.57,36.0,34.2659,7.595
8696.43,1810.4,0.20817,94.93,1238661.4,131.854,4153.73,60.0,46.5464,1.464
15704.8,6145.55,0.39131,156.903,2230238.8,222.571,5714.0,48.0,21.2592,16.523
10370.1,3878.62,0.37401,102.544,1390061.4,141.297,3518.4,74.0,37.3058,13.29
4100.53,1544.64,0.37669,26.6532,563940.8,52.522,2076.32,4.0,45.0142,9.555
8480.48,2818.46,0.33234,66.5635,1233578.4,104.643,3171.05,70.0,38.1357,14.043
10806.6,3303.43,0.30568,85.0808,1531884.1,124.687,4928.16,12.0,34.099,2.104
6952.57,3101.9,0.44615,81.8369,950419.06,124.749,3863.46,84.0,35.8797,17.48
6398.46,1613.83,0.25222,55.3094,887936.7,81.3082,3272.73,59.0,38.9839,2.002
14618.4,4943.67,0.33818,185.738,2046637.4,260.575,5397.45,152.0,24.921,1.378
5332.15,1353.46,0.25383,46.6394,670021.6,78.6739,2103.14,33.0,43.0984,14.676
7443.94,1522.19,0.20448,78.0628,1004618.44,119.076,3441.18,34.0,36.6815,1.557
7147.9,1642.55,0.22979,82.7183,1005054.1,113.231,3834.83,27.0,36.8881,2.625
8001.36,2810.83,0.35129,69.4005,1116980.5,113.754,3825.71,71.0,40.236,9.88
11918.0,1988.27,0.16682,147.469,1679273.4,159.621,4687.97,149.0,29.4997,1.504
8547.84,3013.85,0.35258,52.3344,1149721.2,128.15,4741.65,33.0,36.8089,14.434
6214.67,1381.86,0.22235,69.5799,882599.94,70.7813,3097.47,12.0,38.7954,1.576
6635.63,2454.89,0.36995,77.8431,900811.8,100.223,3226.25,60.0,38.7453,2.102
9084.14,3252.61,0.35805,74.8669,1261584.5,110.698,4374.12,20.0,35.8576,8.01
9541.59,2650.72,0.2778,114.015,1364551.5,140.984,3608.72,65.0,36.4515,2.93
13350.5,5367.97,0.40208,185.204,1799037.4,263.869,4018.35,181.0,32.1972,16.232
6445.57,1526.39,0.23681,65.0528,866890.8,82.33,3758.53,65.0,36.8521,2.436
6872.51,2237.76,0.32561,55.4888,981980.1,91.7615,3352.8,21.0,39.6813,11.201
5810.84,1176.24,0.20242,54.5763,802574.94,74.7741,2723.03,17.0,40.4816,1.154
11228.6,2109.26,0.18784,147.199,1574814.0,175.454,4647.88,141.0,29.6367,1.928
9739.98,3584.57,0.36802,123.69,1311875.5,184.868,4441.17,175.0,31.1032,1.375
10423.0,3328.86,0.31937,99.7663,1480285.5,153.414,4211.93,34.0,29.0609,4.211
8022.92,2311.34,0.28809,63.7573,1113369.0,100.528,3550.64,45.0,36.6809,12.089
12773.2,3561.78,0.27884,141.86,1745283.6,203.601,4555.01,37.0,30.1378,2.391
7517.69,2672.09,0.35544,61.7516,987891.2,118.867,3119.58,30.0,37.8295,6.463
6359.43,1998.2,0.31421,51.7905,888700.8,83.9349,2521.27,85.0,40.7223,14.66
13636.2,4650.64,0.34105,196.19,1851678.5,248.932,4543.06,39.0,29.083,2.021
6688.06,2410.22,0.36037,62.5997,925486.06,107.485,3745.0,72.0,37.4851,1.372
9916.62,2804.46,0.2828,107.522,1416831.2,133.853,3859.81,62.0,34.7646,3.043
4944.83,1724.27,0.3487,55.5988,692772.7,74.4893,2368.25,55.0,42.0156,11.92
4613.81,944.79,0.20477,31.212,643956.6,51.5009,2056.51,51.0,44.1109,10.774
13047.3,3851.45,0.29519,168.642,1782387.9,210.104,4766.34,117.0,28.0933,4.311
8926.05,2422.16,0.27135,75.2418,1270656.2,102.663,3997.14,28.0,31.3721,19.359
10120.4,2610.38,0.25793,121.897,1395168.2,133.301,4192.16,115.0,33.0523,2.046
6766.42,1538.41,0.22735,54.8097,902220.6,79.1612,3301.45,32.0,38.664,4.54
16909.4,6087.51,0.36,188.653,2259706.0,279.587,5407.86,177.0,24.7074,8.746
8499.68,3718.6,0.43749,64.2748,1179151.0,122.923,3469.51,38.0,36.294,15.31
6456.81,2981.47,0.46175,57.6976,902953.56,94.7869,2739.25,46.0,40.7977,12.993
10622.8,3650.56,0.34365,98.7847,1426168.6,159.93,5598.12,34.0,34.7296,14.151
9391.58,2661.32,0.28337,97.9831,1306439.9,108.175,3263.03,42.0,36.0445,15.454
5794.36,1354.57,0.23377,63.9527,725580.6,86.31,3114.13,17.0,39.4363,2.129
15774.7,5470.02,0.34675,194.677,2111311.8,243.086,5313.9,171.0,25.181,11.039
7704.65,2358.82,0.30615,62.7693,980412.44,101.269,3434.21,29.0,39.1344,14.467
7427.89,3153.69,0.42457,68.0912,1044865.56,115.304,3561.8,61.0,37.2139,8.413
11708.0,2519.16,0.21516,156.051,1654326.1,175.426,4605.54,53.0,29.9903,0.948
7250.25,1780.09,0.24552,59.1257,992859.7,89.9901,3228.17,25.0,38.3711,10.887
9443.0,2487.19,0.26338,108.196,1332767.6,151.234,3952.42,35.0,33.2279,1.514
6442.03,1726.22,0.26796,68.0147,864191.8,81.0162,2927.7,17.0,39.3372,1.759
5934.84,1929.21,0.32506,52.457,804169.3,78.6903,2838.81,11.0,40.4292,6.327
6127.26,2065.67,0.33712,64.2308,868314.44,79.543,2453.27,74.0,40.3042,9.832
9737.85,4963.15,0.50967,90.8404,1220663.5,197.102,2406.41,77.0,39.7389,16.336
9582.78,2268.62,0.23673,116.09,1327122.0,135.885,4301.62,55.0,33.6696,2.139
8199.83,1492.62,0.18203,102.779,1150183.0,109.506,4018.57,106.0,34.6054,14.829
6899.61,1732.71,0.25113,84.6585,957924.56,107.502,3754.84,25.0,36.1122,1.603
15156.0,5614.71,0.37046,178.195,2122478.5,268.512,5375.92,148.0,23.469,3.301
7094.05,2518.39,0.355,78.9067,969334.0,102.0,3747.5,29.0,36.2094,2.932
13038.5,4338.11,0.33271,148.679,1847455.2,247.432,5092.9,84.0,23.4948,15.088
11010.4,3561.56,0.32347,68.7216,1472717.9,155.345,3839.13,66.0,35.3229,3.985
15491.1,4610.11,0.29759,161.289,2217489.5,212.248,6689.52,78.0,20.9786,19.376
8472.19,2072.88,0.24466,85.6242,1205701.1,114.202,3801.25,24.0,35.302,3.461
9120.64,3340.06,0.3662,72.063,1298717.4,111.696,4401.04,30.0,34.0253,19.708
8892.84,2038.39,0.22921,104.699,1222482.0,140.836,4000.06,36.0,34.1066,2.128
7144.17,2314.66,0.32399,63.5928,959650.8,103.323,3094.88,22.0,40.3028,1.389
15785.3,4934.87,0.31262,192.346,2133437.8,238.922,5202.9,218.0,25.5613,2.986
14141.3,5282.4,0.37354,190.121,1895835.6,266.324,4950.86,92.0,27.4139,7.867
8531.17,2429.72,0.2848,84.6176,1155531.2,138.09,3689.39,48.0,36.2192,5.72
6435.67,2008.42,0.31207,62.0064,852105.25,97.8949,3281.37,59.0,38.8911,7.036
9390.28,2567.26,0.27339,123.229,1287532.8,140.689,4150.24,130.0,32.902,2.555
12195.5,3347.93,0.27452,148.641,1730272.1,169.114,4725.81,25.0,29.229,1.697
6164.66,1947.22,0.31586,37.9617,848624.25,86.0248,2697.07,27.0,41.8416,15.146
9323.03,2987.76,0.32047,57.9826,1321949.4,109.641,4498.49,58.0,39.1716,14.541
11841.3,5350.79,0.45187,105.076,1602506.2,197.47,3658.24,61.0,34.7823,17.865
8010.57,2056.05,0.25666,84.519,1102084.2,112.631,3100.55,21.0,37.6921,0.993
18210.2,4732.75,0.25989,238.776,2523195.2,250.565,5749.27,104.0,22.6099,2.892
19681.6,6517.33,0.33113,261.527,2705543.0,334.287,5610.28,87.0,23.0861,3.39
11950.0,4264.77,0.35688,108.282,1742375.4,167.021,4480.15,83.0,33.6942,17.244
5831.26,2390.38,0.40992,52.275,781790.4,100.97,2573.69,44.0,41.3896,8.759
6156.12,2087.49,0.33909,72.4919,857417.3,87.3049,3045.52,28.0,40.0014,1.951
16319.1,4951.77,0.30343,255.088,2229743.2,257.674,4812.32,274.0,27.2438,4.89
9217.19,3132.22,0.33982,78.205,1254230.2,122.467,3858.95,94.0,34.7425,7.568
8334.41,2150.84,0.25806,80.5478,1169196.8,113.932,3316.81,9.0,36.5736,2.2
9281.33,3361.12,0.36213,89.8919,1286415.0,140.928,3514.02,20.0,37.08,18.463
6261.42,1744.77,0.27865,64.9256,822332.8,84.1224,2562.02,39.0,36.9038,3.149
6843.4,2100.85,0.30698,54.3547,995658.6,76.8491,3174.94,21.0,38.2538,9.869
16084.4,5121.7,0.31842,215.108,2086424.1,238.613,5891.32,228.0,21.8231,2.429
9605.62,2857.79,0.29751,86.0884,1375008.5,128.398,4165.52,12.0,33.2494,1.507
14087.6,4679.34,0.33216,172.864,1946643.8,228.888,4883.23,140.0,28.0985,3.816
6384.48,2286.31,0.3581,69.8682,868021.6,98.07,3225.56,60.0,38.6925,1.822
8406.15,2737.28,0.32562,82.6732,1126561.0,112.03,4135.93,24.0,35.7115,16.077
14654.4,5351.19,0.36515,192.987,1944596.0,257.986,5217.56,74.0,26.4141,7.313
6966.21,1320.69,0.18958,71.5975,966920.1,79.0568,3294.02,31.0,37.7755,11.307
6442.67,1726.26,0.26794,65.1427,911111.7,84.8384,3115.82,27.0,39.1887,2.769
6184.1,1542.06,0.24935,71.1528,875457.06,75.7964,3087.91,12.0,39.1156,1.897
8533.04,1835.54,0.2151,74.2112,1226891.8,109.81,4064.29,103.0,34.7205,1.043
7473.32,2276.55,0.30462,64.5599,1032173.06,91.147,2781.16,87.0,39.4333,14.089
8267.15,2781.06,0.33639,68.0857,1129027.6,114.908,3584.27,51.0,39.6571,1.774
10271.5,3791.2,0.36909,83.6442,1414744.5,149.785,4495.75,52.0,33.3779,12.929
19924.0,6350.0,0.31871,248.526,2774744.5,315.074,5504.57,79.0,22.8094,3.592
9748.91,2691.34,0.27606,100.302,1362682.2,128.5,4272.74,49.0,33.6309,2.422
12215.5,3409.44,0.2791,147.92,1649619.4,169.838,4547.31,67.0,30.3659,2.337
4940.13,1205.46,0.24401,45.2916,696203.2,64.2416,2594.49,50.0,42.5598,7.27
4809.41,931.85,0.19375,47.2932,615417.25,55.8512,2048.96,27.0,42.6352,5.72
11234.8,2788.27,0.24818,136.986,1564851.9,154.643,4424.26,54.0,46.5464,2.318
8219.01,2336.08,0.28422,78.7472,1147740.0,100.908,4147.42,62.0,35.9933,4.412
7604.58,2512.16,0.33034,65.1239,1041936.94,104.121,3615.21,52.0,37.6477,13.596
5347.8,1433.1,0.26797,32.9818,743441.1,88.8099,2731.18,24.0,40.5232,11.409
7011.32,2847.54,0.40613,62.3059,996828.0,107.631,3239.35,36.0,38.0159,9.295
9719.89,2435.06,0.25052,104.742,1373935.1,146.598,3938.06,36.0,33.1623,2.051
4954.37,1376.67,0.27786,47.3117,691375.6,59.1479,1992.72,12.0,44.0329,2.196
7288.57,2261.84,0.31032,76.1738,988855.0,110.442,3852.79,28.0,34.5885,17.749
22543.3,6334.18,0.28097,288.732,3067500.5,326.733,6681.19,292.0,18.6472,1.554
6417.76,1858.74,0.28962,56.7093,882818.3,88.8971,2888.43,63.0,39.7262,16.789
8095.05,1743.51,0.21537,98.407,1112828.2,111.09,3334.74,114.0,34.9575,1.648
9682.84,3902.12,0.40299,96.7704,1338530.0,142.819,3483.06,46.0,33.4922,13.511
8109.65,1467.01,0.18089,63.5611,1141048.6,85.0171,2966.82,31.0,38.8824,12.894
3819.05,1226.38,0.32112,34.457,517250.7,50.4938,1385.21,29.0,44.0003,11.002
6632.44,1708.24,0.25755,65.4236,914599.8,86.5658,3327.73,27.0,37.9425,5.108
17584.8,5264.57,0.29938,230.034,2488330.5,272.921,5659.74,103.0,21.546,2.855
6529.22,1914.71,0.29325,59.2439,887284.7,83.641,3194.35,39.0,39.2594,10.135
12461.6,3698.39,0.29678,150.145,1716505.4,178.632,4389.89,41.0,30.7127,3.327
4079.57,1114.3,0.27314,36.5191,583049.0,47.5697,1802.88,11.0,44.3077,1.991
18665.5,5274.94,0.2826,253.074,2543841.0,308.123,5729.92,332.0,21.2327,2.731
11140.9,4423.49,0.39704,130.6,1560105.0,179.259,4225.71,50.0,31.1173,2.969
10546.6,4069.14,0.38582,93.3325,1492618.8,152.81,3651.82,63.0,35.8867,18.383
8545.88,2264.63,0.26499,78.6795,1222505.0,121.486,3839.91,53.0,35.4169,3.207
5867.83,1043.03,0.17775,56.7528,767172.06,63.1954,2893.64,39.0,38.6478,19.011
6850.85,2231.67,0.32575,64.585,898259.1,106.705,2672.04,27.0,38.5638,2.72
7201.02,1989.59,0.27629,67.9069,987595.7,104.213,3570.66,36.0,36.5477,1.695
6018.2,1844.26,0.30644,67.2967,813066.2,81.6292,3882.46,80.0,36.808,13.151
10937.1,4531.86,0.41435,93.3001,1524190.9,175.573,3709.27,100.0,30.7347,19.882
16098.3,5417.82,0.33654,192.814,2302511.2,275.34,5093.55,124.0,25.577,5.436
15755.1,5034.06,0.31951,143.369,2133537.5,233.27,5064.93,32.0,27.5706,3.072
21120.8,5457.14,0.25837,288.914,2876551.0,310.607,6564.48,285.0,18.7416,1.309
10301.7,4162.13,0.40402,92.8291,1448230.2,146.606,3858.61,56.0,35.1624,11.942
5252.49,1164.45,0.22169,46.9678,752534.8,69.903,2894.23,18.0,40.3579,0.0
8190.36,2346.21,0.28645,57.8825,1130962.1,101.744,2889.38,36.0,39.9908,13.268
3993.35,1498.32,0.3752,36.2399,549366.0,50.738,1373.01,29.0,44.5455,6.731
7368.53,1998.43,0.27121,64.2562,1044851.0,80.6653,2434.88,82.0,40.4242,10.245
5624.47,2060.02,0.36626,43.5747,747940.8,87.6198,3528.32,24.0,43.3645,14.619
16053.6,5055.5,0.31491,188.704,2160576.2,253.315,5299.91,208.0,25.4133,2.874
5557.8,1664.46,0.29948,54.5918,739099.25,77.6398,3279.47,24.0,41.5433,12.335
8171.39,2861.96,0.35024,68.0996,1146772.5,115.788,3599.43,83.0,38.5563,12.55
5415.86,2467.63,0.45563,52.3616,732041.94,91.7792,2267.21,51.0,42.5686,13.643
16112.2,4213.11,0.26148,189.935,2183443.0,222.715,5166.07,103.0,23.8868,9.803
16758.5,6824.99,0.40725,133.392,2397027.0,271.555,13955.99,68.0,28.6355,12.602
6306.68,2185.84,0.34659,56.1586,852570.06,95.7992,2430.44,30.0,40.7875,8.658
11491.4,3149.15,0.27404,91.583,1566295.6,143.885,4296.47,166.0,31.8821,16.448
14424.2,6832.01,0.47364,196.908,1974286.5,260.655,5524.68,220.0,25.9694,17.621
9210.79,2643.54,0.287,100.362,1262181.6,158.206,4133.57,73.0,33.2644,0.663
10812.6,3070.46,0.28397,132.322,1480768.0,149.354,4898.44,74.0,29.3356,3.42
10807.5,2785.16,0.2577,111.667,1526496.4,154.779,4357.99,66.0,32.9155,4.788
10970.6,3133.03,0.28558,132.447,1527432.2,166.765,4661.39,69.0,29.8276,1.614
6173.6,1555.86,0.25201,56.3513,870755.56,73.8399,3541.37,50.0,39.2268,11.612
9615.89,2773.12,0.28838,97.6692,1360345.6,136.638,3677.27,128.0,35.5624,2.063
6911.95,2336.15,0.33798,63.8402,930476.3,99.7759,3096.08,21.0,40.315,1.342
13120.0,4103.54,0.31276,149.515,1886202.0,216.558,5181.6,63.0,28.6225,1.221
11150.5,2772.3,0.24862,148.772,1468772.1,185.499,4335.33,53.0,31.6379,2.916
19363.9,6572.76,0.33943,193.065,2634284.5,284.556,5936.18,195.0,21.0752,19.426
5302.09,1194.76,0.22533,52.4918,753640.8,67.5603,2763.29,23.0,39.752,3.809
9886.52,4526.1,0.4578,63.1965,1462022.2,147.139,4252.8,96.0,38.8841,12.022
12724.6,2444.08,0.19207,149.967,1736724.9,198.482,4855.69,138.0,29.8791,0.559
7283.9,2691.76,0.36954,73.3878,998218.7,95.7026,3194.97,14.0,38.1983,2.69
9258.19,2686.57,0.29018,90.7418,1257348.4,95.649,4172.08,27.0,33.5898,9.256
8745.61,2650.79,0.30309,79.7558,1216687.2,111.169,4264.42,59.0,34.9479,2.539
10103.3,3177.95,0.31454,118.061,1424123.9,154.52,4257.74,46.0,34.1803,2.842
6513.13,1684.64,0.25865,54.5653,863012.2,83.9209,3223.25,29.0,38.0225,4.799
12542.2,4264.45,0.34,122.104,1805932.6,167.945,4665.29,150.0,30.8765,3.362
9211.18,2540.91,0.27585,91.826,1303316.8,134.687,4012.19,10.0,34.7705,2.416
6142.84,1641.28,0.26718,35.8161,818028.0,70.4167,3111.7,68.0,39.3956,6.082
7525.53,2366.95,0.31452,83.1753,1025081.5,103.864,3438.22,34.0,37.5117,5.381
7154.02,2055.09,0.28726,77.0141,1002863.56,95.8681,3198.48,55.0,38.0339,12.191
6899.11,2191.7,0.31767,64.5883,935338.0,100.761,3051.48,28.0,40.2858,1.78
14561.5,4551.72,0.31258,161.008,2016484.5,229.134,5431.06,209.0,26.1561,1.535
7697.67,3157.88,0.41023,78.4308,1076035.0,125.175,3251.01,36.0,36.8626,2.853
4409.19,812.76,0.18433,44.1605,599253.2,64.8904,2582.95,12.0,43.0907,2.4
15895.3,6139.09,0.38622,161.511,2205011.5,234.706,5164.03,162.0,26.6547,11.233
7147.94,2248.49,0.31456,62.1899,954382.2,114.573,3817.27,64.0,35.9645,8.254
8376.21,3521.63,0.42043,92.8227,1205456.9,143.801,3096.75,70.0,37.6846,18.25
9471.15,2521.44,0.26622,106.897,1339972.2,146.773,3926.11,43.0,33.0112,2.075
14149.8,4070.42,0.28766,206.431,1870396.0,240.406,5584.09,254.0,21.3832,3.155
12386.1,3714.8,0.29991,107.077,1711783.4,157.517,4936.32,94.0,30.9668,15.23
7054.23,1753.35,0.24855,71.4988,959276.4,91.061,3496.9,62.0,36.7609,6.184
7333.57,1767.35,0.24099,66.9614,972653.9,88.0436,3383.63,23.0,39.1088,4.904
6911.23,2742.43,0.3968,65.5596,1003374.7,98.1169,3250.51,35.0,38.7376,1.057
7867.41,2135.63,0.27145,72.7888,1118550.9,92.1668,3467.55,33.0,34.2364,17.114
10190.3,3404.67,0.3341,96.539,1445827.8,131.362,3864.31,101.0,35.7465,17.109
12333.4,5021.22,0.40712,164.939,1688150.6,253.946,4704.26,113.0,29.0956,8.34
14310.0,5896.81,0.41207,184.009,1953779.5,290.482,4517.68,159.0,29.3117,20.81
4958.81,906.06,0.18271,40.7072,674377.25,57.9062,2474.33,27.0,42.6048,13.514
4935.47,1142.29,0.23144,43.5884,709173.1,60.5316,2547.68,42.0,42.9333,9.711
7951.66,1799.5,0.2263,95.7084,1083650.8,121.533,3372.18,12.0,37.3182,1.232
15019.1,4632.49,0.30843,210.099,2090486.2,254.281,5339.97,282.0,24.815,1.35
6967.74,2169.25,0.31132,50.5479,969518.4,95.8401,3662.3,65.0,35.3521,1.643
8729.51,2926.24,0.33521,77.8713,1234027.0,128.218,3522.84,50.0,34.3135,13.914
7482.83,1936.29,0.25876,58.5171,1057606.4,90.8466,2736.71,13.0,39.5467,12.349
9889.02,3100.08,0.31348,94.7955,1404683.6,136.517,4115.67,109.0,33.2724,4.617
5326.34,1880.31,0.35302,56.5781,747552.6,72.4919,2581.67,30.0,41.3368,3.452
17174.7,6032.93,0.35126,201.03,2242783.8,287.103,6782.74,242.0,22.1044,3.263
16522.6,6110.47,0.36982,238.413,2245922.0,272.074,5446.89,133.0,24.1847,3.332
11624.0,2413.65,0.20764,134.247,1650483.0,182.585,4566.73,51.0,30.1886,0.863
10119.1,3266.02,0.32275,90.0642,1402793.9,145.329,3682.94,22.0,35.767,2.506
13573.4,5326.89,0.39245,154.529,1880657.6,242.275,5339.69,153.0,25.8036,16.565
4932.43,1390.31,0.28187,45.0674,630252.5,74.2844,2148.54,21.0,42.7945,3.398
9364.89,3130.27,0.33425,68.3981,1318201.1,127.622,3450.93,55.0,31.0067,12.872
8915.09,3099.75,0.34769,88.1021,1211510.4,114.415,3669.66,43.0,34.0465,15.454
6934.96,1134.53,0.16359,52.5188,912224.56,69.2612,3259.44,45.0,40.2115,16.514
5061.25,1288.44,0.25456,50.6824,650637.06,57.6994,2114.81,21.0,43.465,5.005
15312.1,4252.84,0.27774,185.8,2135578.8,221.099,5653.0,139.0,22.5838,0.976
17042.6,5777.81,0.33902,199.978,2398506.5,237.591,5468.0,176.0,23.9315,1.35
22242.6,6937.6,0.3119,250.023,3089188.8,354.538,5938.95,236.0,23.919,9.858
8563.54,2474.39,0.28894,91.7517,1165347.9,121.007,3740.06,32.0,35.509,3.936
4715.76,1469.09,0.31152,43.7461,654911.44,63.3931,1859.83,23.0,42.7714,1.867
15555.0,4849.73,0.31177,218.667,2121886.5,271.257,5009.68,188.0,26.1142,19.02
5287.43,1888.86,0.35723,49.8076,752981.06,73.0551,2370.96,26.0,43.0907,2.767
7593.52,2592.49,0.3414,62.5705,1065839.9,116.269,4594.0,65.0,37.1957,12.203
7171.36,2375.62,0.33126,63.1182,939507.5,119.707,3046.94,27.0,37.8912,11.637
5498.18,2168.65,0.39443,32.7375,775033.9,75.2824,2724.67,45.0,42.3993,2.34
13730.8,3432.26,0.24996,191.839,1879853.6,211.228,4578.7,174.0,29.0674,1.555
9072.32,2524.46,0.27825,91.0317,1254586.0,146.872,3301.24,8.0,36.3786,1.396
5368.85,1395.71,0.25996,55.0028,712707.75,82.4901,3515.43,27.0,40.4593,5.589
6113.35,1860.62,0.30435,51.6349,883687.8,71.7153,3076.59,73.0,39.6605,1.698
14497.7,3472.45,0.23951,183.28,2032056.6,197.535,4002.03,146.0,32.4638,2.19
3929.79,1204.38,0.30647,34.4882,533888.75,49.8657,1369.36,34.0,44.498,11.56
7479.3,2148.1,0.2872,61.9474,1024638.8,97.2743,3344.1,48.0,37.566,7.25
5395.43,1306.65,0.24217,45.0206,730780.1,75.3394,2886.34,10.0,41.7326,9.432
15783.9,4488.52,0.28437,221.98,2242853.0,299.511,5304.53,114.0,23.8425,4.675
9358.62,4039.29,0.43161,89.2986,1280007.1,147.546,3665.42,10.0,36.5555,19.024
5310.11,1075.75,0.20258,48.7921,756488.06,68.8361,2848.03,58.0,40.3065,1.535
15086.4,3390.17,0.22471,170.24,2079525.1,249.261,5639.97,77.0,46.5464,0.0
19541.2,6865.01,0.3513,155.753,2782302.5,316.469,13810.99,73.0,30.6076,4.251
7631.91,1985.57,0.26016,73.1928,1048251.25,97.4965,3350.87,59.0,38.1116,13.932
5181.79,2118.53,0.40884,34.6409,730765.0,69.4065,2403.65,39.0,42.5807,5.236
15550.4,4460.92,0.28686,162.969,2117902.5,207.621,5369.26,140.0,26.1497,18.08
4205.75,1315.99,0.3129,34.5489,575976.06,52.7832,1393.23,32.0,44.4182,11.447
11582.2,3355.89,0.28974,100.305,1619106.6,139.192,4788.56,48.0,27.5977,15.172
11898.6,2993.79,0.2516,150.056,1607986.2,187.807,4455.64,60.0,30.0646,4.067
7118.32,1857.51,0.26094,74.6542,959974.4,94.5143,3525.95,77.0,37.3549,2.487
9214.2,2548.16,0.27654,97.781,1264213.8,161.279,4133.15,73.0,33.2174,0.65
8947.88,2439.77,0.27266,92.1292,1250786.5,122.415,4094.5,61.0,34.7254,12.103
13436.5,4659.28,0.34676,130.515,1839530.4,211.506,4013.3,152.0,32.2843,13.801
6382.71,1996.5,0.31279,42.7195,826136.0,88.3318,3008.74,55.0,38.9692,3.424
6139.93,1701.78,0.27716,58.532,880808.5,76.3209,2552.99,64.0,41.6046,5.004
15654.1,4913.09,0.31385,162.135,2236144.0,215.877,8141.43,166.0,31.0,11.9
14177.8,4267.92,0.30102,189.457,1933128.1,225.151,4561.68,181.0,28.8621,2.512
8203.6,3399.7,0.41441,72.666,1120723.9,132.1,3920.16,70.0,34.7492,19.293
21713.9,6773.52,0.31194,248.156,3029852.0,333.155,5546.24,72.0,23.1833,3.44
8803.9,2846.23,0.32329,70.246,1194281.5,136.88,3976.83,96.0,32.7189,1.991
7863.18,2814.29,0.3579,72.5876,1069570.6,111.708,3549.21,84.0,36.8057,12.96
6476.13,1815.98,0.28041,62.2164,845397.25,96.6976,2591.64,44.0,46.5464,2.438
13983.1,5560.32,0.39764,132.198,2004099.5,206.322,5361.63,61.0,25.36,11.468
7211.64,1998.62,0.27713,85.2022,1013713.0,100.323,3878.42,36.0,35.9075,1.487
12398.8,5009.7,0.40404,103.875,1747889.2,178.264,5376.99,56.0,33.3057,13.63
8471.08,2556.58,0.3018,86.76,1174929.0,129.099,3407.9,96.0,37.0873,18.938
11812.0,3583.75,0.30339,71.6335,1593491.8,183.685,14513.74,59.0,35.138,14.816
16115.0,4567.72,0.28344,237.891,2195633.5,274.095,4800.53,279.0,27.5003,4.052
6878.33,1833.88,0.26661,58.0797,911921.3,90.7432,3276.08,43.0,39.0519,6.091
17474.7,4180.44,0.23922,218.261,2459189.0,271.475,5547.01,90.0,23.7164,2.416
6772.56,2376.3,0.35087,59.39,972958.94,93.4281,3377.09,32.0,38.9663,11.655
3896.41,1214.96,0.31181,35.3301,530941.1,48.7526,1388.76,32.0,44.4466,12.136
15174.7,5271.03,0.34735,173.439,2136545.0,236.657,5076.17,145.0,27.1068,17.226
16134.3,7605.91,0.47141,89.0132,2291324.8,267.814,12272.87,70.0,30.5963,7.708
4534.88,1157.24,0.25518,43.4536,634876.6,63.3566,2594.65,24.0,43.6101,10.945
13201.1,4167.38,0.31568,156.377,1841358.8,173.863,4964.64,34.0,28.0391,17.527
22771.3,7039.69,0.30914,315.611,3143441.8,374.362,6283.2,107.0,17.9303,4.093
15255.3,3777.16,0.24759,210.802,2125367.5,241.54,4997.82,131.0,25.9848,2.698
14661.7,3844.44,0.2622,184.054,2007733.0,251.729,5149.08,90.0,25.5674,5.026
5449.57,1787.55,0.32801,47.1094,770327.8,77.2957,2378.18,19.0,42.1024,1.668
11255.9,3385.33,0.30076,157.192,1527684.1,218.471,4021.83,102.0,32.3463,20.96
14712.0,4732.13,0.32165,127.282,2103702.8,215.608,5041.83,98.0,27.4474,19.87
5763.2,1246.98,0.21636,51.056,836164.25,73.7733,2878.43,53.0,38.9311,1.81
5534.71,1358.91,0.24552,42.8701,753214.1,82.073,3132.05,36.0,36.5159,13.284
9111.29,2780.83,0.3052,94.223,1271952.4,106.628,3396.62,37.0,34.5249,12.688
7664.93,2068.9,0.26991,70.4457,1109961.8,88.023,3075.22,80.0,38.7796,19.851
5750.82,1405.96,0.24447,54.9481,784916.75,85.7215,2851.49,45.0,40.9949,8.645
6312.09,1713.65,0.27148,70.0466,846683.44,79.0801,2923.71,29.0,39.3817,2.262
8035.16,2698.13,0.33579,67.443,1176111.2,110.188,2634.38,84.0,40.1932,13.565
7468.82,2692.22,0.36046,65.22,1011814.06,123.016,3977.51,45.0,36.3775,7.502
6707.3,1653.17,0.24647,63.3675,929339.2,84.5385,3280.6,23.0,38.1161,5.029
20957.5,6547.32,0.3124,290.296,2850270.2,332.559,6558.16,287.0,17.6452,1.995
4271.89,1043.84,0.24435,38.8692,593300.94,51.7236,1807.09,45.0,44.5858,12.169
5186.9,1539.75,0.29685,40.9543,713771.8,69.2401,2562.85,48.0,42.4643,7.895
7299.66,3435.72,0.47066,62.5497,1025019.8,122.616,3072.93,61.0,39.6537,14.639
9761.78,3447.4,0.35315,64.4039,1230285.1,160.229,5333.14,29.0,36.2858,3.445
11049.3,2366.91,0.21421,145.844,1563099.4,176.851,4584.47,53.0,30.101,0.98
13942.2,4095.39,0.29374,164.535,1929525.5,215.093,4777.23,127.0,28.5925,4.167
15982.1,5639.55,0.35286,159.883,2293581.8,237.66,5695.2,159.0,24.2688,10.699
8669.76,2448.59,0.28242,94.2758,1183662.0,94.1669,3840.52,14.0,33.7287,8.364
15051.3,3870.64,0.25716,184.99,2125416.5,217.668,5690.95,75.0,23.0361,1.422
13217.8,3381.37,0.25581,157.691,1810611.8,211.069,4187.27,54.0,32.1707,2.114
10443.2,3551.82,0.3401,60.6669,1475407.2,153.108,5587.14,33.0,38.1478,15.052
12221.6,2144.51,0.17546,145.105,1715444.2,170.914,4700.65,158.0,29.4614,1.542
7886.75,2240.34,0.28406,77.8253,1077498.4,100.726,3095.16,8.0,38.8022,3.981
5135.05,1198.25,0.23334,62.8365,685023.9,77.8196,2831.84,59.0,40.862,7.222
10996.0,3224.36,0.29323,110.334,1521052.5,167.289,4381.65,68.0,32.1207,4.33
7294.71,2615.47,0.35854,79.7514,1010145.94,106.955,3801.79,35.0,35.9858,2.26
5690.85,1405.61,0.24699,47.2847,804751.25,61.0073,2450.35,10.0,41.6317,2.277
9902.55,4187.88,0.4229,91.5448,1370169.9,144.424,3640.13,25.0,36.983,16.643
6514.76,1698.16,0.26066,65.3632,897397.0,90.0044,3199.33,50.0,38.8147,5.071
17254.5,5459.34,0.3164,203.929,2429304.2,267.387,5179.12,103.0,24.2437,4.777
7346.13,1652.96,0.22501,54.0816,1028573.3,69.944,3192.66,27.0,38.4346,7.305
14775.8,4739.13,0.32073,215.853,2038032.8,246.844,5264.73,280.0,24.3729,2.695
14797.5,4232.06,0.28599,167.903,2120212.5,254.79,4923.81,71.0,26.7218,2.644
6631.19,1772.03,0.26722,68.6409,932591.5,91.8644,3068.42,43.0,38.8221,11.445
12215.6,3277.72,0.26832,148.537,1621122.1,183.216,4569.18,87.0,30.8189,3.084
17183.3,5556.54,0.32336,201.047,2263361.5,287.286,6595.97,240.0,22.1044,3.113
9757.49,2112.56,0.2165,114.612,1359059.0,130.18,4277.4,56.0,34.2413,1.782
8671.59,2551.92,0.29428,103.256,1188708.2,155.026,4107.92,72.0,33.2662,1.067
7166.69,1474.3,0.20571,62.5895,980646.56,84.9225,3345.46,21.0,38.8563,11.051
16114.6,4112.86,0.25522,163.922,2300850.0,214.214,4927.93,43.0,27.1584,2.66
17964.8,4160.01,0.23156,210.323,2550266.8,270.491,5671.01,95.0,23.007,1.559
6921.81,1828.73,0.26419,67.5249,953725.7,89.8551,3087.04,48.0,39.8213,1.787
9583.15,2649.58,0.27648,93.2935,1330221.4,123.081,3819.92,36.0,35.3151,2.612
9549.95,3771.54,0.39492,92.0121,1342054.8,152.393,3354.82,69.0,36.0381,16.449
6653.41,1747.16,0.26259,89.3011,920774.1,105.064,3398.79,88.0,37.3922,2.273
7480.69,3614.88,0.48322,87.819,921266.9,144.506,2270.87,95.0,40.6318,3.972
20130.8,7666.17,0.38081,201.168,2789337.0,401.175,10086.64,194.0,23.0946,17.036
10505.4,3627.73,0.34532,114.501,1494559.6,173.52,4599.82,163.0,30.5576,15.176
9326.71,3543.23,0.3799,89.2506,1280669.5,143.651,3666.41,55.0,35.2624,11.339
7853.24,1836.57,0.23386,97.2555,1032610.94,123.891,3300.47,81.0,38.0875,15.453
5604.81,1838.35,0.32799,51.2489,780560.56,79.565,2559.67,43.0,41.4537,13.456
11055.3,3517.81,0.3182,123.96,1514151.1,158.637,4934.14,77.0,29.1939,3.411
7843.19,1688.4,0.21526,53.6703,1101412.5,74.4509,3253.88,21.0,36.1752,16.419
7269.62,1922.77,0.26449,63.8805,1037779.25,79.2696,3091.93,37.0,38.7006,18.536
5349.1,1904.11,0.35596,41.6169,763895.9,74.4468,2538.11,36.0,41.0746,12.486
12649.7,3180.42,0.25142,163.606,1726694.6,216.329,4648.42,92.0,29.5098,3.961
14738.1,4005.61,0.27178,210.637,2022393.5,261.711,5055.71,161.0,24.6149,3.475
11907.0,3513.12,0.29504,102.107,1638752.2,177.386,4115.14,27.0,33.3145,4.358
11430.1,2985.0,0.26115,113.629,1600321.2,152.945,4494.95,76.0,33.2921,3.98
14388.5,6113.79,0.4249,193.235,1904306.5,278.575,5505.6,197.0,27.1973,4.263
8108.21,3338.43,0.41173,54.5789,1145100.4,132.638,3220.5,75.0,38.1289,17.493
4485.07,879.77,0.19615,35.0417,608496.1,56.869,1478.99,14.0,44.3606,9.308
9468.81,2551.56,0.26946,96.6137,1293084.6,160.924,4155.58,71.0,33.1585,0.64
8431.15,1681.99,0.19949,60.8157,1194521.4,85.3347,3042.38,29.0,38.5759,12.782
10150.4,3877.37,0.38199,95.6204,1411413.4,168.903,4785.07,95.0,32.2514,19.087
11592.4,3317.82,0.2862,145.784,1655577.4,170.592,4641.45,27.0,29.5953,1.63
5243.35,1016.96,0.19395,42.6481,725965.5,68.2966,2628.12,26.0,42.3442,13.099
6187.31,1330.85,0.21509,54.3266,845288.6,83.3863,2852.13,17.0,39.9958,0.96
15882.3,5899.41,0.37144,177.213,2152308.2,272.483,5917.69,142.0,27.1152,15.205
7603.69,2754.48,0.36225,64.7779,1034657.9,111.251,3882.82,71.0,36.3637,15.994
14185.9,4299.49,0.30308,117.643,2040591.5,189.557,3962.72,153.0,35.052,16.237
10206.7,2711.41,0.26565,117.73,1398712.1,141.194,4211.95,121.0,35.9331,2.442
8768.71,1863.39,0.2125,81.5204,1263344.8,99.6288,3943.8,11.0,35.2024,1.38
11689.6,4009.43,0.34299,100.532,1635231.1,166.784,4361.26,23.0,29.0206,5.593
6440.04,1321.2,0.20515,78.7341,871316.56,80.9953,3205.93,45.0,38.1133,8.614
6866.72,2104.4,0.30646,72.1141,921766.9,115.459,3483.81,81.0,37.7339,5.078
7993.42,2463.6,0.3082,67.8755,1127774.8,95.9946,3199.53,15.0,37.7924,6.843
6817.42,2444.8,0.35861,59.0824,940828.7,104.551,3876.58,72.0,35.8944,1.162
7810.05,1884.01,0.24122,67.6861,1085463.6,94.1633,3204.72,45.0,38.4293,6.616
20558.6,5705.5,0.27752,199.843,2940714.5,308.959,6178.45,244.0,20.5425,15.077
20620.5,5465.63,0.26505,277.622,2811990.5,301.151,6538.63,286.0,18.557,1.602
9863.13,2511.84,0.25466,105.093,1373546.2,148.351,4119.02,166.0,33.7811,1.668
7180.47,2816.94,0.3923,63.8198,1050557.6,95.1843,3213.44,30.0,38.8942,1.428
7167.0,1840.18,0.25675,60.0659,994644.0,101.301,3331.77,52.0,38.1841,12.097
4147.32,1790.35,0.43168,23.1529,561497.25,60.8345,1667.96,32.0,45.3652,10.514
7250.08,1891.63,0.26091,57.748,1019780.25,78.0913,3310.32,22.0,39.4328,9.952
17381.1,4871.46,0.28027,231.63,2429343.0,285.72,5708.85,196.0,22.0356,1.972
7148.47,2209.12,0.30903,68.4832,982949.75,105.208,4063.01,74.0,35.5495,4.058
5757.84,1613.52,0.28023,57.8813,791813.1,87.0328,2402.93,26.0,41.3623,11.907
11800.0,3191.41,0.27045,130.882,1622273.8,160.078,4531.87,84.0,31.33,2.497
8510.45,2628.46,0.30885,71.2011,1175326.8,114.001,3410.67,39.0,37.2213,5.61
9016.49,2371.68,0.26303,86.8742,1282760.4,116.782,3996.93,2.0,33.9632,1.755
6417.18,1601.31,0.24953,61.5401,879318.75,90.835,3077.96,49.0,40.1159,10.99
13396.0,4378.14,0.32682,162.269,1851162.0,201.319,5005.52,116.0,27.8696,4.003
6560.4,2140.65,0.32629,54.4476,909656.2,101.59,3600.62,71.0,32.6749,1.312
5888.86,1351.35,0.22947,67.9557,809295.4,82.7655,2776.04,73.0,39.3374,8.902
8577.97,2378.69,0.2773,101.784,1194090.0,101.348,3432.17,30.0,36.1929,9.831
10421.1,4027.59,0.38648,95.8855,1497369.8,134.066,4768.03,31.0,31.5498,14.316
15705.5,4742.97,0.30199,212.08,2064464.6,256.199,6203.38,244.0,21.4639,3.338
13719.1,5573.37,0.40624,127.584,1903706.0,207.583,5221.13,113.0,30.3813,16.557
7899.95,1997.06,0.25279,96.4419,1098257.6,123.076,3237.33,4.0,36.8619,0.53
8431.12,2455.95,0.29129,90.2157,1155178.5,123.373,3218.3,83.0,38.747,1.888
10573.2,3808.41,0.36019,101.268,1485108.1,133.722,3682.76,33.0,33.7073,13.621
8502.81,2186.63,0.25716,84.9395,1165009.8,126.227,3573.92,49.0,36.0096,5.084
9273.85,1580.49,0.17042,89.9257,1305497.5,105.36,4283.28,33.0,32.2735,3.134
16942.7,4419.31,0.26083,221.184,2346884.5,266.602,5689.26,188.0,21.9993,2.166
6283.23,2097.29,0.33379,49.749,883054.44,83.6749,3107.52,57.0,39.527,16.275
6191.96,1623.16,0.26213,53.3894,803446.7,87.2024,3328.91,39.0,38.5468,6.021
12788.5,4981.02,0.38949,142.372,1718189.1,210.839,3906.18,192.0,32.8655,20.866
9932.36,4137.22,0.41653,90.3779,1371328.6,163.28,3914.59,59.0,37.7008,13.352
10757.8,3682.96,0.34235,132.586,1427213.0,173.675,4156.76,43.0,32.9231,1.972
6910.52,2012.27,0.29118,62.1555,961113.7,96.5823,2751.79,13.0,39.1114,7.04
13940.0,3925.57,0.2816,145.238,2008939.8,239.332,5123.74,74.0,27.4742,0.0
10891.2,3960.75,0.36366,108.251,1510484.9,171.912,5505.06,49.0,32.9475,2.006
7175.32,3046.09,0.42452,72.4351,966938.5,126.425,3214.36,67.0,38.1002,15.944
3957.96,1312.99,0.33173,35.659,557493.4,49.3081,1757.19,23.0,43.3888,7.81
8077.12,2648.15,0.32785,78.2127,1164201.2,119.686,3423.12,22.0,37.72,3.855
7154.45,2324.02,0.32483,56.3432,959009.5,102.865,2962.95,17.0,40.9026,18.406
8040.04,3133.36,0.38971,66.8569,1090459.5,123.887,4209.03,81.0,37.8126,20.101
8758.72,2536.67,0.28961,95.2514,1172032.9,110.906,3978.55,38.0,35.4503,5.098
8189.36,2225.76,0.27178,87.9163,1133198.8,111.264,3561.14,23.0,36.883,10.375
7156.73,2661.49,0.37188,86.9854,1034810.25,114.724,3379.5,75.0,36.019,15.082
9221.4,2250.39,0.24403,104.173,1291425.6,138.204,3629.23,8.0,33.9961,1.02
12995.1,4176.17,0.32136,130.811,1800529.4,174.427,5041.03,76.0,27.5994,19.168
17184.5,5473.4,0.3185,186.941,2390603.8,279.164,5437.22,89.0,25.512,7.184
15046.7,3414.28,0.22691,171.111,2116558.2,228.372,4954.26,84.0,26.7711,2.394
8518.93,2241.77,0.26315,100.433,1193904.8,129.183,3231.85,4.0,36.9505,0.438
8186.03,2340.76,0.28594,67.7341,1163071.6,101.333,3156.07,37.0,34.9032,15.292
4320.48,892.92,0.20667,34.084,593046.7,52.7718,1775.78,9.0,43.2736,10.908
6480.92,1828.78,0.28217,59.7009,893228.6,78.13,2631.85,16.0,40.0341,4.145
8629.07,2441.2,0.2829,77.9171,1202940.9,109.276,3973.47,61.0,34.4652,1.955
9977.28,3308.6,0.33161,112.408,1398324.2,138.888,4467.13,105.0,33.123,18.928
8255.85,1772.77,0.21472,85.6576,1172910.2,119.892,3569.02,11.0,46.5464,1.632
8509.8,1657.98,0.19483,74.842,1144587.0,108.212,3757.24,27.0,38.8946,9.343
8852.57,2453.7,0.27717,77.46,1228081.1,109.138,4038.05,60.0,33.7779,4.286
12130.7,2857.45,0.23555,128.774,1662618.4,152.361,3944.76,229.0,32.4978,3.081
6760.44,2048.49,0.30301,64.9713,931415.2,101.893,2960.25,56.0,31.6069,19.77
6354.3,1310.35,0.20621,55.6041,875876.06,83.9626,2795.12,17.0,40.2888,1.068
12130.0,3570.9,0.29438,157.233,1683797.1,183.548,4422.97,26.0,30.9675,2.685
21222.6,5728.29,0.26991,298.35,2882912.2,309.143,6594.97,287.0,18.722,1.32
17671.0,6682.42,0.37815,150.39,2401530.2,313.176,6402.05,59.0,29.9537,9.999
8174.08,2388.28,0.29217,85.8253,1140775.8,106.215,4062.34,31.0,35.4926,1.849
4825.85,1095.57,0.22702,39.7339,663164.4,52.3416,1797.93,40.0,44.4568,8.098
6988.03,1379.52,0.19741,51.3073,983350.25,79.3481,3155.34,24.0,39.247,12.431
11644.2,3561.42,0.30585,140.537,1591823.2,178.798,4477.91,85.0,31.2531,3.183
7664.52,2795.33,0.36471,76.4803,1026277.8,115.913,3191.69,21.0,38.1557,15.945
6374.12,2084.36,0.327,43.0034,894895.8,90.2057,3530.77,48.0,41.131,7.435
8997.45,3169.21,0.35223,78.253,1253954.2,134.057,3537.82,115.0,35.9405,3.628
5461.02,1702.79,0.3118,46.67,765529.8,68.1998,1981.58,9.0,42.3875,9.067
9258.44,3071.57,0.33175,42.8334,1293762.9,122.037,3349.27,38.0,37.538,10.987
5773.06,1381.36,0.23927,50.6271,820489.6,78.3608,2296.05,60.0,42.6099,12.302
10448.8,2006.44,0.19202,102.285,1483765.9,143.662,4380.83,49.0,33.8556,0.887
8902.58,2059.22,0.2313,89.6838,1250560.2,130.116,4054.36,168.0,33.5094,1.353
9743.4,2609.91,0.26786,116.689,1357434.9,155.005,4275.45,66.0,32.9608,2.645
5259.44,1653.13,0.31431,55.3538,724171.06,73.1405,3118.92,16.0,39.4812,7.922
8662.98,2801.59,0.32339,91.8489,1222790.2,120.53,3393.61,90.0,33.3995,15.565
5558.04,1263.5,0.22732,55.0994,732400.3,86.3178,3406.63,17.0,39.8168,1.944
8030.85,3078.5,0.38333,82.6548,1099653.4,133.403,3661.56,26.0,36.3075,7.553
7288.38,1816.43,0.24922,69.2633,999088.2,88.1631,3833.32,76.0,35.0794,17.248
8826.84,2224.77,0.25204,79.2079,1260237.1,115.527,3847.8,22.0,35.1314,2.798
9788.99,3048.25,0.31139,103.54,1325940.0,138.163,3691.35,13.0,35.6437,2.641
14461.0,4108.83,0.28413,175.272,2021364.6,243.088,4497.31,33.0,29.7835,3.142
8594.9,2836.95,0.33007,73.194,1208047.9,109.135,3929.83,51.0,37.5777,17.134
4414.58,1433.38,0.32469,32.8121,622775.8,54.2536,2197.23,62.0,43.7494,8.001
13200.7,4555.94,0.34512,155.331,1854031.2,176.76,5202.01,41.0,28.3558,6.047
7649.19,2075.08,0.27128,84.7674,1049158.6,113.111,3085.85,21.0,37.7181,0.945
9626.34,2898.47,0.30109,100.767,1345444.2,137.074,4018.84,25.0,34.4512,3.178
5988.46,1327.53,0.22168,53.8419,860430.75,68.746,2801.44,27.0,40.2123,9.855
12566.2,3117.96,0.24812,193.796,1716232.6,202.317,4570.34,176.0,29.0935,1.912
11603.1,3549.91,0.30594,133.167,1624609.4,187.457,4354.08,70.0,31.7628,1.559
11309.8,3150.84,0.27859,130.808,1578270.4,179.875,4544.06,67.0,31.4106,3.268
6819.17,2300.38,0.33734,70.3378,969153.2,108.523,3341.98,60.0,38.3595,12.461
10934.2,2672.37,0.2444,134.787,1518924.4,170.189,4678.41,177.0,28.7099,0.652
8909.58,2209.17,0.24795,100.687,1235389.9,103.325,4169.56,31.0,34.0498,2.083
8176.11,3213.02,0.39297,51.8664,1126221.8,146.783,5252.61,71.0,38.1261,11.948
7627.0,2148.9,0.28174,72.8331,1073421.9,104.814,3849.07,10.0,35.5586,10.24
14445.2,4788.8,0.33151,194.043,1978868.2,245.562,4654.45,34.0,28.5316,2.791
14722.9,2500.82,0.16985,174.306,2056006.4,211.52,4698.85,34.0,28.5309,1.294
6767.64,1770.04,0.26154,78.4996,899971.0,89.7785,3357.25,65.0,38.0475,7.849
10272.5,3228.35,0.31427,103.606,1444740.8,143.761,4210.14,28.0,33.446,5.878
12251.5,3298.9,0.26926,148.317,1639900.6,183.322,4518.42,53.0,30.7239,3.074
6760.55,2013.39,0.29781,81.6284,940346.8,112.641,3739.21,127.0,33.6898,14.411
14169.3,4472.93,0.31567,111.161,1933172.8,256.379,4276.1,93.0,31.4623,6.744
15364.3,5633.35,0.36665,183.776,2150126.2,256.234,4587.95,37.0,25.7755,1.931
8580.32,2325.28,0.271,83.9486,1217596.5,117.191,4060.58,33.0,34.5959,2.569
8022.0,1646.06,0.20519,73.2981,1148755.4,110.29,4042.87,104.0,34.9551,1.007
8197.91,2437.75,0.29736,80.9936,1141694.6,117.19,3822.56,72.0,35.0682,4.445
15004.1,5354.6,0.35687,93.5556,1996391.6,215.15,4829.42,114.0,31.0591,9.754
12287.7,3027.1,0.24635,153.515,1718914.0,187.142,4145.63,64.0,32.3365,2.178
11858.9,3733.42,0.31482,122.675,1677160.4,163.415,4430.06,147.0,31.7691,5.211
5604.37,1960.9,0.34988,54.566,782584.7,75.0128,2538.82,38.0,41.7734,4.982
5091.21,1473.04,0.28933,37.1599,691613.4,72.6292,1965.27,17.0,43.4884,10.87
7784.76,1974.72,0.25366,62.5753,1073647.8,90.7131,3072.39,31.0,38.5973,16.506
7308.34,2109.39,0.28862,60.8204,936347.7,106.577,3064.76,58.0,39.5718,10.914
12254.5,3028.39,0.24712,163.297,1724617.0,209.397,4936.34,207.0,28.0384,1.865
6419.45,1812.37,0.28232,56.2318,870939.44,83.1378,2580.73,29.0,40.3761,10.772
10380.0,3483.46,0.33559,95.784,1450946.5,137.3,4299.3,102.0,33.3496,14.297
10290.6,2916.72,0.28343,102.043,1406741.9,172.577,4269.61,78.0,32.7146,1.051
7168.0,3174.05,0.4428,65.0293,1011345.0,100.869,2538.43,67.0,39.8946,10.824
8645.47,2684.78,0.31054,92.1452,1181679.5,124.263,3690.71,41.0,35.6132,2.17
6066.37,1603.44,0.26431,55.6976,794332.3,76.199,2990.81,32.0,39.4231,5.833
13655.7,2973.09,0.21771,171.281,1932950.8,220.203,4795.63,87.0,27.7831,3.82
6208.47,1684.44,0.27131,57.1151,816366.5,89.3404,2904.0,47.0,40.1467,6.153
13710.4,3999.04,0.29167,164.945,1908047.8,236.583,4389.7,91.0,28.7187,1.718
12107.0,5124.4,0.42325,100.514,1576504.2,203.393,4417.35,69.0,33.5174,18.71
13037.5,4435.7,0.34022,166.628,1896588.5,270.219,4724.29,87.0,26.87,3.167
7711.08,2051.88,0.26609,72.0839,1072685.4,102.485,3587.91,85.0,36.975,16.127
4858.75,1149.97,0.23668,39.4539,669094.5,58.7774,2533.76,57.0,42.0713,12.013
9928.98,2961.95,0.29831,121.428,1366603.8,144.885,4171.31,127.0,32.7797,2.259
6109.6,1715.46,0.28078,65.2553,861888.7,82.8839,2936.54,28.0,36.9654,11.775
10642.3,2373.57,0.22303,128.908,1438759.4,153.16,3703.73,22.0,34.4483,2.601
15139.4,4850.35,0.32037,214.205,2101558.5,251.992,5388.22,292.0,24.2649,1.341
8430.63,2162.11,0.25645,95.441,1146427.4,109.255,4358.82,97.0,33.1375,3.456
9239.44,1926.14,0.20846,76.2607,1322565.5,118.414,4569.54,30.0,33.5517,2.222
16723.8,3039.22,0.18173,225.899,2276342.2,266.414,5569.31,82.0,24.4116,5.186
7282.64,2518.67,0.34584,64.8392,941291.2,106.279,3501.59,50.0,39.6555,15.265
7147.45,2252.94,0.3152,72.6083,984263.94,96.6614,3754.74,27.0,36.1635,2.025
12243.0,3243.52,0.26492,143.896,1651407.6,173.142,4630.17,62.0,30.9312,2.889
16297.3,5820.12,0.35712,190.625,2277994.2,284.47,5631.29,159.0,24.3891,2.523
25038.2,7400.54,0.29556,320.454,3448997.5,365.455,6452.82,93.0,17.0159,3.677
4159.32,782.51,0.18813,38.387,545366.06,61.2763,2566.94,14.0,43.2754,2.15
10154.0,2955.58,0.29107,111.957,1458048.0,129.398,3786.94,54.0,35.1044,1.811
7322.18,2528.87,0.34537,70.8316,1005919.25,100.979,3244.51,19.0,38.0075,2.671
8295.89,2733.03,0.32944,67.6898,1168456.9,113.253,4120.26,73.0,37.5189,20.213
8491.08,2908.12,0.34249,98.7877,1160984.2,143.382,3301.31,14.0,36.5802,2.086
23361.7,5238.25,0.22422,315.783,3220280.8,399.785,6235.58,150.0,19.7855,0.967
4077.66,1329.88,0.32613,34.4987,574980.06,53.6133,1140.42,38.0,42.7544,2.548
9773.02,3328.24,0.34055,102.363,1342563.2,147.799,4568.07,37.0,33.1676,1.923
8878.0,2154.47,0.24267,83.2424,1265016.5,118.232,4016.68,7.0,33.8535,1.828
6348.93,1471.87,0.23182,57.6883,869584.6,73.6151,2595.35,23.0,39.9695,12.812
7771.17,2517.57,0.32396,86.0575,1069652.9,101.197,3559.13,58.0,36.4294,17.084
8484.6,2299.89,0.27106,88.1032,1208669.8,92.8491,3826.34,25.0,37.2562,14.838
8562.63,2265.82,0.26461,92.7318,1190743.1,116.637,3202.65,83.0,36.269,14.44
11819.6,3532.3,0.29885,138.555,1663813.1,165.841,4200.95,29.0,32.2183,3.079
7164.88,2137.9,0.29838,60.9231,979176.06,85.3591,3325.65,34.0,38.3819,3.681
11432.9,2330.36,0.20382,136.771,1623416.2,167.953,4769.12,86.0,29.0551,1.716
14437.0,3418.6,0.23679,180.336,2060952.5,237.11,4839.09,75.0,27.7198,3.168
7442.35,2039.92,0.27409,71.8747,1029428.4,94.5053,3853.26,18.0,34.5534,8.351
4548.25,1095.9,0.24094,41.1011,633711.56,51.2848,1894.99,14.0,43.492,0.824
8549.2,1840.11,0.21523,104.694,1202071.4,118.087,3847.51,56.0,35.157,2.97
5865.8,1607.53,0.27405,46.9273,850726.06,70.8173,2304.39,72.0,42.4639,9.187
10512.6,3703.03,0.35224,103.334,1458817.6,155.633,5728.93,41.0,33.5475,1.708
5995.21,1544.41,0.2576,52.2473,781442.5,97.7351,3692.68,19.0,42.042,2.899
12628.6,4636.5,0.36714,146.403,1846323.8,219.239,4586.88,114.0,29.8948,19.779
8466.54,1657.51,0.19577,75.0894,1223600.6,105.274,3916.93,9.0,34.9313,1.386
10722.1,3538.15,0.32998,120.029,1496949.8,171.004,4034.12,34.0,30.8711,3.359
9537.3,2232.24,0.23405,97.8099,1320741.2,124.292,4276.74,47.0,33.2762,2.34
7861.45,1524.93,0.19397,65.4444,1116260.9,81.321,2935.91,46.0,39.5695,16.87
6456.18,1862.42,0.28847,62.8578,895815.0,80.0996,3771.92,75.0,38.2328,2.538
8528.57,2193.88,0.25723,91.7511,1198877.5,109.381,4741.5,30.0,32.872,1.719
13024.2,4138.82,0.31777,136.042,1846618.0,165.009,4777.62,59.0,37.2758,13.882
16451.9,4118.62,0.25034,196.903,2195780.8,252.221,5105.81,165.0,26.564,3.725
5349.26,1473.62,0.27548,49.7782,776945.0,62.4806,2197.99,70.0,42.8071,2.385
8353.91,2012.88,0.24095,71.0706,1158901.2,95.7976,3550.58,65.0,37.1901,11.499
5484.83,1055.81,0.19249,51.9258,784517.75,69.9079,2859.97,57.0,40.2762,1.346
9178.38,2379.2,0.25921,98.1471,1299006.9,125.465,3621.1,121.0,35.8771,1.949
8268.09,2537.94,0.30695,55.0184,1144753.0,107.185,3153.3,40.0,40.9497,14.314
7065.3,2396.4,0.33917,48.7328,909238.3,112.589,3116.79,35.0,43.465,5.005
8565.25,1962.18,0.22908,109.253,1201938.6,146.283,4199.49,54.0,33.5756,2.874
3833.12,1176.2,0.30685,35.6157,520708.66,48.6278,1388.81,32.0,44.4767,11.148
11804.3,2489.2,0.21087,140.617,1667361.1,174.779,4667.12,141.0,29.807,1.69
6821.66,3128.91,0.45867,69.0884,947939.1,121.598,3138.42,66.0,38.3669,13.578
6070.15,1841.16,0.30331,57.8762,789749.44,92.6141,3032.77,43.0,39.7844,5.594
5811.48,1897.74,0.32655,68.7695,805264.94,84.4834,3076.12,39.0,39.0166,1.498
8695.56,2942.95,0.33844,92.009,1194116.9,116.198,3762.74,79.0,34.5411,18.13
22908.1,7209.0,0.31469,257.248,3097523.0,337.537,6611.81,312.0,19.9643,2.991
8833.23,2391.97,0.27079,103.781,1249376.4,132.09,4110.75,146.0,33.5644,3.344
8503.58,2441.45,0.2871,81.298,1189856.5,109.631,4139.92,60.0,34.6061,4.472
11109.6,4944.31,0.44504,79.1495,1516781.0,178.156,5998.53,13.0,35.4595,12.505
12487.3,3613.88,0.2894,147.54,1671623.1,189.43,4472.28,69.0,30.7524,4.087
6578.52,1561.88,0.23742,71.9663,883377.2,90.439,3435.47,72.0,37.0739,3.429
7857.14,1921.17,0.24451,54.3641,1104996.2,90.1359,3352.19,21.0,38.3559,9.462
4255.72,703.18,0.16523,40.9564,574757.4,52.0049,2400.45,12.0,43.6048,8.149
10767.4,3809.39,0.35378,69.4174,1468596.5,147.104,3747.07,44.0,35.1423,4.525
9536.78,3410.79,0.35764,89.8697,1357682.5,115.813,4633.16,31.0,32.6238,15.221
10805.5,3581.62,0.33146,89.4352,1529302.2,159.893,4199.0,25.0,35.8353,5.232
5251.74,1529.77,0.29128,43.1349,732707.56,70.4494,2313.96,15.0,42.0715,4.368
11303.4,4187.3,0.37044,95.0745,1558696.2,141.617,4934.96,118.0,29.6761,17.001
8209.14,2661.63,0.32422,67.8106,1142995.6,109.045,4158.98,59.0,37.0527,13.816
14963.4,4716.3,0.31518,195.596,2008359.1,258.423,5202.72,217.0,25.9709,2.627
9323.99,4402.41,0.47215,97.1406,1338794.5,139.375,3999.02,37.0,33.9092,18.881
8379.71,1657.13,0.19775,83.0845,1177017.5,102.374,3779.68,15.0,34.1871,2.336
10836.7,4785.31,0.44158,95.0431,1506001.8,154.019,3735.99,57.0,35.6449,14.545
8251.58,2475.52,0.3,76.5329,1135213.1,118.936,3738.94,46.0,35.3303,6.364
12471.1,3588.61,0.28775,145.907,1782378.9,172.102,4720.68,30.0,24.789,19.847
7300.76,2301.49,0.31523,62.04,1009571.94,109.145,3059.55,60.0,40.9699,15.275
6898.14,2743.88,0.39777,60.9823,872670.3,121.067,3030.8,53.0,38.8515,11.847
7658.55,2887.43,0.37702,93.212,1076183.1,113.308,3681.59,81.0,36.8935,1.915
8320.57,2384.79,0.28661,85.4037,1176861.9,122.169,3890.7,37.0,35.1247,2.63
12846.6,4246.23,0.33053,128.428,1822422.1,160.334,4934.07,150.0,26.6719,16.583
9382.89,2345.1,0.24993,98.7505,1333892.2,155.126,3815.2,14.0,34.2435,0.449
12532.5,4038.54,0.32224,150.372,1740132.4,174.432,5121.6,40.0,29.3439,4.181
6018.75,1454.55,0.24166,59.1187,860756.4,84.1451,3149.24,16.0,38.2852,5.344
8732.18,1830.68,0.20964,80.7812,1264674.8,101.775,3894.85,10.0,35.0497,1.454
5555.26,1333.19,0.23998,50.5959,755215.44,68.5866,2439.85,27.0,40.6193,13.425
11997.2,3052.7,0.25445,164.652,1683032.9,194.525,4730.52,110.0,28.9638,3.046
7628.29,2581.27,0.33838,65.2824,1045981.3,100.777,3527.11,27.0,37.4877,6.161
8634.71,2795.34,0.32373,86.9245,1181685.0,139.059,3457.13,94.0,37.036,18.305
3494.67,899.72,0.25745,36.8341,497195.53,41.7431,1777.51,12.0,44.5346,1.832
11459.3,2373.99,0.20716,152.21,1624465.8,176.199,4608.47,54.0,29.9714,0.91
11022.1,2487.18,0.22565,131.273,1491402.9,162.565,4059.68,65.0,32.3356,2.95
6413.95,1566.53,0.24423,54.0876,909903.3,75.9483,3357.81,58.0,38.7772,2.527
9297.16,2397.78,0.2579,114.057,1298080.8,136.747,4200.62,70.0,32.067,3.245
21182.5,5911.21,0.27906,303.294,2872557.2,308.568,6595.57,292.0,18.7072,1.328
7364.64,2471.19,0.33554,61.758,1018106.75,106.851,4091.85,73.0,37.2087,1.888
4778.18,1372.46,0.28723,45.3902,669859.25,60.174,2162.49,18.0,42.7159,6.1
11975.6,2223.74,0.18568,148.008,1626024.6,189.765,4893.79,141.0,29.852,0.55
7545.84,2851.88,0.37794,63.4734,1102238.8,101.195,3223.84,28.0,38.9524,1.283
7148.91,2419.85,0.33849,62.8555,957596.94,103.65,3049.61,49.0,38.7365,5.869
5773.13,1856.63,0.32159,55.19,794034.7,81.4499,3138.82,14.0,39.4142,7.783
7605.52,2604.66,0.34246,68.4076,1064938.8,99.9642,2990.17,16.0,38.8811,15.746
5301.42,1715.54,0.3236,47.0166,734264.5,72.3307,2938.06,22.0,41.2173,2.012
9529.88,2664.07,0.27954,68.7386,1312354.2,122.705,4157.05,89.0,34.2394,4.131
5391.08,1980.42,0.36735,57.5833,724867.4,74.4954,2829.44,50.0,40.1039,13.28
13069.7,4467.99,0.34185,126.279,1865420.9,177.273,4678.0,140.0,30.5389,4.204
5516.76,1862.61,0.33762,39.5973,756620.0,81.7092,2903.32,36.0,36.1695,13.497
14742.3,4706.1,0.31922,178.41,2027519.4,247.084,4774.96,33.0,28.497,2.792
7870.91,2158.72,0.27426,67.2952,1045053.6,99.0195,3122.78,25.0,38.4217,3.515
17128.5,6004.89,0.35057,175.08,2468882.5,252.477,5586.27,87.0,23.2385,13.419
13577.8,5236.51,0.38566,188.688,1782209.6,273.295,4829.63,89.0,28.3673,5.944
9987.05,2511.17,0.25144,106.368,1407121.6,162.404,4096.74,16.0,33.7271,1.183
13958.8,3404.57,0.2439,119.648,1947795.0,158.371,4484.62,158.0,30.9977,16.179
5677.38,1354.52,0.23858,49.6889,820050.1,75.7678,2874.43,53.0,40.2559,1.928
7272.98,2209.13,0.30374,77.6534,989578.7,110.955,3078.75,82.0,39.035,1.466
10151.3,2865.88,0.28231,121.029,1417000.5,160.199,3812.95,13.0,46.5464,0.768
7196.31,2096.85,0.29137,62.2102,995244.94,90.6501,2996.91,5.0,41.3613,7.64
9275.86,3008.62,0.32434,76.0408,1258116.0,129.693,5089.68,70.0,37.8655,17.275
8707.02,3092.92,0.35522,73.9743,1207651.8,111.819,3460.92,37.0,37.1475,8.995
14944.3,4374.23,0.2927,193.815,2081255.1,222.476,5631.5,145.0,22.86,1.01
8820.61,2223.94,0.25212,99.0841,1210403.6,118.428,3446.65,116.0,36.1238,1.608
14262.9,4557.68,0.31954,155.672,1929977.8,221.463,5011.43,12.0,30.923,18.537
19493.3,5726.87,0.29378,246.18,2681209.2,313.579,5501.13,195.0,25.6145,4.726
8728.12,3367.22,0.38578,82.247,1201776.8,125.753,3851.43,23.0,33.7114,11.18
10116.5,3185.8,0.31491,113.58,1453536.5,135.412,3878.92,63.0,34.8275,3.475
7757.75,2054.3,0.2648,82.2972,1101862.0,110.306,3843.0,39.0,34.5314,2.414
11737.8,3594.2,0.3062,135.79,1677471.5,179.797,4484.71,44.0,30.4952,2.108
14436.3,5254.9,0.364,189.373,1983288.8,242.329,5825.37,106.0,27.1739,12.864
8196.23,2766.41,0.33752,60.2735,1167244.4,113.091,3000.51,15.0,38.5199,15.097
8442.22,2631.65,0.31172,65.2784,1197717.0,111.231,3401.03,70.0,36.9923,17.583
9068.27,1995.18,0.22001,96.7449,1281607.0,130.622,3854.62,48.0,34.9438,3.05
10132.8,2476.59,0.24441,123.958,1403560.0,160.022,4632.26,70.0,29.9867,1.574
7732.95,2555.19,0.33042,69.8242,1057123.9,104.224,3189.25,19.0,38.2881,2.837
7992.96,2485.85,0.311,73.3038,1074712.0,101.948,3913.72,99.0,35.7607,14.958
7602.66,1971.34,0.25929,64.5641,1038157.9,101.257,3756.15,25.0,36.9986,1.672
23425.1,7291.77,0.31128,311.594,3233443.5,374.048,6413.99,118.0,17.5925,4.239
12519.4,3773.42,0.3014,163.416,1725135.1,213.94,4626.09,117.0,29.5233,4.125
5538.37,1866.97,0.33709,44.124,772318.75,72.4093,2648.13,51.0,41.0566,12.52
8019.27,3273.44,0.40819,69.1938,1114984.4,118.666,3413.91,129.0,36.7953,19.998
13053.6,2535.17,0.19421,164.19,1779666.8,207.961,4756.74,103.0,28.5832,1.772
11765.2,3474.7,0.29533,122.31,1637757.8,153.146,4923.73,56.0,33.1573,3.916
6356.57,2344.2,0.36878,82.2942,837495.6,106.089,3562.98,54.0,36.3951,8.535
8672.74,3053.6,0.35209,84.3316,1161829.1,137.33,3559.4,50.0,35.9657,1.02
10498.3,4177.71,0.39794,125.746,1390407.1,197.669,4527.01,179.0,30.2776,1.787
3871.83,1178.1,0.30427,35.8058,528702.75,49.505,1399.06,17.0,44.3107,1.425
7275.12,2323.81,0.31941,73.3586,1017575.5,99.3107,3684.37,35.0,35.772,2.09
12089.9,3624.48,0.29979,109.975,1673067.2,161.375,4595.73,134.0,30.6691,19.115
12314.9,3689.71,0.29961,148.776,1708200.1,195.797,4410.59,31.0,28.0768,2.766
20119.4,6766.15,0.33629,231.137,2738812.5,344.557,5199.96,156.0,24.9345,11.095
8483.76,3855.94,0.4545,96.7826,1211457.6,135.797,3178.13,67.0,36.7284,15.247
15091.2,4265.46,0.28264,183.339,2145712.8,227.325,4476.27,32.0,29.8118,2.692
17084.3,5325.67,0.31172,186.754,2442600.5,273.9,5911.77,135.0,27.3836,9.489
9839.23,3781.95,0.38437,87.5343,1360365.8,138.184,5605.52,28.0,34.652,18.527
8019.55,2755.33,0.34357,82.3504,1154657.6,122.746,3386.19,25.0,37.4886,4.856
21856.5,6229.83,0.28503,303.149,2988414.5,315.558,6606.12,287.0,18.6518,2.068
9167.38,2877.79,0.31391,96.8424,1284853.6,130.103,3568.45,14.0,35.5946,9.547
14724.2,5056.41,0.3434,188.243,2084549.6,234.865,5103.12,129.0,26.9108,16.065
9275.1,3059.07,0.32981,104.155,1269520.8,152.134,3311.72,10.0,36.2822,2.333
14332.8,4515.95,0.31507,149.772,1956576.2,223.333,5313.51,10.0,31.0656,5.609
13918.2,4441.25,0.31909,169.0,1957096.6,205.439,4802.05,72.0,25.886,3.274
4383.48,640.59,0.14613,36.5902,615997.3,52.2174,2315.36,37.0,43.0144,10.192
4547.16,1287.51,0.28314,54.4041,613606.5,65.3569,3038.38,17.0,40.4049,1.787
5286.35,2159.5,0.4085,34.8941,747043.0,71.3267,2592.07,40.0,42.7879,2.231
7263.12,2537.66,0.34938,77.3508,993427.06,106.22,3795.99,32.0,36.1533,2.374
5674.38,1641.51,0.28928,51.1766,789727.7,73.8203,2581.55,26.0,41.4488,4.237
7565.3,2566.3,0.33921,92.4265,1020777.4,96.6806,3433.43,41.0,38.2929,8.652
15089.1,4802.15,0.31825,162.657,2088154.0,223.434,5306.47,198.0,27.0668,2.079
8461.1,3602.02,0.42571,92.6214,1215082.2,146.542,3098.17,64.0,37.6904,18.268
9528.81,2430.02,0.25501,98.1509,1314036.8,111.284,3389.14,48.0,35.6717,18.302
7018.2,1633.66,0.23277,60.3646,980324.75,83.3147,2889.89,31.0,39.8953,16.476
9196.56,2463.26,0.26784,93.6356,1308093.8,120.358,3411.5,82.0,35.4827,14.526
10177.1,3362.76,0.33042,82.6249,1394399.2,122.271,4438.98,18.0,32.9282,17.269
13113.9,4387.71,0.33458,112.899,1835370.4,170.489,4941.26,83.0,32.5942,20.426
8394.59,2994.06,0.35666,90.9426,1209289.5,135.684,4426.89,90.0,33.0168,2.054
5218.37,1501.19,0.28767,46.4128,743090.44,68.6298,2065.92,2.0,41.8202,4.426
9717.76,3128.07,0.32189,90.6812,1379426.9,136.42,4119.39,107.0,32.7294,4.902
8998.97,3157.8,0.3509,93.9522,1268537.8,133.634,3562.84,102.0,35.8792,16.22
5761.8,1337.39,0.23211,55.2765,830316.9,69.526,2826.38,20.0,40.1672,12.888
7186.31,1947.71,0.27103,73.6144,979725.9,92.5595,3723.99,38.0,37.7003,15.633
4643.88,1249.1,0.26897,39.72,645557.1,55.8033,1888.8,29.0,43.3834,11.747
14144.6,4623.6,0.32688,154.167,2035734.6,217.873,5734.13,79.0,24.8322,1.761
9217.19,3132.22,0.33982,78.205,1254230.2,122.467,3858.95,94.0,34.7425,7.568
8548.67,2997.09,0.35059,103.106,1175325.9,137.265,3691.87,33.0,34.5338,10.472
14897.5,4129.21,0.27717,180.907,1992003.4,226.133,5044.87,189.0,26.8872,2.446
8688.95,2659.45,0.30607,91.487,1188886.9,121.691,3285.61,83.0,38.4096,1.576
7945.77,2065.57,0.25995,72.8337,1111349.6,102.056,4083.45,15.0,34.5095,4.924
10703.3,3708.91,0.34652,92.2769,1524898.6,131.946,4798.23,43.0,31.9249,15.36
8075.48,1663.32,0.20597,85.6,1138354.2,105.802,3967.88,47.0,35.0288,2.314
6381.95,2487.58,0.38978,56.2306,924082.94,103.241,3207.23,40.0,40.5897,15.807
8071.73,1903.44,0.23581,70.9674,1087672.9,103.088,3911.27,92.0,37.9376,11.827
15752.4,3731.95,0.23691,182.731,2268855.0,211.622,5174.97,209.0,25.1966,6.58
23170.2,5392.29,0.23272,319.742,3191531.2,400.429,6225.47,164.0,19.0867,0.972
4013.64,1222.6,0.30461,33.8464,551957.1,51.3018,1386.08,17.0,44.3867,1.514
7740.33,1628.54,0.21039,77.9009,1097410.6,105.93,4085.97,98.0,34.7701,1.209
11916.1,3513.86,0.29488,156.021,1668559.6,225.588,4207.17,81.0,31.1866,1.699
7227.69,2401.72,0.33229,64.8022,1044418.7,96.6428,3196.85,38.0,39.6844,2.845
15119.0,5108.6,0.33789,185.171,2085780.8,248.829,4865.41,14.0,26.3962,1.853
11693.7,3228.9,0.27612,112.852,1535361.2,150.172,4488.66,33.0,30.0508,15.862
9855.24,3451.14,0.35018,89.209,1400989.1,147.323,3650.84,17.0,34.9852,2.871
7318.76,2125.98,0.29048,65.2445,1069368.0,91.8569,2644.68,37.0,39.9558,5.836
14958.7,4999.59,0.33422,180.821,2096050.9,223.399,5497.17,76.0,23.732,15.278
12029.7,2928.95,0.24347,125.575,1676537.4,165.342,4506.17,61.0,30.7752,2.546
12115.5,3661.77,0.30223,151.399,1687302.9,161.715,5013.3,39.0,28.5244,4.187
12043.6,2498.36,0.20744,134.992,1645118.0,200.198,4896.43,140.0,30.1221,0.712
5840.13,2079.42,0.35605,40.5785,792665.3,92.8904,1854.76,7.0,42.0951,11.295
10420.8,3573.7,0.34293,104.009,1447073.2,162.99,4646.34,63.0,31.3728,17.099
10778.4,3862.13,0.35832,132.655,1438461.6,175.94,4139.06,50.0,33.209,2.253
13595.5,5652.44,0.41575,188.701,1831114.5,261.675,3975.95,196.0,32.317,16.369
5028.51,1697.6,0.33759,45.4852,720909.7,69.4411,2542.21,42.0,40.675,11.661
6004.54,1863.85,0.3104,52.8935,849534.8,78.8009,2532.6,69.0,41.6263,2.178
8920.86,2114.2,0.23699,95.1198,1240273.6,115.167,4461.83,130.0,27.3178,19.072
8946.57,2546.59,0.28464,94.5919,1219240.5,119.907,5086.59,35.0,37.8386,11.779
17136.0,4874.0,0.28443,226.076,2411095.2,283.199,5634.25,106.0,21.6139,2.48
7983.63,3122.99,0.39117,67.1034,1146372.5,103.59,3868.06,73.0,34.8382,17.655
6126.21,1451.09,0.23686,59.6807,826735.6,85.0572,2514.16,31.0,40.7978,13.204
6241.09,1503.81,0.24095,55.8657,819986.9,73.6941,3256.94,33.0,38.5579,5.039
7740.04,2636.22,0.34059,75.8553,1080780.0,116.041,3272.53,44.0,37.8717,3.342
8291.39,2390.61,0.28832,50.5711,1130596.1,104.211,3973.27,26.0,36.0385,14.921
12611.4,3962.54,0.3142,122.034,1750200.5,144.758,4462.56,147.0,31.2363,15.376
13830.0,3565.33,0.25779,190.542,1900876.1,213.024,4579.52,178.0,29.0204,1.645
9793.85,2950.77,0.30128,106.046,1367720.1,156.949,4005.22,42.0,32.8201,4.048
12923.8,2879.62,0.22281,141.782,1795461.0,203.56,5079.55,59.0,27.6223,0.0
5539.13,1326.43,0.23946,48.229,768424.1,61.0528,2269.38,18.0,42.4824,6.28
12271.1,4439.07,0.36174,125.805,1749151.9,180.154,4870.68,86.0,26.8017,17.939
7802.26,2038.37,0.26125,71.7768,1062935.5,100.987,3077.21,11.0,38.4077,8.281
4959.99,1258.63,0.25375,47.8912,629108.75,65.1373,2127.16,42.0,42.8762,11.709
16796.3,4332.95,0.25797,202.871,2319492.5,268.359,5254.58,159.0,24.8732,3.376
10753.0,2632.48,0.24481,116.645,1470043.9,176.571,3994.75,75.0,32.6829,2.848
9227.25,3507.37,0.38011,95.0229,1293279.1,113.68,3875.59,65.0,36.9907,11.508
7688.88,1967.61,0.2559,59.6232,1082029.9,87.0629,3057.88,25.0,38.9733,15.599
6168.14,2201.36,0.35689,80.3486,835186.3,92.5614,3248.56,53.0,39.5729,11.222
9559.9,1672.09,0.1749,100.208,1355378.9,120.31,4015.89,44.0,35.2701,1.126
15201.6,3883.14,0.25544,190.094,2150446.0,216.112,5697.67,65.0,26.8581,1.348
11773.6,3183.86,0.27042,147.358,1672161.5,166.488,4768.99,21.0,28.6882,1.47
5520.14,1870.74,0.33889,59.8661,704126.9,92.8661,2690.04,37.0,37.0024,11.749
17615.6,6791.15,0.38551,151.417,2409600.0,314.861,11420.93,56.0,30.666,4.318
16876.3,6000.85,0.35557,151.41,2355658.2,246.773,8506.85,63.0,26.5724,16.011
10044.9,3354.78,0.33397,89.6439,1404589.9,130.716,3859.28,12.0,35.8102,7.503
8950.21,2402.92,0.26847,81.4287,1266884.8,121.419,3864.95,39.0,35.1022,4.205
7871.66,1620.14,0.20581,60.0624,1123131.8,89.57,2491.09,42.0,40.7446,12.644
5276.07,1940.54,0.3678,45.3882,760221.1,78.5298,2601.97,48.0,42.8571,10.06
6109.24,1530.45,0.25051,67.6245,867405.25,79.5884,3093.3,11.0,38.8672,1.503
5953.59,1979.01,0.3324,70.7093,803139.25,109.931,3407.45,58.0,37.0063,12.534
11167.1,2944.24,0.26365,143.865,1550308.2,180.594,4642.16,166.0,28.4243,1.046
7266.89,2140.36,0.29453,52.5538,1026939.56,89.3034,3456.17,30.0,39.9915,11.875
9180.32,3049.09,0.33213,75.4131,1266390.9,126.391,3567.4,64.0,36.1215,13.524
9612.26,3037.33,0.31598,112.808,1312583.2,169.54,4174.83,76.0,33.4625,1.312
4018.23,1400.33,0.34849,36.6503,551815.06,53.1789,1432.08,18.0,44.1767,1.754
11756.9,2373.54,0.20188,141.403,1589616.5,194.837,4893.34,141.0,29.9043,0.59
5831.21,1383.27,0.23721,49.5591,834009.06,62.2405,2300.94,78.0,42.7458,3.267
6952.47,2743.51,0.3946,61.6436,1014025.2,91.9961,3222.6,31.0,38.8506,1.37
13282.5,4915.37,0.37006,122.908,1854697.6,199.676,4467.33,70.0,30.0748,20.3
14146.7,3089.71,0.2184,166.688,1999999.6,222.661,4804.38,91.0,27.8009,3.834
7916.83,2413.43,0.30484,76.2069,1100322.8,118.71,3064.94,82.0,34.4768,18.471
9890.91,2927.14,0.29594,99.4975,1353896.1,147.986,3888.24,124.0,33.1863,2.314
7439.79,2923.08,0.39289,64.8899,1046345.3,106.307,3892.38,70.0,37.0791,4.741
14085.2,5066.8,0.35972,154.268,1955081.0,239.475,4770.56,110.0,28.8633,7.063
14024.6,3608.29,0.25728,142.528,1940037.9,186.274,4509.78,44.0,29.5648,15.671
13911.6,4928.03,0.35423,165.252,1951074.5,200.819,4978.84,85.0,27.6426,5.36
14585.2,4184.7,0.28691,180.246,2023856.9,240.174,4483.46,18.0,30.382,3.885
12124.6,3532.4,0.29134,106.268,1684423.8,156.973,8809.63,85.0,30.0948,17.152
6191.83,2188.48,0.35344,21.4265,836812.25,85.8374,3616.99,41.0,40.3686,19.926
4040.12,1289.16,0.31908,34.5889,561547.8,50.5274,1364.28,17.0,44.3151,1.334
9822.14,3313.93,0.33739,116.53,1352292.4,171.305,3746.02,29.0,33.2886,2.391
9981.5,3375.5,0.33817,99.6494,1387018.6,133.936,4077.57,44.0,28.3406,4.86
18236.0,5093.86,0.27932,250.927,2525249.0,278.348,5314.65,194.0,25.4882,4.037
7515.27,2005.37,0.26683,84.3161,1051053.6,129.088,3085.22,5.0,34.9063,0.751
14278.9,4388.32,0.30732,178.292,2003388.4,240.495,4492.87,24.0,29.7228,2.846
6092.14,1418.17,0.23278,57.8529,833251.7,80.5638,2792.44,18.0,40.7292,1.583
7141.5,2701.5,0.37828,64.1058,1037453.1,101.866,3236.6,28.0,46.5464,0.9
8768.62,2716.19,0.30976,73.5706,1243005.2,101.1,3388.32,39.0,33.7715,14.217
9821.95,2497.78,0.2543,98.9741,1370468.9,134.673,4115.53,41.0,34.1236,3.166
10165.8,3067.08,0.3017,100.954,1413593.5,126.545,3629.72,13.0,35.4703,3.294
11366.2,2837.83,0.24967,120.56,1539534.1,177.688,4158.46,94.0,31.7802,2.546
9231.18,2844.32,0.30812,89.9883,1302786.6,115.685,4534.44,48.0,33.3832,1.78
5884.35,1879.32,0.31937,68.0602,811889.6,90.8709,2980.06,33.0,40.6143,2.025
9366.74,3750.1,0.40036,85.5823,1308686.1,137.278,3698.23,120.0,34.9781,3.164
8859.19,3184.96,0.3595,83.9234,1223378.1,123.678,4276.58,31.0,32.1872,4.465
10078.8,3961.42,0.39304,69.6535,1429683.0,140.611,5098.39,61.0,30.3075,15.964
4860.87,1522.01,0.31311,47.215,703039.94,70.8803,2485.41,47.0,42.5307,11.428
5942.66,1448.36,0.24372,63.614,825993.25,80.901,2102.95,61.0,42.0209,4.633
7700.14,3257.89,0.42309,84.5515,1085550.6,108.793,3257.64,41.0,37.9279,3.757
9543.45,2234.61,0.23415,111.864,1324950.2,132.213,4221.34,56.0,34.3281,2.159
8736.62,3238.94,0.37073,93.7729,1236026.8,124.398,3586.87,34.0,37.3356,17.218
4567.76,1942.36,0.42523,45.4161,671479.9,77.7411,2336.82,50.0,43.2251,10.185
5310.08,1991.85,0.3751,33.8658,762168.8,69.5498,3476.2,43.0,40.7677,16.497
6031.43,1545.05,0.25616,53.7281,792259.56,92.5619,3586.01,19.0,38.2788,1.868
11632.6,3082.86,0.26501,138.959,1607179.8,157.086,4510.64,91.0,30.6543,1.833
8637.05,3251.03,0.3764,93.2965,1229238.9,107.76,3591.2,28.0,36.1849,0.0
7932.05,2575.96,0.32475,91.4429,1115803.4,120.012,3530.33,92.0,36.9604,1.933
6901.31,1228.37,0.17799,68.7506,935116.1,85.6413,3167.05,39.0,38.3041,8.793
12438.8,4250.65,0.34172,131.937,1743904.0,202.051,4589.94,91.0,29.9199,13.515
6037.22,1886.73,0.31251,72.4322,840455.4,88.7214,3037.73,38.0,40.2301,1.7
17823.9,7961.0,0.44664,194.159,2413369.0,302.679,5856.48,173.0,27.0479,14.933
11808.3,3183.12,0.26956,132.15,1617709.6,182.939,4225.23,63.0,31.0974,1.627
11488.7,3599.07,0.31327,137.43,1572746.1,180.056,4455.39,88.0,31.2338,3.188
21350.9,6977.62,0.3268,259.555,2973844.5,331.927,5545.56,139.0,23.3018,4.105
7721.1,2877.0,0.37261,78.5349,1070609.6,103.341,3878.03,31.0,36.3294,2.488
6983.66,1837.92,0.26317,65.07,955704.5,91.6933,3070.27,53.0,39.6863,2.795
12734.2,4390.85,0.3448,146.725,1776814.4,201.041,4929.34,169.0,28.4303,2.603
19477.9,7038.13,0.36133,239.873,2698144.8,331.689,5495.04,87.0,23.548,3.26
10104.9,1998.9,0.19781,124.676,1378740.9,155.759,3908.08,50.0,33.0934,1.864
4178.62,1329.47,0.31816,34.8256,574659.56,52.4507,1394.94,32.0,44.502,11.365
8886.86,2412.47,0.27146,89.3298,1246994.0,122.755,4136.74,48.0,33.0348,1.981
13001.5,3745.13,0.28805,97.8583,1793803.2,156.65,4490.15,157.0,32.5134,18.771
16223.2,5818.94,0.35868,159.66,2323957.8,222.477,5958.29,77.0,24.2614,3.354
4701.02,1462.79,0.31116,30.8505,657925.4,57.6229,2114.8,31.0,43.9829,8.306
13684.1,4763.48,0.3481,189.468,1875881.1,255.718,4594.15,30.0,29.282,2.003
7485.51,2050.67,0.27395,75.9381,1028214.8,101.838,3405.42,35.0,36.5282,7.661
13514.5,4441.27,0.32862,146.861,1943963.1,223.193,4917.23,50.0,29.1095,1.528
10274.0,3443.21,0.33513,116.308,1446553.9,164.178,4374.31,77.0,33.9855,3.211
8254.4,1993.92,0.24155,84.846,1162094.1,107.136,4726.01,44.0,33.0544,2.835
15562.2,5030.11,0.32322,212.202,2153461.2,258.618,5349.35,292.0,24.076,1.793
8973.75,2135.2,0.23793,98.5881,1271341.9,118.453,3792.17,50.0,35.1671,2.85
10486.6,2887.31,0.27533,111.722,1495565.4,130.079,3869.1,55.0,34.8301,1.787
7651.67,3065.26,0.4006,92.8137,1106073.6,112.907,3549.33,31.0,36.5779,13.424
8713.67,1833.81,0.21045,87.1226,1220363.8,106.266,3810.02,11.0,34.0327,2.726
7863.23,2857.16,0.36335,89.8891,1108531.5,107.071,3416.93,51.0,34.8379,9.509
12099.9,3795.67,0.31369,123.036,1746663.9,174.87,4719.52,55.0,25.3287,17.794
11482.2,3215.91,0.28007,97.7333,1584923.8,180.893,4537.45,123.0,30.471,2.855
7369.5,2676.64,0.3632,61.5572,1050370.8,103.922,3083.94,41.0,36.9937,14.069
17616.1,6248.0,0.35467,131.37,2325485.2,260.737,5229.49,157.0,25.8162,9.726
11313.9,3920.98,0.34656,96.2668,1551476.1,133.322,4488.16,32.0,33.649,17.013
12082.1,4291.82,0.35522,107.675,1642659.6,174.44,5188.27,112.0,30.6128,20.402
9068.55,2434.6,0.26846,98.6653,1239565.5,155.756,4142.82,73.0,33.1997,0.621
9025.42,1786.25,0.19791,93.5302,1247144.8,114.323,4305.4,128.0,30.8297,15.524
9615.0,2958.59,0.3077,91.9482,1363724.0,126.005,4121.49,101.0,33.3204,3.998
8620.53,2071.91,0.24034,101.497,1211183.4,131.52,3567.52,19.0,32.9522,0.99
7434.27,2724.12,0.36642,58.03,993672.06,115.057,4012.39,73.0,36.2368,11.243
12717.6,3323.89,0.26136,115.47,1840473.0,161.926,4117.69,117.0,34.1253,19.693
6655.36,2405.5,0.36143,64.9325,899626.0,114.386,3459.55,67.0,37.9134,10.219
4215.24,1250.05,0.29655,33.7698,579038.8,48.698,1408.76,19.0,44.2712,1.612
8230.19,3444.49,0.41851,76.239,1115699.5,136.633,3215.63,65.0,35.591,17.501
5971.18,1658.07,0.27767,50.8585,772716.75,97.1746,3671.35,22.0,40.0574,2.888
9293.04,3149.56,0.33891,90.1031,1309587.8,136.987,3206.35,20.0,37.6951,0.68
5344.81,981.48,0.18363,47.5413,768404.56,63.9936,2174.31,76.0,42.8853,2.368
11305.4,2288.27,0.2024,148.498,1581257.8,180.197,4631.46,149.0,30.041,1.79
15356.2,4843.5,0.31541,188.394,2110407.8,235.688,5514.2,76.0,22.1194,11.654
9922.14,2773.66,0.27954,113.276,1404869.4,151.886,4234.85,54.0,33.5038,2.832
12773.5,3555.67,0.27836,159.973,1818214.5,175.964,4743.82,32.0,28.974,1.841
6675.58,2277.18,0.34112,63.539,960378.2,88.4378,3228.94,28.0,38.8822,1.091
11427.1,3563.05,0.3118,81.8048,1526845.0,145.534,3928.29,130.0,32.6685,3.976
23144.0,6386.01,0.27592,300.853,3173135.0,369.208,6284.62,138.0,17.5486,3.686
8538.34,2618.4,0.30666,87.4729,1188538.9,119.24,3193.79,22.0,37.1254,1.024
10289.1,2958.05,0.28749,93.0981,1461505.2,122.54,3767.51,87.0,35.4687,14.398
7393.36,2025.21,0.27392,74.3264,995187.4,103.717,3610.46,79.0,37.3506,2.076
5576.85,1022.61,0.18336,50.6687,796244.3,68.8297,2882.29,57.0,40.0194,1.23
7569.81,1681.55,0.22213,74.0991,1027873.7,97.5204,3348.38,62.0,37.682,13.125
5532.3,1240.88,0.22429,64.2646,687383.7,79.7506,2795.39,33.0,40.3764,10.378
10577.8,5214.67,0.49298,84.9333,1309395.8,202.852,2834.46,74.0,38.6758,18.246
19136.0,8066.34,0.42152,193.162,2555317.2,276.312,5724.15,169.0,25.2325,15.199
15606.0,3741.65,0.23975,205.296,2133003.5,259.744,5130.85,159.0,18.7001,2.689
7595.23,2617.22,0.34458,70.2084,1075982.0,106.856,3058.97,26.0,38.7539,10.175
14977.9,4784.34,0.31942,170.62,2062903.5,258.491,4783.48,26.0,28.4222,3.09
14313.1,3985.8,0.27847,178.661,1990754.6,209.045,4968.54,112.0,28.9449,3.835
14837.3,3730.18,0.2514,184.349,2104782.8,210.929,5634.4,64.0,23.0144,1.024
14464.3,5250.99,0.36303,127.972,2075856.9,217.55,5007.86,134.0,27.4811,18.953
23220.2,8129.26,0.35009,228.359,3143916.0,409.133,5828.74,268.0,21.9274,6.105
9162.09,3242.58,0.35391,122.778,1201247.1,187.892,4345.62,187.0,31.4948,2.526
8901.76,2550.33,0.28649,85.906,1261663.1,121.709,3810.25,3.0,34.6747,1.438
6613.78,2096.86,0.31704,93.229,923965.0,116.145,3128.98,102.0,38.4919,17.408
8030.52,3006.21,0.37434,63.6993,1136453.4,113.743,3805.23,56.0,37.8552,12.441
10723.3,3470.31,0.32362,141.076,1479875.5,163.472,5054.74,39.0,27.9776,3.543
8980.02,2584.19,0.28777,97.9829,1249497.5,114.353,3392.23,29.0,36.044,15.559
7290.44,2324.38,0.31882,68.7017,1013783.2,102.382,3177.62,31.0,37.2336,4.649
4724.68,2403.28,0.50866,57.3049,702720.6,120.137,2547.46,82.0,43.1022,16.611
16581.3,3425.51,0.20658,189.636,2338982.0,257.49,5538.95,90.0,23.7899,2.053
10216.4,2485.95,0.24332,125.239,1398755.6,168.168,3612.48,16.0,31.7193,2.62
13673.8,4667.62,0.34135,165.542,1907610.1,215.832,4923.23,171.0,28.7678,20.653
7928.2,2608.0,0.32895,58.1203,1127748.4,115.089,4703.9,17.0,39.1379,13.749
22654.0,6720.29,0.29664,306.771,3129877.5,350.861,6308.49,92.0,17.8662,3.339
8225.76,2882.55,0.35042,75.7976,1153804.6,124.457,3407.27,43.0,36.9368,2.758
17761.2,5203.8,0.29298,212.435,2454251.8,278.365,5719.36,203.0,22.0071,2.155
6309.16,1368.9,0.21697,62.6281,872506.1,69.9426,2750.21,33.0,40.3847,15.72
6995.73,2103.57,0.30069,65.7913,980631.7,90.6417,3639.09,31.0,37.7168,1.812
8334.35,2024.04,0.24285,64.4136,1167931.4,193.967,3634.61,106.0,36.2028,14.395
11476.9,5496.41,0.47891,90.1892,1626676.6,167.893,3556.98,82.0,35.8663,19.206
8640.21,2238.6,0.25909,83.6649,1215786.4,110.16,4047.17,42.0,34.7636,2.642
13135.6,4313.09,0.32835,119.802,1907679.1,182.148,3843.54,143.0,35.2121,20.29
13492.6,3881.24,0.28765,172.648,1887124.5,217.648,4783.19,113.0,28.6343,4.76
8356.57,3235.04,0.38712,66.6151,1193799.2,117.227,3754.83,19.0,34.369,18.08
7755.87,3015.61,0.38881,54.3232,1081624.5,103.251,3479.42,45.0,37.3918,11.989
14183.1,3501.18,0.24685,150.271,1936781.0,187.507,4685.47,30.0,31.5609,19.962
13243.7,4525.96,0.34174,93.5797,1837816.2,197.72,4260.34,130.0,30.891,16.427
8160.6,2809.02,0.34421,78.8038,1112390.1,113.852,3429.18,59.0,38.3364,14.656
7788.29,2893.03,0.37145,60.9478,1089454.6,109.749,2901.57,55.0,39.3237,7.236
5596.07,1246.98,0.22283,51.7444,810400.56,70.9034,2840.34,59.0,40.3889,1.257
9378.16,2437.28,0.25988,94.9646,1286641.9,155.151,4135.16,75.0,33.2118,0.586
4326.86,837.53,0.19356,39.2582,569419.4,63.637,2571.01,11.0,43.4466,2.186
5734.46,1213.06,0.21153,55.233,794351.3,74.2483,2704.86,17.0,40.5811,1.167
15460.3,7477.25,0.48364,212.775,2150231.2,300.118,4689.95,215.0,27.9666,20.295
9839.75,4768.98,0.48466,93.1331,1377818.2,169.302,3807.61,13.0,35.2616,18.858
3457.76,1308.19,0.37833,23.3356,477885.25,44.8561,1396.99,13.0,45.2865,4.56
7876.41,1984.92,0.252,88.5033,1051352.6,112.937,3535.51,29.0,36.0818,3.032
5965.71,1321.74,0.22155,54.9128,858936.7,70.5442,2446.55,65.0,41.831,3.721
7434.36,2559.08,0.34422,53.3969,1042454.6,97.4953,3582.75,55.0,37.9139,13.658
7864.41,2854.27,0.36293,63.3098,1057370.8,136.921,3261.89,31.0,36.4573,20.447
6745.5,2551.29,0.37822,81.4491,927917.2,93.8891,3267.44,69.0,38.9515,1.404
4741.99,1237.27,0.26091,46.4409,665511.1,56.3815,2115.61,21.0,42.673,11.996
5106.26,1569.29,0.30732,55.3907,697673.44,80.3419,2644.15,52.0,42.0075,11.323
4996.49,1355.45,0.27128,37.0404,703521.06,53.5256,1920.32,35.0,43.786,8.939
9643.45,2953.3,0.30624,97.7906,1344426.9,131.134,4371.05,112.0,34.3084,17.264
5646.54,1517.67,0.26877,50.8274,727364.0,73.2129,2281.57,20.0,43.0347,12.815
9779.72,1961.34,0.20055,103.559,1391609.1,131.607,4353.59,35.0,33.2764,1.543
7974.5,2288.12,0.28692,87.5568,1101635.6,111.893,3100.79,21.0,37.6793,0.652
6440.62,2587.29,0.40171,63.2167,938487.44,93.9861,3054.45,33.0,38.7028,12.727
12112.8,4817.21,0.39769,129.255,1642830.2,193.66,4939.94,136.0,29.0699,18.513
8266.79,1500.16,0.18146,75.5433,1165394.4,99.9381,3799.59,11.0,34.1501,2.003
13668.1,4475.85,0.32746,168.87,1956475.1,267.211,4992.47,93.0,27.0861,3.436
14651.2,4250.55,0.29011,169.58,2101027.2,257.189,4923.81,71.0,27.1765,2.578
9821.18,3215.86,0.32744,125.374,1310525.8,162.726,3931.91,43.0,33.2714,2.025
9646.24,3919.73,0.40634,84.7781,1326327.8,151.342,3829.1,122.0,34.3907,3.733
6417.59,2130.73,0.33201,77.8281,862958.25,94.6721,3196.63,66.0,38.6579,1.555
12985.2,3790.51,0.29191,165.692,1789853.5,184.563,4785.89,191.0,26.9629,2.086
12366.9,3908.9,0.31607,96.7802,1703236.9,192.965,4575.36,149.0,31.4178,3.682
15638.3,6358.95,0.40662,203.038,2055950.8,261.378,5248.75,104.0,25.9984,11.136
4593.01,1360.05,0.29611,32.107,647976.7,56.0156,2290.52,52.0,43.6367,9.024
8129.94,2706.73,0.33293,91.336,1154227.8,107.59,4032.89,25.0,36.6404,2.343
10973.3,4491.21,0.40928,47.8877,1532147.5,145.107,4049.02,101.0,34.0011,18.031
10044.1,3934.03,0.39167,88.5457,1414868.4,148.029,3557.05,72.0,35.0622,12.987
8804.56,3405.94,0.38683,80.7863,1206996.2,118.932,3952.24,38.0,35.3119,15.403
10335.0,2730.45,0.26419,103.769,1419262.6,144.696,4308.1,16.0,46.5464,4.322
6641.78,2285.99,0.34418,62.3746,900156.6,102.069,3616.95,37.0,37.3906,4.083
4472.8,1654.44,0.36988,45.1407,645934.7,69.6179,2262.23,41.0,42.2699,13.319
3818.36,1150.55,0.30132,34.9388,520413.22,48.9687,1376.12,17.0,44.3967,2.012
9287.78,3916.66,0.4217,87.3177,1298489.9,143.627,3802.78,101.0,34.7031,8.537
7725.48,2546.72,0.32965,74.6927,1075573.5,97.4814,3031.49,22.0,38.53,16.231
6454.49,2646.14,0.40996,61.0997,890046.1,107.276,3493.18,68.0,37.8313,7.936
15100.7,5530.4,0.36623,181.164,2122836.0,262.498,4533.03,37.0,25.9409,2.162
9218.5,3345.33,0.36289,67.6052,1210351.8,135.935,3918.26,85.0,35.1717,16.615
17909.4,6558.68,0.36621,135.794,2367941.2,275.572,5370.53,157.0,24.7631,9.518
7074.94,2380.04,0.3364,84.8194,1004977.8,120.265,2962.21,67.0,36.6241,15.476
8639.16,2098.13,0.24286,89.1061,1214962.9,126.04,4031.49,164.0,33.5236,1.365
17931.4,6193.38,0.34539,188.055,2543687.5,253.35,5057.98,43.0,26.2468,6.884
8033.35,1490.63,0.18555,74.2917,1128086.5,105.497,3764.73,13.0,34.3299,1.816
16308.4,4983.15,0.30555,210.578,2147067.2,251.782,5962.06,252.0,21.2835,2.193
14319.5,4148.28,0.28969,181.62,1975414.2,224.707,4401.83,62.0,28.5811,2.089
12872.6,3178.43,0.24691,162.443,1818179.5,201.254,4990.49,211.0,27.9337,1.836
4878.79,978.66,0.20059,40.9971,666660.7,50.5455,2405.38,41.0,43.2001,9.656
9823.38,2696.98,0.27454,102.953,1363623.8,115.463,3439.72,43.0,35.7782,7.426
16639.6,5119.79,0.30768,205.806,2186414.0,258.502,6027.02,248.0,21.6347,2.415
9201.06,2698.12,0.29324,87.2475,1298189.4,118.453,4026.67,46.0,36.2728,1.645
6813.09,1819.84,0.2671,54.19,930250.7,80.5173,2750.63,27.0,46.5464,13.546
12820.8,3957.35,0.30866,169.742,1764011.1,203.636,4814.85,108.0,28.3877,3.825
6787.28,2081.36,0.30665,52.1722,964367.4,94.7717,3794.33,16.0,35.6704,14.756
14314.7,2471.97,0.17268,174.13,2024627.9,211.217,4808.49,73.0,27.804,2.587
15431.9,5305.56,0.3438,99.3052,2128911.0,217.196,4692.08,139.0,29.9297,19.381
4786.43,1890.18,0.3949,46.0079,700291.44,71.2878,2365.0,53.0,42.9655,10.805
5105.4,839.11,0.16435,52.4525,699400.2,61.8546,2306.57,45.0,42.0754,15.065
6424.64,889.71,0.13848,52.199,909129.1,76.6513,2722.21,1.0,42.1845,0.73
14474.7,4416.58,0.30512,192.357,2053317.1,233.936,4467.42,25.0,29.9903,2.751
5986.14,1543.45,0.25783,63.8074,758654.6,86.0069,3102.39,20.0,39.4066,2.36
13251.5,4205.21,0.31733,152.951,1837843.9,217.935,4736.85,76.0,29.049,5.235
8701.94,3053.6,0.35091,64.258,1210825.8,122.52,5529.76,64.0,33.4708,15.35
17122.8,6118.79,0.35734,185.778,2351711.8,251.241,5797.15,115.0,22.1971,8.172
9517.11,2745.3,0.28845,102.356,1302198.5,163.132,4158.95,71.0,33.1011,0.611
7981.84,2206.92,0.27649,65.1951,1096640.1,109.363,3827.11,23.0,36.7377,1.468
14909.7,4088.73,0.27423,167.597,2061552.2,218.871,5266.29,82.0,27.2262,12.171
7753.39,3200.12,0.41273,72.4191,1090950.8,127.046,3317.47,35.0,32.1602,2.848
8739.11,1930.62,0.22091,105.219,1187099.0,134.633,3970.86,44.0,34.3767,1.929
13588.5,3818.61,0.28101,138.891,1887157.6,197.091,3981.48,43.0,32.7036,16.445
7126.28,2728.46,0.38287,62.3718,1041613.9,95.3773,3216.13,30.0,38.9167,1.072
8392.74,3799.67,0.45273,63.2779,1134396.8,133.56,3858.77,77.0,35.6158,15.313
14163.5,4427.24,0.31258,161.032,1960095.2,222.42,5268.88,200.0,26.889,1.698
21328.3,6443.02,0.30208,323.86,2955005.2,351.488,6319.96,87.0,17.7158,3.514
7831.99,2627.73,0.33551,65.7386,1121251.6,97.6702,4207.93,36.0,35.844,20.544
9939.52,2108.18,0.2121,105.968,1402234.0,138.611,4311.28,45.0,32.8863,1.194
15273.8,4833.72,0.31647,181.977,2104745.2,256.867,4864.7,21.0,28.161,3.042
6537.28,1928.44,0.29499,55.3075,888944.6,90.0879,2429.71,25.0,41.5172,7.709
20742.4,6684.71,0.32227,245.234,2890100.8,336.365,5548.42,71.0,23.3243,3.085
8557.57,2189.27,0.25582,97.8635,1173965.9,123.41,3470.35,123.0,35.9764,1.494
10558.0,3166.95,0.29995,134.756,1449949.1,152.41,4840.16,69.0,29.6728,2.838
4584.89,1462.97,0.31908,49.6921,653673.7,61.0281,2149.79,29.0,43.0329,6.247
7316.84,2190.64,0.29939,72.5696,1018105.56,106.709,3142.83,37.0,37.4982,9.662
6210.41,1464.4,0.23579,68.9393,884833.0,73.2023,3088.34,13.0,39.1342,1.663
8875.38,2676.21,0.30153,51.7075,1202415.8,120.028,3937.9,26.0,35.9085,15.351
8616.29,2277.41,0.26431,83.6664,1236189.6,104.698,3113.12,20.0,37.9582,7.463
9797.09,2907.84,0.2968,96.258,1371093.9,126.69,3799.46,102.0,34.9713,17.708
9749.4,3720.44,0.3816,98.4072,1373212.9,140.91,3761.28,29.0,36.3319,4.867
7589.49,1764.42,0.23248,63.865,1004954.5,88.6556,3676.29,23.0,36.631,13.606
11335.7,3132.31,0.27632,150.472,1610731.8,164.707,4109.83,118.0,30.672,2.775
7815.91,2375.82,0.30397,68.9884,1067291.9,98.0478,3463.81,62.0,37.7123,13.488
8740.86,3370.39,0.38559,74.0372,1203291.8,126.287,3670.14,44.0,37.9889,17.601
11398.0,3761.38,0.33,115.191,1591902.2,191.183,4112.53,29.0,29.4049,2.723
8631.96,2600.6,0.30127,75.1774,1182601.9,109.989,3623.7,79.0,37.443,16.33
8809.2,2478.23,0.28132,77.0031,1243265.6,95.7015,3792.75,39.0,33.8929,13.556
5518.75,2018.7,0.36578,37.5928,753480.2,77.7017,2318.85,59.0,42.8524,14.784
5363.61,1642.18,0.30617,58.0734,707371.8,86.1455,2683.88,29.0,41.1732,4.713
7206.33,2290.14,0.31779,50.3814,1006527.9,93.7626,3899.96,34.0,37.509,11.533
14762.9,4957.67,0.33581,190.747,2106014.5,242.531,5302.35,176.0,24.4168,3.431
7125.86,2290.89,0.32148,61.2952,929365.0,113.677,2868.21,27.0,38.5656,12.203
8274.37,2472.52,0.29881,83.6552,1170765.5,114.575,3603.75,28.0,36.903,3.513
4010.02,1616.52,0.40312,26.2769,561967.5,55.5367,1419.01,6.0,44.9202,7.929
6587.44,1371.7,0.20822,77.137,890397.7,80.8643,3172.24,40.0,38.3297,7.3
10265.3,3729.27,0.36328,137.206,1365508.0,176.873,4119.9,58.0,33.0976,2.17
14385.0,4556.29,0.31673,150.961,1992592.5,206.759,5278.41,70.0,26.2345,3.67
8594.17,1769.65,0.20591,86.2342,1204704.2,109.782,3751.78,13.0,34.5307,1.932
14194.2,3039.2,0.21411,170.833,1999177.0,203.978,4026.89,143.0,32.2661,1.516
15743.0,3856.56,0.24496,208.368,2187812.5,239.136,4999.61,117.0,26.6279,2.69
6659.2,2105.52,0.31618,67.5147,874271.06,91.8867,3675.51,67.0,38.8934,4.201
6963.49,1694.84,0.24338,89.6528,965026.56,101.897,3891.49,23.0,35.985,2.256
11693.0,4639.44,0.39677,101.929,1559624.8,209.253,4590.28,77.0,32.078,19.398
11257.0,4393.26,0.39026,115.468,1586592.4,176.522,6485.51,143.0,32.2459,18.815
8649.25,3710.34,0.42897,77.8138,1222516.9,137.792,3326.84,45.0,37.1908,5.431
14844.5,6908.24,0.46537,176.313,2065632.2,326.488,4989.1,152.0,26.4378,20.86
11654.7,2184.46,0.18743,139.176,1625848.2,167.777,4641.25,147.0,29.8721,2.094
8434.67,2274.08,0.26961,87.4282,1168881.2,109.339,4056.13,40.0,34.8647,2.909
7131.05,1450.64,0.20342,66.4557,942019.9,84.305,3225.67,13.0,37.5977,11.774
6985.82,1775.25,0.25412,76.5832,961187.94,84.6709,3091.18,109.0,37.8064,1.483
14217.3,3220.67,0.22653,202.741,1978637.1,230.722,4980.37,118.0,26.9353,2.333
8531.28,2344.3,0.27478,75.4389,1244035.9,108.907,3279.56,33.0,36.694,2.539
8397.48,3144.22,0.37442,74.8278,1136502.1,101.224,3200.78,10.0,36.3444,7.908
9312.38,2752.05,0.29552,100.432,1287696.1,131.738,4673.23,87.0,34.7313,18.618
6751.98,2509.18,0.37162,60.7527,971514.56,97.1726,3301.26,45.0,38.8101,12.658
13469.7,3562.23,0.26446,194.031,1831538.1,209.395,4590.83,179.0,28.7543,1.919
15872.3,5079.38,0.32001,223.541,2177582.2,264.749,5420.87,130.0,22.8538,1.883
13513.4,3634.45,0.26895,134.406,1902777.8,164.533,5111.35,148.0,27.1828,14.748
9804.74,3763.64,0.38385,88.3483,1430153.2,132.129,3522.99,54.0,36.4116,17.0
15969.4,5795.22,0.36289,182.484,2209246.2,262.263,4649.87,31.0,25.9374,1.848
6154.31,2212.86,0.35956,50.6964,862488.94,83.0642,2553.12,80.0,40.9504,13.42
7549.58,3403.59,0.45083,62.1919,1070275.6,101.447,2450.73,74.0,39.9034,15.647
6404.07,2103.68,0.32849,57.2701,888694.2,97.6433,3408.64,75.0,38.0261,1.43
8000.36,1798.35,0.22478,74.1857,1115187.6,90.4281,3520.97,22.0,37.8523,19.096
9889.14,2631.95,0.26614,121.03,1356542.8,139.132,4160.72,127.0,28.2546,2.237
11561.7,3636.55,0.31453,108.132,1594097.4,170.082,4664.05,21.0,32.742,4.109
10703.3,3708.91,0.34652,92.2769,1524898.6,131.946,4798.23,43.0,31.9249,15.36
10911.7,3283.19,0.30088,128.957,1556574.8,162.912,4677.63,53.0,46.5464,2.884
11007.1,2969.04,0.26973,133.788,1567890.0,160.0,4443.33,43.0,30.8686,2.595
4792.08,934.17,0.19494,47.9732,670062.8,59.32,2681.79,25.0,42.1779,2.597
4458.01,760.28,0.17054,45.2729,604347.44,64.6459,2557.66,12.0,43.1534,2.287
5421.23,1222.22,0.22545,42.4321,737381.1,93.1518,3318.42,26.0,43.0568,11.962
7637.8,2117.51,0.27724,69.377,1012413.25,98.7792,3748.3,14.0,35.0763,11.096
11187.0,2711.51,0.24238,132.521,1545289.1,174.863,4693.05,163.0,28.6665,0.895
8147.67,2414.23,0.2963,87.9047,1136774.2,111.448,3115.33,18.0,37.6909,0.988
7477.48,2128.58,0.28466,60.8442,1086854.1,86.3286,3607.39,35.0,40.9301,15.405
8637.45,1743.7,0.20187,97.7028,1211030.4,123.033,3821.95,44.0,35.0796,2.678
6008.12,1754.47,0.29201,39.1195,831557.94,88.1513,3126.08,25.0,40.1144,11.665
10163.8,4075.64,0.40099,105.614,1414411.9,142.287,3731.89,155.0,34.4884,18.681
7457.81,1529.77,0.20512,69.9295,983331.6,81.989,3596.15,28.0,35.5238,7.929
9380.97,1977.95,0.21084,110.017,1307747.1,131.641,4205.29,65.0,33.643,1.751
9131.23,2004.04,0.21947,76.7751,1207635.5,116.987,3292.4,58.0,38.0878,14.819
7179.05,2968.51,0.41349,69.5986,1024174.6,115.722,2837.01,81.0,39.359,14.046
7311.01,2064.58,0.28239,66.8899,967756.44,91.8538,3360.89,13.0,38.1056,7.511
5247.3,2079.9,0.39637,34.7481,745029.7,68.8069,2516.76,39.0,42.751,2.849
5535.56,882.99,0.15951,53.5253,745212.44,71.8545,2377.63,27.0,41.4964,12.241
9018.09,2644.03,0.29319,100.151,1234490.0,130.77,3552.66,23.0,36.5585,2.103
10144.6,3326.51,0.3279,109.464,1415337.2,177.853,4173.77,49.0,33.7445,3.209
7469.35,2672.64,0.35781,48.9358,1053375.8,116.538,3039.77,69.0,40.373,13.43
14710.4,5319.58,0.36162,159.647,2023664.8,222.476,5077.21,72.0,27.1846,5.731
12687.9,3247.7,0.25596,160.338,1764146.4,207.399,4799.63,65.0,28.5765,2.701
10585.5,3279.76,0.30983,84.626,1498742.4,127.416,5441.32,15.0,33.3735,2.647
8621.87,2887.57,0.33491,71.9078,1194777.1,127.279,3493.78,45.0,36.9462,4.847
8111.49,1632.54,0.20126,71.8902,1161922.4,107.479,4057.08,101.0,34.8833,1.024
14073.9,5230.83,0.37166,133.797,1995882.8,216.276,4603.48,113.0,29.7744,19.504
5038.57,1259.0,0.24987,43.1272,724281.8,69.565,2449.85,42.0,42.0777,6.176
10242.5,4075.31,0.39788,86.9207,1417614.8,153.182,3982.19,97.0,33.7028,11.955
9355.09,1940.99,0.20747,98.2715,1304360.4,135.517,3665.26,15.0,34.1409,2.014
7067.99,2546.51,0.36028,63.6358,957607.5,97.0056,3216.16,45.0,38.3303,6.567
9196.88,2726.28,0.29643,95.6525,1274362.6,133.101,3539.92,29.0,36.9482,2.837
8181.59,2745.68,0.33559,88.0451,1118726.1,120.815,3526.0,75.0,36.4123,20.018
5826.17,1498.77,0.25724,57.2335,814401.6,72.0523,2423.98,55.0,42.0253,4.806
4262.14,1713.43,0.40201,25.9134,591616.0,58.6197,1552.82,13.0,44.1819,8.783
18008.8,5300.51,0.29432,212.454,2543228.5,282.273,5270.39,227.0,25.5551,17.275
8747.06,2214.03,0.25311,97.5042,1189646.4,128.668,3502.83,7.0,35.3094,1.474
13157.3,4132.24,0.31406,161.678,1819680.6,190.678,4894.71,78.0,28.3629,2.983
6450.27,2167.14,0.33597,46.6859,818372.2,102.194,2203.43,43.0,42.3639,13.848
14640.9,4524.4,0.30902,159.934,2025950.2,209.778,4947.86,89.0,27.8781,5.368
15635.7,4879.36,0.31206,223.55,2058426.2,248.881,5952.53,240.0,22.0253,2.648
8507.67,2631.56,0.30931,85.7702,1134120.1,105.671,3497.03,35.0,37.4957,15.318
13166.4,3670.68,0.27879,168.39,1847642.2,221.579,4332.15,73.0,30.399,1.559
8180.24,1886.8,0.23065,78.1342,1089740.5,102.112,3366.46,43.0,36.792,7.262
15957.1,5415.22,0.33936,217.145,2234010.5,266.604,5372.09,291.0,24.3003,1.856
7725.89,2859.45,0.37011,72.6212,1039413.56,114.618,3843.09,66.0,33.9883,8.332
7641.52,2951.34,0.38622,59.1081,1038400.44,131.403,3234.02,64.0,38.6239,10.187
20125.2,6119.26,0.30405,263.523,2791910.2,324.789,5546.13,81.0,23.0423,3.37
12759.8,4376.42,0.34298,148.493,1802121.0,198.411,4956.07,170.0,28.6917,2.019
6879.16,1282.48,0.18642,47.9098,970217.6,65.277,2910.54,44.0,40.1315,7.016
4314.75,1381.71,0.32022,36.5846,586670.8,48.2251,1427.53,15.0,44.158,6.05
16989.4,5765.09,0.33933,231.529,2327737.2,264.23,5413.43,117.0,23.7094,1.755
11631.3,2739.66,0.23554,128.039,1617215.0,165.578,4986.36,78.0,28.0685,2.977
8256.37,2067.44,0.2504,84.7764,1166526.4,110.037,3827.62,3.0,34.5648,1.932
8092.94,3303.37,0.40817,83.2599,1098904.6,129.444,3715.59,34.0,35.8545,15.151
16640.4,4429.52,0.26619,234.845,2352508.5,274.075,5536.19,107.0,22.1664,2.972
5248.96,1065.72,0.20303,48.0599,745074.75,68.5346,2860.52,63.0,40.3363,1.52
11166.2,2922.45,0.26172,130.563,1573231.2,163.442,4595.36,40.0,31.5136,2.836
14556.1,3787.88,0.26022,153.916,1999006.9,195.067,3991.51,140.0,32.1701,18.998
12772.9,2749.79,0.21528,132.017,1781147.5,149.92,4529.44,61.0,29.0774,2.731
7877.65,3092.67,0.39258,87.9456,1125525.2,106.657,4021.79,37.0,34.7788,13.963
8559.67,2268.88,0.26506,81.2293,1210528.6,119.669,3331.53,8.0,36.4817,2.232
9898.12,2591.01,0.26176,120.221,1358111.8,162.274,4549.54,69.0,30.1941,2.38
11080.0,3454.85,0.3118,95.4995,1536832.2,149.743,3598.62,19.0,36.2499,2.336
3931.44,1165.88,0.29655,33.5129,538975.3,48.1519,1399.03,17.0,46.5464,1.398
11096.9,3148.22,0.2837,153.966,1528699.4,198.376,4400.33,135.0,31.4646,6.921
11463.7,3134.89,0.27346,147.886,1619048.0,149.033,4141.96,125.0,30.2915,3.034
19109.6,6162.65,0.32248,264.128,2608493.8,316.736,5823.5,337.0,20.6603,2.484
7917.91,2400.91,0.30322,79.1579,1067391.0,105.205,3782.5,30.0,36.8348,7.792
9676.36,2971.38,0.30707,102.334,1344904.5,136.402,4112.45,38.0,34.6247,1.771
6764.37,1686.96,0.24938,73.4946,922589.2,94.258,3604.17,99.0,35.2725,16.208
10268.9,3134.98,0.30528,97.7069,1420975.2,139.92,3852.83,22.0,34.5312,3.385
10896.4,2808.65,0.25775,134.814,1514778.8,173.035,4662.34,173.0,28.9557,0.752
5021.85,948.79,0.18893,49.3317,717228.8,66.1701,2125.29,78.0,42.8675,2.695
8584.98,2486.38,0.28961,107.066,1193972.4,134.895,3188.66,3.0,36.8898,1.088
11209.0,4181.01,0.373,110.665,1649012.9,175.953,4442.5,104.0,32.7827,15.036
9472.17,2775.18,0.29298,121.744,1355278.0,227.906,4530.48,84.0,26.7392,20.637
15816.5,6512.72,0.41176,186.481,2194800.2,257.374,5394.17,114.0,22.0387,11.888
6155.6,1625.73,0.2641,51.6288,858083.4,72.2214,3286.13,53.0,39.2496,2.596
10645.3,3049.02,0.28641,132.98,1509493.6,166.694,4436.13,35.0,31.7747,3.078
8944.08,2584.72,0.28898,90.9167,1233230.2,145.491,3258.04,11.0,36.6317,1.553
15494.1,3714.75,0.23975,207.721,2150679.5,251.824,5004.87,131.0,26.2801,2.391
7179.66,2054.23,0.28611,72.23,977457.75,113.319,3347.69,51.0,38.0057,13.025
10740.4,4289.43,0.39937,101.565,1508528.6,150.223,3751.7,40.0,34.4065,13.542
20424.5,6420.99,0.31437,261.485,2848549.0,323.698,5575.17,73.0,23.0808,3.557
10210.7,2900.62,0.28407,106.82,1413970.0,134.824,4517.39,94.0,29.3939,14.553
9061.52,2626.75,0.28987,86.9294,1294274.0,120.399,4084.26,5.0,33.6429,1.989
11765.2,3334.94,0.28345,111.408,1656384.8,153.682,4247.87,140.0,32.262,15.281
17886.4,5484.52,0.30663,202.126,2483224.2,317.626,5776.73,232.0,20.1971,8.669
7426.02,1892.81,0.25488,68.5656,1048263.56,86.5087,3551.58,83.0,36.6594,12.524
4924.68,1376.97,0.2796,44.6581,622315.4,73.1149,2311.23,23.0,42.9786,3.591
6940.62,2165.28,0.31197,64.4683,952189.1,104.709,2992.51,43.0,37.0857,8.316
15373.2,5074.81,0.3301,215.38,2140050.8,253.852,5311.14,287.0,24.8087,2.305
16876.8,5668.04,0.33584,199.524,2354428.8,250.87,5401.31,170.0,24.1582,1.922
8860.04,2842.59,0.32083,43.5085,1230371.9,119.083,3360.52,38.0,35.2727,12.21
5038.7,1540.42,0.30571,38.6302,690357.2,61.5941,1967.74,51.0,43.5409,11.589
5745.55,1853.79,0.32264,54.937,811062.9,84.1534,2483.69,72.0,41.6935,2.543
10476.9,3214.34,0.3068,98.8336,1529026.8,159.397,4220.43,115.0,29.8312,17.693
6185.24,2024.05,0.32723,59.769,861493.94,91.8017,2672.66,48.0,40.6655,2.262
12623.1,2469.55,0.19563,174.797,1721681.1,201.701,4719.27,107.0,28.8641,1.862
5181.85,1540.58,0.2973,46.1167,756381.0,69.4246,2492.75,44.0,42.1077,7.983
15323.4,4523.83,0.29522,188.383,2129871.5,241.607,5657.52,139.0,22.7878,0.961
8981.49,2619.78,0.29168,95.3283,1238281.6,126.946,4490.86,117.0,32.8291,11.642
15982.8,5022.75,0.31425,178.737,2229727.8,249.998,5570.93,163.0,24.2294,2.595
10437.2,2674.06,0.2562,94.9381,1464357.2,139.996,4069.64,149.0,33.5414,5.83
8478.73,3268.02,0.38543,72.9469,1208869.4,110.578,3747.5,25.0,35.9003,13.094
8721.3,2295.67,0.26322,88.9109,1235582.9,131.318,3989.07,161.0,32.375,1.551
3902.8,591.18,0.15147,30.9619,543826.8,42.2693,1727.03,1.0,46.5464,11.686
8909.53,2856.43,0.3206,76.1604,1210064.4,110.086,3397.27,105.0,34.9842,8.544
9663.57,2236.7,0.23145,112.848,1349238.6,132.047,4188.3,67.0,33.9867,1.605
6382.18,1936.74,0.30346,50.5633,917724.8,90.0839,3167.49,9.0,39.2863,8.121
7552.48,3154.03,0.41761,71.6451,1034631.4,131.514,3366.65,122.0,37.4304,4.863
16222.8,4388.63,0.27052,241.386,2200152.8,266.94,4807.68,285.0,27.5003,4.052
9129.59,2685.64,0.29416,87.485,1235783.6,128.07,3850.63,31.0,34.8757,2.016
7046.29,2368.04,0.33606,76.5225,975271.1,108.169,3384.76,23.0,38.4535,8.989
14728.6,3952.48,0.26835,178.281,2060453.5,236.8,4554.92,34.0,29.5702,2.557
11013.9,4763.26,0.43247,75.113,1505287.8,170.272,5929.19,13.0,34.0698,10.645
11800.2,3020.74,0.25599,119.003,1610626.4,181.367,4097.94,66.0,31.8709,3.69
6348.03,1488.61,0.23449,68.8759,886841.2,76.8846,2862.12,82.0,39.6012,6.998
17844.1,4174.69,0.23395,209.425,2533528.0,267.629,5666.17,100.0,23.0284,1.567
7885.1,1969.46,0.24976,94.2108,1102702.5,123.46,3229.48,4.0,36.7754,0.481
6401.46,1659.3,0.2592,67.461,891009.6,86.6658,2788.99,74.0,39.6012,8.586
8677.14,1904.83,0.21952,108.76,1195365.2,136.055,3902.1,45.0,34.418,2.001
16299.3,6377.38,0.39126,192.446,2133614.8,281.608,5396.86,83.0,25.7861,6.778
22994.3,7463.79,0.32459,306.151,3198390.0,399.084,6279.28,98.0,17.7673,3.62
4240.36,832.74,0.19638,41.1615,553738.3,65.5755,2570.9,12.0,43.4066,2.197
12867.4,3164.26,0.24591,163.988,1810099.2,201.036,4991.7,212.0,28.2269,1.946
17226.5,4100.55,0.23803,197.61,2425972.2,267.448,5665.58,95.0,23.0744,1.435
9992.92,3350.72,0.3353,97.0597,1371854.2,132.957,3760.89,20.0,36.7539,3.313
5109.44,2225.71,0.4356,38.544,709241.8,77.4589,1620.3,49.0,44.0639,10.788
9259.18,3026.74,0.32689,72.4341,1292907.9,118.477,4576.22,34.0,36.4202,19.073
8219.21,2190.93,0.26656,76.8994,1150825.1,101.671,4207.77,19.0,33.9718,7.985
7842.2,1958.38,0.24972,86.3851,1046844.9,113.7,3819.95,36.0,36.386,5.16
7192.56,1524.79,0.21199,65.3167,989017.44,92.4043,3119.08,32.0,37.7105,4.029
12878.9,3576.9,0.27773,139.677,1816156.2,156.115,4595.96,106.0,32.1595,2.784
6728.64,2019.19,0.30008,69.3731,960083.0,94.7575,3172.33,23.0,37.1517,3.971
10456.1,2425.69,0.23198,131.535,1489994.9,148.999,4289.81,50.0,31.9506,3.137
4143.07,725.35,0.17507,39.6672,546768.75,60.3995,2567.81,11.0,43.4488,2.098
6557.81,2118.69,0.32307,41.3123,911826.7,94.3914,3680.9,58.0,37.826,4.01
16766.2,5378.34,0.32078,206.405,2205181.5,275.148,6543.92,238.0,22.5137,2.634
9562.5,2426.83,0.25378,106.458,1358312.2,155.569,3904.9,38.0,33.5035,2.062
16971.7,6527.17,0.38459,161.529,2456008.2,257.782,5401.69,123.0,28.4793,20.81
18928.8,5665.21,0.29929,239.753,2607859.8,310.339,5352.23,209.0,22.6872,4.94
4911.08,1074.56,0.2188,43.8928,690145.94,63.4387,2673.02,17.0,41.3519,3.274
13923.0,4941.23,0.35489,153.072,1950672.5,201.087,4802.77,130.0,29.3548,20.377
5144.33,1518.2,0.29512,39.1012,715740.25,63.983,2250.09,15.0,42.2836,9.579
9309.24,2833.04,0.30432,132.544,1278951.0,198.113,4040.18,80.0,32.7068,19.233
9521.74,2878.82,0.30234,76.2782,1357430.1,118.842,4160.92,33.0,30.8683,17.366
10306.9,2808.28,0.27246,116.621,1442488.2,147.357,4343.17,65.0,33.1871,3.835
10704.5,3188.58,0.29787,109.157,1472331.0,150.348,4488.03,11.0,34.6002,3.983
5319.74,1322.49,0.2486,46.3581,741298.5,66.3708,2937.62,13.0,40.8602,2.628
5749.39,1895.18,0.32963,55.194,785325.7,81.1707,3186.31,12.0,39.6546,8.089
17786.5,5956.61,0.33489,225.409,2449796.8,272.49,5727.9,125.0,23.3023,2.244
9367.28,2156.07,0.23017,115.76,1299957.4,129.211,4267.2,57.0,33.7932,1.962
6226.13,1515.37,0.24338,68.1948,884283.06,74.1102,3093.85,14.0,37.9759,1.971
9995.61,2987.45,0.29887,99.7725,1417513.9,132.996,3690.9,139.0,35.653,2.132
14709.2,3511.5,0.23872,201.961,2051170.0,251.323,4982.53,138.0,26.9088,2.456
13460.8,4556.5,0.3385,166.59,1862069.8,207.52,5001.12,137.0,27.5564,7.066
14311.0,4703.38,0.32865,174.946,2070748.2,263.053,4921.26,103.0,28.2352,4.741
8679.99,2245.36,0.25868,82.7754,1225963.8,109.186,4014.85,41.0,34.8825,2.405
5126.46,1015.92,0.19817,44.0136,738827.5,61.7394,2191.7,80.0,42.7706,0.692
7418.96,1793.94,0.2418,62.9622,1023252.75,204.233,3527.86,142.0,36.9423,19.107
6828.21,1258.47,0.1843,58.0581,963485.2,70.8987,2531.72,24.0,41.3083,10.469
4796.7,1654.93,0.34501,41.576,672148.3,64.4922,1908.66,42.0,43.9696,5.62
7345.95,3064.51,0.41717,65.0679,998044.9,116.047,3320.95,49.0,37.8554,15.339
13753.4,3268.61,0.23765,189.825,1881846.1,207.488,4584.48,179.0,29.0597,1.467
8606.97,3139.78,0.36479,102.929,1136882.4,138.953,3769.28,91.0,36.5333,15.841
4837.89,1297.83,0.26826,41.3574,669985.6,75.1894,2171.98,56.0,42.5075,12.679
8661.43,2380.38,0.27482,94.1739,1224371.5,130.397,4042.28,164.0,33.2674,1.4
9111.85,2207.45,0.24226,85.8433,1270879.4,127.569,3872.7,17.0,35.6827,11.604
3831.11,1500.06,0.39154,76.1637,525083.44,56.144,2279.5,56.0,42.8142,7.382
14618.4,3275.29,0.22405,169.301,2059223.0,221.366,4561.76,33.0,29.4244,2.211
7091.02,2170.51,0.30609,59.7596,992230.1,107.794,3482.15,21.0,37.6277,17.44
10937.3,2166.28,0.19806,121.572,1497266.6,169.934,3905.91,55.0,33.2138,1.212
5545.55,1920.64,0.34633,57.1676,770061.7,71.9717,2658.69,40.0,41.0429,3.646
4670.89,1866.32,0.39956,46.7282,686984.94,66.6405,2334.29,57.0,43.1816,11.249
8073.48,2568.09,0.31808,84.9276,1150535.9,111.334,3853.36,43.0,35.4477,2.323
13310.7,4674.4,0.35117,153.354,1854865.5,214.265,4952.85,79.0,27.6821,5.408
13960.6,5278.61,0.3781,107.941,2014934.6,209.715,4989.95,92.0,29.4979,17.951
16961.0,4066.43,0.23975,207.836,2386957.5,277.174,5673.23,87.0,23.0619,1.301
6214.77,1770.36,0.28486,67.6895,887446.06,80.2396,3074.55,18.0,39.1124,1.994
8524.2,1510.43,0.17719,64.4284,1227898.2,86.6118,3650.53,37.0,36.4238,18.016
17023.1,4656.41,0.27353,186.191,2444016.5,227.315,4619.67,96.0,29.0556,13.232
14392.1,2730.07,0.18969,174.319,2021209.2,217.0,4922.46,84.0,27.5421,3.259
10730.7,2933.91,0.27341,132.795,1534312.9,164.878,4391.4,41.0,31.5828,3.082
8682.03,2660.38,0.30642,80.6252,1132983.5,123.901,6968.83,63.0,36.7288,12.055
4850.19,1311.49,0.27039,46.4942,676960.44,59.1197,1953.98,17.0,43.4532,2.425
14261.6,4991.74,0.35001,164.144,2034446.2,242.861,4673.3,42.0,28.8648,3.328
11329.2,3056.31,0.26977,126.668,1558481.5,168.573,4499.46,97.0,31.4847,1.985
8734.72,2933.95,0.33589,88.5526,1243096.6,138.415,3411.13,100.0,36.9504,7.37
8356.54,2298.2,0.27501,94.7894,1185849.5,115.743,3550.98,94.0,36.8969,2.147
5301.29,1064.71,0.20083,41.7088,751234.1,67.9458,2811.27,18.0,41.8423,4.116
9489.94,2265.59,0.23873,83.6493,1331634.2,117.546,4840.53,39.0,32.4727,4.64
7904.03,2514.24,0.31809,94.0538,1125516.9,116.908,3120.89,27.0,37.97,1.921
10038.2,2416.41,0.24072,110.07,1406337.5,149.177,4305.84,60.0,33.4886,3.847
6885.5,1735.26,0.25201,64.8553,949572.4,90.8672,3098.12,30.0,37.8296,4.356
6965.8,2877.13,0.41303,66.8024,989281.75,115.42,3424.83,6.0,38.2123,14.602
5278.53,1462.1,0.27698,47.7478,759518.1,63.1742,2432.18,8.0,41.6339,2.622
10521.7,3848.56,0.36577,91.9392,1478971.0,143.33,4215.56,92.0,33.1183,16.414
12793.1,4110.96,0.32134,169.287,1840454.4,253.323,4713.83,110.0,28.3599,3.598
4709.28,912.5,0.19376,46.9182,676391.25,55.0858,2186.04,79.0,42.9349,0.643
11592.9,3798.45,0.32765,128.461,1593799.9,198.385,4302.47,71.0,32.4358,1.745
10260.7,4214.16,0.4107,67.3266,1412650.5,157.923,3490.53,73.0,36.3624,18.952
5120.12,856.29,0.16724,44.367,706898.4,70.3738,2489.52,33.0,41.5078,13.89
5637.51,993.91,0.1763,52.4958,777214.3,62.6529,3034.22,20.0,40.0736,3.79
15182.9,4678.96,0.30817,173.934,2107905.2,252.229,4519.25,25.0,29.955,2.456
14405.9,4339.03,0.30119,189.422,2011910.9,225.495,5482.0,136.0,23.4814,2.071
6589.13,1520.37,0.23073,56.8827,902481.1,79.7621,3201.57,28.0,39.377,11.49
5766.74,1806.69,0.31329,54.754,790849.7,76.4333,3154.9,10.0,39.3934,7.204
7997.22,1820.46,0.22763,68.536,1168106.4,92.257,3175.42,21.0,37.3011,1.577
4055.56,1272.16,0.31368,37.0033,556844.5,50.1295,1384.53,30.0,44.4609,11.085
14619.5,5387.22,0.36849,204.08,2029246.5,261.786,4699.74,81.0,28.0954,7.379
6641.57,2584.43,0.38912,61.9914,890136.94,111.968,3515.17,64.0,37.946,13.49
9116.14,2795.98,0.3067,101.723,1279588.0,124.78,3411.43,40.0,30.7195,10.916
5622.73,1702.31,0.30275,47.3162,789840.7,67.3478,2089.55,3.0,42.0143,3.943
5813.11,1912.55,0.329,41.0639,806715.9,76.8656,2989.04,59.0,39.3867,10.801
7228.56,1914.38,0.26483,73.2691,977082.6,95.1791,3240.46,38.0,38.884,8.842
9111.7,2357.2,0.2587,92.4482,1262476.8,109.698,3301.93,43.0,37.823,14.231
7725.39,3342.03,0.4326,80.1354,1062725.2,123.096,4739.36,66.0,32.2246,18.3
7906.34,2525.74,0.31945,67.2368,1108302.5,113.825,3252.82,33.0,36.6881,7.546
16718.3,7033.68,0.42071,186.993,2322396.0,286.501,4326.94,118.0,27.0628,12.473
22692.8,5428.08,0.23919,344.065,3109777.2,397.798,6212.96,136.0,19.7199,1.131
9990.44,3334.46,0.33376,115.874,1398325.8,168.91,4207.46,55.0,32.117,3.887
6931.69,2266.56,0.32698,61.4929,983276.7,95.6758,3312.69,43.0,38.7026,12.647
8420.94,2987.71,0.35479,73.5817,1201775.6,103.471,3715.48,57.0,35.0986,15.912
6470.77,1529.79,0.23641,71.7149,908186.94,79.8833,2847.57,76.0,39.2238,8.949
7969.92,2249.01,0.28218,95.2303,1129445.2,107.227,3539.51,88.0,36.7483,2.035
8954.6,3601.51,0.40219,94.1428,1288404.9,143.238,3663.8,27.0,35.9543,11.024
12850.4,5175.63,0.40276,104.406,1800017.4,193.677,4166.88,57.0,37.8676,14.106
8181.27,3858.08,0.47157,86.8263,1102633.2,138.122,3964.79,36.0,36.3449,13.911
16657.5,5868.94,0.35233,233.498,2284110.5,268.145,5469.69,139.0,24.507,1.787
8109.65,1467.01,0.18089,63.5611,1141048.6,85.0171,2966.82,31.0,38.5759,12.894
7673.65,1881.9,0.24524,60.567,1082040.4,85.2157,3339.52,32.0,37.4459,12.242
5644.45,1225.19,0.21706,55.6715,779346.8,78.1557,2642.54,20.0,40.5242,1.211
11703.8,2302.12,0.19669,143.569,1596004.1,197.77,4815.29,140.0,30.1503,0.513
4690.2,1083.15,0.23093,42.6451,639824.06,69.0055,2571.9,21.0,41.3866,14.808
8285.18,2172.51,0.26221,79.3683,1166212.5,106.52,3811.27,79.0,35.2434,3.892
13853.2,2976.83,0.21488,168.313,1962409.9,243.38,4521.07,30.0,24.7932,2.195
17938.1,6794.2,0.37875,121.715,2566821.0,269.789,11724.79,77.0,28.8529,20.769
11258.0,3166.91,0.2813,126.217,1550931.0,166.154,4443.19,100.0,31.2313,1.887
7003.13,2767.69,0.3952,65.5767,1022384.94,96.5527,3216.59,30.0,39.054,1.266
9824.97,2119.98,0.21577,102.837,1317928.6,141.883,4057.26,35.0,34.1594,2.005
14100.5,4254.96,0.30175,148.138,1958167.1,248.263,4614.99,84.0,29.6154,4.462
17288.9,6876.37,0.39773,198.474,2374238.2,307.561,5692.97,162.0,22.137,18.599
12690.2,4088.57,0.32218,103.078,1764687.8,196.498,5119.96,77.0,32.096,20.954
7036.62,899.0,0.12776,64.9974,978485.94,88.7066,3039.71,58.0,39.5315,13.172
13179.0,3998.54,0.3034,149.945,1839480.2,218.111,4690.99,111.0,29.1008,4.43
6000.23,1652.63,0.27542,52.8387,830118.75,83.4343,2379.9,61.0,42.0761,11.793
14958.8,5019.52,0.33555,187.436,2091644.1,260.288,5406.88,152.0,24.3386,1.384
8287.17,1711.48,0.20652,75.6295,1186295.5,110.348,4072.75,101.0,34.8179,1.009
17165.6,3795.68,0.22112,215.414,2433994.8,261.895,5576.64,92.0,23.4821,2.135
9059.91,2711.07,0.29923,99.074,1251601.9,148.374,3283.48,12.0,36.6122,1.594
12953.2,4316.91,0.33326,135.224,1823967.0,194.695,4334.67,49.0,31.5703,3.066
6543.3,2113.23,0.32296,62.8856,871853.94,106.153,2768.59,29.0,40.9558,11.497
14545.8,4033.02,0.27726,184.621,2020987.6,219.175,5625.71,139.0,22.7863,0.83
9545.35,3115.72,0.32641,87.4727,1360357.2,147.431,4060.54,5.0,34.4172,1.914
6655.79,1612.21,0.24222,59.1248,954655.06,81.2218,2525.55,37.0,40.1386,13.949
7849.99,2795.04,0.35605,66.121,1089187.4,104.717,3287.52,93.0,36.6072,19.186
5820.59,1747.63,0.30024,52.7379,810600.9,84.1368,2623.99,89.0,40.3429,12.496
16798.5,5507.13,0.32783,153.804,2328943.5,237.272,5682.65,86.0,26.9167,20.002
9131.39,2684.39,0.29397,97.3836,1269376.8,132.815,4113.17,41.0,34.6724,1.688
4836.17,1030.75,0.21313,41.4672,673065.0,50.0306,1916.1,12.0,43.5867,1.966
11952.9,3363.12,0.28136,106.848,1679105.9,177.286,3504.2,110.0,36.6352,19.215
12311.8,3673.26,0.29835,110.562,1702364.2,149.074,4802.58,89.0,29.3422,16.453
7815.8,2540.81,0.32508,52.9229,1062382.4,108.207,2960.91,33.0,40.8614,9.022
10840.3,5689.76,0.52487,85.2052,1355166.8,207.92,2954.3,70.0,38.2021,18.522
5935.46,1971.85,0.33221,50.8253,846918.3,95.6673,2892.14,7.0,40.1994,9.113
10266.6,2951.6,0.28749,104.322,1424700.4,149.487,3883.08,7.0,34.518,3.101
8112.57,2447.66,0.30171,96.1624,1090473.8,138.737,4018.32,34.0,35.8445,4.936
7357.37,1508.23,0.20499,59.0837,1027844.8,80.4933,3030.44,36.0,40.3246,15.634
5605.92,1480.81,0.26415,41.8998,771571.3,85.338,3214.19,37.0,40.3923,13.799
11493.0,2914.97,0.25363,156.736,1618115.1,197.328,4496.91,87.0,30.5705,3.818
8456.07,2153.83,0.2547,70.7757,1145554.9,107.582,4249.31,85.0,31.4108,16.77
7949.66,2202.04,0.27699,69.8706,1095401.2,96.0207,3420.72,40.0,37.3781,15.44
8139.85,2017.91,0.2479,82.4606,1083500.8,99.6954,4010.31,29.0,37.8021,10.277
6928.91,2214.76,0.31964,62.4699,911588.3,106.715,2806.48,27.0,38.7792,3.849
11703.1,3347.89,0.28606,106.93,1611510.1,163.644,4633.7,21.0,33.4413,3.691
10000.8,1808.8,0.18086,102.731,1431101.0,127.985,4216.54,46.0,33.6821,1.073
9094.65,1769.32,0.19454,99.8117,1285130.9,123.126,3842.02,51.0,35.0328,2.84
4844.06,1347.47,0.27816,45.7909,667483.3,54.3209,2186.32,24.0,42.6085,7.795
17723.0,6252.09,0.35276,201.701,2454618.2,323.306,5847.7,229.0,21.4069,9.559
8377.01,2609.47,0.3115,34.0099,1138591.8,114.6,3848.91,40.0,37.1665,14.996
6390.58,1339.49,0.2096,58.3675,878513.8,86.2511,2799.7,17.0,40.6747,0.953
8652.92,3261.79,0.37695,94.6002,1176637.2,134.482,3622.91,64.0,35.2833,3.736
4670.89,1866.32,0.39956,46.7282,686984.94,66.6405,2334.29,57.0,42.8773,10.878
6692.17,2110.79,0.31541,60.3446,897203.0,100.072,2797.26,34.0,40.3458,5.629
10634.8,2328.06,0.2189,126.034,1450500.9,163.27,3902.31,47.0,33.1806,1.371
8701.31,2454.22,0.28205,95.3539,1201289.6,123.828,4026.34,115.0,34.4854,3.385
15911.0,5100.22,0.32054,198.253,2208083.5,237.168,5373.12,170.0,24.2065,1.957
8617.04,2558.78,0.29694,64.2841,1182870.6,114.638,3970.75,47.0,34.8466,16.099
5118.92,1029.58,0.20113,52.9993,733478.0,65.8258,2895.35,57.0,40.101,1.624
8592.32,2222.96,0.25871,88.567,1226498.4,108.324,4611.28,29.0,33.4975,1.826
6003.21,1513.38,0.25209,67.4011,858240.4,68.3737,3078.0,9.0,37.6595,2.149
16508.8,4613.12,0.27943,183.672,2361151.5,239.127,4999.68,94.0,26.8849,14.416
12308.2,3563.76,0.28954,133.159,1768880.1,159.78,4777.02,67.0,29.1374,10.032
15178.2,4785.04,0.31525,208.384,2110255.0,254.454,5330.03,289.0,24.6892,1.61
6280.76,1489.68,0.23718,60.5722,860810.9,74.7218,3230.26,30.0,39.1176,7.182
20638.7,5511.74,0.26705,297.296,2791795.2,311.723,6545.32,289.0,18.6689,1.763
14898.0,4825.14,0.32387,184.771,2066967.0,241.232,5393.33,148.0,24.4785,2.011
8318.34,2495.76,0.30003,91.1324,1179364.0,99.5384,3926.74,27.0,35.6472,1.785
17127.1,7411.22,0.43271,162.027,2414548.8,276.767,6045.52,147.0,21.8416,18.135
4787.18,901.46,0.1883,45.9411,622989.5,57.5828,1998.87,23.0,43.1171,5.524
14901.9,4312.2,0.28937,189.508,2068134.9,222.389,5632.82,144.0,22.747,0.694
7612.56,1897.57,0.24926,65.9266,1049837.1,106.445,3645.82,24.0,37.109,1.618
11171.3,3879.07,0.34723,130.188,1570175.0,172.254,4143.32,40.0,30.9749,2.116
6939.35,2208.37,0.31823,50.8858,942874.94,99.0129,2575.72,37.0,40.5109,8.403
5909.66,948.72,0.16053,50.9314,808502.06,67.9854,3008.35,16.0,39.9079,9.735
13135.6,4447.76,0.3386,132.762,1852298.4,158.798,5053.22,151.0,28.4814,15.332
16442.7,5973.29,0.36327,186.203,2303788.5,258.52,5522.45,157.0,23.7976,2.034
20313.4,5972.48,0.29401,204.347,2904334.5,285.421,27924.21,214.0,27.7321,17.554
7095.6,2069.98,0.29172,67.809,1000592.94,88.0915,3594.15,32.0,37.9835,1.806
9685.9,1926.6,0.1989,89.4826,1342157.8,116.351,3812.3,145.0,29.9183,4.67
6018.76,1067.47,0.17735,67.3067,815189.3,80.9517,3211.11,42.0,35.9447,4.626
8653.05,4297.05,0.49659,92.4126,1073443.4,164.905,2436.04,125.0,39.9021,8.296
11817.7,2977.77,0.25197,156.508,1683655.6,163.721,4711.3,24.0,29.2395,1.577
8771.64,1837.27,0.20945,100.789,1220045.6,129.592,3658.66,23.0,34.0499,1.557
6298.39,1610.38,0.25568,51.6557,883296.7,75.0789,3052.73,10.0,39.7776,12.386
12068.7,3377.69,0.27987,114.564,1644437.4,165.767,4782.43,78.0,30.1594,16.536
16577.8,5160.77,0.3113,207.666,2171688.2,258.242,6101.63,235.0,21.5282,2.492
10374.0,3702.92,0.35694,88.3262,1465724.6,139.393,3852.47,3.0,31.5674,12.569
6419.49,1811.08,0.28212,57.4893,903112.7,71.9927,3124.5,40.0,39.8833,13.822
14115.7,5097.55,0.36112,195.74,1935665.6,249.45,4552.18,32.0,29.0757,2.155
9070.31,2412.23,0.26594,83.0484,1238570.0,117.851,3791.89,44.0,35.224,2.103
15614.5,5134.09,0.3288,199.325,2087896.6,253.312,5224.45,106.0,25.516,7.517
15212.8,5802.14,0.38139,161.429,2084386.9,243.193,5316.41,99.0,26.2115,12.346
14560.0,4998.61,0.34331,162.094,2085628.1,235.889,4617.61,61.0,28.7521,4.692
17882.2,5470.3,0.3059,188.946,2445293.0,260.972,5133.69,24.0,27.0248,18.681
6070.9,1376.99,0.22681,73.743,813934.75,80.6647,3289.36,95.0,37.8555,12.309
8942.15,2762.06,0.30888,77.8757,1227429.1,121.086,4093.51,90.0,37.11,4.777
16991.5,5292.2,0.31146,208.745,2239853.5,279.402,6605.61,243.0,22.0264,2.569
10572.7,3233.1,0.30579,95.8645,1425814.6,161.418,4149.91,148.0,32.7768,16.424
4897.73,1206.94,0.24642,44.4956,661811.3,73.0961,2783.66,22.0,42.6128,8.651
14932.5,4810.65,0.32215,177.33,2042378.4,258.561,4923.53,20.0,28.2881,3.183
7721.01,2457.75,0.31831,73.7896,1040485.8,107.269,3107.58,115.0,37.1259,1.919
4959.62,1320.9,0.26633,41.0308,724223.7,88.9765,1986.71,32.0,44.0039,12.809
6162.79,2117.23,0.34355,50.5683,865677.7,84.3997,2507.94,73.0,40.9954,14.088
9948.13,2867.39,0.28823,93.8916,1350059.5,131.237,3965.21,41.0,36.0738,13.682
6082.28,2092.95,0.3441,73.52,848904.2,87.0239,3052.87,34.0,39.8832,1.92
14835.4,3857.71,0.26003,177.295,2029993.0,248.648,5242.44,98.0,25.4219,4.269
9676.75,2954.47,0.30531,101.737,1305992.8,139.764,3672.49,25.0,36.8987,4.133
7091.43,2689.01,0.37919,67.981,973761.0,99.4737,3182.24,18.0,38.2093,2.735
3734.27,1226.01,0.32831,34.0346,511770.75,49.0727,1350.81,29.0,44.6166,11.63
4875.85,1295.85,0.26576,30.1109,682770.1,56.326,2137.4,49.0,43.7644,11.039
7808.61,2591.33,0.33185,79.4871,1077096.2,102.222,3697.96,41.0,35.8837,3.048
7295.53,2116.31,0.29008,67.9854,1010950.4,95.3239,3041.37,50.0,39.8093,2.05
7141.21,2154.11,0.30164,60.9079,1009510.25,109.044,3365.54,38.0,37.4547,14.415
10677.7,2908.39,0.27237,157.61,1523598.6,160.264,4670.63,32.0,29.2608,2.41
15491.3,3150.72,0.20338,178.944,2168794.8,229.647,4724.8,31.0,28.3829,1.424
15265.9,4738.41,0.31039,153.048,2192124.8,217.481,5478.84,146.0,26.2792,10.957
9532.36,3334.37,0.34979,114.519,1323176.5,171.888,4250.96,66.0,33.3476,4.778
7512.07,2878.43,0.38317,76.0214,1054227.6,115.271,3264.1,39.0,37.6551,3.017
6615.45,1713.29,0.25898,66.8933,920454.6,82.1985,3030.97,90.0,38.5379,2.178
6881.46,1886.75,0.27417,66.2187,944124.56,82.782,3105.15,91.0,38.1773,2.284
10849.3,3621.25,0.33377,127.018,1427929.9,182.222,4230.39,44.0,33.845,2.873
14752.6,4825.55,0.32709,164.278,2031112.8,219.595,4769.65,109.0,28.6027,4.918
10207.8,3108.32,0.3045,92.2837,1401585.5,143.774,3756.0,22.0,35.4529,3.15
6681.49,1652.28,0.24729,88.8653,927011.06,101.383,3859.22,19.0,35.6031,2.236
8454.75,2654.15,0.31392,63.9959,1203497.1,106.875,3367.47,39.0,36.6085,17.602
6882.38,3218.86,0.46769,89.2367,851834.25,132.519,2165.68,109.0,41.0128,7.135
5896.63,1506.24,0.25544,52.5117,792592.9,77.8307,2550.79,24.0,40.0458,14.663
8812.72,2141.47,0.24299,94.4155,1203279.9,115.243,3892.75,21.0,46.5464,2.102
8640.83,2185.11,0.25288,86.3287,1244366.9,117.746,3916.47,3.0,34.6172,1.854
9460.65,3184.05,0.33655,70.3847,1369838.4,111.922,3305.28,59.0,37.6195,14.654
6503.15,2426.7,0.37315,79.9085,905861.3,94.6721,3141.95,64.0,38.5554,1.407
16134.0,5241.71,0.32488,177.191,2217716.8,228.47,5533.1,90.0,25.3213,16.221
12474.9,2797.13,0.22422,163.873,1759921.6,200.248,4005.19,142.0,32.3903,1.625
8865.41,2509.04,0.28301,93.2454,1232338.0,130.171,3956.21,34.0,35.3512,1.577
8920.37,2110.6,0.2366,86.3657,1271461.0,113.827,4055.72,6.0,34.7977,1.829
11133.3,3268.72,0.29359,100.632,1573306.8,165.07,3876.09,97.0,33.0584,12.972
7642.67,1850.49,0.24212,83.3295,1053755.1,106.558,3884.68,26.0,36.3591,1.528
14189.4,4172.49,0.29405,171.742,1936266.1,226.616,4811.5,109.0,28.1021,4.488
7253.31,2340.25,0.32264,80.3536,974044.4,107.857,3690.03,41.0,37.2132,13.89
12339.4,4485.74,0.36352,150.595,1740629.8,188.995,4733.26,43.0,30.8807,18.636
6388.13,1909.22,0.29886,54.0989,906303.5,94.0097,3366.33,46.0,39.0461,4.544
14895.8,4695.23,0.3152,218.919,2026215.5,253.746,5271.79,120.0,20.4434,2.537
4493.71,979.93,0.21806,48.213,641827.7,57.2121,2467.12,35.0,42.7536,7.365
7095.77,1883.12,0.26538,62.6058,989400.1,84.8587,3793.96,46.0,38.9433,14.173
8802.84,2568.89,0.29182,77.041,1227946.5,112.392,4260.31,60.0,34.4086,7.509
6856.68,2348.32,0.34248,66.8689,974710.25,92.1915,3097.41,32.0,38.8942,8.708
9313.08,3668.86,0.39394,92.1604,1330880.6,132.176,3817.62,32.0,32.4875,11.505
5112.71,1207.82,0.23623,52.8968,672334.0,81.1096,3239.16,15.0,41.174,1.578
9283.89,4105.48,0.44221,83.9311,1322331.9,138.498,3744.0,110.0,35.9079,16.795
7079.21,1601.08,0.22616,63.7603,960753.4,93.2016,3316.93,38.0,37.896,10.319
10169.4,2389.34,0.23495,123.762,1414548.0,161.716,4593.98,75.0,30.186,1.2
9399.4,3258.38,0.34665,97.552,1281795.1,127.714,3939.17,41.0,34.8013,3.948
5519.64,1434.79,0.25994,64.8526,690853.7,84.9427,3090.84,16.0,39.4556,2.213
5971.21,1880.94,0.315,54.7855,814807.44,83.5206,3208.86,13.0,39.5184,7.906
8358.87,2694.95,0.3224,93.7362,1211448.1,142.459,3366.46,98.0,37.1322,12.57
6620.75,2298.81,0.34721,61.8589,882423.0,101.501,2778.98,42.0,38.845,10.306
16434.1,5491.15,0.33413,188.643,2260286.0,288.129,5439.58,90.0,26.4579,7.053
10745.9,2598.26,0.24179,130.813,1492351.8,169.38,4683.17,173.0,28.8019,0.644
5545.46,1094.36,0.19734,52.5459,797254.8,72.8028,2843.91,55.0,40.1725,1.747
7273.39,2128.94,0.2927,68.11,1004512.94,99.7497,3117.73,52.0,39.5905,2.427
6574.8,2727.7,0.41487,72.5352,912349.75,101.687,3112.31,29.0,39.6697,6.684
11353.7,3276.75,0.2886,108.237,1562799.2,155.548,4395.77,26.0,32.5146,3.982
6711.08,1884.34,0.28078,67.9151,925502.2,83.8475,3082.96,53.0,38.8411,2.352
13341.2,3783.15,0.28356,142.971,1844474.0,169.318,4555.98,89.0,31.5179,2.191
8909.83,3225.22,0.36198,90.5507,1241528.8,122.362,3470.94,42.0,35.0041,10.536
4194.28,1260.13,0.30044,35.7474,573089.8,51.2552,1388.27,32.0,44.4243,11.385
8996.05,2641.84,0.29366,93.0482,1234809.4,130.395,4068.91,64.0,29.1693,17.41
8657.57,2453.55,0.28339,96.4238,1181320.1,127.98,3463.65,115.0,36.3452,1.384
4737.47,1631.93,0.34447,43.8746,644762.5,59.4612,1941.44,36.0,42.9568,4.69
10979.6,3377.29,0.30759,116.318,1529775.5,164.817,4600.75,108.0,31.3833,4.042
9127.55,2626.44,0.28774,86.0165,1238161.6,124.41,3852.24,28.0,34.8579,2.04
8622.46,2812.53,0.32618,73.3064,1203321.5,120.925,4116.05,89.0,34.8007,13.076
7294.0,3557.5,0.48772,61.596,1041001.56,107.61,2613.16,62.0,39.3999,13.58
10097.7,2807.71,0.27805,120.195,1387819.8,143.22,4173.66,132.0,32.8614,2.538
15707.2,5482.32,0.34903,115.454,2116614.5,247.258,9746.87,89.0,28.7794,5.212
12664.1,4082.6,0.32237,152.535,1800547.8,210.449,4941.61,75.0,29.2647,1.625
5924.59,1445.47,0.24397,64.8883,791244.56,74.3501,3146.02,67.0,39.9437,11.991
11482.4,2507.22,0.21835,155.576,1621625.8,170.787,4610.25,54.0,29.9481,0.952
5802.55,1395.86,0.24055,47.5589,819218.25,72.9945,2294.51,73.0,42.0721,9.316
9172.81,2275.87,0.24811,98.7063,1290481.1,120.76,3893.53,56.0,33.4684,3.836
11172.8,3329.33,0.29798,133.524,1536739.5,154.936,4961.25,76.0,29.9305,5.361
5802.92,2215.17,0.38173,33.2891,823202.06,79.5626,2589.32,39.0,42.7567,2.885
9624.92,3196.24,0.33207,83.9336,1369754.8,137.299,3681.08,14.0,34.933,3.362
8954.35,2902.9,0.32418,92.7765,1214683.8,129.807,3391.69,77.0,37.9305,2.491
5637.83,950.41,0.16857,58.3587,782517.7,70.5514,2595.6,13.0,41.0557,6.431
5867.84,1805.33,0.30766,54.7701,806048.0,78.6932,3179.22,10.0,39.6503,7.406
12841.5,4358.08,0.33937,155.241,1817646.2,175.447,5171.69,29.0,27.3972,4.623
14782.7,3655.11,0.24725,203.443,2070971.8,234.572,4950.14,137.0,26.8524,2.759
9131.08,2109.57,0.23103,108.121,1237063.2,141.76,3989.29,36.0,34.4705,1.858
8574.9,2180.34,0.25427,97.9297,1162706.2,96.3543,4001.12,14.0,33.0833,7.026
6599.12,1649.92,0.25002,64.0188,925904.44,83.3166,3571.97,35.0,37.9661,1.833
7825.68,3113.91,0.3979,77.6324,1096946.2,119.703,3293.93,39.0,37.7319,2.59
10182.7,3195.44,0.31381,114.655,1402526.9,147.955,4458.22,95.0,32.843,4.618
7264.6,2373.4,0.3267,64.8901,978120.56,100.026,3113.19,26.0,40.1807,1.499
6362.73,1167.01,0.18341,54.2956,875436.94,75.6345,2448.53,3.0,41.5803,7.322
13685.4,2863.68,0.20925,179.751,1925912.9,196.834,4037.82,137.0,32.2226,1.529
15861.0,5423.32,0.34192,185.651,2209583.8,264.816,5442.98,165.0,24.3808,1.917
9555.74,2261.78,0.23669,116.079,1330528.5,130.78,4204.23,54.0,33.9164,1.81
13258.2,3646.48,0.27503,175.164,1867121.4,210.549,5002.16,195.0,27.8785,1.963
7016.44,2085.18,0.29718,62.9475,911052.94,94.3984,3439.15,61.0,38.9513,13.987
9040.34,2262.11,0.25022,96.3749,1274521.1,152.665,3820.85,14.0,34.2079,0.556
11934.2,3071.23,0.25734,132.18,1641616.1,161.876,4502.22,95.0,31.1958,2.291
9015.49,2630.74,0.2918,96.1585,1246487.9,147.26,3278.73,11.0,36.4738,2.117
5877.36,1454.01,0.24739,56.6312,842661.56,70.788,2425.5,65.0,41.8575,3.417
8808.19,2785.44,0.31623,95.2746,1221706.4,127.905,3512.07,9.0,36.032,2.584
4899.01,1557.19,0.31785,45.8027,691238.8,62.8896,2532.13,48.0,42.2875,7.413
8888.89,2582.19,0.29049,77.0722,1266199.1,129.419,3578.76,55.0,37.5695,6.292
10580.5,2826.53,0.26714,142.223,1423261.6,170.623,4380.34,68.0,30.8525,2.64
8392.98,3080.41,0.36702,91.3431,1171507.0,140.582,3980.62,110.0,33.4117,15.078
6792.98,2299.94,0.33857,64.3161,965289.4,83.3979,2340.23,69.0,40.4935,3.507
7995.18,2432.92,0.30429,74.2714,1115765.5,112.557,4017.79,21.0,36.8646,6.522
12030.4,3998.39,0.33235,117.775,1703107.1,165.943,3992.7,161.0,35.1062,15.788
7438.38,2810.63,0.37785,64.813,1087173.6,97.2681,3219.61,28.0,38.8332,1.289
7524.06,1944.16,0.25839,58.6243,1077285.2,91.3494,2982.27,53.0,38.9028,11.592
6989.91,1968.51,0.28162,66.9809,965140.06,88.4384,3007.69,45.0,39.802,2.718
4300.76,1146.0,0.26646,32.7466,616879.0,44.4691,1241.68,29.0,44.316,19.25
15620.9,5200.14,0.33289,182.054,2142564.5,249.867,4918.82,44.0,27.8557,3.581
20570.3,6899.76,0.33542,229.125,2825220.5,333.709,5060.77,142.0,25.6736,9.642
8844.34,2649.63,0.29958,79.7177,1231941.0,115.121,4182.84,62.0,34.2855,1.975
11169.8,5137.09,0.4599,106.869,1442478.6,195.071,4005.17,102.0,35.1328,17.08
8152.29,2281.15,0.27981,89.075,1112632.9,118.754,3221.89,85.0,38.7324,1.729
5861.46,1899.33,0.32403,73.1843,776591.6,78.7793,2967.78,55.0,39.1169,2.752
17513.1,6681.98,0.38154,152.553,2383999.2,312.992,11474.68,57.0,32.8677,4.985
9069.29,3166.58,0.34915,92.7435,1229741.9,128.787,3980.93,34.0,34.2131,1.871
10111.4,3045.39,0.30118,96.0496,1401226.5,142.565,4128.78,36.0,33.965,3.344
8479.69,2311.2,0.27255,90.328,1197787.1,103.976,4002.68,22.0,35.9595,1.529
10332.4,4198.91,0.40638,94.5421,1467469.2,126.466,4107.27,38.0,33.1526,17.567
7515.06,1441.18,0.19177,66.1897,1048421.3,73.4449,2792.84,14.0,39.9669,11.61
9849.87,2585.23,0.26246,86.375,1396105.4,119.956,4269.75,92.0,33.8571,2.284
8531.38,3266.96,0.38293,86.6505,1209592.2,124.265,3493.38,31.0,36.2847,4.218
15499.6,5166.89,0.33335,155.289,2126066.2,225.654,4951.21,96.0,27.3897,20.176
8736.05,2817.02,0.32245,83.6994,1183810.2,116.825,3843.32,41.0,36.2684,11.93
6098.61,1931.73,0.31674,63.5817,803875.44,83.0284,3509.52,58.0,38.6492,7.912
13172.7,5209.97,0.39551,115.641,1869219.6,198.549,3861.51,151.0,35.1658,18.778
6600.78,2189.93,0.33176,52.3044,910402.4,96.1766,2827.05,48.0,43.3798,17.443
8735.05,2850.22,0.32629,72.6868,1208999.8,126.667,3419.67,46.0,36.3379,5.247
6095.98,1963.43,0.32208,53.9232,850025.5,82.6329,3027.51,11.0,38.8249,12.875
14047.9,5235.51,0.37268,166.435,1944388.4,261.593,4448.56,71.0,27.7042,6.249
23715.1,7699.57,0.32466,310.768,3322124.2,390.509,6297.15,93.0,17.8646,3.404
11333.8,2955.34,0.26075,137.194,1581323.4,174.936,4688.84,172.0,28.7578,0.915
6024.53,1498.02,0.24865,58.5353,754150.1,86.6559,3130.73,22.0,39.3121,3.335
10687.8,4073.0,0.38108,98.6385,1527880.8,127.867,3817.86,28.0,34.8786,13.168
14914.9,4724.03,0.31673,203.502,1974365.6,233.988,6403.2,228.0,22.2804,8.252
19049.3,5878.53,0.30859,258.188,2574217.5,313.229,5797.43,334.0,20.9084,2.587
10596.6,3688.49,0.34808,129.868,1416010.6,172.924,4147.21,41.0,33.3548,1.601
12876.4,4824.4,0.37466,128.717,1810841.0,168.062,4871.1,150.0,28.643,17.731
6214.47,2247.39,0.36163,56.1424,852113.1,84.7003,2652.97,32.0,41.1603,3.429
16970.3,4759.88,0.28048,210.908,2346247.8,289.384,5192.4,178.0,24.983,2.448
8030.93,3192.81,0.39756,76.8396,1079982.9,126.009,3055.08,24.0,38.604,15.788
6844.63,2474.8,0.36156,84.5857,924123.3,102.422,3752.15,26.0,36.2406,2.61
14823.0,4315.6,0.29114,150.053,2031695.9,254.028,4639.2,81.0,28.7798,2.34
15346.5,4312.1,0.28098,214.785,2108270.8,272.723,5096.91,157.0,25.28,3.532
8390.82,2656.09,0.31654,98.9836,1146886.2,146.574,3260.86,8.0,36.588,1.949
13357.9,4168.1,0.31203,158.758,1866107.5,221.687,4820.55,113.0,28.3823,3.895
6388.7,1562.0,0.24449,70.7313,842645.06,91.6728,3428.08,78.0,37.899,1.15
8405.46,2533.88,0.30145,100.316,1156791.1,140.245,3239.33,17.0,36.3396,1.596
10817.8,4342.53,0.40142,135.183,1451595.9,185.988,4480.74,165.0,31.0265,2.95
5960.6,1894.5,0.31783,59.7969,826484.4,82.2496,2664.54,37.0,40.7183,2.07
11272.5,3019.1,0.26782,137.664,1556614.6,160.421,4472.12,95.0,31.4772,2.069
9071.33,2697.73,0.29739,73.7624,1255504.4,99.9492,3493.84,62.0,38.1646,11.781
8913.55,3905.59,0.43816,98.3804,1271051.1,155.235,3329.58,51.0,34.6822,15.611
12279.4,4628.05,0.37689,97.3279,1695488.9,191.144,4491.36,98.0,32.427,16.7
6458.78,2128.26,0.32951,59.8309,870037.1,99.1114,3105.8,18.0,40.2415,1.135
12905.0,4045.25,0.31346,164.952,1779076.9,212.85,4896.91,107.0,27.8212,20.725
13493.9,4339.04,0.32155,182.083,1872523.2,241.323,4376.77,17.0,30.4004,3.169
14603.7,2826.4,0.19353,168.113,2037510.6,238.129,4835.6,83.0,27.7187,2.751
23212.7,5414.72,0.23326,314.94,3202336.0,405.278,6220.49,160.0,19.8525,0.972
19464.7,6615.64,0.33987,271.249,2624193.2,327.946,5829.32,314.0,20.6892,4.035
6525.73,2166.58,0.332,58.4799,941304.8,90.9861,3401.5,56.0,39.4101,14.334
6423.64,2057.12,0.32024,50.8128,911466.8,95.6962,3115.72,7.0,38.812,6.561
8429.24,3185.8,0.37794,79.5329,1164573.6,122.515,4266.45,27.0,34.1661,20.557
13884.3,2980.99,0.2147,174.462,1982702.5,223.802,4782.13,76.0,27.601,3.089
8241.01,3133.41,0.38022,105.922,1102797.8,137.234,3527.35,70.0,37.1093,14.206
8529.9,1990.96,0.2334,82.0435,1219196.2,111.989,4138.3,94.0,34.4002,2.057
2864.76,903.69,0.31545,22.2613,387853.4,31.9704,1333.81,4.0,44.5522,3.161
7610.25,1978.02,0.25991,66.2596,1049761.0,104.66,3694.29,24.0,37.4364,1.731
8005.51,2526.4,0.31558,74.3116,1117481.5,106.674,3983.58,54.0,35.5044,6.666
5591.73,1383.64,0.24744,41.5479,787329.56,64.0107,2403.51,15.0,41.6872,3.107
4178.91,1012.32,0.24224,29.5258,573790.7,48.4492,2027.34,42.0,44.5257,6.456
8131.0,2525.66,0.31062,91.7966,1099773.9,104.534,3612.21,40.0,36.8221,14.562
9914.62,2975.02,0.30006,101.957,1359816.2,148.33,4073.88,124.0,35.0244,3.018
4918.52,945.56,0.19224,46.3963,707244.44,54.3889,2192.38,81.0,42.7968,0.724
5205.83,1401.71,0.26925,45.1495,723995.9,63.7101,2035.31,6.0,41.5879,8.394
7866.91,1534.99,0.19511,76.6493,1097977.0,105.18,3773.34,13.0,32.7798,1.882
5526.56,2015.23,0.36464,44.6198,774218.7,79.8346,2332.74,32.0,42.6504,1.293
15251.4,3899.06,0.25565,153.663,2161750.8,190.98,5522.13,165.0,24.6201,12.814
22994.3,7463.79,0.32459,306.151,3198390.0,399.084,6279.28,98.0,17.744,3.457
7891.91,1698.31,0.21519,76.4644,1126866.9,112.533,4048.8,104.0,34.8984,1.021
4782.04,1283.8,0.26846,38.9663,677555.4,66.0764,2534.11,29.0,38.7342,12.551
20591.3,5897.31,0.28639,201.119,2851619.2,318.061,5623.99,198.0,22.3682,18.341
6107.4,1353.32,0.22158,61.1519,800829.75,91.9346,2699.87,48.0,41.1019,13.159
12138.1,3534.01,0.29115,114.727,1610959.8,163.995,4721.15,35.0,31.5879,19.807
7424.76,3351.95,0.45145,62.7802,989067.56,143.414,4042.18,62.0,35.425,16.735
15072.7,3935.41,0.26109,187.275,2122664.5,215.985,5716.24,63.0,23.0163,1.461
16095.2,5421.7,0.33685,233.417,2187392.2,256.186,5435.26,129.0,24.3861,2.057
11895.7,3363.12,0.28271,127.699,1610391.6,174.013,3824.43,32.0,33.7058,2.966
14797.7,6181.31,0.41772,168.813,2069962.8,265.162,4496.03,122.0,29.1697,19.942
5706.26,1787.55,0.31326,44.4613,824354.56,73.5421,2602.94,46.0,42.7719,9.485
9338.97,3666.24,0.39257,72.845,1258927.8,137.216,3743.04,79.0,33.7525,8.672
5756.28,1374.65,0.2388,66.1608,784100.56,93.9911,3391.35,86.0,35.7038,13.409
7799.11,2755.68,0.35333,78.4541,1048870.1,110.286,3156.46,23.0,38.4577,15.844
13750.4,5171.9,0.37612,189.287,1858898.4,270.831,4607.97,40.0,28.6326,2.769
14507.8,5238.21,0.36106,174.037,1952639.8,271.033,4170.14,96.0,32.5497,19.433
9720.98,2942.77,0.30272,93.9484,1341365.1,115.552,3335.3,49.0,35.8867,14.848
22919.1,9001.1,0.39273,169.475,3259925.2,367.145,10876.39,147.0,20.4177,20.421
9883.04,2855.79,0.28895,134.113,1355498.8,141.133,4899.12,74.0,29.3976,4.102
6150.12,2088.72,0.33962,60.0784,795208.7,102.848,2996.92,4.0,39.5446,13.809
16171.5,4077.15,0.25211,210.041,2217640.5,259.0,5187.09,166.0,25.4947,2.646
12041.5,3955.28,0.32847,115.892,1676477.1,177.824,4596.24,132.0,30.9079,6.346
13266.2,4196.52,0.31633,115.776,1806577.6,180.725,4783.43,111.0,29.5515,14.393
6669.77,2337.11,0.3504,56.8882,900204.5,97.9901,2474.26,32.0,41.1828,15.847
11987.4,2810.42,0.23444,132.378,1632835.2,158.122,3975.25,222.0,32.4452,2.609
9427.79,2735.1,0.29011,87.7806,1299068.4,126.174,3837.91,38.0,35.5608,1.908
9273.59,2784.71,0.30028,92.3507,1283799.1,137.101,3870.11,36.0,35.1736,4.329
12476.1,3883.97,0.31131,112.319,1822893.6,165.662,3627.56,153.0,36.2172,20.311
23470.2,7193.56,0.30649,300.766,3269017.2,387.7,6382.79,105.0,17.579,3.753
8757.43,2008.01,0.22929,102.288,1226096.5,119.221,3845.17,56.0,34.8298,2.997
6733.34,2067.69,0.30708,57.0984,947115.9,99.2482,3297.24,17.0,39.2535,13.46
13164.8,3362.6,0.25542,150.552,1860062.9,210.457,5109.69,201.0,27.1024,1.881
24434.7,8921.63,0.36512,233.876,3396256.8,401.657,11040.41,214.0,24.8966,6.237
6754.61,2373.34,0.35136,80.7047,918372.8,100.286,3221.68,57.0,38.361,2.844
9914.62,2975.02,0.30006,101.957,1359816.2,148.33,4073.88,124.0,35.0244,3.018
9594.2,3568.13,0.3719,97.3458,1369971.0,136.572,3662.22,41.0,31.5505,18.61
7395.86,2450.35,0.33131,75.6774,1024941.7,101.907,3714.34,38.0,36.1619,1.854
14714.6,3493.33,0.2374,195.738,2045894.2,258.738,4969.72,112.0,26.2501,2.256
13167.8,3195.33,0.24266,183.435,1799681.6,203.669,4578.47,171.0,29.0273,1.672
17587.3,7493.14,0.42605,189.548,2461695.5,262.457,4986.28,142.0,27.3595,20.762
7822.74,1932.44,0.24702,71.9475,1125500.8,83.4877,3166.33,34.0,36.9797,16.343
15752.2,5473.58,0.34748,166.001,2182459.5,234.421,5378.33,137.0,25.928,9.148
12907.7,4286.55,0.33209,116.409,1725532.6,171.498,6110.55,72.0,34.0121,2.956
23501.3,7617.02,0.32411,180.975,3351639.5,343.403,10701.85,221.0,21.0733,9.5
6326.0,1793.97,0.28358,68.1745,907943.9,81.5064,3076.6,14.0,38.0325,2.536
9430.61,2817.51,0.29876,77.0925,1294023.0,138.726,3994.06,64.0,32.9916,13.577
9701.76,2577.12,0.26563,106.439,1379582.9,140.867,3938.65,39.0,33.3499,1.645
7687.25,2761.99,0.35929,87.1565,1067795.5,107.906,3583.05,31.0,37.6944,11.795
9849.19,2386.86,0.24234,84.2667,1392816.2,110.517,4103.87,21.0,27.6493,2.161
14414.5,3513.29,0.24373,158.854,2063705.2,207.728,4651.91,51.0,28.8775,18.345
7406.39,2223.19,0.30017,57.8402,1016173.5,100.298,2640.82,24.0,41.4126,3.384
12145.2,4156.02,0.34219,135.266,1652175.8,182.686,3970.36,238.0,32.3707,3.41
8978.17,2539.46,0.28284,110.213,1254574.4,127.719,4275.17,111.0,33.6175,16.828
7948.65,2734.5,0.34402,74.6837,1072812.4,110.298,3665.04,79.0,35.4347,3.824
7617.28,1919.8,0.25203,62.977,1011981.06,90.336,3671.72,24.0,36.4327,5.866
16970.3,4759.88,0.28048,210.908,2346247.8,289.384,5192.4,178.0,24.983,2.448
19778.3,6116.02,0.30922,243.834,2765045.5,324.698,5792.62,219.0,23.0039,3.887
7221.35,2224.04,0.30798,70.5466,998040.3,97.1767,3069.3,22.0,38.1014,4.351
9182.07,3749.82,0.40838,82.9907,1284515.5,140.229,3653.83,119.0,35.3356,3.154
5760.96,1963.88,0.34089,56.624,801623.8,78.4865,2605.12,31.0,41.3828,2.752
5938.57,1369.11,0.23054,57.0911,775325.7,74.1997,2922.07,45.0,39.261,5.758
8942.13,2804.93,0.31367,89.4833,1246594.5,129.185,4042.47,21.0,36.3085,1.511
10429.7,3518.76,0.33737,86.4753,1400897.5,142.493,3869.97,20.0,34.4981,16.52
17714.8,7008.68,0.39563,189.028,2475128.5,295.833,6068.81,203.0,26.5406,6.105
5621.92,1673.0,0.29758,54.3349,794968.9,74.4295,2918.44,10.0,38.8737,12.639
13091.4,3939.96,0.30095,166.96,1803533.2,213.593,5304.62,61.0,25.3029,2.543
5977.68,1567.86,0.26228,50.9179,784806.6,94.2515,3733.29,20.0,40.5999,1.874
9213.44,1663.65,0.18056,97.5919,1307036.8,133.201,4206.49,44.0,33.6169,0.731
4515.38,878.44,0.19454,43.824,613923.0,62.7002,2547.84,20.0,43.2811,2.468
7227.28,2614.79,0.36179,72.5263,980181.0,120.568,3273.59,66.0,36.8356,14.407
10680.3,4435.86,0.41533,96.6835,1502099.1,174.277,3956.87,48.0,34.0411,16.235
4760.2,1453.0,0.30523,36.1842,672351.0,58.5601,1870.3,20.0,44.3577,12.598
7340.66,2566.5,0.34962,55.3244,1034392.7,105.757,3761.62,20.0,37.9755,12.302
8243.96,1297.38,0.15737,77.3033,1092942.5,99.9672,3747.45,33.0,36.303,9.449
11665.2,4645.23,0.39821,92.7577,1648260.1,165.49,4635.25,105.0,30.1442,19.839
4087.13,780.12,0.19087,39.1639,524055.84,53.7345,2072.81,38.0,43.6304,5.86
13358.3,5353.39,0.40075,157.973,1833359.1,296.493,4968.91,160.0,27.0003,19.622
16627.2,5346.68,0.32156,212.507,2191331.5,254.87,5868.94,256.0,21.8169,2.362
7523.5,2149.28,0.28567,75.3033,1014112.44,100.433,2963.2,106.0,37.7919,1.671
5644.75,1530.13,0.27107,67.9511,708391.9,86.9559,3089.19,16.0,39.2173,2.904
14771.9,4740.29,0.32089,163.799,2130677.8,268.071,4937.0,103.0,26.8319,4.501
22791.8,6419.89,0.28167,301.507,3159441.8,369.397,6273.5,86.0,17.9441,3.325
11667.1,3082.45,0.2642,127.495,1627984.6,175.652,4334.71,58.0,31.6734,1.695
7351.63,2341.42,0.31848,53.6933,1038381.8,99.7525,3881.61,54.0,37.8182,13.57
13770.6,4578.43,0.33247,136.535,1930475.9,194.546,4340.83,36.0,31.4138,3.279
17747.6,5483.53,0.30897,160.8,2494579.0,249.669,5568.59,196.0,22.1196,3.68
5696.55,1738.22,0.30513,56.3696,818176.06,85.2821,2288.0,64.0,42.1742,9.044
7863.51,2691.58,0.34228,58.5786,1102541.6,108.508,2886.69,14.0,41.2948,12.629
8435.5,3200.59,0.37941,101.452,1184384.2,167.786,3798.07,114.0,34.506,15.787
19289.0,6169.04,0.31982,196.781,2678908.0,236.667,5274.83,124.0,26.3846,17.327
8975.3,2806.25,0.31266,82.0714,1292624.9,113.365,3898.11,24.0,34.6578,13.787
8114.36,2219.6,0.27353,53.514,1142492.6,89.052,3757.27,72.0,38.1512,15.371
7252.13,2431.09,0.33522,85.8461,1007820.8,108.493,3589.32,29.0,36.5607,11.197
8027.23,2566.4,0.31971,88.3095,1098956.9,147.03,3951.2,36.0,35.869,15.178
9902.13,3008.42,0.30381,127.232,1349325.4,170.042,3785.41,21.0,33.5588,3.236
9462.01,2584.07,0.27309,93.0658,1344614.9,137.699,4148.39,165.0,32.6684,1.278
14430.6,3521.14,0.244,133.253,2015902.0,174.172,5246.68,32.0,27.8583,4.274
6392.95,1525.7,0.23865,65.8472,856126.25,81.1838,2936.92,28.0,39.1293,2.419
7637.29,3193.19,0.4181,68.2643,1081826.1,116.238,3575.8,58.0,37.0956,12.464
16160.5,5256.48,0.32526,161.908,2320320.0,222.153,5830.45,132.0,27.2255,17.076
7447.78,2360.25,0.3169,72.1312,1037280.3,102.891,3227.65,30.0,37.9422,10.391
8164.2,2005.27,0.24561,81.2187,1168624.0,115.398,4052.64,89.0,34.9505,1.373
8320.13,1302.46,0.15654,77.4095,1103292.8,101.771,3746.25,33.0,36.2697,9.459
8049.1,3725.08,0.46279,54.6714,1123527.2,140.966,3478.29,56.0,36.8642,14.252
6051.15,1378.82,0.22786,53.8402,843564.75,76.5736,2866.6,54.0,39.0801,14.391
5171.66,1107.02,0.21405,38.9592,724046.94,54.13,1871.79,35.0,43.9825,9.574
15270.6,4747.75,0.3109,186.712,2106215.2,232.401,5431.81,158.0,21.9441,2.942
16548.6,4275.78,0.25837,228.697,2336032.2,274.41,5561.05,106.0,22.0721,2.857
8483.36,3352.29,0.39516,73.8529,1196935.6,117.884,5266.0,127.0,34.8722,18.775
15586.8,5328.01,0.34182,184.042,2136837.5,244.088,5800.73,214.0,27.0065,2.7
6115.3,1650.78,0.26994,53.1783,834695.6,73.6332,2376.0,35.0,38.3474,13.864
9583.11,3047.95,0.31805,106.249,1314986.5,147.783,3784.06,41.0,32.1632,15.416
4281.11,1547.54,0.36148,35.5875,578900.9,58.0423,1418.43,50.0,44.1257,11.099
9086.77,3286.76,0.3617,90.5828,1204901.0,146.939,4037.27,26.0,34.0115,17.357
9626.56,2299.34,0.23885,86.0977,1360820.1,119.19,3923.65,154.0,31.2276,7.431
7160.04,2691.67,0.37592,72.3439,995046.94,106.253,3461.76,71.0,37.5822,15.022
11155.6,3383.81,0.30332,142.703,1573166.4,159.059,4251.55,133.0,29.6432,16.897
4241.04,1307.18,0.30822,36.5114,581465.6,50.6288,1399.42,32.0,44.5174,11.563
10631.2,2103.52,0.19786,85.0478,1482270.4,120.386,3962.86,169.0,33.4275,5.618
16776.9,5249.55,0.3129,149.25,2306484.5,245.293,4255.09,112.0,30.1875,18.682
7107.19,2890.85,0.40675,70.2775,987257.6,120.673,3184.99,53.0,38.3562,13.834
7248.01,2251.69,0.31066,75.158,991718.1,97.2876,3679.95,32.0,36.6593,2.319
15964.0,4588.33,0.28741,173.513,2194204.2,257.167,5305.45,79.0,24.8961,5.583
4489.92,1500.82,0.33426,30.8143,645849.2,54.2538,1366.45,39.0,45.1583,19.404
8253.95,2842.95,0.34443,88.4568,1135219.0,139.725,3030.2,70.0,39.5902,10.555
21103.1,7237.0,0.34293,233.542,2884396.2,308.132,5024.96,148.0,26.0992,7.66
11912.7,3548.47,0.29787,107.294,1633893.4,172.466,4727.46,13.0,31.3953,3.711
8013.38,2377.52,0.29669,78.8666,1061054.2,113.375,3916.39,53.0,35.9601,14.715
9744.9,3612.28,0.37068,102.415,1366444.4,135.947,3752.8,9.0,34.7949,2.52
10245.3,2817.66,0.27501,100.716,1438473.4,118.501,3739.07,44.0,35.812,13.758
8832.33,2787.06,0.31555,93.811,1253355.0,108.108,3787.3,32.0,33.478,13.181
7811.16,2587.35,0.33123,60.6459,1077525.5,104.611,3323.59,7.0,38.9728,10.273
6872.6,2091.87,0.30437,77.4867,938780.3,108.151,3090.76,81.0,39.0933,0.984
9231.33,3822.77,0.4141,82.5656,1247740.5,142.617,4016.14,44.0,35.9088,15.247
6692.99,1500.72,0.22422,68.9858,915574.5,87.6395,3349.62,20.0,37.3461,2.402
10100.3,2171.55,0.21499,78.6256,1413118.8,127.903,4878.06,26.0,32.7937,1.715
3696.32,1275.6,0.34509,35.1247,502835.47,48.2856,1402.95,31.0,44.3311,11.173
17026.7,6058.7,0.35583,231.962,2329809.0,284.121,5544.53,139.0,23.5671,1.68
6942.17,2007.46,0.28916,60.8422,952933.25,83.1004,3320.56,19.0,38.1932,6.145
15753.1,6693.45,0.42489,173.258,2198835.2,282.355,5863.17,137.0,24.198,19.586
16906.7,6625.22,0.39186,207.062,2388677.5,280.391,5087.4,111.0,26.3504,4.607
7004.12,1833.31,0.26174,63.1438,980215.25,94.1589,3580.53,32.0,38.0959,1.878
8056.64,2270.74,0.28184,94.3646,1139344.4,114.68,3544.71,97.0,36.7609,2.124
7057.2,2751.72,0.38991,50.8893,994891.9,112.37,3019.72,68.0,39.5778,15.273
6534.12,2852.69,0.43658,63.4903,904244.94,105.54,3374.11,62.0,37.9818,14.061
8320.59,2870.42,0.34497,55.2579,1139475.5,116.639,4396.68,42.0,34.2277,19.991
6306.41,2854.82,0.45268,57.9338,890356.9,96.9536,2614.63,63.0,40.2704,13.419
8792.18,3422.79,0.38929,85.7146,1197666.4,131.2,4110.8,48.0,32.1113,16.134
12621.5,4908.41,0.38889,166.55,1740551.6,250.969,4861.55,180.0,29.4057,3.305
8071.89,4162.6,0.51569,84.9461,1001304.0,170.433,2515.91,83.0,39.7998,15.146
14337.6,5208.57,0.36328,130.242,2057082.0,209.093,6098.37,105.0,29.6578,14.791
12266.2,3954.38,0.32238,129.751,1663044.5,188.41,4359.66,105.0,31.2557,6.867
8025.28,2241.23,0.27927,84.3279,1099014.4,117.339,3205.86,82.0,38.7613,1.694
7156.47,2497.02,0.34891,65.8272,1001072.4,108.656,3186.01,18.0,39.0222,15.402
6936.98,1967.9,0.28368,68.1891,945091.9,102.927,3433.65,23.0,37.681,0.0
6951.43,2723.88,0.39184,69.0423,998123.1,89.1828,4369.75,70.0,36.4146,3.33
6653.5,2222.39,0.33401,76.9282,895052.0,108.682,3263.42,94.0,39.01,4.391
3940.67,1209.23,0.30685,35.2194,543437.2,49.032,1395.93,17.0,44.2318,1.358
10436.5,2209.22,0.21168,108.07,1477276.9,133.672,4443.37,41.0,33.1285,1.457
5753.37,1118.82,0.19446,52.7853,749735.5,73.9602,2698.03,35.0,39.4231,11.821
6126.51,1700.98,0.27764,68.9867,866244.4,72.2175,3183.86,22.0,38.6751,2.049
16076.1,3450.21,0.21461,197.064,2269134.2,260.468,5563.68,82.0,23.5846,2.216
9792.83,2383.39,0.24338,103.513,1336708.4,145.459,4090.93,38.0,34.1155,2.002
12262.4,3683.99,0.30042,109.106,1718508.2,175.074,5492.63,64.0,32.9405,4.325
15265.9,3744.55,0.24528,205.884,2120449.8,242.237,5000.6,146.0,26.0824,2.851
4183.34,1342.69,0.32096,36.2939,572443.6,52.1729,1444.59,16.0,44.4883,1.602
8937.8,2700.47,0.30214,90.433,1250284.8,123.415,3195.04,22.0,37.6861,0.886
6257.81,1551.2,0.24788,57.4359,858330.75,78.8009,2768.77,22.0,40.611,1.586
9516.41,2649.56,0.27842,110.8,1294511.5,160.113,4134.66,69.0,33.0031,1.163
14611.8,4257.68,0.29138,183.375,1994669.0,252.959,5239.56,97.0,19.3199,6.976
10449.9,3462.37,0.33133,121.997,1435440.4,164.284,4507.3,143.0,31.2488,5.703
4960.73,1262.27,0.25445,44.0217,688173.2,58.5782,1919.53,13.0,43.7151,1.907
7900.95,2068.2,0.26176,79.6493,1116274.6,109.326,3817.25,44.0,35.7439,2.25
18383.1,5409.76,0.29427,182.251,2590075.5,249.373,5291.77,40.0,25.2795,17.858
13107.6,4686.25,0.35752,155.405,1816528.4,177.317,5245.18,37.0,27.4935,4.987
7651.32,2434.21,0.31814,61.1453,1058428.1,94.3395,3422.48,32.0,37.8215,3.112
5918.67,1641.49,0.27734,60.6895,838292.06,81.9025,2386.74,28.0,40.639,9.276
19402.4,7087.34,0.36528,171.757,2815213.0,293.562,6242.72,196.0,24.6769,16.738
17001.5,4490.27,0.26411,185.406,2456710.2,223.389,4609.8,94.0,29.1515,13.004
11912.9,2486.17,0.20869,150.536,1631165.2,193.693,4619.66,139.0,30.5245,0.679
14013.2,4516.72,0.32231,172.066,2010012.1,264.379,4979.18,98.0,26.7575,5.129
9732.99,3371.16,0.34636,90.0883,1373012.6,150.533,4112.8,88.0,34.1113,9.991
6277.0,2330.69,0.3713,68.359,895230.1,103.791,3107.3,42.0,38.8648,9.069
4972.84,1707.28,0.34332,51.5227,690069.44,65.6241,2177.34,20.0,42.9155,2.297
7670.79,3692.7,0.48139,87.7895,1071590.9,143.489,3504.13,61.0,36.6194,15.784
8755.66,2935.1,0.33522,129.879,1234211.0,161.564,4191.05,80.0,32.9731,17.079
3930.66,1602.44,0.40767,23.9051,534941.0,56.6115,1420.4,21.0,45.033,8.192
14559.3,4303.71,0.29559,194.303,2025637.8,228.913,5618.69,136.0,22.6537,0.825
12272.7,3646.19,0.29709,78.2115,1646692.6,153.716,3970.84,130.0,32.4033,3.969
18556.7,6302.59,0.33963,209.708,2547177.0,315.806,5803.34,244.0,21.649,10.723
10440.8,3256.1,0.31186,134.005,1483831.5,170.162,4318.03,48.0,32.3834,3.919
5647.28,1111.21,0.19676,66.0514,794820.7,67.4677,3059.66,13.0,33.7595,1.886
6407.84,2077.88,0.32427,62.242,845821.06,86.4101,3140.98,63.0,37.4843,15.158
6635.19,1867.91,0.28151,88.8085,928895.0,99.5575,3403.35,24.0,36.43,9.371
5825.65,1811.79,0.311,70.1067,803193.6,83.7844,2944.4,38.0,40.1633,3.262
4873.08,1375.32,0.28222,46.2439,680825.06,56.7995,1813.88,22.0,43.7357,2.931
9322.9,2613.01,0.28027,105.068,1331602.2,226.781,4264.05,85.0,32.1457,18.966
8740.73,2166.66,0.24788,85.3318,1257877.4,110.538,3961.44,8.0,34.5307,1.723
5942.39,1470.96,0.24753,65.4304,750327.5,94.9592,3015.56,24.0,39.5591,2.475
6489.32,1341.03,0.20665,54.1054,888864.6,87.2763,2835.4,17.0,40.1526,0.999
10065.9,2797.71,0.27793,121.722,1333142.2,157.371,4125.33,47.0,33.5387,1.623
6550.11,1725.79,0.26347,55.2166,897845.0,83.0796,2601.19,40.0,40.5011,9.462
19900.5,8293.12,0.41672,191.647,2748808.8,275.741,5267.21,185.0,26.1264,16.82
16969.3,3877.08,0.22847,178.583,2357739.2,223.304,5665.34,193.0,26.1005,18.422
5336.13,1719.09,0.32216,53.7835,735487.1,85.1041,2417.18,84.0,41.242,13.395
6391.35,2582.49,0.40406,51.6741,892296.75,99.8751,2769.14,65.0,40.1742,13.237
5465.16,1310.34,0.23976,51.629,696435.25,75.6682,2295.65,23.0,43.7948,8.624
12849.6,4209.87,0.32762,136.574,1780554.6,194.019,4706.53,89.0,29.5778,4.751
6399.39,1328.16,0.20754,68.7189,837404.1,92.9029,3455.37,20.0,38.311,0.0
6588.35,1839.05,0.27913,68.4334,862782.94,105.246,3457.14,74.0,37.0154,1.623
12513.5,3530.61,0.28214,157.773,1772299.4,174.402,4732.63,33.0,28.6701,0.0
8577.64,2227.0,0.25962,74.0707,1209888.1,102.655,3193.99,48.0,33.9095,17.882
6780.22,1958.01,0.28878,63.511,933110.7,88.9269,2926.9,53.0,37.5044,1.896
5694.07,1451.86,0.25497,52.6389,744632.06,91.4695,3506.32,10.0,40.2443,1.98
8542.97,2335.79,0.27341,73.5513,1155256.4,99.3111,3869.02,83.0,34.1674,15.743
14092.4,5173.09,0.36708,195.045,1860522.1,247.501,5129.87,77.0,26.1596,5.128
5758.38,1699.88,0.2952,47.5221,727981.75,82.7632,2246.87,31.0,46.5464,2.184
9088.17,3420.07,0.37632,97.4118,1296800.2,134.271,3655.18,126.0,34.7963,16.525
15146.1,5527.35,0.36493,180.972,2124982.0,248.382,5137.72,208.0,27.9465,2.656
5391.98,1146.03,0.21254,42.4569,759927.4,65.3338,2749.62,25.0,40.8293,3.079
8148.62,3468.24,0.42562,70.4405,1080404.9,130.75,3513.06,55.0,37.0183,16.99
5044.41,2036.1,0.40363,35.0788,711534.75,65.6392,2590.22,38.0,42.5958,2.891
9075.61,2633.96,0.29022,90.5593,1258671.4,136.566,3432.74,122.0,34.8092,1.2
7885.09,1683.39,0.21349,67.7936,1083881.2,89.7081,3320.7,57.0,38.187,12.797
7644.84,2871.88,0.37566,82.0136,1071143.9,107.448,3721.88,46.0,34.4234,13.901
6639.77,1581.64,0.2382,73.0659,887595.4,95.6193,3533.26,80.0,38.7493,1.595
13364.8,4438.91,0.33213,107.692,1936726.0,180.384,4700.65,98.0,29.558,15.635
6482.34,1915.6,0.29551,62.6261,874409.94,93.078,3498.29,72.0,37.9569,16.122
5895.64,992.17,0.16828,53.8057,814474.06,60.696,2989.6,20.0,38.0901,10.801
12393.2,3735.4,0.3014,161.391,1745244.4,208.193,4800.62,71.0,28.9424,3.797
11535.5,3613.33,0.31323,120.011,1619867.5,194.788,4624.11,64.0,30.4705,2.721
6321.75,969.74,0.15339,74.9509,842757.3,92.2519,2794.21,69.0,40.336,7.675
13487.8,3568.39,0.26456,150.974,1899315.5,177.595,4754.09,63.0,30.5141,20.737
4701.06,1269.57,0.27006,39.1512,663721.6,51.5828,1991.8,29.0,43.7509,12.147
6179.6,2093.74,0.33881,61.1666,877408.9,79.5403,2670.94,45.0,40.765,2.093
7791.28,2569.45,0.32978,74.9157,1111698.0,112.026,3245.29,59.0,37.5506,12.537
8298.63,2543.12,0.30645,85.6459,1170889.8,138.033,3602.58,14.0,35.5267,1.769
9882.57,3584.66,0.36272,93.4852,1406414.1,143.471,3967.5,23.0,35.3115,20.166
16952.8,4544.98,0.26809,226.299,2359862.8,273.019,5655.56,196.0,22.4211,2.096
5869.3,1362.63,0.23216,69.426,812879.06,84.0511,2777.61,80.0,39.4296,8.247
15196.3,5208.32,0.34273,162.552,2090149.8,197.625,5078.18,70.0,27.009,6.022
21340.3,7290.6,0.34163,255.073,2973162.2,343.161,5551.45,88.0,23.3022,3.556
9971.73,3261.29,0.32705,101.214,1363306.8,132.922,3903.25,9.0,36.7469,2.857
17462.9,5423.66,0.31058,205.583,2297925.2,267.504,6261.04,253.0,21.9718,2.973
23819.6,8359.86,0.35096,256.324,3188338.2,394.112,7047.29,301.0,20.6509,3.089
6513.68,1431.06,0.2197,59.524,895600.25,74.2538,3279.89,47.0,39.1545,12.919
11072.7,3056.37,0.27602,132.005,1545819.9,161.954,4202.75,54.0,32.0356,2.85
8600.4,2795.88,0.32508,68.4782,1189906.8,119.357,3367.78,59.0,36.9601,15.914
6992.85,1991.54,0.28479,67.9569,870032.06,95.8805,3229.33,39.0,38.6915,4.197
7750.14,3254.36,0.4199,75.2975,1095715.4,122.609,3284.17,35.0,37.8859,2.56
7655.89,1774.32,0.23175,60.2814,1069179.9,90.9642,3149.18,25.0,38.3743,11.295
7236.18,2344.7,0.32402,62.5091,944454.06,114.089,2887.05,32.0,38.4126,11.267
8725.29,2217.88,0.25418,90.1571,1238427.1,132.327,3951.13,161.0,34.0252,1.182
4372.91,765.35,0.17502,38.3808,571033.6,64.7408,2614.17,14.0,42.9973,2.317
5646.06,2328.87,0.41247,68.602,808841.9,76.4347,2306.5,65.0,40.9221,8.253
14940.9,3689.94,0.24696,184.622,2104849.5,214.553,5713.2,65.0,22.938,1.182
5006.36,1426.62,0.28496,44.5482,689620.0,59.1485,1908.85,14.0,43.6333,3.332
14420.8,4391.95,0.30455,166.897,1971590.6,259.387,4923.99,31.0,28.0698,3.554
11546.0,3687.12,0.31934,118.692,1643943.2,196.675,4308.79,46.0,32.2333,10.781
5947.62,2042.24,0.34337,73.9138,826934.9,85.7956,3006.95,29.0,40.4495,3.661
11612.6,3130.33,0.26956,147.87,1643269.2,156.852,4150.29,114.0,32.1012,3.095
5482.28,1870.73,0.34123,39.9743,745897.5,77.2637,1970.21,13.0,42.4244,13.028
8066.78,2420.62,0.30007,91.7958,1091861.8,114.548,3241.82,80.0,38.6289,1.75
9164.56,3475.57,0.37924,63.6758,1202767.9,145.587,4839.67,52.0,33.4677,5.11
9368.36,2475.78,0.26427,117.502,1276330.8,135.573,4125.22,129.0,32.9013,2.615
10517.0,3841.29,0.36524,80.8428,1432861.4,169.119,4108.45,15.0,34.6463,19.552
13143.8,4097.63,0.31175,138.854,1826857.2,187.821,4281.81,42.0,32.262,3.197
7845.21,2557.03,0.32593,84.9083,1066202.4,120.429,3532.31,41.0,36.108,5.246
16969.8,3982.17,0.23466,243.418,2306599.2,252.648,4894.55,256.0,27.3883,4.495
7899.39,3212.87,0.40672,70.7084,1092648.9,125.637,3922.98,19.0,35.193,16.845
5545.18,2524.24,0.45521,44.1771,784075.9,92.5677,2695.3,39.0,41.6918,11.664
13274.6,3243.85,0.24436,187.61,1809886.2,207.227,4573.49,182.0,29.1139,1.484
5683.72,1173.66,0.20649,51.5396,796406.44,67.989,2901.68,35.0,40.1791,3.729
9211.27,2559.51,0.27786,95.4089,1261864.0,161.129,4134.2,73.0,33.1941,0.644
7679.46,3026.04,0.39404,81.0519,1035569.2,128.931,3393.15,73.0,37.3743,16.489
11635.2,2642.54,0.22711,149.141,1649613.5,174.293,4610.51,52.0,29.974,0.91
8130.52,3024.51,0.37199,67.17,1079320.6,128.804,4009.89,67.0,33.6722,7.515
8382.86,1652.8,0.19716,68.279,1158951.6,94.8015,3874.83,20.0,36.9974,17.181
5312.47,1666.62,0.31371,54.8688,735308.6,66.083,2578.98,37.0,41.6455,2.979
8673.63,2034.37,0.23454,98.6653,1191407.4,108.778,4025.14,119.0,34.9951,4.28
8582.61,2140.11,0.24935,96.0488,1165650.2,97.7347,4002.35,14.0,33.9155,6.974
7372.69,2110.4,0.28624,64.1476,1043075.4,89.9098,3039.79,23.0,38.7674,6.095
6661.9,2368.09,0.35546,58.9274,922031.9,90.1902,3197.2,60.0,38.4363,9.598
7947.43,2068.53,0.26027,100.524,1078256.4,115.653,3365.58,114.0,36.3612,1.497
6399.53,1684.12,0.26316,59.478,914679.6,80.7403,2401.17,26.0,40.6705,10.253
20392.7,6328.25,0.31031,271.805,2731611.8,326.022,6335.23,254.0,20.5597,19.361
4654.76,1239.27,0.26623,42.8627,634454.3,71.1285,2530.47,14.0,43.0512,9.537
8678.89,3168.36,0.36506,94.4232,1182446.5,123.901,3632.04,53.0,31.6662,13.093
13072.2,4604.97,0.35227,141.816,1865877.5,228.223,4865.89,66.0,29.53,1.812
10437.7,3386.38,0.32443,92.5028,1474569.1,142.028,4198.52,17.0,35.5059,3.996
15252.4,5223.63,0.34247,186.449,2126445.5,247.518,5035.47,16.0,26.3789,1.823
10685.6,3219.38,0.30128,96.0122,1506462.2,142.533,4405.14,103.0,32.3482,4.007
9236.3,2503.71,0.27107,110.352,1270932.6,151.295,4128.49,72.0,32.9663,0.946
5189.62,1151.92,0.22196,43.7658,730607.06,59.0963,2754.86,17.0,41.4903,1.625
13291.5,3533.39,0.26583,186.736,1824375.4,217.37,4600.18,170.0,29.1334,1.895
5305.19,1772.52,0.33411,31.8575,764135.44,67.4688,2360.52,50.0,43.3082,7.553
7061.89,2158.26,0.30562,61.3643,926147.1,104.908,2725.11,43.0,39.509,3.44
7759.48,2832.22,0.365,59.2563,1070126.4,107.881,2992.08,61.0,39.5234,6.556
8807.57,3390.43,0.38494,79.9353,1191866.1,129.603,3946.47,12.0,35.2947,12.307
13466.1,3652.48,0.27123,169.647,1870732.6,209.929,46427.71,154.0,23.5157,6.32
8761.29,2744.65,0.31327,87.721,1236628.4,125.759,3247.38,8.0,35.9757,3.075
6193.63,1298.38,0.20963,53.0897,854833.5,80.8455,2831.8,17.0,46.5464,0.707
4989.58,1357.52,0.27207,44.3442,707131.1,62.1516,1850.34,17.0,43.7596,9.632
15083.9,3119.18,0.20678,179.378,2107448.8,220.202,4689.64,29.0,28.4905,1.665
12867.4,3164.26,0.24591,163.988,1810099.2,201.036,4991.7,212.0,27.6239,1.946
12077.1,4769.85,0.39494,118.133,1704084.2,195.782,4861.57,135.0,30.6956,19.933
9901.03,3105.75,0.31367,115.515,1359195.1,166.94,4276.72,76.0,31.8062,1.159
9912.22,2647.33,0.26707,105.476,1384380.2,149.906,4130.8,166.0,33.2491,1.682
15449.4,5111.47,0.33085,198.555,2021887.4,219.005,4262.62,98.0,30.8764,3.729
10774.7,3104.89,0.28816,115.711,1466270.4,185.502,3925.32,93.0,32.9767,8.896
9611.08,3348.22,0.34837,71.5134,1282635.1,150.42,4349.02,74.0,36.6894,15.006
6557.7,1753.51,0.26739,69.8978,922687.9,91.7585,3058.99,41.0,38.052,10.823
19216.7,5521.05,0.2873,208.443,2633654.2,290.826,6054.46,235.0,20.7279,14.227
7112.09,1892.99,0.26616,65.7335,982349.6,88.2745,3086.6,44.0,37.7362,1.812
13058.3,3880.31,0.29715,138.572,1816022.1,225.689,4561.82,91.0,30.0073,5.077
10783.4,3109.8,0.28838,94.1396,1505924.2,138.256,4562.25,103.0,31.6988,13.852
8003.74,2693.06,0.33647,87.2973,1146636.5,120.659,3741.81,103.0,34.8031,16.237
6872.33,1630.9,0.23731,58.4933,973254.25,77.4915,2882.3,51.0,37.9739,16.23
3761.6,1198.56,0.31863,33.9821,510417.75,49.2584,1384.95,30.0,44.4958,10.876
8139.66,1524.79,0.18732,76.2294,1161440.1,92.7364,3773.78,19.0,35.0738,1.833
6462.94,1475.79,0.22834,50.1673,939516.3,70.8064,2454.03,61.0,41.867,9.029
8591.3,2528.81,0.29434,96.2245,1211437.9,120.281,3574.33,97.0,36.7952,2.448
12930.2,4285.8,0.33145,134.075,1761539.6,187.137,4064.84,220.0,31.9363,5.17
9160.38,2081.05,0.22717,108.88,1250751.4,143.034,4022.53,39.0,34.169,2.061
6146.71,1962.55,0.31928,61.8931,859109.75,86.128,2710.61,40.0,40.5487,2.626
9949.71,3601.06,0.36192,97.0472,1372459.0,136.014,5041.66,117.0,30.0702,0.0
14170.5,3520.75,0.24845,186.407,1937925.8,214.666,4581.39,179.0,28.9962,1.697
9678.14,2894.34,0.29905,108.329,1307288.6,161.0,4188.55,77.0,32.8445,1.29
6930.16,3031.54,0.43744,52.6444,965843.7,107.008,2647.0,77.0,40.1129,15.213
7558.74,1708.0,0.22596,71.2303,1027713.4,93.3283,3822.64,81.0,33.7252,16.531
8915.16,3809.07,0.42725,61.6404,1279513.4,137.843,3233.16,32.0,37.4584,15.676
8392.22,2442.54,0.29104,80.1455,1133968.2,108.789,3769.15,57.0,35.3883,9.99
13830.7,3953.98,0.28588,147.791,1920841.9,201.063,3987.12,103.0,32.1243,17.731
17530.4,5335.43,0.30435,151.662,2377824.2,311.995,4662.96,190.0,28.1706,5.122
7088.69,2450.5,0.34569,74.7594,985786.5,112.513,2993.77,34.0,37.3452,12.246
5460.46,1068.89,0.19575,43.0795,779254.8,74.2123,2865.36,56.0,40.2953,1.541
4965.08,1294.94,0.2608,44.5357,699398.7,57.029,1888.02,22.0,43.7068,1.981
11944.9,3276.16,0.27427,132.673,1621073.0,158.038,3998.26,230.0,32.1653,2.914
4885.77,1655.76,0.33889,40.8611,661755.7,68.5424,1525.15,23.0,43.9491,10.548
8766.48,3024.45,0.345,74.6278,1240330.8,133.307,3632.76,26.0,36.1396,20.558
8809.5,2695.97,0.30602,104.442,1243926.2,112.81,4049.95,100.0,33.4924,3.496
11688.4,3699.96,0.31654,80.4723,1555226.9,151.716,3937.56,130.0,32.6076,4.008
14749.4,6417.09,0.43507,181.082,2054412.6,263.328,4496.03,129.0,29.4324,20.139
8170.29,2931.53,0.3588,67.7825,1146585.4,109.053,4709.56,66.0,34.836,4.28
8454.15,2474.35,0.29267,90.952,1192082.8,116.91,3573.01,101.0,36.8008,2.329
6623.69,2265.9,0.34209,78.2089,905833.56,95.0878,3232.41,57.0,38.4715,1.345
9021.79,2747.85,0.30457,87.6185,1278429.5,122.316,4337.5,91.0,33.0199,6.701
3998.23,1182.27,0.29569,33.1748,548902.56,48.4947,1404.06,17.0,44.3213,1.455
7621.31,1473.26,0.1933,87.6687,1019535.75,118.593,3456.67,34.0,36.6118,2.259
22547.7,7305.4,0.32399,263.663,3040472.8,370.645,6761.84,318.0,19.7188,3.868
9306.45,2443.57,0.26256,88.3487,1318488.5,122.238,4761.86,26.0,32.7965,1.8
9507.74,5253.56,0.55255,91.1102,1204053.2,186.516,2996.88,109.0,38.6047,19.382
6850.54,1814.44,0.26486,64.5876,951903.4,98.5187,2550.81,103.0,40.5706,6.649
11298.8,2592.56,0.22945,148.234,1575023.1,156.08,3750.11,125.0,34.2168,19.352
13897.1,4884.44,0.35147,158.397,1964961.8,229.371,4470.2,96.0,29.8147,7.017
10426.4,3176.57,0.30466,132.489,1460483.2,179.563,4240.78,44.0,32.4915,1.725
16023.3,6254.8,0.39035,196.14,2196847.8,281.789,5460.69,199.0,26.2757,6.474
11854.4,3685.71,0.31091,111.837,1687623.2,145.345,4389.75,153.0,31.384,20.939
13188.3,3468.01,0.26296,134.716,1810075.1,189.393,4538.88,21.0,30.2229,1.907
9571.85,3792.0,0.39616,125.631,1265079.9,186.475,4398.14,184.0,30.9757,3.29
7262.19,1564.6,0.21544,62.1209,1019857.0,83.6,2834.22,27.0,39.6102,13.827
7700.77,2375.56,0.30848,87.0459,1055407.5,127.658,3340.91,35.0,36.6574,7.12
8592.72,2804.42,0.32637,86.0571,1194995.8,137.148,3506.71,20.0,36.2576,2.484
7125.46,2138.64,0.30014,57.2458,966419.44,102.964,3122.12,105.0,38.1337,6.359
10287.1,2549.48,0.24783,120.507,1422197.1,164.773,4656.4,71.0,29.8956,1.533
7945.18,2775.39,0.34931,92.3278,1094550.0,159.794,3840.02,77.0,35.04,14.531
7021.31,2732.12,0.38911,61.7404,999609.44,90.6317,2370.58,73.0,40.3764,6.16
15734.7,5066.58,0.322,229.112,2161319.5,260.77,5406.45,130.0,23.1726,1.912
12875.9,3486.36,0.27076,169.801,1789608.2,191.775,4723.1,102.0,29.1215,2.868
7063.3,2539.64,0.35955,56.632,973433.2,101.177,2952.15,35.0,39.3459,16.601
16231.6,4529.11,0.27903,173.316,2344655.2,218.541,5270.03,59.0,25.1097,19.172
11117.0,4696.17,0.42243,44.9139,1572284.1,155.146,3978.81,101.0,35.6388,18.537
17511.1,6097.18,0.34818,203.045,2425271.0,264.236,6507.4,140.0,23.5021,20.757
13823.3,4204.55,0.30416,160.513,1894197.5,235.134,4804.1,117.0,28.6995,4.667
10224.9,3882.79,0.37973,94.608,1425632.8,133.681,4741.42,35.0,33.6346,16.3
9119.17,3002.11,0.3292,84.6148,1300142.2,147.276,4223.89,62.0,33.821,18.121
8553.29,3511.13,0.4105,90.7698,1212739.6,156.155,4243.05,68.0,34.8639,15.78
9589.16,2048.34,0.2136,108.896,1335344.4,126.652,4211.31,55.0,33.7986,1.923
7226.15,1888.47,0.26133,64.5867,1007930.2,86.8005,3174.9,101.0,37.8481,1.818
4568.62,1416.66,0.31008,38.0687,641707.1,55.3512,1835.67,49.0,44.0629,7.637
9696.04,2280.34,0.23518,84.7496,1374724.6,115.211,4654.66,28.0,33.1162,1.991
7006.14,2558.68,0.3652,63.4523,937877.06,112.076,3298.69,53.0,38.2657,15.269
12615.8,3521.75,0.27915,161.672,1786909.6,184.696,4830.08,168.0,27.909,9.97
9270.85,2469.57,0.26638,106.942,1272023.4,157.484,4141.02,75.0,33.2,0.617
6839.35,2919.73,0.4269,55.7053,959110.25,112.584,3420.8,63.0,37.5889,12.38
9110.42,2098.92,0.23038,96.1136,1282389.6,125.027,3555.19,124.0,36.34,2.537
7131.49,2481.69,0.34799,62.0427,987011.8,110.638,3681.08,69.0,34.8599,2.079
12180.9,3328.74,0.27327,151.512,1721469.1,207.045,4700.44,65.0,25.8285,3.492
23144.1,7326.59,0.31656,179.827,3246059.0,306.583,6367.09,209.0,24.4186,19.184
17154.6,5151.97,0.30032,203.246,2462924.2,279.784,5323.85,239.0,24.6067,14.345
5066.48,1825.0,0.36021,49.5412,710083.94,68.2452,2112.6,19.0,43.0975,1.988
8790.75,3371.8,0.38356,72.3789,1239058.8,132.572,3605.74,5.0,33.3666,10.912
7129.93,2608.12,0.36579,76.9063,993089.3,103.769,3684.51,40.0,36.4002,4.902
21891.1,6432.73,0.29385,247.757,3057777.8,311.162,5658.57,85.0,22.9165,3.327
13306.1,4065.84,0.30556,140.389,1821609.2,205.544,4110.47,122.0,31.676,18.076
16159.1,5143.02,0.31827,206.789,2122212.5,259.588,6169.19,258.0,21.9946,2.345
7658.17,3264.0,0.42621,68.4523,1091259.9,104.937,2621.85,69.0,39.3764,8.847
10606.7,3759.3,0.35442,123.944,1515420.1,177.491,4693.56,170.0,26.7131,17.411
7810.99,2724.53,0.3488,68.4975,1085124.1,122.792,3356.97,61.0,38.0976,13.848
10345.4,2475.18,0.23925,97.9753,1427861.6,147.462,3768.94,38.0,36.3903,8.34
8621.58,2976.5,0.34523,76.401,1220115.0,134.471,5558.37,84.0,32.3075,18.154
14333.2,3806.19,0.26555,182.685,2035066.2,207.93,5619.91,65.0,23.281,0.904
11644.0,2989.76,0.25676,131.284,1604037.2,155.758,3693.9,36.0,34.5857,2.494
9260.72,2818.53,0.30435,83.3774,1321730.9,130.186,3972.9,109.0,34.7843,16.035
9630.33,3008.57,0.3124,94.069,1336131.4,141.235,3506.99,27.0,36.0385,3.624
3828.3,1175.88,0.30715,34.9263,540064.25,45.8972,2056.29,49.0,44.7792,8.601
7792.25,1785.71,0.22916,96.3778,1072706.1,112.202,4009.65,80.0,34.9069,14.326
13263.5,3685.12,0.27783,128.843,1911952.9,194.322,4695.51,74.0,29.3653,17.837
7403.7,1857.32,0.25086,65.666,1068311.2,79.7359,2571.35,27.0,40.5309,5.106
10741.0,4721.04,0.43953,68.0853,1513857.8,170.098,9122.1,66.0,36.2628,15.756
6106.41,1577.74,0.25837,62.7712,800530.3,80.9197,2762.13,30.0,38.9504,3.805
4067.46,774.22,0.19034,41.1929,535651.25,62.102,2556.12,12.0,43.4703,2.229
9907.58,3514.17,0.35469,77.9584,1377472.9,139.964,4123.12,58.0,34.2839,15.356
6762.73,2107.78,0.31167,71.235,919480.8,85.5699,2868.36,62.0,39.4132,9.752
7650.58,1774.68,0.23196,101.693,1041509.94,109.395,3308.66,123.0,36.4494,1.426
4958.16,2003.2,0.40402,28.9891,700397.5,78.6664,2503.35,39.0,41.249,12.041
10357.6,4409.46,0.42572,106.452,1423958.4,165.62,3868.32,33.0,34.344,8.174
6570.6,2145.37,0.32651,63.9395,888472.75,95.9379,3149.94,15.0,40.9617,1.044
21128.8,7221.82,0.34179,261.984,2855626.0,358.23,6243.04,291.0,22.8439,5.827
16039.1,5139.98,0.32046,194.292,2146464.0,245.578,5370.64,103.0,25.0612,7.397
9012.28,3512.31,0.38972,78.8114,1222712.2,133.842,3700.49,96.0,34.6241,9.087
10744.4,4239.81,0.3946,83.1561,1431524.0,173.158,3622.31,91.0,36.8638,16.22
20424.5,6487.25,0.31762,253.481,2841863.8,328.08,5637.09,82.0,21.7505,4.695
5720.43,2551.79,0.44608,52.9647,787347.56,112.374,2582.04,73.0,40.5612,11.418
11552.1,3173.08,0.27467,144.648,1588790.2,178.131,4924.2,58.0,46.5464,0.0
7777.47,1991.45,0.25605,64.7443,1071775.5,108.117,3629.43,24.0,37.0345,1.635
7796.59,2707.66,0.34728,63.0641,1069524.2,101.84,3125.34,39.0,38.2707,17.313
4597.99,1317.81,0.2866,31.6632,649338.3,53.2075,2231.03,50.0,43.7728,9.781
14237.6,3928.6,0.27593,170.626,1968200.0,233.205,4840.03,36.0,28.3039,3.477
5521.78,917.49,0.16615,50.717,758718.5,59.9504,3041.12,19.0,39.693,3.804
14623.5,5132.84,0.35099,121.202,2083904.1,211.232,4605.08,137.0,33.0071,17.626
11204.8,3199.92,0.28558,141.573,1481654.8,185.903,4407.19,72.0,30.874,5.772
15618.6,4269.55,0.27336,200.47,2129301.0,242.91,5131.97,86.0,26.1606,5.34
5790.97,746.71,0.12894,47.6932,817632.7,70.6167,2596.82,2.0,42.5723,1.556
13774.8,4213.96,0.30591,162.86,1892869.0,234.349,4787.88,127.0,28.6995,4.795
15436.7,3425.58,0.22191,198.217,2138726.5,250.472,5096.43,119.0,26.1415,2.49
11046.0,2829.46,0.25615,137.436,1543292.4,171.796,4244.57,47.0,32.4329,1.53
7402.39,2122.08,0.28667,74.4485,992771.6,103.744,2981.27,105.0,34.7368,8.958
12780.6,4050.09,0.31689,134.889,1811249.1,164.121,4829.48,59.0,28.0859,14.79
7990.03,2890.66,0.36178,70.1206,1105148.9,118.746,4189.5,116.0,33.8419,17.217
7255.99,2865.31,0.39488,52.4702,1014770.94,106.265,2847.62,60.0,39.5995,11.964
6980.7,2143.31,0.30703,61.6546,987336.7,102.016,3346.23,39.0,37.5597,14.409
6461.42,1414.78,0.21895,53.5437,892231.6,86.0863,2818.6,17.0,40.0898,0.866
5969.99,1953.62,0.32724,43.2413,843739.9,73.6888,2520.46,17.0,40.8895,11.855
15668.4,5217.24,0.33297,184.99,2239042.5,244.36,4802.99,41.0,27.2778,6.398
7948.59,2283.93,0.28733,82.4066,1103552.8,99.3212,3476.09,62.0,37.4074,3.206
9803.52,3125.47,0.31881,95.6059,1350569.9,133.324,3600.99,28.0,35.6954,3.435
16539.8,5413.35,0.32729,165.965,2355283.0,246.6,5456.69,78.0,46.5464,12.495
4049.15,1189.58,0.29378,34.8915,551675.4,51.3494,1389.8,30.0,44.456,11.323
7460.9,1906.88,0.25558,66.6218,952584.8,100.743,3514.37,46.0,39.4452,12.234
8527.37,2458.33,0.28828,86.8786,1166485.9,124.263,3288.57,88.0,38.4425,1.634
21091.9,6604.65,0.31313,262.546,2948758.0,339.459,5511.24,88.0,23.3806,3.755
6198.19,2355.54,0.38003,32.3241,868223.4,89.7892,2576.57,43.0,41.8836,9.014
12559.4,4730.59,0.37665,109.31,1782823.5,190.602,4239.78,68.0,32.2656,2.777
7405.26,2652.2,0.35815,63.9313,997361.8,111.395,4175.31,37.0,35.2275,12.487
5773.6,1632.43,0.28274,36.6808,798801.5,75.1195,2001.35,24.0,41.2062,8.032
8010.9,1695.55,0.21165,70.1205,1145999.8,87.9373,3725.93,39.0,37.4522,11.359
9055.07,2291.18,0.25302,88.4861,1293483.0,117.168,3914.7,10.0,34.3234,1.892
10579.1,3955.54,0.3739,67.6004,1453975.0,154.935,3709.59,83.0,35.4224,20.276
7072.08,1973.66,0.27907,55.9982,1000440.56,82.9421,2888.12,47.0,38.6392,16.474
11293.6,2960.8,0.26216,129.922,1536023.5,165.422,3618.6,23.0,34.8668,2.661
9313.57,3340.08,0.35862,80.2295,1348614.0,139.214,3812.58,55.0,37.419,4.477
8535.59,2531.23,0.29655,92.1925,1202482.9,116.682,3572.88,99.0,36.9993,2.045
9298.72,2404.4,0.25857,115.666,1282353.1,134.343,4143.51,127.0,32.835,2.231
15530.9,5258.04,0.33855,192.561,2136591.0,281.972,5207.69,103.0,23.4159,7.343
18625.3,4398.32,0.23614,203.524,2661917.5,251.786,5994.56,265.0,21.0655,6.577
4781.26,1234.75,0.25824,45.0683,679352.06,72.7587,2677.79,21.0,41.1394,3.8
12860.8,3599.47,0.27987,157.16,1836736.9,177.267,4802.45,37.0,29.0777,2.434
4587.98,1765.55,0.38482,32.5891,641014.5,66.7077,2262.01,68.0,43.6122,11.513
8373.69,2090.92,0.2497,83.6434,1132996.4,114.839,3730.08,33.0,35.4235,1.826
8890.54,2916.48,0.32804,88.2355,1255830.8,126.361,3994.39,46.0,35.6627,13.147
8450.85,2468.14,0.29205,100.23,1176794.8,106.088,3246.82,61.0,35.5915,6.631
8194.52,2089.75,0.25501,73.5844,1165429.1,104.9,3562.75,76.0,35.1015,4.861
4726.74,1002.22,0.21203,39.8599,653228.2,52.8673,2474.31,58.0,40.5554,11.785
11782.1,2989.84,0.25376,127.784,1618907.6,163.67,3869.25,21.0,33.849,2.382
14930.6,4742.45,0.31763,213.888,2075564.2,253.609,5289.38,298.0,25.1142,2.124
10922.8,2947.44,0.26984,127.671,1528434.0,165.927,4653.72,74.0,30.0163,1.705
11103.8,2737.89,0.24657,133.901,1522668.2,153.753,4481.7,92.0,31.3868,1.933
9193.6,3314.05,0.36047,59.4099,1240283.1,135.011,4376.6,78.0,33.6569,17.153
5272.27,1080.8,0.20499,52.6053,751182.94,66.4621,2828.45,54.0,40.2692,1.83
7112.65,2757.81,0.38773,65.0132,1040174.25,93.7032,3222.29,29.0,35.395,1.265
6226.04,1401.21,0.22505,69.4464,896941.06,74.121,3057.94,12.0,38.9524,1.969
3748.03,1147.23,0.30608,32.8874,529463.7,52.2507,1119.13,40.0,45.1969,20.066
8654.03,1855.73,0.21443,102.481,1177804.1,114.047,4405.13,63.0,32.9242,14.624
8849.8,2151.38,0.24309,86.9496,1252185.8,120.045,4709.59,26.0,33.0307,3.554
8733.3,2502.7,0.28656,97.9567,1233381.9,118.445,3619.84,92.0,36.1622,2.962
4605.35,1360.21,0.29535,38.996,637198.9,59.4646,1884.95,8.0,46.5464,0.0
15241.5,3252.92,0.21342,197.288,2116456.5,252.835,5088.52,151.0,25.6306,2.024
15074.4,5389.74,0.35754,171.776,2094089.4,277.515,4456.36,83.0,29.5635,12.188
11439.4,3073.01,0.26863,118.686,1524387.6,160.825,4274.85,33.0,33.3896,1.618
9183.12,2391.62,0.26043,89.3361,1280496.2,122.666,4601.42,31.0,33.0352,4.87
17418.5,5857.29,0.33626,115.533,2460468.5,261.246,13312.44,132.0,35.5616,14.541
8795.67,2061.34,0.23435,63.6225,1239982.2,95.0659,3183.24,47.0,36.3083,12.836
20369.3,6591.33,0.32359,243.074,2819434.8,340.165,5543.8,84.0,23.4758,3.657
21052.2,7027.74,0.33382,177.443,3005891.2,300.68,6402.44,204.0,26.8807,11.935
10625.9,2875.11,0.27057,121.514,1437022.2,163.79,3829.97,18.0,33.3008,3.229
8674.69,3963.58,0.45691,109.155,1113265.5,156.257,3917.56,102.0,35.3019,18.697
12426.9,3691.57,0.29706,159.635,1765576.1,190.648,5102.44,144.0,27.3097,10.866
5728.87,1469.32,0.25647,49.6451,746140.6,78.7249,2104.25,39.0,42.9404,11.022
12423.3,3660.63,0.29465,152.355,1765845.4,199.357,4870.67,28.0,30.5688,7.942
15406.6,6220.75,0.40377,160.614,2157186.5,224.676,5072.99,152.0,27.1485,11.733
18122.6,6902.39,0.38087,177.907,2526840.5,273.507,5728.65,107.0,21.6453,8.366
9753.64,2204.66,0.22603,92.9722,1359192.6,128.608,4182.13,33.0,34.2139,3.688
5899.33,1266.61,0.2147,53.3704,833463.56,64.8762,3056.69,14.0,38.0352,10.797
12286.3,3748.74,0.30511,148.51,1733653.8,161.032,5115.33,31.0,27.8746,3.819
9764.83,2244.57,0.22986,82.8158,1381706.6,109.312,3989.12,72.0,34.5507,4.591
6138.56,1382.47,0.22521,59.067,837535.7,88.7226,3005.73,42.0,38.6309,6.22
13839.5,4245.89,0.30679,194.408,1887622.6,220.534,4592.02,166.0,28.8721,2.45
5509.25,1612.77,0.29273,56.065,730403.06,86.7596,2674.12,38.0,41.1435,4.47
11194.8,3596.5,0.32126,156.002,1553282.9,153.708,5007.94,31.0,28.5366,3.95
5646.25,1953.36,0.34595,57.059,803445.25,79.5143,2483.15,50.0,41.6591,11.303
6367.56,2584.3,0.40585,57.6399,890836.7,82.0052,2691.11,34.0,40.3257,9.141
6602.78,1374.29,0.20813,67.6632,893585.6,71.5435,3324.44,56.0,38.8601,5.408
9141.55,2687.28,0.29396,89.4391,1283192.9,121.742,4408.27,41.0,33.5176,2.198
16689.9,4466.98,0.26764,235.854,2351628.2,265.061,5550.27,99.0,22.0943,2.207
7370.8,2587.59,0.35105,60.3365,971062.2,118.549,3026.87,5.0,34.7019,16.076
10139.1,3305.87,0.32605,94.0739,1370494.9,137.211,4727.86,53.0,32.4488,17.098
7983.94,2219.83,0.27803,90.5167,1124482.0,99.8194,3600.15,25.0,37.2185,16.146
18049.0,5114.52,0.28336,219.61,2513886.0,280.66,5707.86,200.0,22.0651,2.243
8524.75,2957.1,0.34688,74.2755,1149557.2,123.385,3797.13,89.0,37.1692,4.685
6922.68,2401.11,0.34684,67.7706,976187.4,96.9866,3527.44,41.0,36.501,14.73
13347.7,4598.42,0.34451,145.587,1932503.8,226.938,4609.18,113.0,30.0061,19.691
8799.75,1635.96,0.1859,93.0394,1235468.5,116.13,3874.9,56.0,32.9226,2.956
11256.0,2688.66,0.23886,136.507,1520525.9,149.456,3635.56,20.0,46.5464,2.181
16329.1,4326.56,0.26496,176.222,2322636.5,223.919,5070.47,210.0,25.2264,11.454
8996.04,2114.22,0.23501,99.6086,1267197.1,120.889,3834.91,43.0,34.6178,2.871
6956.2,1943.56,0.27939,75.0062,949138.6,108.135,3062.85,77.0,39.012,0.748
5435.54,1004.5,0.1848,48.9854,756944.4,67.4329,2929.71,1.0,41.5276,0.0
10097.4,2809.09,0.27819,100.018,1349711.4,155.105,4224.37,137.0,34.2145,18.12
19064.5,5848.17,0.30675,204.689,2639580.8,297.032,6435.7,242.0,21.5314,9.656
8771.8,2630.45,0.29987,103.578,1181049.2,132.546,3625.13,23.0,36.899,3.92
7703.45,1986.61,0.25788,71.5134,1116889.0,106.798,3097.19,23.0,37.668,2.237
16848.2,4673.58,0.27739,227.135,2416583.5,290.946,5389.15,98.0,23.0507,3.315
7440.99,2912.41,0.3914,66.1582,1043246.44,106.682,3553.46,63.0,36.3494,16.189
9735.21,3302.46,0.33922,84.1899,1390813.1,137.409,3942.31,48.0,36.4175,16.106
8709.89,2445.19,0.28073,90.4932,1220456.6,111.43,4239.5,47.0,34.8996,3.133
12092.6,3577.03,0.2958,109.025,1746937.1,134.638,4741.77,96.0,30.7762,20.821
17625.9,5482.29,0.31103,225.905,2433124.5,288.853,5731.64,199.0,21.8717,2.126
19736.7,6402.5,0.32439,258.97,2687261.0,323.334,5821.08,332.0,20.7061,2.656
8651.94,2164.97,0.25022,83.3595,1191221.4,144.244,3193.53,11.0,36.5853,1.783
6746.08,1940.55,0.28765,67.9976,944219.4,83.7765,3678.39,46.0,37.111,10.496
5641.23,1290.92,0.22883,63.4065,764934.6,82.2945,3226.39,46.0,39.1733,9.081
7255.26,2366.11,0.32612,52.2679,1008777.6,105.385,3647.77,39.0,39.1955,13.879
5164.17,1899.59,0.36784,62.5134,676995.9,87.5302,3041.64,36.0,39.6734,11.268
10905.0,3582.72,0.32853,121.774,1459092.4,162.035,4058.95,52.0,33.7974,1.513
20333.5,7492.59,0.36848,186.812,2868038.8,346.629,8373.03,112.0,23.5761,15.628
12646.7,4415.19,0.34911,104.244,1754472.9,199.073,5736.3,110.0,24.7749,14.914
8441.86,3167.32,0.37519,91.4838,1169028.5,123.349,3394.57,37.0,35.3517,14.586
10351.2,4380.99,0.42323,83.1812,1442216.6,157.49,4078.85,99.0,33.4156,8.613
7013.37,1865.51,0.26599,64.2734,1001278.94,95.1054,3206.19,26.0,38.9659,16.753
10811.2,3286.55,0.30399,129.517,1544653.6,172.501,4339.97,40.0,31.6249,3.896
10700.0,3303.99,0.30878,133.723,1416130.1,165.83,4136.06,39.0,33.888,3.007
6068.76,1474.44,0.24295,58.094,838912.56,75.2662,2935.83,27.0,40.1286,5.261
10146.0,2888.77,0.28472,121.95,1396082.5,139.795,4163.71,132.0,32.9265,2.869
8460.12,2891.15,0.34173,85.3712,1199653.5,125.109,3642.19,39.0,36.6487,3.461
9027.5,2656.72,0.29429,90.9607,1273232.9,126.719,3416.6,12.0,35.7764,3.074
4136.95,1239.21,0.29954,31.5747,570610.1,47.899,2107.94,40.0,44.6389,6.306
17703.5,4686.31,0.26471,187.325,2561156.2,262.872,4919.89,129.0,28.088,20.307
9678.51,2719.19,0.28095,100.609,1322887.1,164.954,4155.69,71.0,33.0656,0.644
6645.4,2533.41,0.38122,52.439,943958.8,110.347,2660.2,63.0,40.3115,14.892
9957.68,3609.5,0.36248,71.2218,1406111.9,133.835,4175.22,19.0,37.7075,19.245
10409.7,2770.14,0.26611,65.2056,1437130.2,125.994,4419.47,89.0,32.9748,4.192
6393.41,2955.23,0.46223,58.8336,887505.2,97.9414,3352.68,31.0,38.1708,14.806
8693.35,2824.59,0.32491,98.7593,1195801.1,146.375,3279.71,7.0,36.2965,1.361
8969.82,1922.8,0.21436,80.2199,1297239.8,108.117,3985.57,12.0,35.5582,1.27
9040.83,3091.79,0.34198,78.6773,1216948.0,139.261,3643.04,23.0,32.2662,16.657
11026.0,2465.58,0.22361,145.699,1555556.0,180.604,4539.91,51.0,30.4195,0.937
6389.16,1714.88,0.2684,74.1614,850353.94,95.2691,3447.89,81.0,37.8035,1.46
10490.6,3292.97,0.31389,132.489,1408817.1,163.276,4092.23,40.0,33.7584,1.807
8373.99,3595.89,0.42941,66.9499,1166514.2,126.944,2591.04,71.0,39.2309,14.768
8604.38,1867.61,0.21705,79.0503,1228871.8,99.3954,3747.57,19.0,35.571,2.09
8378.0,1724.31,0.20581,97.8196,1174543.2,123.254,3789.39,45.0,34.9487,3.266
15775.9,4700.83,0.29797,190.461,2187405.8,226.683,5671.55,142.0,22.5007,0.903
8057.58,2275.16,0.28236,67.836,1145486.0,94.1168,3077.04,16.0,38.7373,6.4
6516.01,2166.76,0.33252,61.85,866349.56,93.2615,3070.96,64.0,38.4414,15.212
5286.35,2159.5,0.4085,34.8941,747043.0,71.3267,2592.07,40.0,42.7879,2.231
10347.6,3274.32,0.31643,76.8645,1451834.5,112.323,3904.34,42.0,34.943,14.476
16349.7,4964.82,0.30366,153.367,2294602.0,225.165,6154.13,159.0,21.2978,1.775
5432.85,1358.25,0.25,47.4066,685356.7,75.7053,2321.77,32.0,42.7171,3.583
7598.84,2641.29,0.34759,69.5371,1029911.56,108.979,3826.59,62.0,36.3581,6.637
15757.4,4928.97,0.3128,182.318,2189642.5,259.855,5277.32,96.0,26.158,6.373
10410.3,2940.66,0.28247,101.688,1458915.1,141.719,4162.0,42.0,36.1072,4.735
8109.39,2054.81,0.25338,101.187,1125747.8,124.589,3253.97,5.0,36.8033,0.871
6720.58,1804.82,0.26855,60.4338,965570.2,92.3349,2397.22,27.0,40.7272,10.162
10384.4,2510.96,0.2418,98.3846,1462456.0,111.23,4575.26,38.0,34.9634,3.276
6979.56,1896.99,0.27179,70.8649,945065.94,97.6877,3167.92,62.0,38.3895,15.009
11753.4,3970.92,0.33785,131.447,1625918.5,170.7,4978.31,64.0,28.8406,6.495
4530.71,1255.39,0.27708,42.2418,628066.8,64.5792,2118.62,20.0,42.9171,1.451
7811.1,1551.54,0.19863,83.9704,1094292.1,97.8145,3758.79,13.0,34.3651,1.867
9650.74,2713.89,0.28121,116.675,1369978.0,148.596,4183.37,55.0,33.8423,3.452
8903.87,2927.2,0.32875,83.7578,1193174.2,134.109,3632.22,48.0,36.0184,1.187
6989.85,2405.89,0.34419,76.8935,958762.75,107.431,2825.97,97.0,33.8001,13.108
5802.32,858.31,0.14792,52.6439,806433.4,71.1567,2712.2,4.0,41.9873,1.626
4109.09,1241.46,0.30212,35.3908,587807.2,52.5224,1821.83,5.0,44.4617,9.84
5679.54,1475.36,0.25976,60.913,706709.4,92.3958,3110.48,22.0,39.3394,2.344
8314.98,2485.09,0.29886,70.691,1189600.8,95.7923,3204.99,64.0,35.0972,15.835
16686.3,5473.02,0.32799,188.906,2394124.5,256.627,5401.89,88.0,23.223,6.611
15099.5,4353.22,0.2883,188.716,2094884.1,229.669,5632.64,140.0,22.7111,0.751
6580.86,2256.97,0.34295,63.0466,846473.9,100.689,3308.01,5.0,37.4346,13.193
7704.56,1166.95,0.15146,61.4098,1108011.6,78.6272,2583.88,53.0,40.3753,5.546
5377.79,1020.65,0.18978,48.2082,771497.3,66.4214,2850.42,58.0,40.3289,0.976
15166.8,4671.61,0.30801,172.641,2137269.5,223.224,5186.25,81.0,23.8446,17.033
16126.9,5133.78,0.31833,151.533,2282163.8,195.646,7096.08,34.0,24.6306,15.6
12437.0,3014.75,0.2424,125.146,1739563.0,169.336,4688.21,62.0,29.8853,2.532
6043.87,2124.63,0.35153,55.2309,823174.4,85.1773,3192.14,21.0,39.375,7.732
11088.0,4128.4,0.37233,127.693,1569902.0,170.668,4209.93,55.0,33.342,2.495
5624.46,1255.34,0.22319,67.515,754950.4,82.311,3257.6,46.0,39.2961,12.927
11433.9,3695.07,0.32316,59.5291,1585663.8,164.378,3733.48,44.0,41.0202,19.088
9822.57,4501.66,0.45829,94.703,1349779.9,193.438,3677.19,77.0,36.5216,17.22
5237.5,1075.22,0.20529,44.9364,736766.9,64.7799,2646.57,15.0,42.1729,3.179
11322.4,2888.37,0.2551,146.994,1618807.2,159.39,4192.49,125.0,32.2732,2.939
6180.29,2016.3,0.32624,57.7247,867169.56,85.2435,2671.87,43.0,40.715,1.617
7286.71,1869.44,0.25655,61.3645,1032924.7,86.2432,2936.88,24.0,39.4573,13.01
16515.7,5405.95,0.32732,208.846,2173129.8,264.063,6056.75,255.0,21.7321,2.412
9527.87,2543.93,0.26699,112.922,1304281.8,139.143,4052.71,54.0,33.9759,2.708
6492.27,2609.46,0.40193,60.2979,911818.75,90.4511,2800.01,60.0,40.8118,10.678
18343.4,5162.8,0.28145,239.859,2521968.5,274.111,5444.58,213.0,23.7508,5.219
14722.9,2500.82,0.16985,174.306,2056006.4,211.52,4698.85,34.0,28.5309,1.294
12458.3,2854.36,0.22911,164.701,1684544.6,203.05,4717.13,128.0,29.0638,1.347
7737.66,3563.03,0.46047,62.5073,1028536.8,134.829,3864.69,62.0,36.5523,16.375
16895.6,5158.86,0.30533,203.298,2223814.0,269.259,6111.94,242.0,21.7272,2.712
9260.07,3772.25,0.40736,79.7985,1250226.9,131.188,3681.96,63.0,35.6238,15.386
8010.81,2701.29,0.3372,78.211,1128500.4,117.931,3297.49,43.0,37.7107,2.552
10359.2,3530.53,0.34081,105.68,1462559.0,161.398,3693.24,94.0,35.6875,15.494
11523.9,2182.26,0.18936,153.395,1610329.5,170.367,4621.12,153.0,29.7657,2.155
5809.58,1227.8,0.21134,64.8348,791190.06,81.7306,2985.57,43.0,38.2403,6.107
9628.63,1870.11,0.19422,85.9812,1337680.4,116.678,4513.71,39.0,32.1133,3.01
7482.56,2251.4,0.30088,64.8933,1035870.75,96.728,3018.47,56.0,40.4708,17.178
6038.26,1416.97,0.23466,36.9937,822220.06,77.8409,2537.48,72.0,41.0356,11.737
6685.9,1791.39,0.26793,66.0249,914837.25,93.6839,3179.0,30.0,36.6341,3.602
9430.84,2517.36,0.26692,92.648,1306780.0,124.931,5519.03,125.0,35.2775,9.596
12019.4,2800.76,0.23301,144.484,1671293.4,197.309,4137.85,72.0,32.4011,1.987
19258.7,6278.2,0.32599,248.784,2678507.8,324.072,5402.68,73.0,23.7923,3.752
6107.58,2191.73,0.35885,41.9635,858855.6,84.7996,3067.93,56.0,39.7354,14.788
6031.43,1545.05,0.25616,53.7281,792259.56,92.5619,3586.01,19.0,38.2788,1.868
9017.98,2018.25,0.2238,86.2885,1266421.8,108.603,4755.36,27.0,32.7938,2.853
10945.9,3058.34,0.2794,146.962,1480256.4,179.197,4365.62,50.0,30.7289,3.161
7542.45,2345.26,0.31094,61.9836,1090325.6,87.7462,4800.08,44.0,35.6493,18.273
9958.34,2761.24,0.27727,113.872,1416272.5,146.427,4268.03,44.0,33.2225,2.978
5565.11,1446.24,0.25987,55.2619,695834.7,89.8308,3017.28,18.0,39.7281,2.256
5613.74,1641.28,0.29236,52.6175,810987.1,78.7607,2903.6,8.0,39.8731,12.355
7092.65,1153.03,0.16256,62.8346,988086.4,72.5069,2732.82,22.0,40.4287,9.398
13874.0,4480.96,0.32297,138.731,1854683.9,178.517,5088.1,96.0,30.5863,14.521
17447.0,4987.6,0.28587,261.284,2388555.8,245.784,4839.52,292.0,27.0175,4.341
19146.4,7880.62,0.41159,160.487,2602461.5,335.539,13377.33,63.0,30.4997,3.48
9184.7,2858.46,0.31121,91.9089,1317006.9,134.302,3401.26,7.0,36.005,3.406
5062.98,1041.37,0.20568,46.7958,713753.1,61.342,2710.68,15.0,42.1397,3.124
7889.67,2534.57,0.32125,75.684,1105429.5,95.9553,3846.86,27.0,35.7185,18.554
13759.4,5602.69,0.40718,186.705,1808088.0,273.997,4879.64,96.0,28.1807,6.376
15183.9,4487.81,0.29556,174.482,2086434.1,252.001,4941.26,35.0,27.9182,3.237
12691.7,4161.37,0.32788,114.015,1835652.5,174.471,3788.28,142.0,35.625,19.962
9155.7,1755.53,0.19174,91.7119,1280918.1,132.887,3646.96,21.0,34.0778,1.455
7072.89,2766.48,0.39113,80.1093,981888.56,118.486,3441.86,30.0,36.7652,4.057
11466.3,4966.11,0.4331,82.136,1617483.5,187.382,5240.69,54.0,34.7153,9.24
14954.7,3784.13,0.25303,199.367,2064157.9,253.821,5046.9,149.0,25.7647,3.012
9215.85,1988.17,0.21573,91.2354,1258732.2,86.601,4092.28,21.0,36.4764,16.706
5489.41,2115.84,0.38544,34.6501,774695.94,74.1647,2632.05,42.0,42.5258,2.53
7771.13,3039.23,0.39109,81.0574,1053098.4,123.495,3728.65,50.0,35.4856,11.574
8701.31,2454.22,0.28205,95.3539,1201289.6,123.828,4026.34,115.0,34.4854,3.385
9295.28,2088.25,0.22465,98.4115,1306046.9,138.793,3594.74,12.0,34.2498,1.004
6311.73,1639.19,0.2597,53.442,874623.56,85.5229,3230.14,53.0,39.8635,2.855
6126.09,1847.82,0.30163,60.5512,820470.75,92.2753,3282.82,50.0,37.6768,3.478
6496.56,2092.39,0.32207,63.7836,853519.06,100.659,3130.48,58.0,39.4871,9.068
8871.52,2181.69,0.24592,87.8058,1268325.2,106.318,4690.27,28.0,33.1407,2.041
5230.04,1520.74,0.29077,37.7436,724851.4,64.4373,2095.65,5.0,43.5117,11.052
10372.9,2494.65,0.24049,113.853,1448399.8,151.275,4313.2,58.0,32.9962,4.425
8330.11,2267.13,0.27216,63.5977,1154253.2,111.343,3900.98,65.0,35.0658,11.865
5996.26,2027.97,0.3382,52.3833,847570.6,85.4292,2530.0,101.0,40.9958,11.782
13230.9,3533.73,0.26708,108.825,1913206.1,168.708,4551.36,84.0,31.7264,16.283
10339.2,4071.43,0.39378,111.172,1455589.6,165.555,5057.62,59.0,30.0278,16.047
6744.14,2130.03,0.31583,69.1484,939600.7,86.637,3432.05,59.0,37.2828,9.868
9929.52,3351.8,0.33755,98.8394,1385233.9,139.067,3703.99,14.0,34.9924,3.132
10080.3,2462.91,0.24432,102.524,1437901.2,150.334,3908.98,39.0,23.3871,2.029
15542.5,5494.52,0.35351,188.402,2196922.5,243.026,4775.24,27.0,27.3923,6.641
14945.3,3358.34,0.2247,202.751,2056037.9,250.507,5090.38,162.0,25.4401,1.808
7701.49,1880.01,0.2441,67.3414,1072609.2,91.0456,3855.19,29.0,38.154,11.099
7441.07,1844.5,0.24788,67.1457,1002671.8,97.5315,3392.08,93.0,37.0162,3.071
6608.76,1099.65,0.16639,49.6395,925160.8,66.5547,2860.03,27.0,40.4503,4.894
13321.6,3732.35,0.28017,140.697,1827577.1,205.402,4543.63,41.0,30.1988,2.461
6265.22,2674.36,0.42685,56.141,872135.0,90.5354,2697.03,55.0,40.6433,13.136
7852.36,2801.18,0.35673,83.87,1051329.4,111.693,3259.04,82.0,38.2204,9.495
10180.5,2630.55,0.25839,117.427,1394811.5,142.208,4212.51,123.0,32.5331,2.462
6055.17,2056.89,0.33969,60.1895,851884.2,85.7223,2693.18,41.0,40.6434,2.409
11690.0,3646.16,0.3119,115.766,1691112.1,148.386,4918.71,103.0,29.1625,19.265
6939.8,2581.41,0.37197,70.3654,936245.56,93.1755,3414.17,42.0,38.3101,12.515
12246.6,4054.39,0.33106,155.206,1716807.1,220.169,4603.01,85.0,29.921,4.443
15265.9,4738.41,0.31039,153.048,2192124.8,217.481,5478.84,146.0,26.2792,10.957
7933.25,1763.32,0.22226,63.2626,1155738.0,90.5421,2439.3,45.0,40.4793,9.513
7703.03,2389.92,0.31025,61.2199,973509.1,108.323,3252.57,40.0,39.9122,13.31
9737.98,2957.11,0.30366,135.986,1365717.2,175.857,4165.13,61.0,33.1036,1.322
5087.43,1660.06,0.3263,55.447,675692.1,77.005,2420.37,57.0,42.0697,12.427
20789.2,5850.82,0.28143,200.721,2891535.2,268.855,5955.2,90.0,21.4221,20.666
9940.6,2532.02,0.25471,101.049,1415546.9,145.113,3945.62,40.0,33.1208,1.543
13406.2,4073.15,0.30382,137.28,1869508.8,194.878,4840.09,77.0,27.2137,11.951
10024.1,2453.69,0.24477,92.1332,1386706.1,129.616,4363.99,39.0,33.0482,2.403
3959.81,1593.16,0.40233,27.2534,541787.25,52.3043,1863.03,2.0,43.9448,7.651
7633.18,3326.69,0.43581,65.8205,1103583.9,116.807,3182.52,52.0,38.6985,14.319
12443.1,3519.03,0.2828,149.153,1668712.0,183.153,4660.63,58.0,30.1058,3.487
9077.5,2185.23,0.24073,105.072,1288767.2,147.209,3776.13,14.0,34.3678,0.866
13821.3,3982.95,0.28817,160.498,1950685.9,211.053,5332.45,200.0,27.8797,3.994
8597.67,2415.57,0.28095,96.1828,1192541.5,119.486,4018.4,117.0,34.5007,3.284
10546.7,3137.58,0.29749,115.31,1489270.1,164.061,4217.26,63.0,33.5228,3.794
14512.4,4516.43,0.31121,172.022,2006272.1,229.819,4805.78,115.0,28.434,4.696
4627.17,1137.59,0.24585,45.8343,647599.3,55.7822,1931.58,24.0,43.7034,2.784
8549.35,2287.63,0.26757,84.8101,1224281.6,113.034,4075.03,101.0,34.721,1.353
8657.76,2778.4,0.32091,73.7223,1220604.1,119.746,3480.13,27.0,37.311,13.704
12632.3,3026.56,0.23958,121.683,1718836.2,154.956,4105.77,240.0,31.8094,3.098
8035.88,1647.84,0.20506,73.6857,1149469.8,111.006,4054.76,102.0,34.8239,1.054
9435.8,2589.67,0.27445,96.5097,1293405.8,162.046,4135.32,73.0,33.2228,0.62
6393.72,2501.28,0.3912,64.1158,864381.7,107.281,3406.72,64.0,38.7906,13.681
5295.59,1796.98,0.33933,55.6611,728028.2,68.1419,2568.32,41.0,41.7682,3.377
5951.18,1072.75,0.18025,52.5518,824301.8,67.6442,3039.67,20.0,39.9719,3.852
6436.08,2268.23,0.35242,55.5185,889855.8,97.7019,3545.12,73.0,37.3859,1.388
6997.48,1915.59,0.27375,74.2449,974202.6,96.1749,3345.28,43.0,36.6333,7.912
12412.5,3279.02,0.26417,144.44,1715453.8,174.735,4569.47,53.0,30.111,2.963
7894.63,2170.91,0.27498,62.5907,1093011.4,106.163,3161.32,33.0,39.033,15.348
10706.8,2665.35,0.24893,115.267,1467255.2,177.067,3885.29,73.0,33.1585,1.781
6737.33,2441.02,0.36231,73.9005,913050.06,114.462,2813.18,101.0,38.5167,9.6
9252.67,2129.81,0.23018,99.6866,1296731.2,138.535,3594.72,12.0,34.2339,1.017
15670.7,4301.91,0.27451,200.647,2133626.0,247.767,5132.49,85.0,24.9371,5.393
16046.0,5174.11,0.32245,191.898,2247869.5,254.103,5444.92,137.0,23.766,0.0
9764.26,3320.29,0.34004,92.8225,1343618.8,140.015,3835.81,51.0,35.311,4.555
9494.63,3028.05,0.31892,85.1191,1343236.5,134.996,4142.31,68.0,33.8079,11.734
5813.48,1343.07,0.23102,67.9519,798717.25,79.4264,2819.93,69.0,39.507,7.543
6372.23,1672.9,0.26252,69.8747,895478.4,74.1544,2853.28,77.0,39.4117,9.043
10830.5,2909.51,0.26864,96.5846,1504125.9,129.213,5089.53,47.0,34.9796,20.464
8148.79,1901.02,0.23328,65.4098,1180692.6,91.8991,2542.68,48.0,40.3779,11.845
7864.23,1809.19,0.23005,85.5617,1103182.0,94.6897,4192.01,29.0,35.9712,12.275
12266.5,3312.19,0.27001,158.749,1732496.2,191.519,4625.01,58.0,29.9033,1.292
11072.8,3828.29,0.34573,99.4924,1560060.8,139.234,4941.51,114.0,30.9175,11.115
11579.7,3367.32,0.29079,106.996,1643025.9,171.041,4400.42,51.0,32.1806,4.571
5839.74,1658.76,0.28404,58.8301,779812.25,81.8107,2989.34,37.0,40.0981,5.808
6809.81,2471.78,0.36297,60.5855,892212.1,108.067,3041.67,62.0,39.1746,15.764
11080.7,3198.04,0.28861,137.968,1523738.9,167.716,4485.49,90.0,31.3934,1.878
6024.07,1656.66,0.275,60.5013,837921.2,69.5303,3051.48,26.0,39.4631,6.08
7241.96,2680.43,0.37012,67.2915,1008010.0,104.531,3781.46,47.0,33.6383,13.36
5181.01,1771.28,0.34187,48.7099,728756.9,75.3908,2020.28,7.0,42.1094,3.746
10949.0,2850.65,0.26035,98.7238,1543496.9,146.313,3835.04,123.0,34.7764,4.109
7161.77,2423.89,0.33844,76.1708,995027.94,95.4034,3727.24,33.0,36.4276,2.075
8209.87,2525.44,0.30761,89.8205,1166898.6,102.575,4028.16,29.0,35.4173,2.031
11300.2,2646.94,0.23423,130.337,1540787.5,151.878,4685.93,62.0,29.5012,18.55
16800.3,4132.17,0.24595,183.993,2415935.0,228.042,4967.37,96.0,27.236,10.918
6524.08,1962.34,0.30078,58.9721,946728.56,69.5277,3335.29,13.0,46.5464,12.319
15820.5,4583.06,0.28969,144.603,2225850.0,178.221,4983.67,61.0,27.9419,4.201
15631.5,5506.76,0.35228,236.893,2127132.8,269.448,5339.32,139.0,23.8156,2.257
9879.29,2947.01,0.2983,100.919,1351086.5,148.906,4086.31,117.0,34.0695,4.591
8850.07,2594.89,0.2932,79.4022,1189633.6,246.121,3688.58,157.0,36.4311,17.857
16348.8,4640.56,0.28384,162.283,2279231.5,199.238,5407.09,138.0,24.2569,15.768
13450.0,4872.79,0.36228,108.475,1950471.4,187.126,5525.39,95.0,25.6384,19.501
10198.9,2440.3,0.23927,87.9582,1429827.5,135.555,4128.67,157.0,33.4251,5.516
8016.56,1735.13,0.21644,76.1742,1144925.8,111.2,3921.46,103.0,35.5075,1.103
10311.9,3267.43,0.31686,77.0731,1442034.4,137.502,3715.86,34.0,37.2469,13.614
8830.73,2386.1,0.2702,74.481,1211548.6,115.047,4716.57,82.0,36.8914,18.643
6404.47,2204.06,0.34414,72.7162,871027.5,104.604,3277.67,68.0,38.4401,14.787
11577.1,4961.46,0.42855,132.836,1649126.9,197.849,4743.28,114.0,29.8232,18.114
10824.9,3269.13,0.302,119.553,1460313.8,194.271,3852.19,94.0,33.6649,9.413
10929.5,3100.46,0.28367,145.163,1551942.8,203.515,4316.79,95.0,31.5952,3.879
20299.0,6517.67,0.32108,257.706,2839061.5,323.852,5528.11,83.0,23.3962,3.379
10384.3,3564.29,0.34323,98.5999,1473541.1,138.889,3866.25,11.0,34.7374,2.616
23258.4,7013.36,0.30154,306.228,3237569.5,371.086,6347.6,88.0,17.5005,3.493
17588.5,6103.97,0.34704,165.653,2422919.2,228.686,5196.29,71.0,26.4299,7.139
5516.23,762.23,0.13817,47.2826,784363.5,65.8189,2538.73,1.0,42.6575,1.353
10423.7,2754.35,0.26423,120.909,1474080.5,159.579,4327.49,50.0,32.2405,2.377
9313.81,3173.33,0.34071,61.5125,1265038.0,137.768,3315.52,51.0,36.3828,4.219
8220.77,2883.29,0.35073,89.4425,1155711.8,130.064,3705.59,18.0,35.2414,4.213
8702.46,2732.55,0.31399,69.9229,1256331.2,109.741,3383.82,53.0,37.117,17.689
7337.2,1803.85,0.24584,55.2607,967461.4,88.5885,3187.47,57.0,38.102,5.395
12465.1,5731.87,0.45983,107.389,1719637.8,208.173,5186.6,47.0,29.8299,19.217
14502.9,6323.07,0.43598,90.9898,1934594.0,241.8,8760.08,38.0,33.9956,8.372
11773.5,3758.05,0.31919,105.333,1640078.6,155.679,4248.91,83.0,31.8132,17.702
7106.83,2295.47,0.32299,61.2063,956901.75,104.3,3121.17,24.0,40.1306,1.661
6564.13,1624.81,0.24752,57.4446,873295.4,80.8379,3246.58,59.0,38.1385,9.009
14014.2,3218.15,0.22963,175.23,1962987.4,204.543,4023.36,142.0,32.2933,1.586
8623.24,2468.5,0.28626,101.285,1175799.6,132.62,3401.45,122.0,35.7874,1.685
4880.49,1134.22,0.23239,44.5635,665517.9,67.6396,2767.31,14.0,42.4552,2.227
11291.7,3278.85,0.29037,129.137,1552649.0,148.693,4919.5,74.0,29.4908,3.743
7170.02,2783.44,0.3882,45.7637,948932.94,106.226,3121.53,55.0,38.4381,8.464
5464.14,1989.22,0.36404,35.1818,767348.25,76.1812,3455.09,20.0,44.5007,2.021
13264.1,4235.19,0.31929,169.69,1807131.4,212.81,4779.38,114.0,28.1918,4.79
9103.92,3868.11,0.42488,102.713,1201501.6,149.814,3349.44,95.0,37.729,17.355
5146.4,1328.26,0.25809,44.2113,727099.8,56.887,2381.11,4.0,41.6584,2.755
12993.4,4020.94,0.30946,170.271,1802722.8,211.952,4720.83,109.0,29.035,3.565
9054.19,3110.39,0.34353,100.999,1252553.6,145.086,3905.01,34.0,33.7522,10.503
13892.1,4331.46,0.31179,160.905,1920556.9,218.09,5234.32,196.0,27.2137,1.685
4963.1,1306.83,0.2633,47.4514,699423.0,71.8507,2711.01,18.0,41.5916,3.458
4356.91,1254.68,0.28797,39.707,574431.4,64.7785,2756.25,33.0,43.0219,9.582
12628.8,3538.93,0.28022,166.305,1748041.6,211.911,4815.84,57.0,28.4224,2.67
5028.45,2200.68,0.43764,46.4864,728782.8,74.7953,2478.9,49.0,42.7955,12.486
8690.21,4107.8,0.47269,56.2934,1052116.8,169.442,2381.36,68.0,40.6152,17.278
7852.58,2241.29,0.28542,85.8297,1082511.0,111.662,3096.56,21.0,37.6973,0.591
16249.4,4596.44,0.28286,181.135,2210789.2,233.551,5579.73,88.0,25.7747,10.705
5053.22,1534.89,0.30374,43.6792,735069.8,73.5969,2292.3,61.0,42.5223,11.234
9688.19,4154.37,0.4288,83.519,1339295.0,143.481,4328.24,30.0,35.2358,18.121
8337.58,1373.65,0.16475,75.0922,1105067.4,100.708,3905.7,30.0,38.1016,9.889
11806.6,2435.36,0.20627,155.584,1659255.2,167.362,4641.37,152.0,46.5464,1.715
7178.07,2124.16,0.29592,64.7569,1012587.2,90.2013,3595.24,32.0,37.9736,1.8
5828.35,1925.33,0.33033,59.1033,766929.44,87.8535,2635.6,38.0,41.1253,5.052
7671.15,2579.93,0.33631,74.996,1040168.94,108.642,2937.3,106.0,39.5976,10.345
9924.53,3459.91,0.34862,89.99,1428711.8,144.332,3666.71,13.0,34.7347,4.179
6569.43,1666.37,0.25365,51.6507,925261.25,79.3938,3400.77,59.0,38.8777,2.406
13964.6,2049.47,0.14676,148.713,2069237.0,192.93,4584.76,64.0,46.5464,0.0
10232.4,2988.59,0.29207,86.8756,1418721.0,152.536,4113.43,50.0,30.5805,13.769
9010.13,2527.09,0.28047,78.7273,1258171.5,111.712,4613.1,62.0,33.3518,5.626
9405.6,2831.21,0.30101,92.2683,1317314.4,121.435,4390.83,39.0,36.0479,1.597
5255.42,2405.61,0.45773,45.4457,749399.25,78.3789,2709.79,38.0,38.9763,14.384
8836.36,3058.99,0.34618,79.5907,1235702.6,128.303,3509.56,108.0,36.0729,3.733
8808.19,2785.44,0.31623,95.2746,1221706.4,127.905,3512.07,9.0,36.032,2.584
8568.52,3726.77,0.43493,67.0149,1213274.0,127.614,3110.8,83.0,37.3307,17.19
10465.9,3838.74,0.36678,116.472,1501871.0,158.755,3899.97,74.0,34.8618,2.861
5064.79,1304.01,0.25746,45.9609,719160.3,67.4494,2716.57,19.0,39.4861,3.668
5731.52,1079.75,0.18838,50.3487,827769.4,68.6871,2865.33,56.0,40.3205,1.612
8839.95,2852.1,0.32263,67.9992,1198546.5,121.967,4455.94,52.0,34.2922,10.517
12750.0,4840.58,0.37965,73.691,1718710.4,195.973,4749.87,72.0,30.5351,19.389
9334.32,2014.2,0.21578,94.9268,1277256.2,140.43,4092.18,99.0,34.0135,18.387
8147.38,2289.68,0.28103,87.1144,1129299.5,111.675,3105.9,21.0,37.631,0.672
7124.09,2688.21,0.37734,75.8801,966254.9,101.576,3373.13,64.0,38.546,2.543
5240.56,2056.84,0.39248,33.0291,738188.3,71.6019,2523.43,54.0,44.5704,7.222
15071.2,3579.46,0.2375,205.365,2100255.0,252.617,4966.58,133.0,26.6307,2.387
8907.96,3189.57,0.35805,79.9582,1201117.4,128.955,4194.03,40.0,34.9818,16.578
8197.69,2184.66,0.26649,71.7391,1126224.5,99.6464,3498.23,41.0,34.6904,12.438
7811.87,2806.09,0.3592,58.4223,1071074.0,111.034,2651.7,36.0,40.8033,16.586
14922.9,4571.64,0.30635,194.995,1964034.2,239.78,5966.48,225.0,23.6177,6.059
18203.3,5287.12,0.29044,247.019,2469198.8,250.871,4963.48,263.0,27.5615,4.148
10389.6,3725.93,0.35862,107.555,1451736.6,169.78,4584.84,65.0,30.3893,18.549
6976.69,2496.76,0.35787,57.5068,998477.9,93.1479,4956.99,31.0,35.0252,12.517
12883.2,3420.98,0.26553,190.136,1769306.8,211.074,4524.88,178.0,28.6884,1.913
11796.8,4145.47,0.3514,87.3226,1701335.5,163.393,4249.9,23.0,34.6193,10.684
10571.4,2441.81,0.23098,124.339,1439172.2,155.249,3621.36,19.0,33.5799,2.24
13614.3,3796.36,0.27885,172.157,1879564.4,197.959,5100.57,64.0,26.6874,2.073
8859.78,2396.5,0.27049,97.6949,1221348.4,104.312,3934.41,31.0,30.9125,20.262
4582.01,901.76,0.1968,38.2,651616.2,49.6453,1717.22,53.0,44.608,10.084
9440.31,3645.77,0.38619,85.128,1339051.1,143.638,4704.87,89.0,35.6442,16.245
6139.83,1509.32,0.24582,62.0617,873185.0,76.7857,3128.45,38.0,40.6924,14.408
4702.11,1448.56,0.30806,32.3537,665082.0,58.4172,2148.43,48.0,44.3052,7.285
20414.4,7615.74,0.37305,204.237,2922891.2,335.137,18034.9,238.0,20.7391,6.429
23294.2,7577.27,0.32528,299.914,3235315.2,397.5,6411.54,111.0,17.5298,5.291
6898.25,2491.68,0.3612,65.4181,945924.6,105.609,3581.44,36.0,37.3312,5.056
15354.0,5087.48,0.33134,164.36,2095976.8,205.404,5036.29,69.0,27.4565,6.74
16069.9,5307.81,0.33029,167.454,2291152.5,275.866,4948.46,239.0,27.4123,19.899
6756.57,1795.95,0.2658,63.7226,928497.25,91.6495,3106.42,31.0,38.0465,11.48
8688.77,3468.77,0.39922,72.4226,1194697.5,137.892,3779.74,79.0,35.3981,15.268
14155.8,3320.2,0.23454,167.241,1925309.2,230.337,4737.81,100.0,28.682,1.706
10849.2,2457.82,0.22654,135.382,1508214.0,162.685,4709.85,179.0,28.8638,0.747
15588.3,6361.13,0.40807,196.779,2042684.9,254.857,4323.09,120.0,30.533,4.925
16075.2,4861.78,0.30243,210.219,2116459.5,246.451,5896.01,259.0,22.7427,2.487
9107.64,3768.2,0.41374,92.3446,1293675.4,126.616,3955.07,63.0,36.5683,11.994
9254.63,2739.38,0.296,105.316,1279582.5,140.211,4076.3,64.0,32.1975,14.082
6779.04,2391.66,0.3528,76.7822,914881.1,96.8613,3260.4,60.0,38.4523,2.148
8701.7,2534.84,0.2913,70.2712,1214777.2,122.832,3971.25,57.0,37.1841,15.491
13822.7,4564.35,0.3302,200.518,1865028.5,247.106,4515.11,33.0,29.0615,1.854
3835.42,1224.37,0.31922,35.0567,521945.12,51.2381,1396.81,17.0,44.3159,1.577
14736.6,5840.34,0.39631,168.614,2044954.4,265.869,4870.28,159.0,28.9113,16.678
21725.2,7492.43,0.34487,220.398,2985993.0,363.063,6133.91,144.0,21.6585,10.607
13889.8,4694.26,0.33796,187.65,1933445.9,246.786,4397.19,16.0,30.2527,3.215
13045.9,3069.37,0.23527,142.15,1798224.0,201.149,4796.97,61.0,31.6134,2.051
9221.18,3412.46,0.37006,118.829,1332492.8,155.401,3828.25,73.0,35.0223,4.586
28001.7,10935.0,0.39051,236.541,3807278.0,408.962,6489.12,177.0,19.4546,14.834
8404.39,2374.18,0.28249,75.4879,1170687.4,105.242,4168.65,63.0,35.4488,1.438
11271.3,2780.04,0.24664,137.045,1572464.2,171.047,4719.15,175.0,27.5209,0.728
24148.4,7942.13,0.32888,217.514,3315514.5,311.198,7499.25,255.0,20.3191,20.744
4762.93,1469.83,0.30859,39.7607,665224.1,64.6284,2436.61,72.0,42.6727,10.03
7297.47,1299.92,0.17813,57.1174,1055622.4,82.9714,2402.52,64.0,40.97,9.42
7523.86,1741.05,0.2314,59.9359,1043392.25,86.2994,3264.6,21.0,39.1535,16.295
15649.5,5251.22,0.33555,218.474,2175659.5,256.437,5372.32,287.0,24.3666,1.861
8353.61,3144.9,0.37647,82.9932,1114584.8,144.233,3663.23,55.0,36.1476,2.099
11508.5,2513.9,0.21843,154.025,1629165.2,169.444,4592.65,50.0,30.0287,0.992
9473.18,2711.57,0.28623,62.8609,1324353.4,131.133,3727.23,8.0,34.6052,18.306
9997.63,2854.3,0.28549,125.202,1372386.8,139.274,4194.29,131.0,32.9503,2.202
7999.63,3059.21,0.38241,89.4743,1078991.4,154.19,3673.07,60.0,36.1098,10.084
12744.6,3994.98,0.31346,83.119,1695101.9,185.898,4544.95,113.0,30.7878,6.719
10239.0,2472.4,0.24146,111.817,1427301.5,132.623,4280.63,58.0,34.0515,1.88
16386.2,5637.24,0.34402,187.776,2286593.8,246.742,4460.79,41.0,21.5922,2.541
23326.3,9459.97,0.40554,175.362,3232510.8,377.575,6081.74,152.0,20.4607,18.938
12853.5,4482.94,0.34877,151.889,1792792.0,169.216,5260.69,38.0,27.1267,4.089
8475.56,2722.58,0.32122,102.419,1182232.2,129.761,4024.3,48.0,34.5057,14.196
13474.4,4255.64,0.31583,169.592,1864902.6,222.541,4765.34,120.0,28.4578,4.342
5690.85,1405.61,0.24699,47.2847,804751.25,61.0073,2450.35,10.0,41.6317,2.277
8392.2,2104.3,0.25074,79.4513,1168979.1,98.7857,3525.42,57.0,37.268,2.073
5539.8,1808.23,0.3264,48.5649,790325.5,77.3965,2792.33,19.0,40.8959,1.932
7942.48,2122.35,0.26721,88.4396,1134003.9,122.779,4130.55,101.0,34.505,1.368
8148.85,2536.88,0.31131,61.1527,1136441.8,107.525,3377.49,9.0,38.8618,13.891
11331.3,2977.35,0.26275,145.748,1606595.2,158.866,4137.03,122.0,31.9889,2.546
7311.42,3266.27,0.44673,59.4023,1013949.75,127.827,4209.24,79.0,35.9053,15.489
10245.8,3047.26,0.29741,128.476,1375842.8,162.986,3995.5,44.0,34.0266,1.88
8548.51,2713.86,0.31746,93.2497,1148381.0,140.383,3987.18,39.0,32.5011,5.106
6382.73,1731.62,0.27129,57.6563,906675.0,74.8307,2942.73,29.0,40.4635,14.475
7599.22,2018.72,0.26564,81.9264,1068668.1,108.256,3401.11,30.0,37.8907,3.95
7422.05,2256.01,0.30396,74.075,1001670.25,106.001,3405.25,76.0,37.1327,3.45
6693.19,2517.36,0.3761,79.692,914240.75,108.17,3786.73,36.0,36.1389,2.407
16001.1,4464.53,0.27901,138.711,2256214.5,227.127,5516.49,59.0,27.9658,3.674
10102.1,2999.79,0.29694,126.201,1396576.2,167.73,4652.24,76.0,29.8578,1.555
12731.9,3979.69,0.31257,148.508,1770492.4,211.682,4702.82,78.0,29.577,3.844
5661.54,1493.97,0.26388,49.2381,726009.4,77.863,2325.63,29.0,42.9709,3.947
7242.16,2406.14,0.33224,56.2608,988661.56,95.3731,3272.3,46.0,37.4687,19.127
11891.0,4986.95,0.41938,110.964,1661955.6,190.463,5249.44,96.0,27.1732,19.75
7492.2,2503.07,0.33409,69.7664,1014201.56,110.853,3384.74,78.0,36.7028,4.182
18327.0,6913.82,0.37724,190.76,2529973.0,295.545,6043.05,190.0,26.4597,20.406
18076.2,5795.43,0.32061,189.186,2579939.2,285.575,7038.61,122.0,26.8259,16.436
10861.7,3197.81,0.29441,96.892,1480138.0,139.344,5802.36,39.0,30.0812,15.877
13130.0,4687.91,0.35703,99.1755,1786322.6,196.7,4542.91,80.0,30.1129,20.255
11326.4,2681.58,0.23675,131.857,1565457.9,151.293,4412.82,85.0,31.7362,2.221
5434.18,2506.34,0.46121,47.9815,740527.75,95.3043,2194.43,7.0,41.5403,7.564
17612.0,8096.38,0.4597,121.478,2403902.0,311.055,5942.07,99.0,26.2825,20.328
6032.72,1789.89,0.29669,56.9261,830929.1,83.1333,2675.4,43.0,40.5302,2.021
11388.6,4423.76,0.38843,130.127,1609593.0,184.292,4966.28,141.0,28.7747,12.133
12639.7,3136.6,0.24815,196.163,1717314.6,200.669,4565.66,175.0,29.1083,1.718
9534.99,3613.44,0.37896,93.1441,1275122.2,157.987,4376.89,82.0,32.8855,9.402
4361.67,886.32,0.2032,39.3498,604516.44,53.0196,1747.51,53.0,44.9251,9.917
14110.7,4244.14,0.30077,174.068,1982777.0,240.613,4410.57,21.0,30.2035,3.08
20198.7,7677.32,0.38008,196.301,2696436.8,300.992,5621.15,155.0,23.2507,10.142
6758.79,2339.91,0.3462,62.5706,909603.2,98.8645,3066.55,52.0,40.4416,1.914
7765.6,3224.38,0.41521,66.5287,1036466.5,129.275,3350.84,75.0,39.1142,15.685
9954.44,4123.73,0.41426,90.5046,1313193.5,158.855,3816.33,61.0,34.8879,16.763
7949.14,2555.18,0.32144,91.9354,1086756.5,107.227,3728.33,37.0,36.3286,13.745
15830.5,4836.39,0.30551,156.15,2155277.0,235.18,5143.29,38.0,27.4186,5.499
8290.59,2939.73,0.35458,68.1805,1115947.0,116.86,4447.41,68.0,34.977,15.17
9858.49,3409.99,0.34589,69.5538,1367193.8,154.854,4481.57,67.0,33.5157,18.975
6114.25,1740.01,0.28458,63.2498,846090.1,85.9449,3368.33,39.0,37.6733,16.339
8817.59,2453.48,0.27824,88.7385,1251420.4,118.034,4594.86,46.0,33.5151,3.914
5899.72,1227.22,0.20801,67.715,831038.4,70.2588,3041.9,17.0,39.124,1.464
5794.8,1462.18,0.25232,55.4452,763843.44,84.4798,3480.64,17.0,40.1524,2.406
14773.6,4846.59,0.32805,158.007,2104330.0,205.209,5903.9,90.0,24.6567,2.384
10299.2,3112.19,0.30217,99.6824,1364539.5,145.903,4047.49,72.0,34.9936,16.058
8539.77,3220.17,0.37707,90.6948,1181502.0,158.417,3997.02,51.0,33.3086,16.633
8761.87,2370.2,0.27051,97.3172,1203517.2,129.94,3464.11,122.0,35.8352,1.487
9334.11,2761.93,0.29589,87.3557,1269807.0,124.183,3840.4,39.0,34.895,2.004
4731.56,955.93,0.20203,43.1934,628190.44,54.1124,2396.48,47.0,43.0877,10.925
12986.5,3641.84,0.28043,163.706,1814167.0,218.227,4620.0,123.0,29.6448,3.713
6046.37,2128.76,0.35207,53.4748,841747.1,78.7792,2667.46,27.0,41.0274,3.991
13419.8,5687.99,0.42385,133.934,1873890.0,191.492,4887.91,148.0,29.0882,18.728
13512.9,5734.6,0.42437,121.77,1868709.6,227.368,4181.27,74.0,31.7264,17.235
6489.52,2300.1,0.35443,77.5342,938354.06,117.645,3131.22,72.0,36.784,15.287
12760.7,4139.25,0.32437,149.518,1792549.4,168.799,5145.15,29.0,27.0303,5.096
8819.11,2153.2,0.24415,100.573,1242514.5,124.356,3795.5,57.0,35.1388,2.587
6106.36,1513.13,0.24779,51.1368,884899.4,64.39,3138.17,16.0,41.2872,12.086
8161.39,2041.62,0.25015,82.3135,1150544.9,113.961,3864.61,3.0,33.9472,1.806
5629.4,1533.53,0.27241,64.7731,743841.7,111.268,2667.53,64.0,40.2536,14.674
9011.59,3165.56,0.35127,78.6036,1232931.2,130.463,4151.49,81.0,37.9699,14.714
4977.72,1587.07,0.31883,33.8,695671.0,60.2043,2114.19,32.0,43.7673,12.132
14541.9,5288.8,0.36369,161.571,2105140.2,232.451,5162.14,162.0,21.1229,20.104
11291.2,2890.76,0.25601,128.629,1559128.2,160.345,4480.78,90.0,31.3602,1.819
9680.38,2698.0,0.2787,104.666,1370859.4,154.121,3936.47,37.0,33.3187,1.901
16262.7,6974.96,0.42889,202.119,2167139.5,272.562,4695.15,185.0,30.7323,19.039
21013.2,6375.74,0.30341,266.342,2917139.0,299.656,5529.64,87.0,46.5464,3.416
8570.4,2514.67,0.29341,51.5036,1165683.5,112.235,4120.09,32.0,35.6482,14.351
9018.47,3675.29,0.40752,71.2536,1261733.4,137.307,3858.65,20.0,37.0296,14.774
15606.1,4558.8,0.29211,190.407,2173665.2,222.066,4820.14,34.0,46.5464,5.102
5503.16,1547.26,0.28115,43.1595,747518.4,72.9308,3267.58,15.0,40.765,12.511
5251.36,1958.61,0.37297,46.2474,723665.94,74.0076,2011.07,42.0,43.5805,2.07
4964.11,1795.27,0.36164,45.8842,711406.8,67.923,2614.5,44.0,40.675,12.137
9754.07,3552.85,0.36424,81.9539,1395995.0,140.395,3993.37,44.0,34.4443,5.845
8405.23,2879.66,0.3426,76.236,1174779.2,107.096,3688.27,41.0,36.2938,11.289
15623.9,5069.36,0.32446,185.906,2252305.0,264.107,5185.44,80.0,25.6211,4.254
9152.07,3297.49,0.36029,65.674,1275304.8,128.987,3344.71,71.0,36.378,19.956
12950.4,3675.86,0.28384,139.085,1787852.0,176.06,4581.16,84.0,30.7239,2.084
8679.11,2600.33,0.2996,69.0675,1233983.9,99.7314,3670.24,31.0,38.7098,11.782
13775.2,4891.75,0.35511,154.067,1904675.9,219.308,4920.06,81.0,28.0261,4.242
5499.01,1617.38,0.29412,47.1032,765424.3,71.2712,2980.11,19.0,41.7414,2.104
5988.63,1505.29,0.25135,61.9736,753738.75,86.4302,3023.37,27.0,39.6974,2.425
21543.5,9530.19,0.44236,116.407,2875722.8,368.441,5377.27,154.0,27.7362,6.508
4602.07,1940.88,0.42174,26.0917,622464.1,67.4401,2315.04,55.0,43.0653,2.277
8157.11,2280.73,0.2796,70.8749,1098581.5,107.853,3623.3,89.0,37.5984,10.762
4758.2,1663.13,0.34952,38.1058,647069.06,65.1636,1579.69,13.0,42.1529,8.36
7058.21,2049.88,0.29042,80.5,966161.0,111.314,3046.49,81.0,38.5587,0.763
13176.5,2856.18,0.21676,167.509,1794844.4,207.447,4740.66,89.0,28.6678,1.846
7920.01,1433.52,0.18099,76.05,1118274.5,101.033,3721.55,14.0,34.2607,1.815
12281.3,3547.89,0.28888,130.064,1707462.9,161.394,4252.15,32.0,31.0761,13.678
9802.06,2239.25,0.22844,97.0178,1349112.6,120.9,4349.94,52.0,32.7833,5.738
9341.17,2381.19,0.25491,118.081,1280876.2,132.642,4278.54,69.0,33.7865,2.324
16674.9,4326.56,0.25946,226.589,2350328.8,267.981,5556.5,100.0,22.0436,3.059
15343.6,5118.38,0.33358,194.127,2008658.1,228.985,4383.6,103.0,30.2973,2.506
6337.69,1639.95,0.25876,72.6613,837139.5,93.1292,3441.74,78.0,38.0704,1.458
9924.15,2701.74,0.27223,110.724,1358444.0,160.2,4190.86,77.0,32.9804,2.098
10367.6,2507.54,0.24186,96.7261,1472548.9,135.281,3638.4,124.0,36.3018,2.672
11919.4,2294.01,0.19246,140.974,1649796.6,201.845,4420.83,115.0,31.2386,19.568
17325.3,4515.71,0.26064,225.293,2406854.2,260.58,5704.46,205.0,22.0374,1.902
6545.21,2398.55,0.36645,61.2506,914438.7,90.7578,3497.71,66.0,35.3287,3.454
4797.59,1314.78,0.27405,48.0069,664395.94,60.1644,2185.72,18.0,43.0232,1.806
7251.94,1573.63,0.21699,62.2447,1032324.5,78.2522,2938.61,56.0,35.826,16.566
4581.04,804.92,0.1757,39.3906,630012.5,61.7489,2326.0,33.0,43.2226,12.838
8400.45,2717.34,0.32347,88.6697,1176366.0,128.724,3177.53,70.0,35.9513,10.292
7612.04,1573.38,0.20669,79.7678,1092867.5,104.886,3887.19,27.0,36.2394,2.446
15922.4,5459.01,0.34285,181.247,2200842.2,255.095,6695.21,202.0,28.0997,2.334
6376.47,1987.94,0.31176,58.9191,888306.56,91.7089,2687.23,42.0,40.7197,1.651
14070.0,2409.35,0.17124,161.394,1953932.8,225.46,4706.1,34.0,28.4491,0.0
15838.0,3353.21,0.21171,179.091,2216461.5,203.106,4065.95,137.0,32.0485,1.874
8593.49,3590.5,0.41781,87.6392,1197430.2,142.439,3674.84,35.0,35.9641,14.978
11512.6,3267.03,0.28377,134.007,1593958.2,163.623,4453.86,90.0,31.2291,1.81
13937.7,5079.98,0.36447,175.459,1913257.8,264.077,4996.44,191.0,26.9828,16.981
8842.37,2082.51,0.23551,94.3653,1233784.8,131.933,3546.09,18.0,34.6286,1.5
5130.84,1027.02,0.20016,44.0816,741657.56,61.7981,2187.27,74.0,42.7676,0.708
7614.73,2471.05,0.3245,74.8844,1039018.0,112.713,3377.1,51.0,37.3952,16.169
6548.35,2044.44,0.3122,63.1829,927615.06,86.1242,2738.74,46.0,40.2879,2.58
6093.71,1276.95,0.20955,56.7716,841197.44,78.1469,2807.43,18.0,40.2782,1.122
14730.7,4594.26,0.31188,173.236,2056140.6,250.989,4569.16,26.0,29.0746,3.82
14822.0,7227.88,0.48764,89.8148,2132587.5,236.045,7644.8,83.0,32.8264,17.88
17996.6,7031.49,0.39071,231.016,2420727.8,301.718,5859.55,155.0,21.8216,20.666
9211.87,4014.21,0.43576,80.9512,1333849.6,153.353,3514.67,68.0,36.5926,17.699
7425.22,1941.47,0.26146,58.1729,1027986.8,88.1411,3444.92,24.0,37.2486,5.085
5914.18,2018.01,0.34121,61.2919,817125.8,86.9538,2980.95,38.0,39.4925,14.542
8481.37,2193.13,0.25858,86.7406,1161397.6,127.579,3589.94,49.0,35.9506,4.969
10511.0,3661.45,0.34834,133.155,1465060.0,167.958,4482.43,86.0,32.4297,13.226
7494.6,1853.24,0.24727,97.5687,991303.25,125.281,3424.73,7.0,46.5464,1.186
4742.53,1538.62,0.32443,47.0292,681713.6,68.1313,2437.85,42.0,42.1846,6.931
8856.2,3215.43,0.36307,81.8542,1236089.0,140.157,3523.84,116.0,36.0039,4.041
7522.35,2756.9,0.36649,78.2453,1040463.5,97.8864,3835.21,34.0,36.5003,2.149
11078.6,4606.65,0.41581,91.2556,1561368.2,163.191,4280.92,15.0,35.7699,17.838
5380.32,1931.38,0.35897,36.5456,759942.5,68.8902,3405.18,7.0,44.3889,17.57
10095.0,2619.65,0.25949,99.7927,1442895.6,151.914,3966.65,40.0,33.3605,1.472
7635.32,2165.71,0.28364,90.4156,1023228.4,127.37,3817.79,27.0,35.9109,5.056
9421.85,2333.21,0.24763,85.6047,1330998.8,109.112,3999.19,19.0,33.3277,2.359
14381.2,4477.32,0.31133,190.577,1912409.0,237.553,5015.56,188.0,27.0842,3.032
10590.1,4692.06,0.44306,125.637,1485844.2,177.899,4454.93,112.0,31.5452,16.286
13071.2,3760.96,0.28772,163.793,1795923.1,212.43,4762.48,132.0,28.3224,4.86
8088.83,1834.82,0.22683,82.5103,1137459.6,103.026,3973.37,40.0,35.3873,2.212
6132.13,2019.76,0.32937,58.0932,820478.9,93.2805,2697.25,34.0,40.869,5.108
8330.09,2861.83,0.34355,67.0649,1142767.2,114.358,3507.86,32.0,38.4164,15.229
12003.6,4370.23,0.36407,110.474,1725284.0,180.748,4787.3,76.0,29.5096,4.525
10684.4,3996.74,0.37407,87.35,1450901.9,179.126,4501.82,101.0,32.5806,16.073
13012.4,4122.18,0.31678,149.845,1817692.4,203.491,4805.3,77.0,28.9201,4.065
8398.03,2865.43,0.3412,95.5908,1187829.9,133.248,3602.52,23.0,35.7566,3.29
14445.5,2835.11,0.19626,194.071,2020683.0,226.756,4857.89,91.0,46.5464,3.184
6053.54,1499.28,0.24766,50.564,789317.8,98.1857,3588.71,15.0,39.9843,1.696
10446.0,3695.4,0.35376,79.2731,1437777.8,145.774,4185.17,31.0,33.684,20.774
6005.09,1477.44,0.24603,60.9815,755065.44,93.8185,3105.96,16.0,38.9585,2.143
10087.2,2616.82,0.25941,127.36,1396370.9,160.895,4664.99,67.0,29.8343,2.004
7433.37,2354.14,0.31669,64.4121,987104.3,96.239,3776.44,66.0,37.6351,3.901
6650.55,2343.02,0.3523,50.7317,944392.06,98.7039,2684.54,78.0,40.1357,14.011
8024.39,1991.71,0.2482,90.6837,1108574.8,114.038,3962.54,26.0,36.1578,2.291
12537.7,4996.39,0.3985,107.059,1728431.9,201.747,3890.58,18.0,31.5061,13.664
4907.69,1275.05,0.2598,36.5752,684457.8,56.7205,2019.44,22.0,43.5465,11.793
11131.1,2997.08,0.26925,144.952,1518092.8,170.945,4305.2,39.0,28.0106,2.127
9076.37,2476.78,0.27288,86.2908,1268259.5,115.054,4233.26,41.0,34.47,1.924
5783.31,2140.81,0.37017,66.7868,786420.7,90.946,3058.05,45.0,39.3108,10.069
7528.68,2104.62,0.27954,91.3366,1018898.4,95.6433,3612.97,20.0,36.6817,10.985
9411.86,2189.14,0.23259,113.377,1314684.5,129.339,4230.66,57.0,33.8723,1.525
22323.9,5396.59,0.24174,330.806,3064417.5,395.613,6222.46,163.0,19.8415,1.005
4409.64,961.55,0.21805,41.6394,609560.75,53.6795,2304.32,47.0,41.7684,9.592
15010.3,4640.89,0.30918,145.955,2136126.5,218.351,8426.22,94.0,29.2748,1.402
10531.6,3188.92,0.30279,131.871,1408936.9,162.823,4189.57,39.0,33.3908,1.985
6873.03,2410.51,0.35072,80.0046,940720.06,97.3983,3286.76,62.0,39.2708,2.11
8132.57,2272.07,0.27937,96.9415,1089717.5,117.043,3811.4,30.0,34.8271,4.726
8934.33,2820.61,0.3157,77.4501,1194100.6,114.01,3612.47,84.0,35.6574,13.999
5638.66,1483.26,0.26305,57.3784,779171.2,78.102,2401.71,43.0,39.9459,13.7
13605.0,4005.36,0.2944,154.342,1934233.6,193.355,5053.51,138.0,27.3311,15.934
12477.0,3003.45,0.24071,195.148,1688948.6,201.011,4571.41,178.0,29.1323,1.672
4858.4,844.32,0.17378,32.1723,655048.44,55.7147,1944.36,17.0,41.8087,13.013
4625.56,940.22,0.20326,43.6307,645555.06,58.9491,2622.52,18.0,41.0207,3.223
10786.6,3894.87,0.36108,126.311,1513278.0,189.064,4432.09,74.0,32.0568,6.625
7616.55,1685.22,0.22125,76.714,1085784.6,107.682,4081.52,98.0,34.7735,0.946
21898.2,6320.48,0.28863,303.48,2987484.0,316.48,6616.21,290.0,18.6627,1.55
5777.2,2442.75,0.42282,30.5202,809860.56,89.6656,2703.41,43.0,41.3375,14.995
7850.03,3508.3,0.44691,54.8838,1050453.8,136.8,3504.18,40.0,37.4926,14.846
10614.6,3209.0,0.30231,106.78,1486220.1,132.132,4503.41,82.0,30.8601,16.818
14715.5,5274.43,0.35842,199.339,2003513.6,257.206,4740.77,29.0,27.9358,2.732
6855.52,1872.9,0.27319,66.547,945570.75,88.9529,3044.83,45.0,37.5687,2.274
11147.8,2939.94,0.26372,97.9976,1531659.4,143.342,4706.25,44.0,31.7066,12.342
5608.52,1749.23,0.31188,71.0467,768493.06,74.9646,2998.77,46.0,40.4474,3.323
8639.89,3676.65,0.42554,87.1761,1226207.6,144.835,3176.93,65.0,36.3371,16.419
7634.43,2482.01,0.3251,62.8649,1067200.1,120.38,3043.05,59.0,38.7894,14.85
14734.3,4305.26,0.29219,174.672,2036361.0,234.764,4869.87,116.0,28.7914,4.469
8360.35,2197.06,0.26279,93.1125,1125187.5,93.2737,3559.55,20.0,35.2696,19.557
6055.22,2005.7,0.33123,57.9974,836741.4,90.9317,3297.7,71.0,36.5969,1.423
9460.12,2225.07,0.2352,105.404,1301303.9,145.61,4000.46,39.0,34.0661,1.987
5326.84,2260.32,0.42432,56.1058,733955.75,95.4872,2339.46,91.0,41.7224,11.838
14524.7,5336.82,0.36743,189.963,1924510.5,268.862,5199.38,70.0,26.1855,5.83
9763.56,2559.39,0.26213,107.939,1370551.0,145.338,4162.43,56.0,33.7414,2.343
10680.9,4331.89,0.40557,110.315,1471832.8,163.085,4183.45,54.0,33.8222,13.441
18938.3,5770.57,0.3047,231.547,2625093.2,274.72,5713.24,195.0,22.0064,2.412
13921.9,5346.12,0.384,203.628,1838821.6,244.969,5132.49,93.0,26.1583,5.548
14122.3,4179.51,0.29595,159.471,1969638.8,248.305,5146.63,153.0,25.9869,2.02
8356.54,2298.2,0.27501,94.7894,1185849.5,115.743,3550.98,94.0,34.2352,14.698
7647.97,2355.97,0.30805,63.0851,1076389.1,94.8278,4425.62,78.0,34.7467,9.988
10253.1,3957.2,0.38595,61.3027,1418268.9,145.498,4988.01,46.0,31.8283,20.778
5971.48,1058.41,0.17724,53.3328,825630.3,61.9726,3073.04,19.0,39.9127,4.022
13937.3,5069.34,0.36372,142.141,1880518.1,233.181,4984.23,98.0,26.8077,19.047
10907.1,4765.1,0.43688,94.1763,1587698.9,149.775,4221.36,44.0,35.4141,17.699
8464.85,3308.4,0.39083,64.46,1164908.8,122.362,3943.5,47.0,38.1152,13.124
4803.32,1474.21,0.30691,36.457,668331.3,58.6457,1933.2,54.0,43.832,13.294
4640.35,1563.26,0.33688,32.4275,657866.25,55.5395,2643.62,36.0,43.0012,14.758
10037.6,3325.69,0.33132,95.6534,1417257.2,132.787,3377.55,59.0,36.4075,15.845
11213.6,4399.26,0.39231,134.16,1531475.5,197.105,4487.19,165.0,30.4638,2.846
11366.1,4525.72,0.39817,142.244,1563096.8,201.788,4497.33,182.0,30.4271,2.787
14766.1,4864.61,0.32944,160.452,2132383.0,222.705,4718.7,56.0,28.6134,3.225
10426.9,3264.65,0.31309,142.82,1472261.1,204.469,4467.51,135.0,27.0117,10.907
5044.41,2036.1,0.40363,35.0788,711534.75,65.6392,2590.22,38.0,42.7841,2.004
3826.72,1199.38,0.31342,35.639,522872.03,49.5524,1387.71,17.0,44.181,1.663
9038.16,2260.82,0.25014,86.2624,1258906.2,118.263,4756.55,45.0,32.7504,4.187
6310.31,2251.74,0.35683,71.2212,875259.8,108.138,3010.2,95.0,38.9711,12.194
9777.39,2452.84,0.25086,83.54,1374274.9,119.027,4733.67,25.0,32.769,2.184
7596.31,1405.86,0.18507,103.671,1063579.0,110.887,3778.7,38.0,35.3555,3.173
12004.5,2861.04,0.23833,144.048,1665204.2,194.574,4083.45,69.0,31.8643,1.984
10843.9,2397.02,0.22104,105.854,1523350.2,136.174,4321.98,48.0,33.3017,1.321
15283.8,4506.98,0.29488,155.127,2170356.0,192.976,5384.79,31.0,24.5235,12.326
10372.9,2494.65,0.24049,113.853,1448399.8,151.275,4313.2,58.0,30.7074,4.425
7159.91,1975.79,0.27595,78.0978,970771.1,107.018,3309.76,116.0,37.7207,11.006
11281.1,3906.42,0.34628,131.245,1603095.0,233.71,4448.63,125.0,31.1713,19.62
10659.0,4479.74,0.42027,93.7943,1502255.8,149.963,3470.55,45.0,35.5104,17.929
17482.4,6073.72,0.34741,234.253,2393806.8,281.02,5473.68,238.0,23.4661,1.833
4000.26,1087.13,0.27176,33.732,569494.4,46.039,1773.46,12.0,44.4892,1.73
7072.85,2354.25,0.33285,61.3746,934016.8,106.973,3495.06,51.0,39.707,8.978
9087.85,2774.53,0.3053,102.285,1240452.4,145.24,3306.93,9.0,36.2887,2.229
13614.3,3796.36,0.27885,172.157,1879564.4,197.959,5100.57,64.0,26.6874,2.073
12043.3,3088.01,0.2564,145.566,1620390.1,181.001,4652.74,75.0,29.3369,2.086
6319.3,1694.07,0.26807,59.6935,826707.44,73.9019,2892.49,39.0,39.8115,4.576
8572.5,2251.42,0.26263,83.9072,1217314.5,108.687,4585.13,28.0,33.5539,1.998
14151.8,3515.86,0.24843,129.242,2004778.1,172.189,5244.78,35.0,28.3666,4.793
5721.2,862.21,0.1507,51.1767,805280.6,70.154,2706.31,1.0,42.0893,0.533
6943.29,3077.73,0.44326,45.9783,1014959.56,107.398,3445.62,34.0,42.48,14.053
6732.94,2252.64,0.33457,62.8498,920441.2,98.5481,2402.59,93.0,40.5197,13.603
13157.4,2331.24,0.17718,162.634,1780693.5,207.218,4758.06,102.0,28.5554,1.832
9733.21,3220.34,0.33086,93.8398,1305665.4,142.285,4436.36,108.0,32.4577,3.654
7648.43,1519.89,0.19871,66.1447,1090892.6,105.206,4000.51,33.0,46.5464,0.0
6820.53,2524.01,0.37006,52.326,945017.5,101.249,2689.69,60.0,40.4542,14.289
9272.66,3311.37,0.35711,92.9768,1244607.9,121.857,3844.58,30.0,36.7394,12.711
15887.3,4947.46,0.3114,204.874,2098216.8,254.306,6145.75,256.0,21.848,2.32
6709.84,1778.68,0.26508,50.1193,958134.25,81.83,2477.28,63.0,40.7013,14.923
9823.52,3649.39,0.37149,98.0189,1371330.8,158.947,4304.41,61.0,32.3334,17.707
16318.9,4818.88,0.29529,234.098,2214804.2,252.51,5355.52,126.0,24.749,1.879
4824.63,616.49,0.12777,38.9034,654525.4,63.5567,2307.75,18.0,43.988,9.408
7192.72,1780.04,0.24747,62.641,1017703.44,90.1098,3319.26,17.0,36.3503,10.721
6716.32,1876.82,0.27944,61.1456,933209.3,85.3745,3563.61,35.0,37.8382,2.005
12281.8,3275.55,0.26669,150.855,1707007.4,202.688,4823.46,56.0,28.3541,2.508
8019.95,2532.5,0.31577,75.2988,1118799.6,105.174,3978.19,55.0,33.756,6.48
6075.67,1767.18,0.29086,65.1055,845647.44,76.1641,3315.03,79.0,39.8107,12.959
5399.32,2360.41,0.43716,68.7401,720175.06,100.498,3142.72,70.0,39.1507,13.174
4754.29,1012.28,0.21291,45.1882,662337.1,57.6571,2650.82,19.0,42.3909,3.898
7902.8,2865.41,0.36258,74.4602,1120045.0,111.183,3644.95,6.0,37.2719,13.361
7172.62,3065.41,0.42737,64.8809,1011241.75,116.61,3454.56,62.0,37.3593,16.318
10387.7,2646.31,0.25475,89.2426,1462482.9,137.35,4184.3,147.0,33.129,7.042
8966.36,2934.54,0.32728,73.6316,1205133.5,124.18,3783.13,71.0,31.8149,17.436
5511.12,1401.74,0.25434,65.4486,689468.44,82.8515,3094.26,16.0,39.4305,2.21
10289.6,3149.04,0.30604,113.294,1470283.2,137.723,3891.01,58.0,34.63,2.99
3883.4,1196.63,0.30813,34.2327,525789.06,47.3974,1374.9,30.0,44.4295,11.243
15145.0,4749.43,0.31359,212.086,2095425.4,251.15,5326.19,293.0,24.7219,1.816
14870.3,4754.69,0.31974,148.977,2120797.8,244.517,4709.68,76.0,28.9912,3.729
9017.08,2640.87,0.29287,76.6562,1255613.0,115.043,4306.55,61.0,34.3032,2.807
8263.68,2486.83,0.30093,64.9561,1137839.9,108.614,2907.32,89.0,38.6341,12.624
19103.9,5339.9,0.27951,179.039,2712217.0,238.999,6135.16,64.0,21.7437,16.0
8505.35,1922.49,0.22603,94.7079,1151249.2,114.318,3835.23,27.0,34.2169,1.976
11486.9,3999.56,0.34818,94.5815,1604301.6,134.615,4990.43,41.0,35.2272,14.323
7554.79,2021.67,0.2676,76.1924,987381.1,98.7688,3648.88,70.0,36.3214,14.868
15252.6,4904.41,0.32154,190.834,1997296.9,217.834,4340.65,102.0,30.4528,2.361
16011.5,4018.21,0.25095,171.947,2214891.5,232.877,4887.18,29.0,26.7645,12.044
3657.3,977.6,0.2673,35.7352,519013.47,40.7863,1780.24,12.0,44.5339,1.206
9060.63,2133.8,0.2355,99.3173,1283066.0,143.595,3548.71,12.0,28.9775,0.919
13776.2,5350.36,0.38837,127.21,1976463.0,201.101,5187.07,164.0,26.8068,19.911
15022.5,3773.25,0.25117,189.02,2123986.5,212.34,5700.69,64.0,23.1595,1.292
17761.8,4728.89,0.26623,182.858,2508743.0,241.608,5484.43,233.0,24.1216,8.514
5605.32,2646.19,0.47208,53.2878,782967.7,91.111,2600.58,65.0,40.7262,13.428
6506.24,1728.79,0.26571,79.931,894446.0,104.29,2871.7,157.0,35.5153,15.321
9934.56,3067.89,0.3088,96.6323,1351134.9,138.444,4258.31,67.0,33.6721,17.252
9485.85,2985.33,0.31471,92.0961,1269037.2,120.817,3802.55,25.0,35.3688,16.727
20475.5,5872.39,0.2868,250.888,2805689.8,313.815,5604.64,208.0,23.0864,4.678
7026.29,1811.12,0.25776,77.1883,936308.3,95.1253,3538.38,79.0,37.6273,2.089
10062.6,3068.72,0.30496,118.974,1429919.0,133.778,3816.77,50.0,34.9711,1.827
9087.55,3902.19,0.42939,80.7364,1268213.2,142.39,3716.31,118.0,34.8887,3.292
6813.88,1848.3,0.27125,66.6747,958335.44,80.3008,3976.42,51.0,39.0062,10.135
5049.75,949.82,0.18809,41.2957,690622.94,70.4142,2734.59,27.0,41.1366,13.428
13021.0,4331.77,0.33267,145.073,1799303.2,221.862,4331.48,50.0,30.847,3.05
13385.0,4693.94,0.35068,128.041,1882441.2,184.076,5778.71,148.0,26.2658,15.349
4337.1,1488.89,0.34329,35.1353,617421.5,56.7048,2041.54,10.0,42.6741,7.146
9257.35,2605.07,0.2814,101.964,1275265.5,152.524,4105.16,77.0,32.8608,1.22
11118.6,4411.23,0.39674,85.7344,1498156.4,185.531,4140.13,47.0,36.1386,8.016
5333.03,1294.4,0.24271,42.23,759250.2,64.172,2307.69,6.0,41.7808,3.451
4195.11,1109.05,0.26436,36.6816,571725.25,52.9803,1835.9,25.0,44.1227,2.285
6397.25,2688.08,0.42019,70.172,873978.0,119.954,3175.23,73.0,39.3665,10.192
10912.7,3701.08,0.33915,128.332,1454042.4,168.524,4096.12,50.0,33.3544,2.283
8047.19,1679.48,0.2087,95.7352,1106671.5,129.407,4005.59,160.0,33.6059,2.116
5424.84,916.34,0.16891,45.5573,685878.94,67.8311,2073.54,24.0,43.4608,4.312
4465.62,1729.67,0.38733,46.7983,659783.06,63.6453,2350.45,57.0,41.9083,8.961
10342.6,2662.21,0.2574,128.655,1447644.9,164.328,4576.38,60.0,29.8745,2.594
3987.68,945.83,0.23718,34.065,569090.8,43.9523,1776.23,12.0,44.4794,2.017
5666.99,1775.17,0.31324,53.8988,784596.4,69.0177,2585.65,24.0,41.5456,2.843
7695.99,1935.64,0.25151,92.7899,1071528.5,124.818,3171.72,4.0,37.1359,0.709
6868.37,2294.08,0.334,52.0573,939907.75,97.0694,2587.78,40.0,41.3617,9.69
10904.1,3177.0,0.29135,95.6651,1496195.9,140.79,4466.65,104.0,32.0273,13.73
7526.04,2477.07,0.32913,84.8798,1065109.4,120.74,3392.42,68.0,38.0357,4.448
16026.0,4962.43,0.30964,169.109,2264651.0,235.772,5288.58,74.0,26.8357,17.765
7865.16,2629.64,0.33434,53.7404,1093047.8,115.937,3309.36,51.0,37.7245,18.612
6343.19,1353.76,0.21341,57.6833,878362.75,78.7972,2743.45,20.0,40.6325,1.42
11523.6,3888.23,0.33741,152.384,1608683.9,163.385,5109.84,41.0,28.6218,4.176
8013.3,2258.88,0.28189,54.6757,1099186.0,104.434,3110.24,43.0,39.1727,14.547
7627.9,3003.36,0.39373,94.4268,1023613.1,142.275,3283.31,80.0,38.3197,2.25
8553.28,2428.53,0.28392,74.6138,1175263.8,116.65,3642.33,43.0,35.4604,6.07
7953.52,2481.02,0.31193,62.7685,1144329.1,103.348,5259.07,42.0,39.0859,13.121
10820.4,4074.16,0.37652,91.9641,1523410.2,149.439,4205.39,110.0,32.9744,18.528
13627.3,3415.17,0.25061,126.367,1864985.9,167.192,4043.97,211.0,31.9373,3.919
5730.81,1967.46,0.34331,68.4013,797603.7,79.4927,3693.36,74.0,38.6164,3.58
7483.24,1805.45,0.24126,80.9562,1045292.8,107.953,3828.96,21.0,36.1196,1.562
15014.2,4355.42,0.29008,187.211,2086049.5,225.465,5641.9,138.0,22.7356,0.922
10710.2,4600.0,0.42949,95.2966,1495143.0,158.059,3784.62,70.0,37.7603,15.84
6708.01,2120.38,0.31609,61.4996,903681.3,101.614,3098.62,20.0,39.9299,1.233
6239.62,1501.77,0.24068,60.5363,894062.9,80.6319,2352.0,25.0,40.3263,8.494
8095.38,2584.51,0.31925,71.9334,1144000.2,110.456,4040.55,15.0,35.2636,6.681
8040.16,2087.2,0.25959,87.6991,1116397.1,108.673,3896.92,53.0,36.0536,1.972
11315.8,3652.88,0.32281,60.3845,1589539.4,161.784,3996.66,14.0,37.2627,18.599
6989.5,2579.14,0.369,76.1603,943638.7,108.36,3326.62,60.0,36.9048,15.064
7840.53,2589.88,0.33031,77.9597,1076323.2,108.918,3120.78,115.0,39.1557,1.919
6417.7,2297.87,0.35805,54.2342,876266.25,94.6799,3001.06,38.0,40.0118,7.517
6619.83,1694.81,0.25602,57.3628,909215.06,77.6535,3172.59,33.0,38.9161,3.531
7994.12,2183.9,0.27318,69.1567,1099733.6,101.23,3466.6,35.0,30.5847,9.175
13542.8,4808.45,0.35505,179.583,1996484.1,268.356,4814.24,90.0,27.1702,2.664
15055.5,5577.27,0.37044,125.972,2133285.2,226.558,5369.45,129.0,28.766,6.05
8248.87,2553.52,0.30955,60.7148,1138473.6,111.038,2883.78,48.0,39.0453,13.923
12319.8,3902.54,0.31676,163.175,1738402.0,219.124,4666.02,58.0,28.4577,3.379
14942.9,4675.05,0.31286,211.16,2072707.1,257.111,5329.85,291.0,24.6763,1.555
9280.02,2900.1,0.31251,95.6194,1329914.5,120.101,4182.91,118.0,26.0612,17.705
6967.07,2459.52,0.35302,49.1568,969498.25,108.75,2590.21,62.0,40.5622,14.535
8014.54,1478.6,0.18448,74.706,1128696.2,103.871,3762.33,14.0,34.2319,1.672
15019.8,3816.77,0.25411,176.666,2122149.8,213.917,5689.69,67.0,23.015,1.437
8336.45,1977.64,0.23722,87.6685,1191890.4,112.175,3837.7,6.0,34.3173,1.636
8067.95,3035.56,0.37624,74.2498,1111626.5,128.907,3493.2,72.0,36.4766,16.924
5030.05,1568.57,0.31183,54.6778,703708.4,74.2752,2551.24,64.0,41.7741,8.824
7503.18,2033.71,0.27104,88.2191,1033999.9,103.023,3075.24,21.0,37.6752,0.644
6053.49,1633.77,0.26988,57.2691,799521.0,90.8349,3712.77,22.0,38.4787,9.805
11880.3,3154.1,0.26548,167.595,1655790.2,190.896,4670.21,109.0,29.3361,1.917
9274.04,3124.9,0.33695,61.0572,1263659.6,143.97,3315.9,51.0,36.256,4.123
9357.64,4012.51,0.42879,82.7821,1374507.5,142.668,3652.81,51.0,33.4426,12.323
15018.1,5471.79,0.36434,96.3273,1976136.0,240.333,4610.92,96.0,29.2721,20.384
5960.77,1940.87,0.3256,57.9658,797680.1,92.169,2665.54,27.0,41.069,4.472
9358.49,2539.16,0.27132,80.29,1304549.8,122.518,4118.29,81.0,33.7084,5.991
8727.63,2333.47,0.26736,54.3497,1200404.4,109.91,3254.69,44.0,42.2211,17.716
11849.7,3649.77,0.308,135.94,1655813.6,169.383,4193.37,28.0,30.9425,3.09
8306.66,3024.22,0.36407,83.6331,1140469.5,120.353,3852.2,24.0,36.0791,2.638
4758.34,880.32,0.185,46.6973,600839.94,62.7266,2022.78,35.0,43.6501,7.461
8294.31,2320.57,0.27977,58.8863,1137356.9,114.725,3882.77,37.0,36.5385,11.501
9173.53,3691.55,0.40241,83.7925,1267391.5,136.609,3624.55,97.0,35.5308,7.986
10099.6,2843.58,0.28155,117.192,1388326.6,142.365,4204.42,124.0,32.6297,2.344
7840.15,3250.99,0.41465,79.4755,1099756.2,124.874,3281.98,38.0,37.762,3.422
11587.9,2521.95,0.21763,147.702,1638511.6,175.276,4605.09,52.0,29.9824,0.937
14570.7,4709.74,0.32323,156.919,2093505.4,227.151,5711.06,76.0,24.9062,1.683
9444.27,3387.32,0.35866,74.7439,1343377.5,129.911,4370.2,24.0,33.1751,9.828
12704.4,3784.06,0.29785,161.485,1790376.5,232.824,4324.84,76.0,30.6408,1.66
6052.08,2200.62,0.36361,64.6568,802808.4,93.6899,2548.51,44.0,39.8369,3.366
15402.2,4778.87,0.31027,182.114,2137530.8,256.505,5132.14,112.0,26.0878,7.955
14845.9,3675.48,0.24757,184.234,2093440.0,216.268,5650.77,66.0,23.0164,1.248
14355.0,4797.23,0.33418,157.673,2031472.9,218.541,5659.34,149.0,24.9606,12.387
9475.4,3092.56,0.32637,106.667,1339934.9,111.199,4430.4,124.0,31.6857,20.057
11002.1,4339.9,0.39446,157.694,1525167.6,195.573,4828.87,48.0,29.6901,15.197
12199.9,3226.46,0.26446,140.005,1703699.5,209.818,4834.25,56.0,28.7144,2.317
9929.78,2401.2,0.24181,86.1951,1347615.5,140.941,3756.73,28.0,35.3869,19.304
7420.8,2431.31,0.32763,66.517,1058199.0,94.8793,3385.12,60.0,37.1862,14.301
8926.6,2439.42,0.27327,82.5728,1255332.9,115.463,4432.7,46.0,33.5396,1.53
9555.96,3180.61,0.33284,87.2416,1364534.5,133.72,3474.84,12.0,36.6384,4.165
13010.8,4066.07,0.31251,109.543,1756269.9,181.746,4706.43,54.0,33.8452,3.648
10277.2,3507.46,0.34128,85.4743,1377661.9,166.192,4070.74,8.0,36.2668,17.637
6598.25,2318.68,0.3514,57.5241,915377.25,98.1905,3537.65,72.0,36.5343,1.475
8843.36,2788.35,0.3153,102.124,1227717.2,122.761,4131.36,40.0,34.6436,2.068
13271.8,5428.41,0.40901,134.542,1809367.1,214.973,3860.76,62.0,34.7554,17.595
9452.54,2913.88,0.30826,88.0215,1326468.1,130.515,4648.25,45.0,34.4033,2.431
4904.52,1304.98,0.26607,47.8691,679508.9,68.8782,1998.62,4.0,42.3851,3.06
11123.9,2954.92,0.26563,128.728,1512116.8,159.407,3855.75,22.0,32.6841,2.787
14113.1,4867.73,0.3449,166.597,1918678.9,237.999,4669.73,97.0,29.5191,6.382
14066.6,5643.79,0.40121,141.028,1981253.4,212.199,4385.84,63.0,30.3223,7.356
10751.3,3323.12,0.30909,140.287,1474898.5,163.189,5097.76,42.0,28.2445,3.4
10357.4,3200.78,0.30903,128.201,1383761.2,168.546,4023.36,36.0,33.5778,1.537
12770.8,4084.4,0.31982,182.192,1681360.1,244.417,5219.86,111.0,25.2927,10.129
4108.96,1331.52,0.32405,34.0818,556816.56,48.5724,1420.71,32.0,44.2408,11.913
7503.04,1169.24,0.15583,80.0962,1016797.5,88.4063,3205.58,32.0,46.5464,18.159
12856.6,4268.41,0.332,150.755,1798747.8,189.445,4814.96,126.0,32.371,16.739
7339.4,2322.5,0.31644,59.7053,915713.4,114.789,3352.04,38.0,39.3932,2.202
12958.4,3493.28,0.26957,162.594,1798705.2,211.935,4827.72,50.0,28.4308,2.74
9405.98,4000.71,0.42533,68.3149,1255204.2,154.579,3739.5,72.0,36.0915,17.233
5809.61,1907.38,0.32831,47.1759,813825.4,82.0826,2929.86,41.0,41.847,12.978
9102.0,2092.09,0.22984,93.2482,1267169.2,113.046,3260.19,28.0,37.4834,15.472
7622.32,3068.51,0.40256,79.5661,1045644.7,114.815,4266.46,27.0,34.1661,20.495
7463.58,2157.57,0.28907,69.3267,1026265.2,99.7694,4254.77,45.0,35.8422,13.704
10163.2,3143.46,0.30929,114.805,1440874.1,156.293,4270.34,43.0,33.2139,3.145
5338.55,2156.81,0.404,34.9181,755117.0,72.5133,2561.55,43.0,45.4609,6.441
8241.77,1981.24,0.24039,79.4813,1161929.0,112.365,3293.14,8.0,36.7724,2.119
6148.35,1741.8,0.28329,70.2606,872623.5,82.9537,2776.73,82.0,39.4888,9.928
4152.48,1352.53,0.32571,37.126,578579.8,51.5238,1394.99,19.0,44.1655,1.619
6832.43,1798.26,0.26319,48.7303,927582.5,92.4828,2630.59,32.0,40.7344,8.106
11041.1,3760.83,0.34062,96.285,1575515.2,155.651,4241.03,96.0,32.5206,20.269
5101.67,1442.43,0.28273,46.9988,705452.7,59.8838,1956.83,18.0,43.7995,1.895
9652.61,3835.59,0.39736,72.8059,1267516.5,186.362,3167.05,77.0,38.3806,10.869
7090.54,2009.65,0.28342,53.2758,994672.75,83.9765,3824.36,55.0,32.5406,11.022
9085.69,2502.35,0.27541,105.994,1263942.0,140.333,3268.51,4.0,36.7459,1.035
5092.59,1434.49,0.28168,44.3245,702488.0,64.1703,2021.07,20.0,43.5271,2.807
8070.33,2464.69,0.3054,57.9241,1074415.9,112.347,3728.3,53.0,36.6053,14.847
9470.56,3769.49,0.39802,92.4013,1371695.5,115.0,3786.99,41.0,31.62,15.208
6851.55,1827.27,0.26669,78.3263,929985.9,97.5071,3382.39,65.0,37.5723,5.297
7982.29,2026.07,0.25382,101.373,1081702.8,88.7957,3890.74,16.0,34.8059,17.83
8645.91,1902.76,0.22007,86.1375,1219842.8,103.33,3911.1,77.0,33.0655,4.319
7131.84,1952.36,0.27375,62.5875,994436.06,94.0011,3058.91,96.0,38.2514,2.054
16525.6,5447.25,0.32962,208.492,2175732.8,265.833,6058.61,255.0,21.7101,2.412
8455.39,3597.2,0.42543,64.4504,1255936.6,118.525,3360.78,37.0,37.4934,1.275
9710.64,4143.26,0.42667,85.4752,1362779.6,152.943,3774.35,103.0,34.783,4.695
6513.21,1397.78,0.2146,70.9247,869462.8,88.3059,3524.9,80.0,38.1412,1.464
10687.2,3963.82,0.37089,76.3761,1462939.8,156.031,4564.27,91.0,31.3201,12.729
17166.1,6315.65,0.36791,172.547,2392740.2,264.728,6144.3,122.0,28.1514,20.468
4455.3,1210.62,0.27172,38.5961,599202.94,59.3887,1438.18,14.0,44.1605,3.831
9429.86,3748.1,0.39747,50.8853,1327097.5,161.368,3134.06,82.0,38.4836,14.872
13443.8,3778.5,0.28105,157.88,1872999.0,216.311,5253.81,114.0,27.4682,17.229
6237.84,1767.98,0.28342,68.9692,894891.0,80.8742,3084.8,8.0,38.9391,1.958
17234.8,5476.57,0.31776,200.628,2446231.8,289.331,5413.78,258.0,24.7283,16.465
10542.7,4528.71,0.42955,89.347,1462090.9,162.22,3405.66,29.0,35.9455,15.926
5905.23,2166.09,0.3668,48.3387,844541.0,80.2882,2774.44,44.0,43.1816,11.249
5740.49,1545.32,0.26919,62.9145,725399.94,85.9725,3103.31,20.0,39.3991,2.272
12508.3,3751.3,0.2999,154.094,1716413.6,187.742,4576.34,34.0,29.9141,4.432
20734.4,7997.71,0.38572,189.396,2876946.0,356.061,15835.92,155.0,26.8666,3.102
6951.36,1426.81,0.20525,75.0574,929591.9,94.8322,3337.42,89.0,37.5084,11.036
8689.66,3745.58,0.43103,63.4678,1295894.0,120.685,3506.45,37.0,38.8,1.358
4206.32,1035.76,0.24623,31.2852,592904.2,45.6231,2002.64,54.0,44.4717,9.732
4101.09,1195.71,0.29155,34.7395,559269.6,50.2533,1407.77,32.0,44.4664,12.618
13643.2,3079.52,0.22571,151.274,1875618.1,223.309,4839.18,22.0,28.733,0.0
4838.22,934.46,0.19314,41.9773,649524.3,62.2807,2720.16,11.0,42.1036,2.634
14302.7,5336.33,0.37309,85.3488,1994687.6,228.008,5772.5,104.0,28.5364,19.541
5771.81,1266.3,0.21939,66.273,804044.0,81.5759,2728.48,77.0,33.2188,8.532
15558.2,4541.25,0.29188,178.204,2137073.0,272.55,5234.12,91.0,25.4157,6.413
6361.41,2113.39,0.33222,48.0833,880828.2,97.8782,2485.53,73.0,41.1563,13.824
20698.6,5590.08,0.27007,294.423,2794805.5,315.585,6590.45,296.0,18.6776,1.666
15960.9,6214.02,0.38932,139.401,2201234.0,252.496,5947.28,67.0,26.1133,2.745
7425.56,2069.02,0.27863,62.9958,1005776.94,106.176,4260.05,44.0,37.2166,14.654
19571.2,7143.76,0.36501,196.294,2660874.5,289.599,6710.89,196.0,21.1934,15.64
6979.8,1977.04,0.28325,65.2978,943299.56,85.4224,2902.97,48.0,40.0953,16.383
12768.0,3187.17,0.24962,139.533,1751882.4,186.771,4389.51,23.0,28.6985,1.895
13205.2,4448.13,0.33684,168.982,1933005.6,266.289,4841.42,78.0,27.0556,2.559
7643.76,3266.08,0.42728,57.6353,1084456.1,111.762,3163.17,62.0,39.399,14.724
7041.83,1913.46,0.27172,71.0664,982299.25,96.4211,2912.59,53.0,36.8879,16.963
8264.88,2278.35,0.27566,86.5523,1162664.8,114.883,3930.74,89.0,33.3575,5.831
10826.4,3303.22,0.3051,131.478,1469087.8,188.549,4201.91,61.0,30.9324,6.314
13149.2,4646.06,0.35333,108.353,1802321.6,185.78,4710.97,38.0,34.1552,8.623
8605.75,2354.26,0.27356,97.9722,1188609.2,130.041,3431.52,122.0,35.7076,1.608
8089.38,3417.99,0.42252,79.7878,1150963.4,125.5,3302.87,36.0,37.6469,4.652
7947.58,2718.47,0.34205,72.6522,1054091.2,130.101,3375.67,69.0,37.4284,10.913
9587.48,3057.53,0.3189,101.021,1366991.0,139.713,4322.98,110.0,30.6324,18.228
8076.0,1634.35,0.20237,72.6313,1155418.9,109.158,4063.17,99.0,34.7794,0.956
4874.63,1579.7,0.32406,47.6555,686896.3,62.9165,2165.29,28.0,43.067,1.585
5509.91,1482.91,0.26913,48.7245,720853.06,64.3173,2011.42,32.0,42.8568,12.231
7134.1,1569.43,0.21998,60.0044,1022479.94,99.1239,3194.73,59.0,38.2687,13.567
7277.96,1916.6,0.26334,87.2831,1004740.94,110.234,3814.65,20.0,36.3534,1.5
5483.76,1904.96,0.34738,49.5424,758879.56,72.3508,2413.53,21.0,41.7171,2.852
8307.96,2551.5,0.30711,64.7983,1205565.5,114.74,3242.93,54.0,38.6993,16.204
7879.32,2634.78,0.33439,79.1298,1079884.1,109.161,3119.49,114.0,37.8651,1.931
7641.81,1880.72,0.2461,86.0571,1068577.4,106.427,3859.14,27.0,36.056,1.525
8132.55,1633.87,0.2009,81.103,1141741.4,102.915,3804.83,15.0,34.2739,2.042
9737.36,2181.63,0.22404,109.336,1376297.1,125.132,4426.03,44.0,33.9518,1.182
11894.2,2985.87,0.25103,128.656,1626970.4,156.813,3915.87,22.0,34.7997,2.825
8341.76,2085.33,0.24998,84.0083,1105568.9,122.382,3647.33,10.0,35.8741,15.627
8093.63,1974.56,0.24396,78.7844,1152331.8,101.939,3705.12,33.0,36.0921,2.086
9700.85,3668.47,0.37815,92.1404,1367558.5,132.623,3599.34,8.0,36.6576,17.993
8515.05,3191.86,0.37484,69.0869,1189155.5,140.449,3895.51,19.0,33.324,12.761
5421.59,1768.68,0.32622,61.4863,709565.44,88.6788,2676.52,26.0,41.08,4.505
13640.0,4176.81,0.30621,148.962,1907955.4,222.822,4642.5,96.0,29.5006,5.158
14986.8,3830.56,0.25559,183.93,2109653.2,211.166,5679.05,68.0,22.9958,1.302
13709.7,5141.21,0.375,133.846,1935092.2,202.821,5034.98,108.0,27.2124,13.329
8449.91,2945.12,0.34853,93.9739,1203312.9,129.921,3595.67,16.0,36.3846,3.146
14285.6,4958.32,0.34708,162.164,2044365.8,231.626,4570.29,56.0,29.2332,3.56
11824.0,3473.07,0.29373,89.9697,1637294.9,160.489,5013.12,52.0,31.0827,9.561
11633.6,3516.44,0.30226,152.306,1593889.9,219.848,3751.07,81.0,34.1875,19.915
9297.1,2898.85,0.3118,101.448,1284906.9,135.884,3903.68,37.0,34.5018,4.272
13129.6,3726.57,0.28382,164.684,1805622.4,195.052,4779.26,189.0,26.732,2.15
10137.7,3423.68,0.33771,91.0259,1424861.9,145.639,3931.1,11.0,33.5967,3.101
10810.8,4733.88,0.43788,97.9734,1524487.0,158.29,3950.57,39.0,34.31,15.569
8781.47,3342.66,0.38064,66.6293,1157112.6,136.731,3810.68,70.0,36.7737,12.729
6784.42,2349.79,0.34635,66.5423,900457.56,106.43,3321.33,83.0,39.0827,16.852
10953.8,2719.91,0.2483,99.0576,1567877.1,153.542,3435.29,115.0,37.2955,17.754
8345.29,1956.94,0.23449,91.1979,1121064.0,126.636,3873.5,25.0,33.6668,4.262
6491.88,2261.2,0.34831,92.835,788084.3,109.697,2367.63,117.0,40.7587,14.096
4219.25,800.23,0.18966,39.7881,555274.9,60.4688,2563.76,12.0,43.0325,2.093
4524.44,1285.49,0.28412,39.6986,621775.1,62.0951,1456.63,9.0,44.301,6.423
20491.3,6638.36,0.32395,248.983,2841307.8,325.056,5494.49,82.0,23.6354,4.586
6190.37,1285.66,0.20768,54.6678,859807.44,81.3533,2725.08,17.0,40.9966,1.222
6051.73,910.86,0.15051,48.8253,833402.3,67.2629,3004.23,15.0,39.7953,2.181
11737.4,4801.83,0.4091,116.58,1677193.6,201.657,4619.33,134.0,32.6435,18.614
7245.8,1623.63,0.22407,67.1452,1020193.6,86.976,3327.84,14.0,38.4456,13.28
10931.6,3064.9,0.28037,129.546,1549622.1,173.169,4425.73,39.0,31.3179,3.15
4888.22,1983.63,0.40579,45.2976,689902.06,68.7635,1919.74,31.0,43.4807,6.585
7314.82,2302.27,0.31474,60.0855,989853.4,103.05,3505.64,64.0,38.8111,13.616
6644.52,1726.71,0.25986,70.2315,943088.2,83.1525,3179.16,19.0,37.3177,13.491
10231.3,4428.69,0.43285,95.3603,1445715.0,143.217,4148.65,33.0,34.5061,18.1
8819.11,2153.2,0.24415,100.573,1242514.5,124.356,3795.5,57.0,35.1388,2.907
4204.5,1230.46,0.29265,33.3298,600851.06,42.8454,1400.7,40.0,42.3955,10.673
9768.41,2322.22,0.23772,97.8503,1311467.2,115.699,5816.29,47.0,30.4528,18.603
14398.4,4414.97,0.30662,161.214,1989013.8,214.931,5274.56,195.0,29.6328,1.612
6701.77,1643.69,0.24526,66.4615,935137.06,83.0719,3084.85,85.0,38.3761,3.181
21101.8,5968.51,0.28284,217.295,2870084.8,274.667,6051.98,88.0,22.0187,15.109
7881.74,2915.01,0.36984,86.8572,1101059.0,125.64,4008.5,62.0,36.1351,14.35
15333.1,5356.76,0.34935,185.5,2139165.0,251.907,4993.28,14.0,26.5124,1.83
12530.2,5028.79,0.40133,108.321,1706770.6,195.294,5254.6,101.0,29.5943,15.6
7173.72,2060.76,0.28726,78.0261,976440.1,112.816,3097.03,77.0,46.5464,1.044
16887.7,4289.66,0.25401,212.058,2365000.2,272.49,5673.01,80.0,23.1626,1.689
6398.59,2112.3,0.33011,67.3338,887136.56,78.962,3234.26,33.0,38.4964,4.221
4337.23,660.08,0.15218,39.6399,571441.7,62.8055,2554.15,11.0,43.5639,2.295
4317.42,1657.93,0.384,37.3658,600922.6,55.4368,1425.72,33.0,45.0682,1.959
14780.4,3143.36,0.21267,191.802,2074233.5,243.978,4968.95,120.0,25.9791,1.49
4822.34,1150.32,0.23853,49.6449,638290.6,75.5927,3148.68,14.0,41.3439,1.866
11893.1,3030.27,0.25479,152.76,1691577.9,162.874,4699.55,35.0,28.9664,1.592
6864.61,2111.91,0.30765,50.9505,957805.56,109.56,3243.95,22.0,38.4009,13.427
4392.92,1070.96,0.24379,40.4991,578998.44,66.3234,2610.74,11.0,43.2282,1.993
10774.1,4477.32,0.41556,88.6089,1560572.5,150.568,4786.06,57.0,35.3105,15.003
8268.42,2486.5,0.30072,98.294,1168407.2,113.677,3544.52,90.0,36.7318,2.189
7763.75,1961.69,0.25267,58.5383,1046127.2,96.5546,3424.95,62.0,37.7457,16.193
5726.46,1940.14,0.3388,68.4294,779809.7,85.3641,3015.37,35.0,40.281,1.761
6784.58,2448.92,0.36095,60.1333,934790.1,103.042,3821.73,73.0,35.6684,1.718
6004.64,1248.38,0.2079,57.4994,827954.94,76.8067,2733.93,20.0,40.6961,1.636
9617.23,2484.28,0.25831,85.3303,1368067.8,113.552,4137.52,95.0,34.4555,2.56
7615.71,3057.85,0.40151,79.5729,1044625.7,114.514,4266.45,27.0,34.79,20.495
7143.11,1671.33,0.23397,62.8493,1050688.1,72.5333,2612.52,55.0,40.4206,14.387
8672.15,2623.43,0.30251,102.939,1194582.5,153.265,4106.72,72.0,33.3597,0.695
6569.29,1321.33,0.20113,69.0303,869019.1,90.0192,3331.8,75.0,37.5957,3.393
8476.0,2997.74,0.35367,96.7568,1209281.0,130.468,3654.44,24.0,31.8325,9.976
15268.5,4050.4,0.26527,211.897,2123859.0,240.312,5002.1,138.0,26.7225,3.064
11856.8,3150.92,0.26574,135.696,1603645.1,171.368,4447.49,83.0,31.5433,2.854
10551.9,3648.65,0.34578,87.8739,1522562.8,150.498,4785.48,41.0,32.897,16.226
9001.42,2722.52,0.30245,95.3686,1211360.1,127.283,4428.65,88.0,32.7274,4.057
14973.7,5804.75,0.38766,152.394,2122552.5,225.098,5771.37,63.0,25.9846,20.173
5086.61,1947.74,0.38291,64.4735,707345.5,84.8509,2449.9,74.0,41.7159,12.223
4012.55,1330.78,0.33165,35.5888,558134.25,53.9566,1893.3,12.0,44.3214,6.34
9753.28,2262.43,0.23196,119.691,1379612.8,154.736,4481.94,117.0,29.5542,15.991
10696.7,2388.28,0.22327,134.503,1448887.6,155.955,3702.37,21.0,34.4568,2.597
13695.2,3901.04,0.28484,157.295,1983184.9,220.349,4649.14,175.0,19.1594,19.584
7489.49,1964.67,0.26232,70.9393,1013159.1,101.423,3310.32,70.0,37.4754,3.799
17115.0,6468.06,0.37791,153.172,2331312.0,297.344,8224.03,59.0,32.3547,3.383
4526.66,933.19,0.20615,35.4572,614950.1,50.1653,1908.97,22.0,42.8444,11.492
17019.7,6093.43,0.35802,242.591,2299418.8,264.668,5562.49,144.0,22.9152,2.282
12614.5,3268.55,0.25911,131.203,1759706.1,173.879,4544.92,57.0,22.7328,2.806
7839.15,2034.85,0.25957,73.7492,1074446.0,102.909,3588.48,34.0,37.0539,4.516
6197.3,1033.15,0.1667,37.5665,850074.06,69.1621,2781.83,14.0,42.1603,3.288
5637.36,2585.5,0.45863,59.4516,779306.0,95.3751,2209.0,62.0,41.1601,11.158
7638.8,2022.15,0.26472,97.2009,1060046.0,129.922,3213.68,6.0,37.0633,0.535
6446.78,1685.51,0.26144,58.8316,843200.8,81.5446,3075.55,46.0,39.717,17.941
5550.68,1537.8,0.27704,46.561,781595.7,75.7733,2900.88,23.0,42.3972,3.511
11316.0,3712.95,0.32811,127.768,1555108.5,162.02,4915.28,78.0,29.2585,3.499
5510.48,941.0,0.17076,51.2192,754698.25,63.4302,3036.25,19.0,39.6542,14.335
9643.43,3770.95,0.39103,86.1937,1300748.5,142.078,3835.7,50.0,33.8551,12.466
17031.1,4956.75,0.29104,175.629,2332540.8,227.332,5990.43,74.0,27.7455,6.619
6875.63,2164.79,0.31484,58.7846,940309.4,105.441,2864.93,88.0,39.1707,10.765
6928.04,1127.33,0.16271,53.2302,977503.06,62.4938,3271.36,37.0,38.532,15.578
6780.22,1958.01,0.28878,63.511,933110.7,88.9269,2926.9,53.0,40.12,1.896
7545.21,2882.36,0.38201,85.1237,1043917.5,124.414,3263.35,57.0,35.02,18.023
14634.6,5699.18,0.38943,139.894,1997014.0,208.615,3873.19,72.0,33.4203,13.545
7096.04,2674.9,0.37695,65.7862,1043128.2,96.8469,3230.64,31.0,38.8588,1.26
7515.47,2000.06,0.26612,61.4526,1025871.9,92.4989,3475.58,39.0,37.4682,8.682
7165.91,1445.37,0.2017,69.9293,971510.6,87.4368,3493.27,70.0,37.9037,13.924
7872.37,3169.0,0.40254,79.3046,1109639.1,123.534,3305.25,45.0,37.7798,2.824
10392.4,4508.81,0.43385,121.406,1467866.1,168.222,4294.4,129.0,33.5417,17.907
7734.22,1375.24,0.17781,65.1566,1078137.4,72.595,2934.41,56.0,39.4838,11.579
11976.1,3917.38,0.32709,158.382,1680258.8,152.667,5106.07,36.0,28.2278,0.0
12834.3,3791.52,0.29542,169.292,1760730.4,222.025,4709.36,113.0,27.9531,4.934
6492.61,1806.28,0.2782,68.7569,920765.6,83.5997,3129.46,12.0,38.9194,2.616
5806.01,2481.07,0.42732,47.3612,842778.44,88.9914,2500.17,47.0,43.2143,9.795
9245.04,3691.5,0.39929,87.5603,1284901.9,142.126,3971.83,99.0,34.2364,15.268
8083.47,2043.84,0.25284,91.4486,1126324.2,124.54,3230.27,4.0,36.9414,0.491
5458.72,1086.36,0.19901,48.0638,786420.06,70.1673,2861.54,57.0,40.2841,1.405
12699.4,3554.37,0.27988,150.792,1749121.4,182.529,4608.34,40.0,29.5631,3.797
4616.84,1033.9,0.22394,42.0425,639160.9,61.0419,1975.34,2.0,42.4141,2.008
9136.35,3259.43,0.35675,82.6618,1240714.5,133.138,4137.0,23.0,36.6114,2.85
5200.76,1907.84,0.36683,36.3614,730355.75,67.4338,3467.05,8.0,41.2164,18.392
9014.05,3273.96,0.3632,68.0195,1280354.1,124.367,4043.25,21.0,36.4993,19.533
15796.5,3918.1,0.24803,234.524,2166213.0,263.723,4824.33,291.0,27.6153,5.034
8398.43,2353.59,0.28024,84.3868,1187843.9,129.432,3657.27,14.0,36.3527,2.253
6864.59,2242.65,0.32669,63.5633,983487.1,86.4078,3777.22,41.0,36.1282,11.255
7951.53,2745.98,0.34533,74.5837,1080810.5,119.713,3561.72,57.0,36.5462,13.482
9191.7,2840.11,0.30898,91.8778,1226258.4,142.996,4201.87,55.0,36.4554,5.87
6881.44,2277.62,0.33098,71.3888,964739.2,107.182,2896.31,48.0,39.0174,14.133
9200.25,2112.55,0.22961,96.0153,1289895.5,124.2,3550.12,121.0,36.069,2.483
6118.97,2037.88,0.33304,63.7151,820991.1,99.424,3011.29,80.0,39.7738,16.806
8826.45,2513.99,0.28482,97.6161,1218452.0,142.654,3325.67,8.0,36.2749,1.317
11518.4,3106.12,0.26966,137.538,1586251.5,163.263,4465.48,86.0,31.4397,2.05
15333.8,3293.87,0.21481,202.026,2125467.0,238.831,5147.52,159.0,25.3616,1.839
7923.07,2725.76,0.34402,67.0338,1105825.8,111.873,3089.79,47.0,38.5698,12.575
6867.49,1981.46,0.28852,69.599,933099.25,103.206,3225.63,74.0,35.4113,3.499
8885.34,2980.08,0.33539,79.4133,1291103.8,126.343,4113.4,74.0,33.7395,12.083
9753.32,2795.94,0.28666,119.171,1367744.8,156.947,4145.09,42.0,33.986,3.038
7710.52,2189.1,0.28391,64.5365,1068594.6,106.623,3282.27,79.0,37.2555,5.631
17257.6,5206.16,0.30167,186.278,2358325.8,238.222,5216.06,95.0,24.8389,12.014
26438.7,8701.89,0.32913,256.73,3642574.0,411.106,8963.17,230.0,23.141,5.515
12234.3,3967.19,0.32426,129.326,1646942.9,174.231,4632.41,36.0,31.514,1.908
8734.23,2696.69,0.30874,93.0418,1232575.4,121.566,3931.92,93.0,34.2224,7.272
14575.7,5440.75,0.37327,172.871,2082675.9,225.111,5345.71,146.0,22.535,19.574
11705.0,3280.21,0.28024,129.175,1615947.1,169.624,4485.73,89.0,31.3474,1.819
14024.3,4649.47,0.33152,90.7067,1974077.2,209.841,9312.81,55.0,30.8267,13.507
8272.24,2817.63,0.34061,78.0807,1105832.5,122.483,3508.71,68.0,36.6777,11.927
9559.49,2358.78,0.24674,91.8211,1339478.8,136.402,4054.53,57.0,34.6027,6.207
9077.07,2276.53,0.2508,91.0152,1266906.0,109.135,4741.5,27.0,32.7675,3.12
4690.63,1607.39,0.34268,44.4388,649987.25,62.7123,1875.15,35.0,43.4571,8.014
11866.6,4898.91,0.41283,86.3812,1644737.6,182.612,4179.11,101.0,32.6809,6.472
6938.86,2013.19,0.29013,68.5086,969712.0,96.3737,3127.8,32.0,37.4262,4.42
10301.6,4029.11,0.39111,64.8202,1399243.4,151.911,3413.24,80.0,35.9772,18.732
4060.87,1110.87,0.27355,33.6371,579082.1,47.1734,1798.52,9.0,42.2671,2.277
12667.6,2961.74,0.2338,162.2,1753175.2,196.021,4188.36,66.0,31.7844,2.735
8533.67,2356.25,0.27611,86.9239,1213648.1,124.478,3185.13,37.0,37.0867,12.329
9572.16,4756.38,0.49689,87.689,1187415.8,177.737,2876.13,79.0,37.8881,18.147
13951.8,2910.16,0.20858,172.939,1965360.0,196.07,4044.81,146.0,32.1302,1.507
17795.6,6521.29,0.36645,199.598,2449041.5,291.317,5528.66,166.0,25.5674,2.348
13187.7,4232.16,0.32091,167.609,1915228.2,266.803,4853.55,82.0,27.625,2.629
6386.27,2855.4,0.44711,88.2129,773809.7,124.821,2079.59,100.0,41.2568,3.666
9953.88,3767.14,0.37845,90.5202,1391324.5,151.72,3402.74,29.0,38.7261,3.737
9614.19,2113.76,0.21985,92.5237,1343570.6,115.796,3840.52,159.0,35.092,6.004
11737.4,2768.54,0.23587,106.988,1635360.0,146.191,4641.54,158.0,30.8041,13.239
15728.7,2906.59,0.18479,176.403,2181870.2,217.664,4751.49,36.0,28.3109,1.415
11932.3,3562.74,0.29857,106.137,1638469.5,166.358,5685.61,11.0,33.1758,3.288
10987.5,3281.9,0.29869,99.8608,1456666.6,144.559,4218.48,79.0,34.3854,12.928
7523.5,2149.28,0.28567,75.3033,1014112.44,100.433,2963.2,106.0,37.7919,1.671
6646.86,2448.11,0.36831,61.3156,927626.94,96.5918,3647.05,73.0,37.1183,1.668
9880.24,3524.21,0.35669,61.0974,1336071.8,152.027,4139.22,59.0,34.4421,14.501
5960.06,1569.77,0.26338,56.6496,807967.25,75.2897,2566.17,24.0,40.484,0.0
15300.2,4532.82,0.29625,173.584,2111849.8,253.114,4861.27,32.0,25.3142,2.937
5792.54,1526.02,0.26344,56.4898,752204.4,77.811,2966.91,36.0,39.4497,5.098
6959.26,2095.9,0.30116,66.0515,962401.25,95.3422,3089.72,49.0,37.6086,2.412
11667.4,2400.32,0.20572,146.824,1637060.9,168.559,4686.63,155.0,21.4136,2.027
7845.44,2112.96,0.26932,72.4636,1066397.8,98.4552,3190.38,45.0,36.5143,12.658
14477.6,4243.55,0.29311,190.671,2047729.0,232.887,4464.04,17.0,29.7517,2.792
4644.12,871.84,0.18772,39.476,636681.8,56.1316,2353.24,44.0,40.8836,12.376
20650.8,6158.22,0.2982,255.72,2864720.2,278.853,6843.31,212.0,19.2354,6.576
13896.0,4193.01,0.30174,142.31,1906963.5,212.415,5419.25,12.0,30.6122,7.49
16055.9,4006.08,0.2495,245.457,2190553.2,245.576,4800.32,296.0,27.952,4.463
14978.5,4271.12,0.28515,185.52,2080046.0,226.581,5635.56,134.0,23.219,20.079
14950.4,4958.79,0.33168,171.014,2062851.4,223.176,5297.43,174.0,46.5464,1.957
7667.26,3066.76,0.39998,70.8311,1045333.44,108.557,3539.82,34.0,40.0067,4.123
8033.35,1490.63,0.18555,74.2917,1128086.5,105.497,3764.73,13.0,34.3299,1.816
8867.66,2785.82,0.31415,90.9425,1193026.0,120.576,4239.19,100.0,33.6071,2.471
14794.3,5455.16,0.36873,143.769,2025179.2,249.709,4123.26,68.0,31.3586,17.502
8891.15,2203.45,0.24782,105.903,1218621.9,141.085,3974.6,35.0,33.9799,1.803
7921.09,2302.19,0.29064,91.2511,1056026.2,132.227,3834.78,45.0,36.729,4.397
9295.5,2829.28,0.30437,85.8334,1315025.6,133.842,4111.28,76.0,33.7573,9.437
4372.1,1782.47,0.40769,36.9839,580416.7,62.9617,1406.9,36.0,44.4619,10.199
6143.63,1409.66,0.22945,64.7526,840058.44,79.3902,2670.93,58.0,40.3116,4.955
7950.07,2569.57,0.32321,94.2111,1068929.5,127.66,3137.72,81.0,39.0227,1.871
5786.1,1595.62,0.27576,47.7018,738043.7,78.6852,2434.18,25.0,43.3911,3.267
8820.15,3472.82,0.39373,96.7769,1188818.1,137.11,3133.31,73.0,38.8203,15.214
8518.62,2940.12,0.34514,70.2105,1154873.4,129.753,4647.42,67.0,34.4656,4.329
14866.0,3002.39,0.20196,183.837,2062582.5,229.114,4721.26,24.0,25.6749,1.501
6004.19,1022.46,0.17029,68.3396,805161.5,81.6569,3287.03,32.0,37.2308,3.236
4028.52,1281.45,0.31809,34.6953,548596.6,48.7989,1437.09,17.0,44.1768,1.521
13518.7,5043.11,0.37304,181.681,1880690.6,236.757,5124.22,107.0,27.2335,18.392
6580.92,2752.08,0.41819,71.4929,900296.9,118.316,3512.43,56.0,37.2952,14.142
8294.33,1671.04,0.20146,71.9246,1185535.5,113.698,4087.47,104.0,34.7137,1.012
13562.7,3241.3,0.23898,188.943,1849446.8,203.93,4584.54,165.0,29.0417,1.794
7067.03,1910.59,0.27035,63.6446,1028273.8,81.8322,4732.85,45.0,36.2752,12.859
20431.4,5477.95,0.26811,283.309,2778103.0,301.765,6547.65,286.0,18.7304,1.876
9880.66,2933.93,0.29693,112.084,1392923.1,156.049,4209.5,58.0,33.575,3.218
21863.6,7087.92,0.32418,244.985,3042590.5,355.84,6138.67,198.0,22.9125,5.075
8987.98,3014.38,0.33537,93.6332,1226664.1,108.952,3802.53,28.0,31.3122,20.138
16944.3,5239.13,0.30919,201.625,2234952.8,268.628,6179.93,240.0,21.5853,2.697
10247.4,2909.01,0.28387,104.257,1420026.1,143.407,3775.15,123.0,35.4803,1.555
6587.31,1718.75,0.26091,57.5019,940427.25,79.8263,2559.35,65.0,41.4384,3.296
8480.92,2155.02,0.2541,76.575,1147192.6,98.443,4007.38,87.0,37.0384,13.848
10421.5,4040.7,0.38772,91.6869,1490934.2,126.484,4150.11,54.0,37.1272,10.475
10513.4,4394.3,0.41797,87.8192,1447940.0,169.131,3545.43,26.0,36.425,16.241
9244.94,3344.2,0.36173,94.1842,1320319.9,151.42,3780.17,71.0,36.7712,2.337
9160.55,2175.85,0.23752,101.341,1291774.0,152.887,3813.7,13.0,34.1496,0.596
12111.4,3084.91,0.25471,137.85,1654949.1,151.301,3956.83,231.0,32.5067,2.758
14540.2,4205.28,0.28921,181.39,2043380.0,233.341,4551.81,30.0,29.8384,2.983
5029.46,1901.85,0.37814,52.3202,690672.56,75.8326,2598.85,29.0,41.4501,3.911
7319.43,1182.15,0.1615,72.7467,988666.44,89.5525,3227.77,34.0,39.0675,18.624
8476.91,2942.03,0.34706,83.5218,1204568.8,124.213,3972.19,35.0,35.6111,7.539
5031.82,1580.77,0.31415,49.4191,705410.2,63.8633,2148.36,20.0,42.9111,4.514
8565.15,2823.75,0.32967,65.243,1204648.9,113.459,3342.46,66.0,34.699,13.03
6331.82,1293.9,0.20434,48.8824,863473.25,83.1321,2851.66,28.0,40.1737,3.673
9833.15,3166.21,0.32199,106.082,1422457.2,131.74,4404.94,67.0,31.669,5.77
11431.6,3796.42,0.33209,109.58,1557030.0,135.513,4631.44,37.0,32.4235,7.838
15236.1,4182.73,0.27452,148.166,2089783.4,248.417,4660.36,109.0,30.8606,18.147
5598.58,1439.93,0.25719,57.7681,771373.44,71.9276,3066.44,47.0,39.7393,9.066
6779.26,2017.96,0.29766,62.9114,898727.3,98.9735,2776.17,28.0,40.4175,4.701
21224.6,5947.15,0.2802,202.757,3038460.8,305.664,6601.43,265.0,18.9707,7.663
9883.22,3521.99,0.35636,70.1097,1413536.8,131.447,4044.26,37.0,35.1366,17.505
10261.1,5445.98,0.53074,89.4912,1273263.4,198.917,2599.76,102.0,39.7147,16.783
6902.25,2467.07,0.35742,61.7654,932263.2,97.2129,3290.18,35.0,38.4982,7.337
7194.99,2658.06,0.36943,63.7741,984043.1,101.389,3265.8,33.0,38.2756,7.105
9273.27,2588.57,0.27914,101.486,1274529.4,156.216,4131.69,73.0,32.7378,0.775
7224.65,2906.28,0.40227,54.5292,1008315.06,113.207,4203.86,57.0,37.3964,14.811
9959.05,2789.74,0.28012,96.4091,1397513.2,128.767,4306.84,47.0,33.0915,4.211
7771.5,2029.58,0.26115,82.8512,1088408.6,131.075,3105.62,5.0,37.695,0.661
8518.62,2940.12,0.34514,70.2105,1154873.4,129.753,4647.42,67.0,35.3684,4.329
9817.14,2623.25,0.26721,111.809,1374243.2,142.27,4278.83,73.0,32.4774,3.129
6972.0,2178.01,0.31239,57.1831,967002.44,97.3972,2595.0,17.0,41.7212,3.602
14408.3,3831.08,0.26589,175.844,1975546.8,235.605,4833.61,40.0,28.1953,3.301
18910.3,5849.6,0.30933,241.317,2605968.0,314.198,5549.37,217.0,21.6292,4.844
5539.64,2154.82,0.38898,42.2772,755936.4,77.4044,2401.75,45.0,42.1757,11.492
10160.3,2993.94,0.29467,97.796,1412859.5,134.959,3558.61,23.0,35.9355,4.065
15708.4,5512.78,0.35094,181.851,2214953.2,256.767,5517.47,162.0,23.1597,1.922
6265.09,1786.55,0.28515,53.2795,855395.0,81.3313,2658.39,30.0,40.9502,3.418
21862.9,6451.46,0.29508,307.897,2964339.2,314.71,6669.32,290.0,20.0154,1.561
8878.33,2085.79,0.23493,68.8961,1269280.4,99.3979,3109.46,45.0,39.6117,11.015
9857.75,2689.21,0.2728,118.165,1397932.2,152.848,4445.53,66.0,31.8287,7.066
14178.8,3223.04,0.22731,204.459,1983670.6,236.561,4919.78,130.0,26.8583,3.068
7565.07,2339.61,0.30926,65.1832,1067924.4,105.734,3511.74,27.0,37.0407,14.749
13392.9,3267.87,0.244,188.674,1829586.5,209.885,4572.76,181.0,28.9074,1.731
10171.8,3147.82,0.30946,103.448,1390212.4,142.998,3729.42,28.0,37.821,4.09
7717.04,1181.01,0.15303,73.7329,1030747.94,91.2235,3862.2,34.0,35.8135,9.307
5210.51,2101.76,0.40336,34.8813,738457.4,68.7854,2646.69,39.0,42.6978,1.308
11703.5,5528.55,0.47238,163.704,1615913.5,240.568,4807.87,195.0,29.1442,20.574
9609.7,2632.57,0.27394,136.112,1354231.4,151.835,4375.89,44.0,31.9361,2.686
6647.61,2238.09,0.33667,62.8886,898026.9,97.6123,3060.9,21.0,40.4059,1.307
8567.02,2839.05,0.33139,89.1292,1157185.9,129.245,4280.02,112.0,33.2955,2.703
16499.0,3870.09,0.23456,214.998,2326736.0,258.582,5560.68,92.0,23.5867,2.112
15071.7,4753.63,0.3154,176.894,2109098.2,247.237,4646.68,39.0,26.3529,5.752
6213.58,740.14,0.11911,71.8691,835463.1,92.8225,2780.75,65.0,40.1336,14.174
17335.8,5580.46,0.3219,188.934,2319618.2,274.498,5345.78,196.0,25.0114,2.738
5283.7,1004.6,0.19013,45.1717,750130.25,63.1782,2773.81,14.0,40.758,1.692
5974.24,1595.04,0.26698,51.6242,814827.94,80.1196,2478.24,36.0,41.4549,12.227
8373.55,3073.33,0.36702,62.3687,1180256.6,124.381,3358.09,33.0,37.0129,16.554
11211.7,2407.55,0.21473,131.803,1577230.0,182.045,4545.0,49.0,30.4398,0.945
11690.7,1937.81,0.16575,143.947,1641523.2,154.126,4664.63,146.0,29.6541,1.48
14713.8,3522.52,0.2394,122.305,1973342.0,216.304,4708.75,141.0,29.0684,4.607
14250.0,4989.89,0.35016,154.326,2028551.9,218.845,5642.98,78.0,25.0081,2.614
8172.72,1709.41,0.20916,94.5845,1134488.1,102.936,4102.33,115.0,32.27,10.029
7405.68,2169.34,0.29292,73.6157,1023678.94,102.901,4096.38,91.0,32.8764,17.956
11545.8,5305.51,0.45951,84.3981,1614507.5,178.045,3995.8,80.0,34.0795,16.591
7054.91,2693.22,0.38175,77.6825,964243.5,103.604,3338.04,64.0,37.984,1.812
9321.65,2959.0,0.31743,87.4061,1305148.1,134.557,3508.99,104.0,36.2376,17.958
6582.93,2244.32,0.34093,64.2605,883088.56,90.8876,3048.27,26.0,40.0907,1.666
5128.1,1075.24,0.20967,44.9932,735176.7,61.7718,2164.18,75.0,42.8694,0.902
10385.9,3738.64,0.35997,65.3646,1423657.9,155.088,4354.09,87.0,33.4476,20.527
5074.21,1238.79,0.24413,42.0869,706246.75,51.8906,2030.49,38.0,43.3585,8.585
14644.1,3380.24,0.23082,188.695,2048025.5,244.369,4989.47,118.0,26.7564,1.61
6459.64,2319.85,0.35912,66.9214,930225.4,90.2147,3220.08,30.0,38.8675,1.307
4888.97,1601.98,0.32767,49.1041,701992.6,76.3619,2309.53,36.0,42.6513,9.198
9383.05,2619.02,0.27912,76.7215,1283322.6,105.819,4134.38,41.0,34.5722,16.109
13521.5,3731.0,0.27593,110.836,1958912.6,169.044,4679.6,83.0,30.9851,16.584
7190.75,2802.08,0.38967,64.3859,1055075.1,99.8715,3203.47,29.0,38.8401,1.009
7230.18,1884.67,0.26066,58.6374,988010.8,87.2271,2942.76,36.0,40.6827,5.495
4001.51,1116.13,0.27892,34.3219,548031.44,47.1045,1395.09,17.0,44.3155,1.508
6534.4,2743.7,0.41988,70.1629,907077.8,98.0422,3133.95,45.0,39.8175,1.752
8581.48,1982.25,0.23099,68.0169,1186156.1,105.787,3425.53,64.0,37.8058,13.345
6995.17,1994.82,0.28517,65.6673,953078.8,88.5034,3642.09,58.0,37.3124,7.504
6277.16,1639.83,0.26123,59.1509,909363.06,83.4085,3488.06,50.0,39.5651,13.153
4357.01,1436.95,0.3298,33.8275,621316.9,50.0121,1469.9,42.0,43.9589,5.029
9050.49,2872.58,0.31739,61.3794,1286973.8,113.033,4168.84,46.0,37.0078,11.996
7536.89,2601.7,0.34519,70.2728,1034035.2,109.733,3364.47,47.0,39.0844,5.23
5708.55,2065.1,0.36175,57.7608,797065.6,76.7773,2588.25,31.0,41.5161,4.209
7094.01,2241.96,0.31603,60.0428,992607.25,110.406,3523.3,18.0,37.3957,17.515
19930.0,6360.37,0.31913,255.127,2779470.0,317.971,5542.8,76.0,23.4768,3.649
22449.5,6665.8,0.29692,301.367,3113170.5,356.178,6277.56,97.0,19.4511,3.268
9012.94,3601.56,0.39959,110.512,1242478.6,174.797,3697.33,133.0,34.7559,19.375
14682.4,6172.93,0.42043,188.2,1926088.8,272.5,5032.61,66.0,27.7358,5.864
7745.64,1835.88,0.23702,71.7108,1057225.1,99.3929,3630.72,52.0,36.7875,8.337
8303.2,2618.08,0.3153,90.2347,1112571.8,137.655,3921.07,40.0,36.0543,4.18
12940.5,3932.14,0.30386,144.124,1825562.5,205.233,4832.29,54.0,29.5483,2.749
4602.37,1672.77,0.36345,45.8621,672008.94,65.1669,2343.78,58.0,43.0796,11.167
6749.77,766.63,0.11357,52.8535,955375.44,58.4805,3181.91,42.0,38.2306,10.977
6765.13,1332.98,0.19703,64.3636,908626.2,94.7949,3128.97,50.0,37.8744,4.215
9314.44,2497.75,0.26815,104.463,1273803.4,147.513,4142.26,79.0,33.1654,1.009
11107.5,2884.35,0.25967,147.072,1580453.6,155.29,4121.25,120.0,32.3746,2.858
6218.09,1812.61,0.2915,53.7867,891834.0,80.7391,3244.77,53.0,39.1841,5.48
10849.2,3744.44,0.34513,118.179,1548195.1,147.994,3798.15,84.0,35.0514,4.921
9520.96,2959.09,0.31079,96.1964,1351286.0,131.764,4076.06,99.0,33.4959,5.83
15559.0,4124.65,0.26509,172.621,2193175.5,269.363,4683.48,58.0,28.5665,20.611
11272.6,2578.67,0.22875,104.479,1591022.8,153.278,4573.08,59.0,33.5932,1.844
7459.32,1649.39,0.22111,85.9682,1039287.3,103.512,3918.84,29.0,35.9681,1.43
9801.21,4053.71,0.41359,98.4956,1373649.8,151.275,3551.53,53.0,35.6825,17.548
11342.6,3969.84,0.34999,93.0732,1596933.2,139.941,4332.72,104.0,32.4403,17.743
3738.45,1093.22,0.29242,37.3857,533487.44,44.3936,1784.0,12.0,44.5308,1.494
5739.99,1840.89,0.32071,40.4083,791016.5,78.2818,2899.18,55.0,42.2487,6.839
13633.8,4931.1,0.36168,106.461,1871907.1,197.324,4652.02,30.0,32.9842,17.723
7652.7,2652.87,0.34665,78.0374,1043284.1,127.442,3399.34,100.0,37.2396,11.613
8824.71,2656.5,0.30102,85.4407,1247688.1,120.283,4026.59,46.0,34.0318,2.502
9870.54,2678.82,0.27139,121.933,1379853.8,150.736,4313.61,68.0,32.9661,4.635
6011.52,1877.78,0.31236,49.8939,827404.5,87.6799,2569.01,82.0,40.8207,15.709
10446.1,4161.72,0.39839,138.65,1400399.1,198.436,4512.09,170.0,30.456,2.176
5648.33,1763.51,0.31221,62.8576,739540.4,87.5732,3270.77,41.0,38.6058,7.008
8871.38,2155.25,0.24294,82.2219,1268411.0,114.274,3917.65,2.0,34.3618,1.663
15931.5,5953.04,0.37366,131.269,2256579.5,237.007,5038.12,73.0,27.3461,9.269
9250.82,2665.79,0.28816,89.8635,1266982.8,133.134,3582.03,117.0,36.0557,1.19
5711.72,1524.27,0.26686,47.3925,801090.3,74.0747,3084.26,16.0,41.7869,2.152
13313.8,2748.61,0.20644,174.909,1876238.9,196.742,4025.87,145.0,32.272,1.481
8013.21,2929.2,0.36554,82.7378,1089799.4,133.282,3756.59,41.0,34.5939,14.441
12898.1,3700.81,0.28692,152.606,1795748.8,202.135,4139.88,87.0,32.5548,0.0
6988.95,2550.87,0.36498,56.6981,1005273.44,86.3126,3253.2,17.0,39.0909,9.32
13833.5,4180.64,0.30221,155.202,1937224.2,224.988,5464.35,90.0,26.5299,6.642
7733.87,1896.41,0.2452,72.2541,1129502.9,96.8711,3053.56,16.0,36.6581,2.239
10044.9,3354.78,0.33397,89.6439,1404589.9,130.716,3859.28,12.0,35.8102,7.503
9687.76,2385.99,0.24628,127.799,1316902.6,158.781,3605.37,31.0,34.5618,2.352
9675.14,2570.76,0.2657,97.851,1371263.0,134.024,3641.42,114.0,33.1186,2.758
14615.9,3261.39,0.22313,204.109,2029557.6,244.987,4978.19,119.0,26.4814,2.176
9346.1,3010.28,0.32208,85.0562,1320243.1,134.977,4141.48,70.0,33.8062,11.827
9845.39,3309.69,0.33616,102.048,1373671.2,133.211,3651.31,21.0,35.166,4.274
5974.83,1933.27,0.32356,55.5221,800267.2,94.9264,2693.9,32.0,40.973,4.483
12670.5,3552.8,0.28039,144.306,1704401.1,178.831,4695.58,64.0,29.9418,3.837
8240.44,2064.96,0.25058,75.2375,1137718.4,105.301,3140.72,40.0,37.7487,15.726
12227.9,3406.9,0.27861,168.731,1733309.1,194.549,4640.02,111.0,29.6257,2.449
14908.1,5320.49,0.35688,165.72,2162888.8,239.926,4951.48,56.0,27.5419,5.084
4334.02,1697.37,0.39163,44.153,621353.44,73.1004,2216.11,39.0,43.3514,11.551
6497.99,1960.81,0.30175,75.8885,872316.2,103.793,3438.69,76.0,37.8826,2.395
5307.96,1752.47,0.33015,58.2645,741766.44,78.938,2441.12,66.0,41.9961,9.865
4003.98,1544.88,0.38583,38.3492,549443.0,52.1694,1375.02,29.0,44.4968,7.714
17450.9,5912.84,0.33882,166.966,2504539.5,231.962,13053.66,143.0,31.302,11.312
7023.86,1958.64,0.27885,65.3436,984401.56,95.8607,3738.48,34.0,36.5116,4.885
7398.52,2688.89,0.36343,65.8857,1032672.25,100.428,3093.51,43.0,38.832,17.022
12588.1,3652.13,0.29012,152.647,1751766.8,211.358,4796.51,56.0,28.5494,3.106
5844.43,2431.86,0.41609,54.1253,811508.6,94.4481,2690.36,83.0,39.8652,14.059
5297.72,1545.18,0.29166,35.1797,730330.5,70.8727,2096.29,13.0,40.9835,13.986
17979.3,4748.82,0.26412,229.91,2498182.2,265.443,5706.35,205.0,21.9871,1.927
7104.43,2430.42,0.34209,77.5193,954680.2,115.338,3388.21,75.0,37.7732,14.121
17822.2,5339.21,0.29958,246.833,2469290.0,318.531,5395.86,212.0,24.7329,4.564
7031.24,1831.39,0.26046,54.7509,962464.94,88.7577,2967.96,28.0,39.1952,5.323
11848.6,4363.1,0.36823,108.408,1664856.5,164.4,5326.2,91.0,32.5488,19.452
9172.62,2635.5,0.28732,100.693,1298708.8,152.459,3901.97,36.0,33.5636,2.188
6166.88,1493.94,0.24225,96.7959,852408.2,87.7646,3271.62,22.0,33.6699,15.772
9819.46,2677.1,0.27263,102.594,1343786.2,163.273,4152.09,70.0,33.1106,0.658
9578.45,4097.28,0.42776,51.6578,1273335.4,175.064,5252.27,40.0,34.6338,19.158
12740.8,4558.11,0.35775,112.872,1760970.8,195.135,6227.05,117.0,27.4347,20.196
7021.54,1647.68,0.23466,64.2898,972562.7,88.6381,2862.19,78.0,38.9359,5.525
5487.7,1571.59,0.28638,59.2821,770799.06,65.7977,2583.71,42.0,41.6046,10.222
8828.78,2684.95,0.30411,90.7003,1233537.1,122.468,3195.14,22.0,37.7103,0.906
9287.04,3057.33,0.3292,76.6523,1271722.8,115.712,4236.05,96.0,34.4701,11.417
9556.75,3717.64,0.389,94.0577,1361077.0,136.843,3768.89,38.0,34.7345,15.131
15057.3,3436.25,0.22821,207.409,2082262.9,253.4,5072.55,154.0,25.55,2.366
7222.22,2429.85,0.33644,81.7649,1005226.56,96.5516,3806.72,26.0,36.4037,2.138
7801.25,2966.53,0.38026,83.8387,1100665.9,132.034,2775.54,27.0,33.6715,15.793
15533.5,6791.96,0.43724,141.248,2202452.5,234.636,4468.03,111.0,30.3287,19.874
11030.5,2888.34,0.26185,130.674,1512764.4,186.011,4119.68,85.0,31.9234,2.321
4500.95,1621.92,0.36035,35.4729,637599.1,57.6515,2118.06,48.0,43.5585,7.434
7473.23,2588.44,0.34636,83.8908,1017222.0,120.438,3272.96,85.0,36.6929,15.814
5738.79,1165.74,0.20313,49.2077,804594.3,65.5412,3059.2,63.0,39.5953,1.333
10680.1,3585.58,0.33572,130.389,1422819.2,166.276,4099.96,42.0,33.1548,2.208
9779.23,4125.84,0.42189,96.8656,1379285.5,162.249,3668.26,63.0,35.5834,15.684
8760.51,2199.48,0.25106,79.4473,1241215.0,115.118,3860.94,19.0,35.0919,2.282
10752.8,3538.95,0.32911,71.8753,1498314.9,149.73,3957.02,37.0,34.0807,14.858
9327.05,2740.36,0.2938,93.2055,1313597.9,113.352,4485.72,39.0,33.9369,15.949
12295.1,3678.55,0.29918,153.701,1715498.1,213.111,4790.28,62.0,28.4216,3.382
6553.89,2155.68,0.32891,63.3065,943531.44,78.612,4358.71,44.0,36.7838,11.357
9165.2,2269.8,0.24765,91.7569,1293566.5,132.575,3682.61,24.0,35.5327,3.834
16987.6,5973.22,0.35162,197.53,2289261.0,273.662,5363.83,117.0,24.8077,11.44
10168.0,2590.11,0.25473,99.8453,1408364.0,127.301,4221.97,36.0,33.2408,9.313
8799.61,2115.24,0.24037,102.336,1250065.8,133.522,3825.95,61.0,35.0942,3.55
13152.3,3344.26,0.25427,191.903,1794324.4,212.29,4556.4,179.0,29.2653,1.59
13288.1,3262.4,0.24551,187.836,1810682.9,209.22,4574.06,182.0,29.1251,1.497
4754.58,1139.97,0.23976,50.9972,617689.3,80.0346,3257.28,62.0,40.2152,2.354
10386.6,3452.95,0.33244,130.412,1483446.1,203.563,4035.72,89.0,34.1546,14.837
7492.5,2094.93,0.2796,63.7513,1038237.2,101.947,3352.36,41.0,37.598,10.736
10704.8,3739.55,0.34933,105.094,1490598.1,145.809,4509.84,32.0,33.5365,11.034
7384.65,2552.8,0.34569,62.3328,1024674.9,100.327,3551.93,32.0,37.5118,4.424
17334.2,6606.84,0.38114,182.702,2430635.5,298.487,6679.36,208.0,26.4851,6.291
7800.48,2378.73,0.30494,78.5116,1103823.5,108.179,3667.58,45.0,34.3951,2.401
3992.15,1192.96,0.29882,33.952,546758.94,50.8499,1397.47,17.0,44.3389,1.442
7714.16,1604.08,0.20793,72.1476,1088471.4,91.1895,3066.92,46.0,39.3653,16.231
6368.71,1375.12,0.21591,65.011,883272.94,84.5969,2746.18,47.0,41.1591,3.895
4127.58,1417.98,0.34353,34.5813,571980.7,49.563,1394.74,26.0,44.3295,2.088
7870.58,2309.91,0.29348,87.3092,1110831.8,108.314,3885.91,38.0,35.3174,2.513
9901.85,2661.42,0.26878,119.311,1364658.0,138.719,4174.84,124.0,32.9143,2.289
9005.05,3142.66,0.34898,106.681,1259372.4,138.385,4194.01,61.0,31.8519,14.148
4649.62,1727.85,0.37161,34.7735,625895.56,67.103,1463.64,28.0,44.375,11.143
19271.6,6304.5,0.32713,267.198,2624514.8,320.893,5831.18,327.0,21.3176,2.679
7476.95,1771.92,0.23698,76.7255,1020182.44,95.5797,3490.34,45.0,36.5951,9.198
4819.41,933.22,0.19363,43.887,690499.8,55.1547,2193.54,80.0,42.8838,0.726
17904.0,5077.61,0.2836,220.294,2500815.5,283.619,5754.66,200.0,21.8699,1.993
4525.85,1128.84,0.24942,42.9861,620061.9,69.1338,2368.24,26.0,41.0991,11.401
7777.33,1987.3,0.25552,72.4281,1081947.4,91.6026,3906.77,61.0,35.7634,3.152
14107.8,5001.03,0.35448,187.829,1926044.4,260.781,4565.65,38.0,29.0288,2.311
12325.3,2599.68,0.21092,153.747,1730273.6,181.06,4677.59,151.0,29.1947,2.47
10121.1,2921.1,0.28861,131.133,1386947.2,143.444,4866.87,67.0,29.1965,3.631
7403.5,1998.39,0.26992,68.8133,1026816.8,102.189,3209.95,33.0,36.2152,7.262
19194.9,6026.81,0.31397,197.687,2661145.0,318.536,6188.75,242.0,19.1823,9.44
18261.8,7366.08,0.40336,165.74,2514942.0,270.866,5488.89,129.0,24.4767,17.066
8520.85,4219.33,0.49517,90.5755,1045707.9,149.382,2601.97,128.0,39.4987,16.035
8990.95,3600.27,0.40043,90.5099,1319961.8,137.382,3822.93,26.0,34.7616,18.142
8283.15,2103.12,0.2539,87.9063,1177083.2,108.847,4022.31,41.0,35.2393,2.475
10562.2,3363.78,0.31847,107.175,1518922.5,153.432,4274.21,148.0,31.0808,17.47
10500.2,2866.03,0.27295,143.112,1477108.2,169.5,4213.42,57.0,32.5792,1.459
7261.35,3064.95,0.42209,51.947,1024235.44,116.472,2568.37,75.0,40.3871,13.305
6328.82,1169.09,0.18472,58.6274,850615.6,78.8158,3162.0,59.0,39.2645,4.988
10710.6,4564.17,0.42613,83.5743,1483749.4,160.722,3906.76,106.0,34.1953,4.718
8713.88,2914.62,0.33448,71.68,1265538.1,105.397,3381.8,44.0,40.2018,17.103
6194.62,1532.06,0.24732,76.511,826860.94,110.848,3464.69,42.0,30.2155,18.43
9074.32,2618.32,0.28854,87.79,1281630.5,120.914,3265.21,5.0,36.6717,2.701
6154.69,934.67,0.15186,46.6509,867336.75,73.0203,2753.65,2.0,42.1195,0.0
13768.9,3739.34,0.27157,187.424,1930751.1,209.966,5686.49,67.0,23.0939,1.373
14045.6,4292.05,0.30557,157.057,1924732.1,217.908,5221.17,12.0,30.8532,16.227
9780.49,2113.8,0.21612,112.578,1350607.5,133.073,4223.76,51.0,34.1324,1.901
14441.2,4941.69,0.34219,166.276,1995785.0,242.143,8134.05,201.0,30.7854,2.374
7320.01,2014.67,0.27522,68.6974,1012993.44,92.5516,3112.75,46.0,39.4566,1.826
8835.66,3005.7,0.34017,72.1646,1190978.0,126.009,3349.64,87.0,31.3201,8.33
7958.78,2817.85,0.35405,59.2937,1080613.4,117.319,3530.74,45.0,37.1758,13.966
7956.94,1672.24,0.21016,80.7688,1118646.8,95.9876,3964.26,44.0,35.6465,2.483
5874.71,1290.87,0.21973,56.1812,816729.7,77.5697,2651.14,26.0,40.5938,2.044
6647.97,2078.87,0.3127,63.4617,899545.3,93.5634,3155.45,13.0,40.0266,1.772
6390.95,1718.32,0.26886,66.8959,921307.3,75.4001,3145.61,19.0,38.9856,4.432
9932.75,2898.51,0.29181,109.731,1411335.4,153.117,4175.69,35.0,33.9993,3.134
5355.38,1762.02,0.32901,54.5183,733806.2,75.4034,3104.22,21.0,40.1471,6.087
7199.95,2079.67,0.28884,35.4823,1013529.9,82.084,2769.64,28.0,41.2606,11.325
8272.54,2567.22,0.31033,95.2349,1172502.6,119.718,3543.77,88.0,36.7589,2.261
17165.1,5906.99,0.34412,163.183,2483990.2,250.032,8228.3,153.0,23.0193,9.785
13803.6,3992.35,0.28922,184.618,1911299.9,215.44,5608.19,130.0,23.185,2.78
22698.8,6957.17,0.30649,300.34,3163158.5,372.396,6522.65,93.0,17.7585,2.773
5950.91,1954.92,0.3285,74.8873,825506.25,89.0107,3035.84,36.0,40.4141,1.668
14194.1,3877.54,0.27317,131.649,2015358.2,183.063,4958.28,96.0,27.9145,9.866
7022.81,2637.86,0.37561,73.6638,972914.56,109.594,3322.22,116.0,37.0697,14.452
9178.24,2592.09,0.28241,94.8819,1297715.0,135.944,3757.6,28.0,35.3556,3.943
9482.59,3352.4,0.35353,75.2016,1315906.6,134.08,4162.8,55.0,33.5873,16.982
8549.67,2702.82,0.31613,92.0457,1217437.4,111.022,3977.41,24.0,35.9846,1.758
7436.01,2585.17,0.34765,75.9046,1009674.1,114.601,2966.07,17.0,39.0312,13.62
16973.4,5260.48,0.30992,227.319,2345550.8,291.265,4826.29,130.0,27.0934,6.533
8887.5,2522.43,0.28381,82.7459,1239682.5,104.791,4266.96,63.0,34.9232,2.331
7770.61,2963.82,0.38141,74.787,1095996.2,106.788,2963.78,35.0,39.7003,8.14
8428.45,3970.6,0.47109,87.4336,1040112.6,152.777,2220.21,98.0,40.7439,9.478
9728.68,2019.74,0.2076,97.0598,1375890.4,143.788,4267.65,48.0,33.5322,0.729
11437.5,3074.2,0.26878,132.452,1587335.0,157.607,4461.66,97.0,31.562,1.745
7286.41,2436.26,0.33435,75.317,1007445.0,103.119,3702.2,33.0,36.3948,3.04
7997.17,2245.99,0.28084,86.6054,1109129.0,111.025,3080.26,21.0,37.7488,0.688
16183.9,4178.87,0.25821,248.237,2211308.2,254.462,4788.57,292.0,26.8301,4.043
8645.14,2568.81,0.29713,77.8189,1223997.9,114.739,3279.5,24.0,37.1764,14.825
7536.23,2440.77,0.32387,75.0157,1042877.94,96.0159,3160.8,12.0,38.2324,11.909
7402.04,2823.09,0.38139,70.8964,1013630.44,100.479,3197.58,17.0,38.1402,2.755
8262.87,1881.07,0.22765,80.7119,1182584.2,112.135,4051.36,95.0,34.9754,1.523
7810.75,2990.32,0.38284,51.1936,1099136.5,110.135,3612.74,43.0,37.2727,14.724
6349.16,1649.14,0.25974,60.4944,872239.8,85.8123,3149.11,38.0,39.223,8.559
5231.6,2033.71,0.38873,35.9606,738370.44,72.5476,2138.47,18.0,43.3108,13.062
6911.28,2184.99,0.31614,59.5307,954609.4,88.8692,3202.17,50.0,38.2611,12.661
11792.8,3505.37,0.29724,106.67,1615646.2,173.138,6307.07,121.0,34.1539,6.225
7578.05,2123.61,0.28023,80.3565,1032593.56,116.005,3128.33,80.0,39.1621,4.108
15460.5,3875.55,0.25067,178.374,2088909.9,192.894,5111.81,175.0,27.2522,16.373
6661.99,1458.59,0.21894,65.1255,895958.2,89.1899,3399.64,62.0,38.1785,15.279
10797.9,3443.2,0.31887,123.615,1515959.9,166.432,4169.49,44.0,30.5783,2.416
11943.5,3294.08,0.2758,148.516,1611634.9,169.007,4995.72,60.0,28.6494,12.88
14615.8,3284.57,0.22472,201.707,2048524.4,235.662,4982.41,119.0,26.7442,2.095
14550.6,6191.73,0.42553,186.635,2113133.8,290.06,4979.98,115.0,26.5485,6.147
13971.1,4682.36,0.33514,109.291,2034937.9,189.467,5877.74,122.0,30.2937,19.751
5831.7,1343.99,0.23046,52.7491,828727.4,75.5682,3069.21,57.0,40.292,1.282
9423.75,2612.43,0.27721,109.937,1285821.5,155.82,4156.9,73.0,33.1369,0.693
16405.5,5582.81,0.3403,185.632,2346381.0,279.78,5127.15,123.0,25.416,5.431
7790.35,2608.66,0.33485,69.5123,1131027.4,106.259,3042.89,42.0,38.3946,17.397
6498.72,1730.24,0.26624,70.9009,869156.56,93.0529,3631.63,69.0,37.1891,0.0
16325.0,3538.99,0.21678,172.303,2319132.0,233.597,5163.64,207.0,26.441,6.144
7485.04,2406.51,0.3215,63.2253,1055941.2,99.7315,2854.7,28.0,38.002,14.42
11903.7,2814.02,0.23639,134.162,1655040.8,165.125,4458.63,50.0,28.9814,2.056
7829.81,2006.42,0.25625,86.2996,1079536.0,110.757,3105.01,20.0,37.7178,0.603
4708.35,862.92,0.18327,46.1046,674787.44,55.3805,2186.1,80.0,42.7902,0.643
7383.84,2828.6,0.38307,64.9918,1079055.9,96.2046,3226.87,30.0,38.7408,1.392
4741.23,888.51,0.1874,45.9753,680750.2,56.0482,2186.73,79.0,42.7582,0.648
7917.44,2634.88,0.33279,67.3824,1108056.6,102.303,3290.36,31.0,37.0831,18.644
13061.6,4611.28,0.35304,160.923,1841748.0,233.097,4683.51,119.0,29.1521,6.313
13573.3,4203.58,0.30969,100.24,1874944.4,182.667,4212.13,59.0,32.3442,16.702
18789.2,8482.64,0.45146,171.976,2621620.5,296.412,5358.35,89.0,25.1656,17.464
8742.07,2023.26,0.23143,77.7474,1180363.4,103.528,3335.17,32.0,38.9081,10.604
15375.6,4664.93,0.30339,175.96,2089849.2,207.06,4970.27,185.0,27.3857,2.527
10057.6,3455.45,0.34356,74.6497,1394735.0,150.648,4193.6,70.0,32.7209,14.781
5726.52,1968.43,0.34373,54.0276,789727.75,75.1965,3118.61,15.0,37.1689,3.919
11488.4,4128.38,0.35935,89.424,1603734.9,174.546,4320.25,92.0,32.596,17.66
4984.98,1395.35,0.27991,43.4339,686591.4,63.0595,2810.2,25.0,41.5209,5.824
5731.29,1505.47,0.26267,63.4512,718255.56,85.755,3115.53,17.0,39.4927,2.311
8760.59,2661.46,0.30379,94.9488,1168889.9,127.239,3809.7,47.0,33.0768,17.987
11658.6,3841.39,0.32948,91.2717,1561360.0,174.823,4606.68,113.0,31.1023,18.19
8024.83,1675.44,0.20878,58.6073,1128476.8,89.4278,2836.46,28.0,39.3045,5.185
10363.8,3742.96,0.36115,71.3383,1424263.8,149.367,3943.15,61.0,34.926,15.4
5022.06,2129.22,0.42397,34.9078,710774.75,66.0724,2491.17,37.0,42.728,3.221
10313.3,2485.61,0.24101,126.606,1420527.2,162.343,4599.7,68.0,29.7043,1.799
8313.89,3312.79,0.39846,95.2729,1189185.9,132.055,3456.33,55.0,36.2467,15.975
5887.16,1502.69,0.25524,67.0755,808740.9,79.6999,2835.38,68.0,39.2989,7.3
8931.04,2870.56,0.32141,53.1579,1205937.9,125.017,4490.13,26.0,34.9049,14.537
5584.07,1414.49,0.2533,43.3166,781019.6,69.9183,2140.71,5.0,42.4908,14.124
9128.96,4343.48,0.47579,86.3556,1303960.6,150.148,3720.8,109.0,35.9442,16.722
7215.53,2542.76,0.3524,105.392,969334.2,133.525,3897.19,39.0,35.6265,2.978
10015.0,2573.66,0.25698,129.971,1427145.4,150.872,4294.33,44.0,30.7863,2.633
22439.2,6461.16,0.28794,299.856,3108188.0,364.802,6123.01,97.0,18.5431,3.24
9019.77,1809.64,0.20063,74.6672,1293446.4,105.961,3882.91,14.0,35.0869,0.826
11064.9,4120.08,0.37235,98.3217,1564238.6,145.825,4124.54,64.0,31.9347,12.972
7952.52,1834.1,0.23063,71.3447,1137758.6,96.9168,2608.45,69.0,40.2655,16.31
7833.59,2281.4,0.29123,64.2527,1080967.5,103.609,3441.18,91.0,36.8468,2.006
8816.5,2504.35,0.28405,85.9239,1260995.1,115.867,4028.68,61.0,34.9237,4.037
9163.4,2920.8,0.31874,107.115,1273030.5,137.449,3927.66,107.0,34.0206,16.925
14341.3,4202.25,0.29301,180.815,1945304.0,246.555,4928.15,23.0,27.7884,2.975
15845.5,5780.2,0.36478,183.023,2234364.5,263.679,4535.0,38.0,26.4928,2.017
9790.86,2749.39,0.28081,121.629,1336674.2,140.71,4173.08,124.0,32.8123,2.26
7769.58,1803.83,0.23216,72.994,1022336.1,109.577,3161.73,58.0,39.0057,13.455
6132.1,2609.22,0.4255,37.5069,847060.5,89.0548,2118.48,29.0,43.4798,13.392
4410.49,785.87,0.17818,43.1248,594751.75,64.5118,2551.34,11.0,43.274,2.198
6066.59,1461.67,0.24093,54.4777,830303.44,77.4508,3334.31,50.0,38.6708,5.783
10396.2,3509.97,0.33762,75.6148,1448341.4,157.66,5930.59,57.0,32.124,20.312
20537.3,4843.99,0.23586,264.348,2803842.5,357.827,6361.77,113.0,17.7509,3.236
15232.7,4903.71,0.32191,209.699,2115058.2,259.392,5332.88,289.0,24.6518,1.522
9434.74,1708.93,0.18113,93.702,1340197.1,134.866,4162.39,47.0,33.83,0.737
11438.0,3997.24,0.34947,108.36,1612612.9,153.937,4465.46,127.0,32.2361,19.472
16127.1,5398.28,0.33473,116.045,2272289.5,219.473,4532.03,148.0,32.9615,15.248
12050.6,2999.85,0.24893,150.919,1673314.9,194.198,4153.58,66.0,31.6379,1.91
9530.92,2884.62,0.30265,138.118,1339005.5,158.672,4370.3,41.0,31.9897,2.628
9600.9,3149.31,0.32802,93.9598,1331252.0,129.778,3468.41,66.0,35.8643,9.412
9443.9,2238.32,0.23701,112.918,1295876.2,149.956,4644.28,39.0,30.0138,0.0
10381.4,2181.16,0.2101,123.108,1410445.8,142.627,3680.78,13.0,31.4175,1.817
15375.8,5013.85,0.32608,137.903,2165324.5,196.388,5451.67,55.0,30.3295,18.888
4845.65,1932.69,0.39885,31.0725,689754.4,66.1442,2395.45,54.0,42.9115,13.252
6244.51,1492.04,0.23893,66.5065,890243.56,77.8508,3131.02,17.0,46.5464,1.987
9159.23,2422.1,0.26444,106.646,1291306.0,151.341,3817.52,15.0,34.2127,0.582
6733.37,2322.59,0.34493,55.4093,931880.6,98.7528,3783.6,75.0,36.4003,1.4
13812.0,3480.76,0.252,154.868,1895335.6,189.778,5016.86,73.0,33.1381,4.03
9962.85,2916.99,0.29278,104.187,1361853.9,144.094,4061.8,118.0,34.9399,2.18
7626.94,2064.49,0.27068,75.9322,1067722.0,90.5842,3719.99,63.0,35.6297,2.869
5047.83,1479.44,0.29308,47.4626,656540.2,75.4136,1941.05,40.0,43.6,13.959
12332.7,3796.75,0.30786,161.174,1734074.6,209.58,4806.37,70.0,28.419,3.762
7727.94,2372.07,0.30694,64.8173,970660.1,117.127,3134.39,46.0,39.4035,9.694
7510.45,1716.51,0.22854,74.0497,1089674.0,91.4378,3032.46,19.0,38.0379,1.572
10604.5,3576.96,0.3373,76.4333,1442690.4,157.034,4480.99,58.0,32.7727,18.3
5952.74,1498.16,0.25167,45.5538,836942.06,61.2427,2469.7,13.0,42.1576,2.3
7003.28,1487.69,0.21242,56.3954,956753.75,85.6564,2713.99,26.0,40.1961,4.675
4865.71,1394.18,0.28653,40.5493,671219.4,59.4852,2576.3,53.0,42.0697,10.388
16230.5,4320.72,0.2662,249.125,2247288.5,279.595,5330.74,202.0,25.6839,5.202
12169.7,3698.12,0.30387,150.714,1672594.6,185.457,4394.22,40.0,31.1378,2.471
13683.2,5554.75,0.40595,126.042,1982287.2,192.107,5139.78,144.0,28.7979,20.316
7403.01,2399.79,0.32416,53.7058,1023097.5,98.8388,3575.53,25.0,37.3143,17.868
8245.3,1639.0,0.19877,102.963,1143702.2,107.21,3247.7,125.0,36.7809,1.698
13681.2,4092.02,0.29909,167.37,1886101.8,210.438,4794.22,120.0,28.3893,5.022
5228.85,1610.46,0.30799,48.6731,747852.4,54.9062,1993.13,3.0,42.392,5.331
10993.3,4353.94,0.39605,99.2912,1526284.9,162.268,3899.04,55.0,35.47,17.463
6333.46,2788.54,0.44028,52.5271,878078.94,110.982,2939.9,58.0,39.2134,12.489
8126.44,2299.34,0.28294,81.2944,1136327.6,118.401,3733.81,38.0,34.8939,1.58
9375.77,2413.56,0.25742,136.927,1325157.2,145.202,4379.11,40.0,31.7843,2.624
12086.8,3631.91,0.30048,149.084,1690579.5,156.883,5210.7,32.0,27.4765,3.552
7695.61,2484.97,0.3229,65.0624,1062044.6,93.7612,3352.79,102.0,36.8033,16.896
7495.97,1780.85,0.23757,76.5275,1021969.4,96.0631,3488.57,47.0,36.6109,9.181
9365.32,3472.83,0.37081,127.581,1236226.4,191.842,4332.99,174.0,31.4634,2.175
10030.9,1865.96,0.18602,127.979,1402006.1,142.973,4090.66,36.0,32.1925,2.631
13053.5,5005.36,0.38344,110.88,1850848.6,190.264,6067.5,99.0,30.9176,20.738
15670.1,5325.87,0.33987,179.693,2161202.0,250.447,4557.7,48.0,29.2346,3.375
13416.2,4133.48,0.30809,149.264,1920935.0,181.107,5058.3,33.0,28.7223,7.448
6674.88,1188.35,0.17803,65.1868,911118.5,81.7688,2722.88,39.0,40.1584,16.034
6019.37,1286.39,0.2137,53.7668,826672.6,84.0112,2714.26,19.0,40.636,1.406
7530.91,2600.63,0.34532,50.0687,1006904.56,114.9,3718.52,33.0,37.1786,15.772
11664.6,4175.48,0.35796,93.1143,1600413.1,161.975,3920.77,30.0,33.2031,17.949
13079.9,3387.91,0.25901,143.353,1794572.1,189.514,4724.45,26.0,29.4626,1.904
9063.36,2212.18,0.24407,100.977,1283646.6,126.59,3826.43,45.0,35.1229,2.732
8332.74,2323.37,0.27882,71.3058,1096003.6,120.661,3215.49,46.0,38.3227,17.081
8517.35,3439.32,0.4038,73.9822,1173857.0,129.482,3159.05,16.0,38.1951,12.021
8307.23,2443.28,0.29411,93.8322,1139367.8,100.326,3477.09,33.0,31.9015,20.497
8910.45,3601.0,0.40413,98.162,1243066.1,119.387,3512.93,51.0,37.6355,9.215
10824.9,3269.13,0.302,119.553,1460313.8,194.271,3852.19,94.0,33.6649,9.413
9770.09,3516.46,0.35992,66.7691,1335837.9,133.11,3377.93,94.0,36.3091,17.528
6725.53,1564.71,0.23265,80.4111,924140.6,85.7488,3265.73,36.0,37.9092,11.934
10159.5,3329.24,0.32769,116.091,1421834.2,168.677,4198.91,59.0,31.6865,3.82
8819.9,2584.5,0.29303,97.0445,1160284.5,124.135,3675.11,115.0,37.3358,18.672
16256.3,4048.27,0.24902,211.686,2269682.2,254.46,5225.3,154.0,25.3824,2.895
8354.68,2370.66,0.28375,92.293,1165087.8,122.792,3842.4,49.0,32.4108,3.929
12938.7,4759.23,0.36782,127.715,1796932.5,195.104,4950.95,115.0,29.479,19.888
7611.75,1983.5,0.26058,63.506,1044743.56,109.006,3572.96,26.0,37.5904,1.492
8143.08,1550.33,0.19038,75.7978,1156844.8,98.746,3884.53,15.0,35.363,0.0
7180.81,2924.8,0.4073,63.8353,1055659.4,98.3276,3219.55,29.0,39.4069,1.32
10073.2,2536.77,0.25183,100.43,1438348.6,132.026,3641.43,126.0,35.7325,2.299
7540.49,2061.36,0.27337,61.4143,1065122.8,91.4601,3914.22,48.0,35.7907,14.221
8196.07,2506.28,0.30579,54.4702,1111706.5,110.051,2875.11,40.0,39.3383,15.039
15373.6,5014.6,0.32618,196.24,2064299.1,257.143,5120.64,215.0,26.3317,2.641
20599.2,7440.34,0.36119,257.566,2841539.2,348.471,5716.76,100.0,23.0953,7.071
12736.7,3815.54,0.29957,153.148,1762886.8,197.009,4748.17,67.0,29.1701,7.957
11784.4,2957.07,0.25093,145.901,1685580.0,171.331,4661.64,32.0,29.378,1.662
7593.43,2519.3,0.33177,64.6824,1095221.8,96.4547,3011.21,75.0,38.6377,16.568
13405.8,4696.35,0.35032,160.679,1823079.2,209.651,5006.05,119.0,27.7886,7.28
13365.1,2974.65,0.22256,161.055,1820166.8,219.134,4724.4,105.0,28.804,1.991
14083.9,3835.78,0.27235,127.841,1963190.4,188.488,4695.42,77.0,29.0968,3.668
7990.89,2832.23,0.35443,62.6798,1063461.0,121.392,3219.48,44.0,36.5628,17.368
16839.0,4246.13,0.25216,100.054,2311209.5,292.52,4616.16,69.0,29.6019,18.138
6102.58,1529.56,0.25064,42.1636,843469.5,86.8715,3391.03,22.0,39.4174,3.303
7142.78,2338.82,0.32743,66.8808,961014.25,97.3046,3116.17,18.0,40.3467,1.708
15424.7,6052.67,0.3924,73.7125,2163617.2,247.386,13577.1,63.0,32.3571,8.833
14921.7,4969.92,0.33306,159.293,2075180.2,231.858,4770.17,77.0,28.3174,3.586
14500.1,4752.12,0.32773,156.642,2013288.4,202.558,5072.47,79.0,27.0708,3.044
7759.92,2785.27,0.35893,67.9386,1084291.5,109.315,3681.07,13.0,36.6134,14.363
5885.54,1948.81,0.33111,42.5467,825555.44,73.5081,2711.85,44.0,38.2213,13.698
5706.13,1628.18,0.28533,53.6107,801353.9,80.7539,3282.39,48.0,41.4185,18.037
8239.9,3288.69,0.39911,61.3758,1178296.5,110.864,2556.37,65.0,39.011,15.099
5156.99,1747.48,0.33885,49.4171,716975.25,63.7669,2153.33,19.0,41.5475,3.641
12946.6,4088.06,0.31576,143.594,1783601.5,216.198,4597.48,28.0,29.4098,3.203
18689.3,6972.1,0.37305,170.116,2658263.5,297.62,6634.78,121.0,29.3941,4.045
6317.94,1634.19,0.25865,57.3368,900176.56,76.1193,2446.52,22.0,40.0727,10.508
3944.7,1086.38,0.2754,34.5915,558028.4,45.4132,1780.16,12.0,41.1904,2.006
12389.8,3268.0,0.26376,150.449,1760339.1,167.682,4842.62,37.0,29.178,1.559
6551.58,1696.51,0.25894,59.743,894186.9,84.9074,3413.48,48.0,38.8585,11.684
9934.73,3933.84,0.39596,93.3039,1389636.6,154.067,3689.59,94.0,32.1999,19.443
9007.29,3415.47,0.37918,89.7117,1274129.0,147.194,3514.77,61.0,37.6381,9.257
10649.8,4542.09,0.42649,83.301,1509858.9,172.842,3457.27,35.0,36.5879,14.755
15465.9,5471.41,0.35377,230.286,2098657.0,261.29,5363.9,145.0,22.8538,2.234
8574.42,2634.94,0.3073,92.7939,1190088.0,112.091,3760.1,31.0,36.3028,9.022
8165.78,2618.34,0.32064,65.1488,1121725.9,116.804,3671.19,55.0,36.8369,1.983
7009.0,2013.92,0.28733,64.8138,984054.75,87.9175,3615.13,29.0,37.8358,1.925
5493.85,1386.82,0.25243,64.5563,735958.3,82.1428,2605.38,56.0,39.8607,14.049
8513.14,2564.98,0.30129,111.292,1161659.5,154.812,4009.23,101.0,32.7797,3.208
19645.1,6785.06,0.34538,124.815,2682024.8,292.645,6301.89,164.0,22.2995,16.476
8892.58,2987.01,0.33589,64.8529,1269917.6,111.001,2911.87,84.0,38.2025,17.619
19340.5,5887.27,0.3044,261.454,2635067.8,317.099,5804.91,318.0,20.8108,2.822
14744.6,4773.36,0.32373,186.124,2043190.0,248.785,5333.7,153.0,24.7582,1.928
7615.31,1900.94,0.24962,84.1095,1042710.94,112.007,3069.67,36.0,37.8898,0.807
22683.6,5372.52,0.23684,332.611,3116281.8,398.693,6219.53,159.0,19.8512,1.029
15122.5,3613.8,0.23896,179.452,2125459.5,215.913,4712.58,38.0,28.4345,1.563
8845.0,2656.36,0.30032,76.1557,1236070.1,111.77,4261.52,63.0,34.3573,3.003
8800.36,2137.86,0.24292,75.0611,1240504.6,94.9467,3329.52,33.0,34.0283,15.289
10965.4,2210.67,0.2016,105.952,1626921.9,135.483,3643.77,131.0,36.6997,15.606
12683.5,2416.19,0.19049,163.361,1719067.8,188.857,4711.87,136.0,30.03,1.061
8238.97,1967.72,0.23883,90.5284,1147164.6,123.672,3212.57,4.0,37.0257,0.431
9039.45,1475.57,0.16323,96.6843,1282807.6,123.126,3914.97,43.0,33.3036,0.807
12836.1,4462.37,0.34764,104.79,1784473.4,182.522,4254.93,92.0,31.9494,17.469
13551.3,3704.74,0.27338,167.166,1864805.1,218.687,4879.67,114.0,28.1831,4.901
4132.08,1212.01,0.29331,31.5245,573756.6,46.4201,2062.28,48.0,44.3083,10.535
9842.61,2376.34,0.24143,116.771,1363581.1,130.881,4266.03,61.0,34.0215,1.525
23122.9,7037.64,0.30435,303.018,3210589.5,374.706,6304.09,99.0,17.7771,3.379
14714.2,3407.84,0.2316,174.549,2076335.1,208.164,4058.82,128.0,32.046,1.512
8996.39,2469.34,0.27448,95.2215,1224381.9,124.52,3248.33,80.0,38.5264,1.989
9381.73,2419.03,0.25784,103.746,1325833.0,143.07,3926.44,37.0,33.2636,1.607
5334.22,1710.49,0.32066,45.2219,713267.06,78.1868,2594.6,60.0,41.3615,7.375
8476.8,2263.21,0.26698,84.6978,1216666.5,113.601,4048.89,96.0,34.8426,1.272
3765.85,1173.67,0.31166,36.1042,513417.22,48.2496,1387.7,17.0,44.3268,1.975
6969.81,2068.27,0.29674,66.6764,983295.06,87.6269,3596.79,32.0,37.9979,1.811
11402.8,2174.53,0.1907,147.116,1596915.4,174.892,4612.13,160.0,29.1971,1.931
7950.11,2078.35,0.26142,87.921,1092998.0,110.112,3100.74,21.0,37.6867,0.635
20015.1,7048.8,0.35217,254.237,2715553.0,330.881,5762.53,306.0,21.0415,2.765
12459.2,2878.32,0.23101,160.181,1725247.9,189.16,4159.41,64.0,31.7591,2.811
8229.3,2309.43,0.28063,55.2709,1171219.1,92.8844,4370.9,48.0,34.842,19.643
5861.56,1413.38,0.24112,56.2715,790655.9,84.2495,2963.74,42.0,40.6097,12.065
6903.63,2525.3,0.36579,80.3876,937072.44,98.9406,3291.78,55.0,38.2233,1.154
20630.4,5307.31,0.25725,286.423,2804006.2,312.933,6558.61,282.0,18.7128,1.573
12732.4,4444.36,0.34905,157.63,1788897.0,229.459,4626.85,141.0,29.8118,18.827
7176.05,2594.41,0.36153,64.8953,1024557.4,101.274,3991.77,58.0,37.1843,4.808
7733.67,1792.33,0.23175,99.1085,1078015.2,92.9203,3339.53,38.0,34.9685,13.206
18616.2,7285.0,0.39132,197.392,2590490.2,313.191,5907.22,185.0,22.9134,16.16
13540.1,3974.66,0.29354,171.649,1878257.9,223.506,4755.68,127.0,28.9438,4.426
10767.7,2296.67,0.21329,134.238,1470492.0,151.208,3935.75,18.0,46.5464,2.645
8306.67,2900.88,0.34922,86.5854,1107582.1,123.822,3285.22,45.0,37.0239,1.417
10090.0,3258.3,0.32292,93.9954,1384010.4,124.641,3433.35,51.0,34.4376,13.831
8696.84,2132.95,0.24525,105.915,1237298.1,115.943,3789.74,55.0,35.2271,5.494
6308.4,1456.63,0.2309,68.6104,892875.9,67.8433,3202.2,18.0,37.6377,1.787
7039.42,2048.79,0.29104,77.4522,968337.8,112.37,3070.25,75.0,39.0351,0.832
11903.4,4342.72,0.36483,148.555,1721930.5,210.43,4706.51,160.0,29.3776,11.294
8306.62,2138.32,0.25742,74.5174,1103559.0,106.807,3793.88,96.0,33.9731,14.544
5374.87,918.57,0.1709,45.5804,757926.0,62.7892,2653.3,21.0,41.0635,3.223
8589.34,2343.12,0.27279,96.8328,1181965.1,136.804,3295.4,13.0,36.5201,1.454
11495.5,3919.79,0.34098,126.45,1612817.9,183.115,4169.38,44.0,31.0068,2.233
7576.74,1962.85,0.25906,71.6349,1093489.2,83.9669,3329.06,29.0,46.5464,3.431
11717.1,4120.33,0.35165,126.432,1608772.5,191.07,4080.42,38.0,33.7367,3.272
5782.55,1306.23,0.22589,51.8307,821606.44,79.0967,2904.46,48.0,40.3191,1.926
14444.5,3311.73,0.22927,200.469,1990472.6,242.683,4949.32,128.0,26.6121,2.637
9189.4,2166.63,0.23577,82.0928,1313125.8,122.16,3845.67,22.0,35.6074,3.526
7420.04,2498.9,0.33677,55.2182,1068317.1,98.8311,3283.69,7.0,37.9927,15.885
10547.4,3461.6,0.32819,114.413,1483522.0,143.206,3964.16,60.0,34.2638,3.286
7242.15,2598.91,0.35885,74.2389,996804.44,116.64,3805.35,39.0,36.3429,2.389
5213.66,2475.97,0.4749,49.6865,754610.56,89.1772,2459.41,81.0,42.0695,11.999
10613.5,3318.12,0.31263,129.336,1417859.9,161.27,4102.21,41.0,33.5282,1.707
6850.68,2087.06,0.30465,63.4101,982151.2,78.6474,2417.87,77.0,40.3162,3.269
6196.22,2181.19,0.35201,58.0973,850623.2,83.7181,2658.75,34.0,41.1628,4.215
14243.0,4746.44,0.33324,194.799,1930640.5,256.771,4502.73,37.0,29.1169,2.479
9852.36,2694.14,0.27345,119.669,1354575.5,140.589,4155.31,124.0,32.8124,2.116
12722.7,3450.48,0.2712,145.441,1776446.9,212.326,4890.28,196.0,29.0059,2.563
19878.6,6442.94,0.32411,246.23,2769084.2,324.794,5516.7,83.0,23.5162,3.618
6556.75,1441.69,0.21987,59.4552,899817.8,91.3152,3149.18,53.0,39.3892,7.036
8399.85,3293.86,0.39213,81.4718,1140272.8,143.94,3667.53,35.0,36.4045,11.05
10157.4,4348.05,0.42806,139.932,1348303.6,204.478,4203.81,139.0,33.055,13.583
6573.81,1751.66,0.26646,61.784,931934.8,75.2564,3435.44,55.0,40.2348,11.282
15677.2,4240.9,0.27051,157.27,2207212.5,189.514,5389.08,35.0,25.9575,19.017
7768.92,2526.17,0.32516,88.2,1091411.4,122.697,3857.18,102.0,36.2755,10.945
9109.83,2669.74,0.29306,89.514,1258047.8,136.566,3419.05,122.0,35.1505,1.177
24164.3,8603.91,0.35605,314.877,3352874.8,424.309,6983.51,121.0,16.4815,6.491
5146.5,1965.09,0.38183,33.9724,728063.2,65.7329,2544.52,38.0,42.7384,2.425
10457.8,3480.01,0.33276,75.3944,1489775.1,132.349,3978.18,43.0,37.812,20.415
7507.45,2531.06,0.33713,68.677,1016735.3,112.838,3182.52,32.0,38.3863,13.433
10494.6,2954.59,0.28153,130.44,1498233.8,161.561,4407.17,41.0,31.4336,3.099
6942.63,3263.92,0.47012,83.5687,857450.94,129.538,2090.7,100.0,41.3222,5.029
7126.59,2361.13,0.33131,69.6826,930426.94,103.842,3834.22,69.0,33.9918,3.492
4931.91,1302.74,0.26414,54.3328,649335.8,77.5367,3182.44,23.0,41.0618,2.879
13217.9,4146.98,0.31373,162.022,1833258.4,212.905,4753.46,121.0,28.7829,4.863
5721.11,1601.41,0.27991,60.714,721438.8,86.5063,3092.84,20.0,39.4192,2.144
15879.1,5471.02,0.34454,186.819,2199521.0,246.131,5744.84,94.0,27.2384,4.989
6268.5,1883.79,0.30051,65.8747,901613.3,77.687,3096.19,9.0,38.0999,2.184
14027.5,4973.04,0.35452,158.359,1966758.5,216.96,5042.3,82.0,27.1969,5.416
12270.6,3279.09,0.26723,156.528,1688912.1,191.075,4074.44,59.0,30.6616,2.097
16067.0,4645.74,0.28914,122.849,2285423.0,195.427,5417.24,135.0,27.0916,14.607
8523.55,2360.56,0.27694,81.0444,1214268.8,116.36,3852.32,40.0,34.7436,2.478
5094.78,1222.55,0.23996,46.392,720757.5,56.7321,2394.77,14.0,41.8792,2.359
12073.1,2169.97,0.17973,150.493,1645405.6,191.715,4858.16,140.0,29.804,0.632
8953.09,2870.46,0.32061,69.1079,1282430.6,106.493,3844.57,21.0,35.6258,7.244
10690.7,4134.43,0.38673,96.744,1480049.4,177.797,4706.28,98.0,29.4883,17.111
6440.3,1770.72,0.27494,69.6208,886434.4,90.464,3205.57,19.0,38.3801,7.792
6560.64,2524.54,0.3848,57.2752,941983.5,106.325,2547.3,82.0,41.2518,10.511
7195.94,2362.98,0.32837,49.9918,973107.1,110.56,2644.08,29.0,39.7815,10.537
16720.4,3345.16,0.20006,205.029,2400036.8,256.846,5379.64,278.0,21.8332,11.759
7752.37,2586.2,0.3336,99.3444,1064415.8,151.646,3204.15,14.0,36.6224,1.826
10526.1,3274.87,0.31111,111.288,1500510.2,126.05,3873.95,54.0,34.6394,1.748
9385.57,4629.98,0.4933,90.0091,1149965.2,178.752,2484.52,98.0,39.5198,15.706
16280.4,5567.21,0.34195,233.393,2215757.0,256.512,63374.92,221.0,22.7352,1.888
15251.7,3859.36,0.25304,183.233,2152789.2,218.191,5698.6,66.0,23.0226,1.252
10479.6,3858.02,0.36814,132.7,1394159.2,175.109,4094.58,57.0,33.2378,2.212
8640.57,2639.59,0.30548,92.4702,1178460.1,108.651,3710.72,49.0,35.2012,2.684
8235.05,3333.4,0.40478,81.4112,1170390.8,141.159,2913.4,87.0,34.2723,18.978
8056.74,3530.28,0.43817,59.0621,1153719.5,121.314,2913.26,71.0,38.42,12.257
14711.1,3944.52,0.26813,184.434,1919339.6,250.257,6208.33,73.0,21.9022,2.578
6731.83,1825.76,0.27121,67.5617,946446.9,87.0127,3578.38,35.0,38.0571,1.869
9384.2,2657.88,0.28322,100.582,1250579.4,141.951,3710.78,17.0,35.6665,1.806
8092.24,2370.19,0.29289,73.8882,1095912.6,102.863,4354.25,83.0,32.9618,17.269
7862.9,2067.17,0.2629,86.0751,1111874.0,104.871,3920.36,41.0,35.3926,2.745
3857.83,1188.91,0.30818,35.029,525662.4,49.9562,1378.56,17.0,44.408,1.957
9966.57,4291.59,0.43059,108.96,1348245.0,148.795,4328.81,106.0,33.866,17.803
4120.21,1261.87,0.30626,36.6838,560827.6,50.3053,1412.32,19.0,44.2725,1.701
4103.07,1604.7,0.39109,37.027,555002.7,57.8253,1355.76,26.0,44.5515,10.231
12828.6,3891.42,0.30333,111.35,1797764.4,169.01,5120.43,115.0,33.4027,20.281
6167.5,1505.97,0.24417,70.459,873789.44,71.6531,2844.07,76.0,39.6974,7.305
9298.85,2226.94,0.23948,74.1269,1246762.9,110.771,3527.35,58.0,36.7706,16.401
10999.6,3806.43,0.34605,95.4094,1565958.4,144.996,4332.9,94.0,33.0612,7.596
13557.4,3663.86,0.27024,195.758,1851920.2,204.438,4619.22,184.0,29.1554,2.019
8443.37,2173.45,0.25741,88.7884,1172753.0,100.526,3966.5,46.0,36.3252,2.553
15246.0,5795.58,0.38013,168.389,2155201.8,248.095,6737.75,54.0,21.7453,19.327
8367.68,2343.99,0.28012,95.5443,1144847.1,132.359,3383.41,129.0,30.2145,19.355
7439.43,2386.5,0.32079,57.0168,1043620.2,99.7202,2707.65,11.0,38.7219,10.803
7957.3,1746.4,0.21947,96.3938,1073853.4,122.734,3370.01,10.0,37.4955,1.224
7350.87,2060.62,0.28032,64.0571,1008813.4,96.9057,3246.97,38.0,37.4045,7.7
6248.14,1804.95,0.28887,51.9257,881426.25,91.1508,3142.35,3.0,39.2402,6.846
6887.52,1584.11,0.22999,61.6368,914473.2,91.9954,3374.87,59.0,38.7365,4.634
12285.3,4820.42,0.39237,96.9148,1657503.2,189.865,4550.57,127.0,30.5536,9.708
5784.41,1871.81,0.32359,53.9921,803851.44,73.0605,2715.72,37.0,40.6696,10.21
6975.65,2259.11,0.32385,59.2977,941403.8,100.121,3182.32,15.0,40.4522,2.089
7850.18,3349.31,0.42665,64.6244,1089805.2,107.281,2530.62,72.0,39.6912,11.549
11031.1,2469.78,0.22389,92.391,1514641.6,127.275,4028.69,132.0,33.8074,7.051
6885.67,2718.53,0.3948,68.4253,958167.4,115.654,3137.13,53.0,37.2785,13.784
8545.8,2054.33,0.24039,81.678,1221588.4,110.51,3832.47,21.0,34.8139,3.337
14480.7,5095.29,0.35186,183.721,2019535.6,240.211,5060.94,223.0,29.2621,6.897
7056.6,2481.37,0.35163,89.0307,970564.5,109.923,3449.32,37.0,38.5515,11.88
8718.04,3303.73,0.37895,76.271,1184142.9,106.495,3244.19,10.0,36.9538,7.05
7451.25,2392.44,0.32107,76.8658,1030008.56,101.363,3779.32,29.0,46.5464,1.645
13832.8,3786.97,0.27376,168.182,1900288.9,221.147,4881.33,121.0,27.6339,4.784
9462.94,2141.02,0.22625,111.627,1279553.1,146.12,4079.58,38.0,34.1076,1.886
8262.32,4085.51,0.49447,79.6946,1137209.4,151.677,3702.92,77.0,34.6961,16.674
12124.4,2490.09,0.20537,149.022,1689278.4,175.783,4647.98,144.0,29.7537,1.662
4294.76,1089.06,0.25357,30.5383,589138.06,50.311,1995.72,39.0,44.5876,6.248
6697.73,1932.53,0.28853,68.8839,899199.25,91.9285,2996.36,20.0,39.0616,1.92
16665.8,5336.43,0.3202,180.738,2256258.0,272.444,5398.5,131.0,24.7274,11.799
7844.85,2656.16,0.33858,67.4411,1070774.4,115.307,4952.8,77.0,39.1349,19.24
16282.9,4868.13,0.29897,193.809,2144832.8,249.664,5818.44,242.0,22.7612,2.696
4840.05,1287.27,0.26596,45.4941,675169.06,59.8435,1895.15,19.0,43.3242,1.865
9107.13,2230.48,0.24491,106.741,1282096.8,151.981,3834.58,11.0,34.28,0.528
7756.96,2198.71,0.28344,96.9383,1051989.9,121.986,3911.21,37.0,35.8698,4.14
9218.22,2317.11,0.25136,106.185,1298001.4,153.812,3813.83,15.0,34.1198,0.514
6027.17,2077.1,0.34462,49.7271,822335.6,107.629,2408.89,67.0,41.2029,13.111
6815.8,2207.9,0.32393,65.1522,894726.7,95.9289,3574.01,67.0,38.1176,4.329
13916.8,4299.09,0.30891,167.192,1925766.4,210.863,5206.52,194.0,27.3219,1.223
6871.52,1901.41,0.2767,74.8275,930000.75,99.5236,3446.66,75.0,37.8556,1.53
6329.34,1878.43,0.29678,57.1466,826212.94,89.7215,2939.27,17.0,33.8314,15.696
8478.75,3854.14,0.45456,96.8281,1210391.8,135.913,3175.67,67.0,36.7192,15.239
8107.62,2716.71,0.33508,97.9508,1056538.5,141.371,3637.35,79.0,36.6864,16.104
22977.4,5835.85,0.25398,319.831,3147673.8,413.629,6239.57,157.0,19.8319,0.935
12610.3,4798.97,0.38055,87.8464,1701532.9,173.233,4496.65,127.0,31.1469,7.457
3977.33,601.21,0.15115,38.8976,529401.8,59.5183,2497.19,12.0,43.8164,2.092
6432.51,2083.64,0.32392,67.0729,902829.25,104.734,3175.09,71.0,35.2779,15.364
6312.74,1744.54,0.27635,60.8378,857991.1,76.564,3134.71,28.0,39.3272,12.26
7094.5,2216.27,0.31239,62.3642,983181.6,100.34,3784.61,61.0,36.0135,15.227
8468.77,2376.81,0.28065,84.6998,1195494.2,115.021,3930.11,72.0,34.5073,4.057
3902.63,1255.72,0.32176,34.8059,531358.2,50.8454,1385.8,32.0,44.4664,11.294
23325.6,5501.81,0.23587,312.235,3217332.5,404.098,6222.82,162.0,19.8393,0.967
4219.25,800.23,0.18966,39.7881,555274.9,60.4688,2563.76,12.0,43.385,2.093
9903.12,3023.8,0.30533,94.8281,1397414.9,134.63,4168.71,94.0,33.38,3.294
17450.9,5912.84,0.33882,166.966,2504539.5,231.962,13053.66,143.0,31.302,11.312
6523.29,1926.9,0.29538,70.3006,891195.94,85.0137,2969.25,113.0,38.6207,15.327
6711.11,2265.5,0.33757,56.2735,951690.75,88.5029,4562.91,23.0,39.3656,10.664
9682.23,2732.67,0.28223,100.11,1349603.1,122.536,3511.93,27.0,36.6575,3.779
12389.6,4423.16,0.357,118.82,1755391.4,165.923,4060.35,63.0,33.4649,3.06
13347.9,4955.03,0.37122,115.958,1875037.1,191.821,4927.07,82.0,30.4747,2.736
12132.9,3142.22,0.25898,164.35,1707285.5,195.551,4637.04,101.0,29.6683,2.613
14344.6,4352.31,0.30341,172.999,1949967.9,253.516,4826.41,31.0,28.2962,2.63
5870.84,1718.64,0.29274,65.8351,833418.9,78.6727,3083.68,16.0,38.9551,2.088
10418.7,2732.69,0.26228,125.27,1471767.6,159.508,4326.92,50.0,32.2629,2.405
14532.5,4530.81,0.31177,166.701,2018105.9,223.738,5225.13,190.0,25.4144,1.563
7020.81,2044.64,0.29122,61.5261,976360.25,91.7073,3641.21,85.0,37.5088,3.413
5611.15,1874.09,0.33399,48.955,789327.9,78.4973,2443.05,97.0,41.2159,14.717
5381.42,979.55,0.18202,46.7311,769630.0,64.4839,2866.32,56.0,40.0286,1.097
9909.97,3079.86,0.31078,75.1878,1391018.6,122.701,4020.98,38.0,32.4077,16.969
7490.77,1791.98,0.23922,84.4863,1040514.06,106.137,3838.71,24.0,36.1715,1.548
9317.83,2208.87,0.23705,116.264,1289677.8,129.678,4312.45,53.0,33.5657,2.254
8602.72,1931.01,0.22446,80.2078,1214299.0,102.165,4595.93,27.0,33.4028,2.286
14822.9,5415.18,0.36532,127.543,2126149.0,192.514,5575.37,131.0,25.06,17.336
10039.9,3579.42,0.35651,93.3141,1428993.8,140.052,4078.47,97.0,33.4436,15.175
6811.8,2080.36,0.3054,63.2849,943047.7,93.3003,3076.3,50.0,38.0251,2.822
7696.28,2351.97,0.30559,69.8293,1041129.2,100.905,3341.89,65.0,37.3076,4.05
11746.3,3238.96,0.27574,156.928,1669421.9,170.174,4681.44,27.0,29.2124,1.59
7197.14,1759.66,0.24449,68.9674,1004491.6,98.7378,3388.73,15.0,36.994,9.129
15063.8,4702.22,0.31215,184.701,1956701.6,227.335,4325.27,92.0,30.4951,3.005
10400.1,3725.11,0.35818,95.8322,1480880.5,158.895,4188.84,86.0,37.0073,11.958
6149.15,1717.1,0.27924,65.4417,776755.56,92.3553,3095.39,20.0,39.3932,2.202
6890.07,2348.78,0.34089,50.9464,945332.2,95.3726,3958.29,38.0,37.0394,9.535
12349.8,3437.51,0.27834,110.173,1773938.6,136.922,4907.9,79.0,30.1019,15.403
6379.37,1686.1,0.2643,64.1841,800594.94,91.5291,2892.3,27.0,39.2411,5.865
8251.51,2456.66,0.29772,88.9807,1122862.5,124.526,3239.19,83.0,38.6041,1.757
12955.2,3656.75,0.28226,159.0,1800465.1,223.011,4534.27,128.0,28.3893,4.494
5969.58,1951.79,0.32695,59.2158,826612.7,89.8871,2691.28,44.0,40.6483,1.888
6853.02,1828.26,0.26678,68.4181,928620.5,91.003,2994.8,22.0,39.1024,2.147
7428.14,2991.76,0.40276,91.8868,949869.56,157.025,3928.63,62.0,35.4083,17.527
3959.58,1094.65,0.27645,35.9046,563412.9,48.1458,1806.24,11.0,43.7457,1.975
14619.6,5357.49,0.36645,104.296,2042920.1,198.075,5843.54,115.0,27.2015,19.097
7316.84,2190.64,0.29939,72.5696,1018105.56,106.709,3142.83,37.0,37.4982,9.662
5655.12,1705.73,0.30162,58.7566,814859.06,83.5126,2652.96,41.0,41.7423,1.873
5054.67,971.82,0.19226,46.7609,725071.6,61.5022,2208.43,80.0,42.8253,0.83
5700.06,1974.83,0.34645,44.5594,808251.9,72.7442,3047.95,78.0,41.4274,13.597
5639.29,1441.73,0.25565,55.966,809317.1,78.7918,2836.41,3.0,40.277,11.738
10228.0,4481.87,0.43819,103.123,1462361.8,153.143,3652.89,67.0,36.3941,17.236
6324.82,1216.08,0.19227,51.9514,878591.56,65.7821,2744.15,34.0,40.536,4.486
9955.66,4001.14,0.40189,95.1328,1423898.1,139.9,3734.38,48.0,33.6705,7.589
8605.17,2999.64,0.34858,82.2862,1164900.0,128.488,3848.09,65.0,34.9929,7.643
9683.55,2509.91,0.25919,58.4381,1373475.5,108.08,4519.59,75.0,35.182,17.968
14529.5,4380.31,0.30147,207.832,1893013.9,235.454,5829.48,242.0,21.9713,2.676
20649.9,6634.52,0.32128,266.334,2855442.8,326.847,5749.5,81.0,23.1283,3.286
7596.63,1702.19,0.22407,73.7609,1065037.1,88.5998,3240.61,34.0,37.211,11.467
6468.79,1134.77,0.17542,51.5421,884616.75,73.8093,2836.35,27.0,40.2503,12.151
10837.8,3494.29,0.32241,101.816,1488703.5,161.031,4058.34,26.0,35.1801,6.734
16195.9,4198.3,0.25921,136.141,2259121.5,186.012,5140.7,99.0,27.525,18.941
9898.19,3175.4,0.3208,101.1,1385253.4,149.552,4019.06,17.0,34.1707,5.504
8882.62,2082.61,0.23445,111.13,1241203.2,150.76,4252.75,50.0,33.1762,2.709
11150.4,4596.99,0.41227,69.0958,1548329.6,180.029,5194.84,32.0,29.4428,20.94
5315.15,2153.48,0.40515,34.1522,753080.4,71.6438,2578.79,36.0,43.7693,1.933
16458.1,4668.06,0.28363,240.16,2256740.8,270.259,4808.2,282.0,27.8838,4.46
14916.6,4422.99,0.29651,175.509,2058826.2,213.171,5456.47,74.0,22.983,6.096
7187.51,1830.3,0.25465,64.2745,1007879.06,88.7551,3617.63,34.0,37.6337,1.951
10757.8,3753.42,0.3489,105.674,1570037.6,148.587,4602.62,70.0,31.0338,2.423
8075.29,3374.16,0.41783,52.8517,1120041.9,138.951,3065.73,72.0,38.7229,16.201
7810.43,2179.48,0.27904,85.7421,1078711.4,111.256,3100.1,21.0,37.6818,0.597
13741.1,4891.31,0.35596,199.348,1869162.6,251.33,4544.38,32.0,28.4276,2.896
7557.03,1581.48,0.20927,67.395,1092002.8,94.3446,3014.12,14.0,38.1728,1.276
10047.3,2674.34,0.26617,104.272,1432626.1,150.868,4007.43,43.0,33.0649,2.072
9689.99,3743.19,0.38629,90.9791,1351318.4,132.441,4239.95,30.0,32.7371,10.837
5857.79,1369.91,0.23386,63.0103,836161.7,62.9602,3428.05,45.0,39.6094,12.537
9273.27,2588.57,0.27914,101.486,1274529.4,156.216,4131.69,73.0,32.6396,0.893
9056.68,2128.29,0.23499,78.9417,1290226.0,105.176,3985.16,12.0,34.2226,1.983
10223.0,4164.96,0.40741,91.9648,1436665.5,149.681,3908.11,7.0,35.7684,8.739
12677.8,3952.21,0.31174,157.705,1800198.0,232.143,4320.55,82.0,29.4948,1.651
9932.8,2224.9,0.22399,91.5414,1374046.8,121.169,4190.65,153.0,34.664,4.589
6571.88,1754.63,0.26699,47.4216,902400.44,88.7515,2501.11,47.0,41.0387,13.117
6510.08,1796.83,0.276,69.6736,869889.5,87.2361,2969.6,25.0,39.0507,2.023
6261.42,1744.77,0.27865,64.9256,822332.8,84.1224,2562.02,39.0,39.6228,3.149
8473.31,2468.53,0.29133,94.3906,1164434.1,145.26,3258.67,13.0,36.5107,1.493
9828.49,3075.74,0.31294,54.5028,1294922.4,151.843,3792.83,38.0,36.2582,15.266
3903.38,1081.63,0.2771,35.2828,554492.06,46.1822,1777.54,12.0,44.4779,1.859
18189.1,6376.63,0.35057,241.706,2494907.8,330.537,4968.62,120.0,26.3914,6.265
11432.1,4086.94,0.35749,111.566,1619886.5,150.467,4133.34,123.0,33.838,15.98
11418.2,3270.45,0.28642,89.3223,1575471.2,154.09,4842.38,53.0,30.4057,9.37
24976.3,8439.22,0.33788,269.402,3341535.2,351.309,6133.48,187.0,20.5357,19.608
7468.45,2969.19,0.39756,61.1775,1023734.56,103.132,3405.14,44.0,37.8663,14.968
6221.12,1912.4,0.3074,63.5604,869079.06,89.5261,3056.77,16.0,39.6491,11.363
7125.09,2594.11,0.36408,67.2321,1017269.7,108.135,3575.07,19.0,36.5118,17.952
5338.56,1661.26,0.31118,56.4982,713235.56,82.2583,2566.23,76.0,41.4209,13.647
12893.6,4923.97,0.38189,117.536,1785834.2,168.143,4729.68,100.0,32.5047,20.146
10518.9,2447.35,0.23266,105.922,1489808.0,144.482,4385.93,50.0,32.8821,1.203
11006.7,4284.22,0.38923,111.898,1484674.9,189.442,4579.31,107.0,30.4384,18.744
8299.66,2361.03,0.28447,96.79,1026705.3,146.105,3584.73,104.0,37.1367,17.079
10346.7,2648.97,0.25602,113.459,1449040.2,155.794,4319.94,62.0,33.2183,3.915
4714.74,1440.0,0.30542,39.0835,651195.7,60.8245,1810.38,34.0,44.3237,7.652
13928.1,4542.44,0.32613,164.76,1914652.0,216.371,4689.72,89.0,29.3309,8.677
7813.46,3254.01,0.41646,55.6028,1063344.5,124.799,4698.07,19.0,39.503,18.876
9882.54,3904.49,0.39508,103.975,1400717.1,123.497,3533.16,25.0,35.1622,12.158
6283.72,1527.51,0.24309,42.3513,905190.1,83.0512,2338.6,70.0,41.8568,10.622
15257.3,4464.93,0.29264,187.898,2114303.8,237.414,5298.07,151.0,19.9685,2.371
8232.05,3583.12,0.43526,69.4961,1146027.6,131.642,3347.86,22.0,33.9115,14.691
12496.7,4644.2,0.37163,133.512,1699377.1,196.261,4468.14,129.0,31.654,6.319
8961.33,2501.06,0.27909,82.2672,1264107.6,119.807,3920.0,73.0,34.2737,4.099
6854.48,1066.98,0.15566,73.3778,932232.56,87.1999,3226.19,39.0,36.3259,8.63
12773.2,4140.53,0.32415,147.23,1807134.8,200.99,4989.12,53.0,28.5962,2.62
9879.47,2985.4,0.30218,121.256,1314476.2,164.607,3961.08,38.0,33.5394,1.667
5892.27,1768.67,0.30016,53.102,839123.6,81.1437,2501.07,72.0,41.6155,2.51
5968.3,998.24,0.16725,66.3795,809309.9,78.5641,3211.34,44.0,38.3765,4.162
13272.4,3641.69,0.27438,170.86,1862249.2,216.044,4322.35,65.0,28.6395,1.541
15495.3,4533.59,0.29257,177.163,2137955.8,209.359,5141.7,203.0,29.7354,1.897
4464.92,901.07,0.20181,38.9785,588519.7,64.2533,2603.34,10.0,43.1636,2.321
7016.25,1659.25,0.23648,55.2909,904349.1,84.4646,3172.79,64.0,38.8647,15.571
4133.69,1463.66,0.35408,34.4814,567163.9,53.9353,1349.84,21.0,44.5936,2.055
10373.4,4478.84,0.43176,109.638,1411400.5,167.857,4807.3,70.0,31.3835,19.716
9475.8,2280.04,0.24061,83.8358,1335302.6,119.299,4759.19,42.0,32.6488,4.886
14966.1,5058.83,0.33801,160.713,2129492.0,207.113,5914.13,70.0,24.6913,2.515
13989.2,4278.01,0.3058,153.752,1914843.6,208.278,5631.61,10.0,33.2055,5.337
10717.3,2467.85,0.23026,92.0428,1472946.5,122.623,4511.13,53.0,31.9318,15.548
9006.17,2549.95,0.28313,107.622,1233082.6,155.787,4076.61,81.0,33.2684,0.945
7374.56,2753.16,0.37333,63.7271,1071963.1,100.614,3216.99,30.0,38.8882,1.556
14170.9,4176.17,0.2947,172.15,1960211.1,211.025,4780.85,78.0,46.5464,0.0
11009.8,3192.33,0.28995,92.3027,1535794.2,127.004,5945.72,113.0,30.7529,6.999
14491.7,4784.58,0.33016,192.793,1936062.8,264.612,5142.11,199.0,25.7556,3.735
5720.59,1996.12,0.34893,53.9878,779791.7,84.0666,2533.2,71.0,40.9424,14.049
12141.0,3432.29,0.2827,165.42,1688461.0,206.76,4832.05,50.0,28.4033,2.599
7794.58,1948.17,0.24993,68.1856,1093105.5,87.4266,3927.05,31.0,38.114,6.157
9230.96,2048.13,0.22187,82.3073,1309256.8,113.098,4033.4,67.0,33.189,14.996
8662.84,2255.05,0.26031,100.055,1229369.6,124.655,4013.22,163.0,32.9803,1.262
7120.9,2022.86,0.28407,62.238,971155.8,89.6933,2585.27,13.0,40.3969,13.871
12078.4,3896.37,0.32258,125.008,1728136.6,170.327,4819.62,51.0,46.5464,18.437
9727.71,2728.95,0.28053,106.127,1379853.4,150.525,3918.45,40.0,33.4137,2.101
7198.82,2425.41,0.33691,66.2276,963023.5,126.338,3648.12,64.0,34.4233,5.031
6208.36,2297.99,0.37014,64.8188,817469.6,99.0926,3191.84,73.0,39.3844,15.419
18752.2,8206.79,0.43764,193.315,2497173.2,319.953,5941.31,119.0,26.591,20.096
15180.8,5593.7,0.36847,198.963,2084309.0,265.037,4668.2,68.0,26.6125,2.743
9106.32,2431.99,0.26706,80.2414,1294346.5,118.399,4019.04,76.0,34.2452,3.6
9566.96,3156.71,0.32995,73.2603,1337046.8,133.41,4214.58,18.0,33.2786,10.356
15434.6,4890.98,0.31688,233.309,2115358.5,262.352,5373.24,130.0,24.1897,2.188
5557.55,1537.48,0.27664,50.9821,768469.3,72.2663,2575.9,23.0,41.5731,2.86
16593.3,6577.84,0.39641,174.823,2325993.5,283.337,5781.82,125.0,30.0923,10.194
6584.69,1725.94,0.26211,67.1882,891684.75,93.546,3071.17,34.0,37.2926,4.106
7279.28,2332.51,0.32043,59.2244,1030338.56,106.732,3227.5,45.0,39.0547,16.948
22994.3,7463.79,0.32459,306.151,3198390.0,399.084,6279.28,98.0,17.7673,3.62
7486.64,1899.37,0.2537,61.2478,1029286.94,105.563,3690.01,25.0,37.1386,1.13
11909.6,2275.96,0.1911,147.011,1677592.6,170.447,4657.26,156.0,29.6451,1.528
10815.3,4506.04,0.41663,106.211,1419723.8,176.561,4322.83,122.0,33.2467,15.103
20540.6,5670.59,0.27606,288.64,2784818.0,318.434,6543.17,284.0,18.6064,1.819
9913.49,3450.72,0.34808,105.599,1383443.2,136.867,3649.17,16.0,35.2828,2.924
11218.8,3677.96,0.32783,129.682,1568925.6,177.007,4189.04,47.0,30.7634,2.1
5113.72,1678.49,0.32823,49.8877,718628.8,64.7326,2205.41,34.0,42.9725,2.473
11356.4,2881.65,0.25374,122.202,1585304.1,171.127,4951.82,79.0,29.7972,3.142
17838.7,5713.17,0.32026,218.1,2472412.0,337.304,4970.39,96.0,26.1402,5.307
16458.0,6258.98,0.3803,176.143,2273623.5,274.004,5439.83,119.0,24.0306,9.121
9266.47,2567.34,0.27705,63.8848,1263124.6,127.184,3583.71,31.0,33.7687,3.567
6849.34,2255.8,0.32934,79.6875,923840.06,112.646,3197.78,70.0,37.6357,16.789
6995.37,1630.24,0.23304,62.6528,1011333.6,84.4271,2859.4,64.0,40.1537,19.591
8708.47,2450.95,0.28144,84.0206,1231833.1,124.938,4168.02,77.0,34.3843,5.23
5496.81,1997.15,0.36332,49.116,758126.44,76.3997,2402.51,12.0,42.8204,5.267
10186.5,3273.89,0.32139,65.8558,1418614.5,150.758,4136.31,50.0,33.9735,16.222
5531.15,1288.4,0.23293,68.022,764220.3,76.576,2775.22,73.0,36.1058,14.0
8004.3,2297.03,0.28697,67.9554,1098154.1,117.257,4058.18,29.0,36.1957,2.619
6861.56,1554.22,0.22651,66.8182,962651.8,86.2108,3562.64,33.0,38.0978,2.162
16245.5,5673.22,0.34921,183.095,2284420.5,272.208,5570.31,158.0,23.8033,2.572
6796.23,2274.3,0.33464,42.141,944709.6,100.588,3562.52,59.0,37.7465,17.445
10858.8,3688.63,0.33969,74.1353,1502109.1,149.184,3693.02,44.0,34.3955,4.331
7696.18,2667.01,0.34653,69.9726,1063564.9,105.538,3205.2,15.0,35.5074,2.637
5974.58,1659.11,0.27769,55.6347,845340.7,95.4107,2901.52,65.0,40.0188,14.472
20451.4,6664.05,0.32584,248.504,2841066.2,325.792,5508.93,68.0,23.5268,3.883
4726.17,1078.0,0.22809,45.9815,606204.06,65.2816,1936.01,26.0,42.5184,11.264
7982.74,2585.33,0.32386,65.6455,1112823.8,119.323,3900.48,55.0,35.2787,12.863
10906.0,3116.29,0.28574,132.218,1554940.5,160.887,4400.05,37.0,27.5642,3.045
8123.23,1614.48,0.19874,75.8759,1143100.5,105.907,3785.26,17.0,34.1959,1.76
21595.4,7608.01,0.35229,159.779,3023677.5,347.596,10452.11,74.0,25.9693,19.109
7697.02,3227.66,0.41933,71.3394,1080350.0,126.961,3043.09,49.0,38.2367,14.323
16330.4,5192.65,0.31797,230.721,2229395.2,266.2,5441.2,145.0,24.1039,1.777
4916.09,1947.46,0.39614,24.4892,672231.7,73.451,1940.98,23.0,44.5586,7.754
10618.6,2645.56,0.24914,110.045,1497334.4,120.917,4986.65,164.0,29.6644,16.765
5688.54,1999.65,0.35152,50.5134,810568.1,73.003,2358.97,25.0,41.8974,3.689
9494.34,3502.1,0.36886,92.9303,1275517.6,143.104,3368.11,84.0,38.0647,2.069
5125.33,1193.1,0.23278,46.0224,720113.25,64.0552,2682.57,13.0,41.8817,3.518
5285.02,1741.93,0.32959,42.3724,733610.44,66.8685,2883.56,51.0,37.7907,3.526
7282.67,2592.63,0.35599,62.7569,970041.1,112.727,2629.37,56.0,39.375,10.651
5177.61,1065.36,0.20576,42.419,747105.2,61.831,2193.49,79.0,42.8673,0.649
13322.1,4322.83,0.32448,147.258,1885529.4,198.598,5110.86,72.0,28.6919,16.087
3349.89,1030.51,0.30762,24.3875,457690.34,33.5225,1394.71,1.0,45.4079,2.71
12664.7,3850.37,0.30402,142.444,1704121.2,187.58,4697.77,66.0,30.79,5.047
9165.28,2989.02,0.32612,73.776,1301429.5,113.868,3467.52,35.0,32.1048,14.727
6654.21,1610.42,0.24201,58.9054,924647.4,85.5132,2773.4,25.0,40.4137,1.933
14085.0,4156.19,0.29507,152.358,2021057.1,223.598,5120.93,104.0,21.3038,13.005
4953.2,1291.85,0.26081,43.8166,692823.7,60.5558,1874.05,14.0,43.9287,5.697
6706.84,1598.33,0.23831,74.7177,915347.1,92.2126,3528.97,37.0,36.1639,6.306
15275.0,5097.74,0.33373,194.064,2008800.9,225.168,4319.89,107.0,30.5253,2.776
7037.81,1994.83,0.28344,71.1166,964283.25,103.381,3700.13,18.0,36.8887,1.668
7121.7,3047.5,0.42791,70.3893,994639.25,107.331,3264.96,34.0,37.8698,12.812
9198.91,3472.6,0.3775,65.0513,1257978.9,127.02,4244.07,64.0,38.3474,14.706
8315.85,2897.91,0.34848,65.5546,1152381.0,113.374,3367.2,67.0,38.3444,18.254
7874.97,2185.62,0.27754,65.4857,1096212.9,100.656,3611.65,52.0,37.757,3.662
9653.71,2900.12,0.30041,90.7985,1346869.0,149.82,3882.45,37.0,35.5797,3.709
10220.5,3624.78,0.35465,76.1101,1464790.9,138.205,4217.99,23.0,33.241,13.785
10157.8,4877.88,0.48021,88.3753,1443139.1,156.522,4120.75,64.0,34.9879,17.031
18645.4,7207.48,0.38655,186.051,2589872.8,311.847,6411.68,211.0,25.5298,11.125
15102.3,3636.08,0.24076,183.677,2112333.8,222.489,4724.02,45.0,28.519,1.528
6926.3,2033.94,0.29365,69.2471,956051.2,99.5273,3180.47,37.0,34.9845,16.083
6522.62,1479.04,0.22675,66.6641,884363.4,85.3347,3727.7,64.0,34.5376,3.839
14169.2,4766.36,0.33638,180.713,1936836.0,254.838,4413.36,26.0,30.12,3.283
7325.5,2620.39,0.3577,91.549,1027716.44,120.423,3352.58,80.0,35.0596,16.454
11403.3,2977.92,0.26114,133.395,1596356.0,172.604,4683.47,176.0,28.7547,0.736
4187.48,1603.22,0.38286,35.688,562494.2,57.444,1418.18,31.0,44.6032,12.334
6832.47,2276.04,0.33312,66.1018,917296.1,94.2508,3086.02,20.0,40.3277,1.834
16856.3,3965.17,0.23523,221.78,2378759.2,267.501,5656.21,95.0,23.1505,1.44
9814.74,3432.41,0.34971,81.746,1365265.8,158.665,4057.64,104.0,32.7927,18.763
9404.36,2398.83,0.25507,102.3,1329943.8,156.45,3820.67,15.0,34.1145,0.606
8612.78,1676.48,0.19465,78.2819,1217510.9,103.503,3816.8,12.0,34.0488,1.989
23153.0,5967.29,0.25773,341.409,3165521.2,399.553,6236.79,142.0,19.7199,1.063
8065.48,2613.52,0.32403,71.4909,1112269.1,127.246,3357.55,77.0,37.6909,14.263
9901.03,3105.75,0.31367,115.515,1359195.1,166.94,4276.72,76.0,31.8062,1.159
8011.86,3140.34,0.39196,50.4884,1121022.9,127.916,3760.65,76.0,38.0516,14.916
10759.3,3750.92,0.34862,100.542,1505209.0,145.188,3974.67,13.0,33.9315,4.137
6936.41,1631.22,0.23516,65.4142,916151.9,86.1039,3454.32,23.0,37.7764,14.561
15904.8,4246.72,0.267,152.844,2187130.5,191.631,5695.9,138.0,29.7235,16.819
20127.4,6730.37,0.33438,251.476,2787696.0,315.178,5518.83,83.0,23.224,4.324
8199.76,2464.07,0.3005,91.9336,1166546.8,96.4442,3532.7,26.0,36.7879,14.734
12106.1,2301.42,0.1901,150.596,1698562.2,173.415,4592.77,156.0,30.2297,15.954
11931.0,5176.16,0.43384,129.171,1708560.2,194.83,4751.66,119.0,25.0448,18.043
8533.04,1835.54,0.2151,74.2112,1226891.8,109.81,4064.29,103.0,34.7205,1.043
9933.9,3502.49,0.35257,88.523,1410788.0,135.931,3733.0,65.0,34.546,5.603
6597.88,2228.39,0.33774,68.3897,929143.3,103.142,3118.56,72.0,38.415,14.736
9689.97,2858.82,0.29502,79.3536,1393357.5,133.789,4595.73,98.0,32.2589,1.606
13304.2,3394.75,0.25516,139.601,1805756.2,162.525,4009.98,211.0,32.1805,2.738
10898.3,2853.04,0.26178,140.206,1482898.6,177.024,4406.22,49.0,28.6494,2.466
5699.74,1676.58,0.29415,50.1787,782500.1,88.8981,2525.22,69.0,41.0939,12.23
7049.52,2253.28,0.31963,64.4991,1015911.8,86.0742,4716.83,37.0,37.1625,12.492
12693.8,2495.8,0.19661,148.094,1726338.5,198.31,4861.61,138.0,29.7936,0.567
6059.19,1554.53,0.25655,40.2567,838095.9,103.949,3174.95,26.0,41.5078,12.342
9501.27,2682.04,0.28228,99.4986,1297886.0,160.406,4141.77,75.0,33.2323,0.597
16664.1,5471.57,0.32834,183.79,2316830.0,276.935,5602.01,105.0,23.6578,7.258
12196.9,3367.16,0.27606,146.441,1740411.4,178.909,4730.62,27.0,29.057,1.569
10044.8,2644.27,0.26324,120.22,1378685.4,168.233,4604.79,75.0,30.1701,1.755
5507.37,2218.17,0.40276,53.9507,764456.8,89.952,2753.6,23.0,40.0445,8.192
9218.55,3334.96,0.36176,76.0205,1258537.1,132.03,3903.68,96.0,34.7368,8.958
7273.99,2089.46,0.28725,76.8216,991969.1,97.9583,3422.2,25.0,34.9797,15.065
10351.1,3576.6,0.34552,127.324,1371835.0,172.442,4020.58,38.0,34.0505,2.617
8814.81,2026.77,0.22992,99.4382,1235709.4,125.751,3834.17,40.0,35.1574,3.004
7615.82,2236.89,0.29371,90.7248,1034345.25,102.847,3588.02,31.0,37.4394,19.444
6067.15,2178.88,0.35912,55.7902,871203.4,91.9391,3190.62,24.0,34.5504,12.857
8582.61,2140.11,0.24935,96.0488,1165650.2,97.7347,4002.35,14.0,36.7452,6.974
13642.1,5362.28,0.39306,112.066,1871277.0,214.844,5694.52,123.0,33.3783,18.509
8917.51,2301.04,0.25803,98.6169,1258363.2,137.242,3774.67,41.0,35.1959,3.573
18804.7,6415.47,0.34116,151.852,2592113.8,267.736,6848.97,134.0,30.0104,18.042
9689.57,2854.17,0.29456,89.9583,1319383.1,131.434,3814.65,39.0,35.3105,2.083
6342.67,2302.07,0.36294,63.4534,860639.44,105.763,2627.06,86.0,39.6559,16.508
8623.68,2772.43,0.32149,67.9269,1241670.9,107.023,3067.79,52.0,37.9949,14.453
7902.06,2891.07,0.36586,76.3454,1113944.9,103.58,3984.8,37.0,36.0185,16.001
8830.28,2042.96,0.23135,80.5074,1254184.2,106.496,4710.27,28.0,33.0264,2.155
6451.2,1620.4,0.25117,60.6792,839063.25,87.7944,2665.08,38.0,39.4945,3.272
5502.61,1691.99,0.30748,46.6235,772128.8,78.1621,2748.24,9.0,41.0257,10.344
7589.84,1731.43,0.22812,68.324,972286.44,110.921,3361.79,64.0,37.4289,10.909
5354.11,1284.78,0.23996,48.7436,744233.5,65.1522,2085.54,2.0,42.0073,4.722
9527.44,2701.63,0.28356,86.3003,1334756.1,133.168,3815.96,1.0,34.5706,2.332
8598.06,2864.0,0.33309,83.5757,1159418.9,122.568,4116.0,14.0,34.5038,18.39
9678.74,2489.14,0.25717,104.375,1379704.6,141.725,3945.02,40.0,33.4104,1.634
11023.2,3705.73,0.33617,103.285,1588546.2,158.627,4651.99,92.0,31.0277,15.726
13003.9,4249.25,0.32676,159.427,1799649.5,214.022,4751.23,120.0,28.9162,5.414
13059.6,4493.59,0.34408,132.174,1747064.2,200.11,4491.14,46.0,33.4415,4.028
8076.2,1856.49,0.22987,64.0977,1171289.2,80.8032,2863.54,50.0,39.3534,14.225
10517.7,3214.53,0.30563,133.437,1435270.6,153.437,4858.95,68.0,46.5464,2.929
13487.5,3917.88,0.29048,157.844,1895714.0,205.053,4759.23,75.0,28.7473,4.906
8704.7,2138.97,0.24572,101.38,1231371.2,123.803,3794.87,50.0,35.1406,2.81
7086.14,1844.12,0.26024,64.4688,976206.1,88.747,3081.06,52.0,39.5006,2.144
7841.37,3281.77,0.41851,59.1789,1000843.6,142.992,3134.92,11.0,39.1875,14.436
9259.99,2868.42,0.30976,61.0446,1259817.9,136.72,3990.59,25.0,34.0279,4.799
13073.6,4044.47,0.30936,125.146,1790687.6,183.659,4269.39,22.0,30.7318,15.783
6773.45,1472.76,0.21743,78.5853,934142.56,79.6301,2982.35,49.0,35.8219,15.745
7982.26,2321.97,0.29089,65.151,1055656.8,103.857,3526.12,102.0,37.1004,14.103
5387.38,1608.34,0.29853,46.0613,744619.4,71.6884,3006.16,19.0,40.6561,1.954
13622.9,4217.92,0.30961,156.952,1867376.9,203.938,5566.39,9.0,30.7335,5.964
6612.86,2245.81,0.33961,62.407,922140.94,98.9037,3822.42,73.0,36.0666,1.815
6708.41,1606.72,0.2395,56.0103,898398.5,90.5893,2587.95,42.0,40.3013,13.781
7411.11,2609.01,0.35204,65.6962,1057190.6,122.013,3373.68,23.0,34.8188,13.922
7985.35,3045.84,0.38142,77.3123,1096217.4,128.892,4019.56,33.0,35.2892,4.505
9716.22,3023.33,0.31116,91.749,1375928.6,108.498,4566.22,16.0,35.707,9.675
5003.0,1001.21,0.20012,43.7662,722756.25,60.8401,2183.61,80.0,42.8152,0.708
12980.8,3686.77,0.28401,145.493,1741813.8,185.347,4668.14,56.0,31.0325,2.224
7994.42,3034.07,0.37952,65.5708,1151267.6,105.08,2939.84,74.0,38.1828,7.33
17388.3,6156.86,0.35408,169.61,2427053.5,256.948,6038.33,144.0,25.1031,19.826
14509.9,3542.12,0.24411,201.585,2033918.6,253.918,4948.29,128.0,26.8349,3.094
10485.5,3100.89,0.29573,104.574,1455668.8,135.538,4647.66,30.0,32.5697,4.883
9536.63,3555.0,0.37277,105.086,1345347.4,136.918,3634.63,10.0,35.3592,2.324
15796.1,5063.9,0.32057,107.129,2263314.5,202.264,5528.54,112.0,25.9922,19.644
5249.64,802.53,0.15287,37.4719,724780.7,60.7488,2560.44,19.0,41.1411,13.079
10984.4,2979.44,0.27124,138.013,1527241.6,165.649,4695.91,173.0,28.5926,0.783
10229.7,3251.98,0.31789,114.107,1395237.8,156.559,4319.02,139.0,30.8572,19.681
10160.4,3253.14,0.32017,104.255,1328630.8,143.66,4236.83,79.0,34.0031,15.695
8202.64,3268.94,0.39852,92.0674,1112300.6,132.414,3767.27,75.0,34.1309,18.796
5895.48,1902.12,0.32264,69.9331,822618.94,84.0837,3034.16,35.0,40.2843,1.649
4824.81,884.89,0.1834,57.4146,653506.06,61.852,2880.38,44.0,41.0593,4.551
7483.69,2265.32,0.3027,98.6084,997779.75,114.909,3581.24,99.0,37.2676,18.09
14017.8,4861.38,0.3468,202.143,1822719.8,252.273,5204.82,74.0,26.3296,6.231
13516.4,3536.58,0.26165,194.874,1834439.0,213.576,4587.57,169.0,28.9805,1.81
6169.42,1622.13,0.26293,51.7001,891658.1,74.7577,2594.83,66.0,41.6212,3.401
7280.04,2447.93,0.33625,80.3126,1008362.6,96.9655,3725.43,35.0,36.51,1.739
6595.7,2131.36,0.32314,63.0716,885086.1,98.8601,2957.67,30.0,40.021,3.839
5333.57,1542.78,0.28925,36.9346,738770.9,65.0875,2165.36,22.0,43.1962,15.263
19348.7,7026.91,0.36317,233.113,2662520.0,299.79,5706.81,149.0,24.8587,2.047
10820.4,4619.85,0.42695,102.501,1518944.9,153.839,3781.07,39.0,35.6993,19.443
6130.98,1830.39,0.29854,43.6655,846573.25,95.8819,3415.2,29.0,38.8789,15.104
8442.28,1987.19,0.23538,101.935,1178626.4,116.561,4175.36,36.0,33.841,2.335
8271.9,3350.29,0.40502,90.0641,1142923.6,128.755,3548.27,116.0,35.9297,4.42
8989.66,2378.75,0.2646,100.723,1258738.4,131.348,3234.56,5.0,36.9044,0.543
8300.59,2163.17,0.2606,83.4337,1175298.5,112.56,3936.47,42.0,34.9708,2.724
8694.7,2688.75,0.30924,50.3108,1180860.2,115.648,4152.85,26.0,35.5675,14.114
5271.28,1547.62,0.29359,52.671,703561.56,69.0203,3288.6,22.0,41.4154,12.423
7755.92,1785.81,0.23025,66.3859,1122770.1,86.7005,2638.03,34.0,39.8837,9.389
6989.58,1744.97,0.24965,71.2851,945947.0,95.0947,3503.7,71.0,37.1612,3.104
6107.97,1997.4,0.32701,57.1924,886664.44,81.3354,2564.84,57.0,41.3737,4.912
5107.54,1598.66,0.31299,36.7897,712412.25,63.4087,2159.44,46.0,43.117,12.63
4803.32,1474.21,0.30691,36.457,668331.3,58.6457,1933.2,54.0,43.832,13.294
5820.6,1565.96,0.26903,48.1945,740984.7,87.097,2400.42,20.0,42.3831,4.689
5637.65,1781.42,0.31598,49.1208,786580.7,76.0651,2781.0,26.0,39.5895,13.931
10588.0,3777.42,0.35676,156.219,1470299.0,201.253,4650.81,59.0,30.6578,13.001
4604.96,1166.58,0.25333,39.5377,637128.6,57.3668,1940.73,12.0,43.3518,3.381
7640.91,2281.37,0.29857,68.3602,1051636.0,93.0843,3458.0,51.0,37.013,12.236
5130.32,1554.78,0.30305,56.2571,708557.06,66.9015,2543.91,33.0,41.8733,2.904
5680.8,1635.76,0.28794,47.9901,726141.8,77.8982,2269.36,26.0,42.7831,3.627
6777.58,2366.16,0.34911,60.8755,932674.8,103.96,3880.75,73.0,35.9365,1.142
5978.77,1481.77,0.24783,53.3597,862807.5,71.2707,2461.07,68.0,42.0132,2.985
7809.38,1963.92,0.25148,76.7971,1089437.8,131.768,3494.78,59.0,30.6954,13.865
10742.9,4231.83,0.39391,89.109,1521020.1,157.291,3924.15,51.0,36.0323,13.689
12735.9,3319.34,0.26062,152.872,1707269.4,222.347,5069.1,202.0,26.5026,18.779
12850.3,4470.54,0.34789,166.538,1783555.4,217.728,4805.48,121.0,28.4933,3.608
15978.5,5845.3,0.36582,184.815,2135930.2,311.694,6228.65,115.0,21.7554,19.489
10636.5,3902.66,0.36691,92.1203,1508596.1,138.065,3794.63,4.0,36.0686,6.483
11018.6,2928.11,0.26574,140.031,1539434.2,174.977,4666.15,166.0,28.9726,1.033
4777.24,845.81,0.17704,44.561,691423.94,54.7658,2188.48,78.0,42.813,0.636
7308.4,1735.52,0.23746,54.0848,989174.7,90.9827,2618.08,40.0,40.5099,10.607
4022.83,1225.4,0.30461,37.3449,546639.75,50.1277,1411.64,30.0,44.3304,11.367
8354.9,2318.73,0.27752,99.4267,1133609.5,128.322,3513.42,116.0,35.468,1.52
5485.04,1042.57,0.19007,57.5414,762234.6,85.8503,2928.72,47.0,39.6032,13.482
9480.9,2695.21,0.28427,97.6035,1304431.0,127.922,3885.46,28.0,33.8838,2.463
9870.3,2548.41,0.25818,98.4857,1396204.5,130.836,3661.89,124.0,35.9199,2.141
8748.83,2632.06,0.30084,97.308,1205229.5,148.35,3250.21,13.0,36.7513,1.486
8275.23,2678.68,0.32369,82.0956,1132104.1,131.048,3611.25,38.0,36.288,5.742
4337.65,1484.6,0.34225,34.9934,595609.25,54.3569,1437.52,19.0,44.2087,1.665
4264.99,1297.62,0.30424,33.8251,586914.0,51.6037,1388.98,32.0,44.46,11.355
22061.9,8241.79,0.37357,172.796,3050179.8,359.719,15198.52,132.0,27.8147,15.827
8540.89,2021.37,0.23666,84.7115,1206703.8,118.57,3247.51,21.0,36.774,13.993
10203.3,2687.34,0.26337,117.932,1433402.2,147.278,4461.94,143.0,31.8599,14.633
8745.0,3412.63,0.39023,73.1852,1234528.5,142.638,3625.68,29.0,35.8498,15.707
8589.89,3454.85,0.40219,67.7098,1156429.1,130.154,3572.49,53.0,37.1955,15.539
5873.8,2402.99,0.4091,74.7911,805389.44,78.5161,3485.52,45.0,36.9761,5.105
7697.27,2634.53,0.34226,62.7639,1049843.8,104.667,3739.62,31.0,37.0271,3.994
5803.24,1600.7,0.27582,49.18,750914.94,77.64,2351.75,29.0,46.5464,14.588
7351.92,2972.29,0.40428,62.9882,1033599.4,105.24,3892.81,72.0,37.3648,5.195
6682.11,1875.77,0.28071,57.9632,922907.75,84.7583,2886.24,25.0,38.5231,3.614
12721.7,3324.2,0.2613,158.075,1773066.1,194.739,4795.29,53.0,28.5631,2.976
6417.83,1949.89,0.30382,60.9432,885779.06,90.9044,2486.28,22.0,41.7994,5.701
13443.5,4725.3,0.35149,147.11,1886917.5,170.801,4834.76,120.0,32.5293,19.439
8909.66,3335.79,0.3744,72.444,1242625.6,138.962,3648.49,82.0,35.1261,18.528
8798.32,2713.79,0.30844,78.3446,1186739.4,113.995,3513.9,80.0,36.0859,14.281
15610.9,6873.48,0.4403,139.355,2085141.1,269.039,4402.32,167.0,29.9878,20.17
15575.9,4417.28,0.28359,160.076,2211234.0,184.609,4945.33,138.0,27.6884,17.212
9340.88,3477.99,0.37234,128.817,1244208.8,178.896,4441.49,176.0,30.9834,1.333
8092.24,2265.07,0.2799,96.9022,1086862.2,101.171,3394.49,42.0,35.6469,13.555
7479.83,2266.75,0.30304,76.7901,1015527.7,104.077,3386.29,32.0,35.8854,8.673
16128.7,6086.09,0.37734,198.146,2249678.5,264.301,6237.98,197.0,21.6363,19.677
20199.6,7308.88,0.36183,187.6,2856065.0,339.504,8335.12,110.0,23.7526,14.067
11198.3,2781.2,0.24835,147.856,1476215.4,186.156,4333.09,53.0,31.6338,2.923
8746.29,2322.88,0.26558,79.0697,1240359.2,120.304,3839.48,42.0,35.2024,2.707
7529.59,2594.5,0.34457,68.9174,1026697.75,104.633,2892.41,59.0,40.022,12.147
6475.08,2371.3,0.36621,78.0487,871585.25,100.776,3250.12,53.0,38.546,1.498
12196.1,3719.05,0.30493,132.349,1712311.9,155.024,5103.28,74.0,27.235,13.33
8120.01,3094.59,0.3811,72.0343,1109411.0,132.695,3726.78,64.0,36.9298,14.561
7022.91,1986.72,0.28289,68.2657,957047.4,101.914,3326.38,77.0,37.391,3.9
16563.5,5069.83,0.30608,209.424,2172665.0,261.534,6324.5,260.0,22.2101,2.147
14446.8,3539.62,0.24501,195.492,2020939.4,233.714,4945.05,147.0,26.852,2.869
12465.8,4414.87,0.35415,60.3593,1762086.4,192.155,15898.02,48.0,37.1047,12.252
14501.4,4585.29,0.31619,159.815,2001976.5,235.793,4547.77,100.0,31.0218,17.454
9863.75,3614.9,0.36648,101.852,1326154.5,141.787,4584.66,92.0,32.5126,18.804
5960.19,1402.55,0.23531,51.6694,832020.2,73.797,3284.57,57.0,39.0491,2.369
6001.6,1731.09,0.28843,55.7944,820445.06,84.6195,2455.92,27.0,40.7241,12.67
5335.24,1076.82,0.20183,58.1094,729222.6,70.2594,2823.92,54.0,40.4503,12.623
6086.25,1556.34,0.25571,60.0612,846411.4,80.0362,2654.91,25.0,35.7769,16.036
7752.02,2422.46,0.31249,71.9487,1063001.5,105.369,3551.35,66.0,37.3685,14.326
10276.6,3227.49,0.31406,104.901,1481570.2,153.645,4221.99,158.0,32.8111,18.013
17725.1,4467.63,0.25205,177.656,2601789.8,231.841,5123.45,86.0,26.5663,5.28
7508.64,2627.28,0.3499,72.9116,1033792.5,98.6883,3225.05,22.0,33.7507,2.835
9197.91,3166.82,0.34429,69.3277,1303091.0,116.469,3346.66,49.0,39.6666,18.202
5974.99,1150.8,0.1926,49.6366,819302.94,80.1014,2809.0,17.0,40.3291,0.0
14781.3,4142.05,0.28022,171.872,2031851.6,244.15,5045.35,33.0,28.0709,3.424
22719.0,6445.05,0.28368,289.44,3125413.0,364.77,6329.49,89.0,17.6421,3.223
7503.85,1647.22,0.21951,86.6451,1044178.75,104.369,3843.17,25.0,36.3238,1.52
6183.13,870.03,0.14071,45.4456,875711.4,72.6409,2719.72,1.0,42.1405,0.77
7875.5,2231.41,0.28333,72.7881,1114788.9,104.217,3283.91,57.0,38.0837,13.896
12639.4,3847.35,0.30439,199.494,1659907.1,256.531,5151.78,165.0,26.0257,4.397
8308.57,2015.94,0.24263,100.42,1147923.5,121.897,3966.61,31.0,35.0289,3.142
7944.35,2183.17,0.2748,86.4824,1104288.6,115.311,3956.01,72.0,36.2818,13.477
12582.3,2668.32,0.21206,162.942,1715204.0,197.856,4918.06,141.0,29.7646,0.843
6460.31,2415.23,0.37385,40.4699,872242.7,107.948,2079.2,19.0,41.8454,16.49
12003.0,4838.06,0.40307,140.691,1725985.6,187.987,4687.85,151.0,29.2804,20.171
11307.8,3703.8,0.32754,130.798,1577719.8,179.161,4195.87,47.0,31.4942,2.096
9926.45,3704.18,0.37316,100.794,1336045.5,155.863,4237.4,74.0,34.3968,17.107
9700.66,2900.65,0.29901,82.6567,1375768.9,137.059,4101.42,62.0,34.2418,4.029
9607.47,2202.24,0.22922,102.626,1327285.4,138.63,3731.77,12.0,31.1803,1.779
14278.9,3647.86,0.25547,170.099,1960533.1,233.446,4801.81,20.0,28.5478,3.074
8122.41,2478.03,0.30508,63.0441,1146114.4,107.998,3085.99,75.0,37.8918,14.746
6155.55,1478.77,0.24023,59.3515,841775.5,72.8204,2742.03,105.0,38.8378,15.788
28038.2,10897.0,0.38864,313.067,3734152.5,430.7,8165.1,221.0,19.681,0.0
14005.0,4963.62,0.35441,176.924,1988072.1,273.109,4358.62,109.0,30.1437,4.809
6473.58,1593.43,0.24614,70.2872,854957.7,88.8042,3436.3,78.0,37.947,1.209
9181.97,4096.25,0.44611,78.087,1299325.6,135.751,4193.5,55.0,37.6355,17.208
4098.88,1368.57,0.33388,36.8666,566007.56,50.1979,1388.57,32.0,44.4921,11.184
17248.2,6580.45,0.38151,190.149,2358400.5,266.17,5233.28,154.0,26.0547,19.169
11042.7,4076.38,0.36914,92.0563,1562068.4,154.474,4813.65,119.0,31.0644,15.371
13363.9,4031.55,0.30167,141.31,1857942.1,197.975,4595.45,68.0,30.7465,3.505
6629.93,2103.15,0.31722,58.6098,951183.5,89.0294,2623.13,58.0,41.3387,6.229
6288.31,2413.57,0.38381,59.8624,879248.4,93.8182,2747.38,47.0,40.398,3.399
7279.7,2486.7,0.34159,73.9267,970451.0,123.991,3536.04,59.0,36.9385,14.352
5590.71,1430.92,0.25594,43.5552,796191.44,67.1495,2509.66,5.0,40.1836,3.278
12787.9,4896.05,0.38286,118.206,1844453.2,201.406,4682.64,89.0,29.8628,3.424
4756.63,1836.67,0.38612,46.7219,693737.9,70.7477,2362.31,45.0,43.7713,13.133
9221.15,2023.41,0.21943,98.3928,1295064.9,137.725,3666.99,23.0,33.9873,1.38
15487.5,5229.46,0.33765,192.443,2121283.0,258.901,5461.46,216.0,27.1533,4.965
11331.3,3766.32,0.33238,128.584,1551358.0,173.26,4864.01,60.0,29.3947,3.381
13844.3,4055.49,0.29293,177.629,1930020.0,186.229,4749.64,99.0,28.9982,3.43
10891.4,3021.9,0.27745,126.737,1521533.9,161.016,4656.24,74.0,29.835,1.664
4758.2,1663.13,0.34952,38.1058,647069.06,65.1636,1579.69,13.0,43.1588,8.36
10937.3,4260.22,0.38951,78.8868,1488714.4,160.604,3944.3,81.0,38.7896,2.32
7017.13,2558.26,0.36457,61.772,970303.6,106.182,3841.86,73.0,35.9968,1.577
15530.3,5415.65,0.34871,157.323,2234748.0,230.295,5852.14,69.0,24.8913,1.624
8702.91,2767.28,0.31797,77.1324,1167931.2,120.786,3595.88,53.0,36.282,10.771
6535.66,2334.94,0.35726,65.2859,891134.25,89.7887,4112.94,44.0,36.0491,15.343
12733.8,3424.09,0.26889,146.825,1732617.5,186.296,4426.95,35.0,30.2425,2.065
9543.45,2234.61,0.23415,111.864,1324950.2,132.213,4221.34,56.0,34.3281,2.159
15356.7,4949.01,0.32227,178.328,2118345.5,269.843,5142.74,97.0,25.2337,6.303
7660.59,2653.69,0.3464,67.573,1044490.0,108.179,4149.95,69.0,33.9024,8.287
7997.79,2171.6,0.27152,68.7857,1141377.9,102.023,3435.87,18.0,36.2176,8.909
17091.9,5274.76,0.30861,223.227,2252932.2,289.858,5188.72,176.0,22.3712,18.99
6293.66,1721.94,0.27359,58.7745,903199.1,76.3308,2582.14,70.0,41.2493,3.619
4000.26,1087.13,0.27176,33.732,569494.4,46.039,1773.46,12.0,44.4892,1.73
7573.15,2524.87,0.33339,75.0267,1048147.75,99.2249,3773.51,38.0,36.3531,2.137
5934.22,1285.51,0.21662,56.2429,823796.3,82.5638,2746.33,18.0,40.5964,1.725
8310.54,2006.3,0.24141,68.4101,1200731.1,97.3149,2740.81,68.0,39.8161,16.263
11899.3,4169.83,0.35042,128.155,1689669.4,172.159,4463.23,62.0,31.914,2.676
5658.91,1087.28,0.19213,51.9483,779818.9,65.1707,2309.08,26.0,42.3911,12.741
11478.2,3552.49,0.30949,104.971,1590678.9,168.858,6113.52,9.0,32.1938,5.593
6990.49,2298.66,0.32882,52.531,947541.56,94.3902,3194.98,40.0,40.2645,13.452
8319.33,2661.96,0.31997,63.6956,1135287.8,114.86,3480.36,31.0,37.8498,12.577
7807.63,1859.47,0.23816,59.2439,1100013.8,83.1386,3074.45,50.0,38.7019,14.615
5831.11,1869.84,0.32066,59.5054,794511.4,84.7884,2390.93,15.0,41.0577,4.101
12134.8,3766.1,0.31035,108.15,1739293.4,187.104,3660.05,113.0,36.1084,19.327
7806.92,2670.84,0.34211,69.0942,1111452.0,114.769,3471.86,85.0,34.1821,3.859
8285.85,2303.23,0.27797,83.9023,1134113.4,118.769,3265.9,84.0,38.485,1.687
11521.9,3400.22,0.2951,98.8197,1590554.9,157.514,4388.11,62.0,31.9697,18.599
5078.42,977.88,0.19255,43.8901,732647.6,58.3087,2195.36,78.0,42.8093,0.651
7033.06,1882.96,0.26772,69.97,998517.94,98.694,3205.47,70.0,38.6913,13.192
13871.1,4292.7,0.30947,220.121,1914928.4,250.442,5313.82,289.0,24.5347,1.949
8534.02,2584.42,0.30283,71.7015,1171528.2,102.856,3724.84,37.0,36.8353,13.323
6851.66,1590.02,0.23206,71.2139,912326.44,103.191,2840.57,70.0,38.6912,12.667
7848.0,2193.9,0.27954,85.9415,1069157.5,129.937,3532.19,44.0,33.8546,5.157
22620.7,7115.38,0.31455,314.854,3139696.8,369.852,6290.57,98.0,17.8893,3.394
4208.51,1045.33,0.24838,44.3996,603597.25,56.1608,2311.57,49.0,43.3513,8.157
8895.89,2429.83,0.27314,109.799,1218144.4,149.607,4074.2,81.0,33.5095,1.256
7209.14,1996.67,0.27696,91.3133,1003939.3,109.685,3903.21,25.0,35.7786,3.02
9257.1,3492.06,0.37723,64.4798,1208916.0,145.693,3934.06,75.0,36.813,11.612
14937.2,3302.84,0.22111,188.348,2051706.4,252.586,5090.52,164.0,25.3166,1.856
8455.39,2547.32,0.30126,87.94,1189856.4,124.066,3296.1,11.0,36.3427,2.376
9991.51,3148.13,0.31508,87.7929,1428679.6,137.268,3671.37,11.0,36.4871,4.267
8104.23,2239.91,0.27638,60.3677,1036176.44,103.648,3477.18,62.0,39.3753,2.293
9434.91,2322.1,0.24611,108.412,1300934.1,133.703,4200.62,78.0,35.0325,2.138
4158.89,802.06,0.19285,27.9886,578623.7,46.2772,2046.86,54.0,44.5325,5.177
10215.7,2224.65,0.21776,125.397,1405184.1,176.381,3899.06,67.0,33.1536,1.363
7775.63,1993.5,0.25637,90.6547,1085968.1,125.513,3217.89,4.0,37.0138,0.63
9590.69,2550.92,0.26597,105.012,1348741.4,163.448,4103.99,46.0,34.2119,2.717
6300.2,1998.61,0.31722,36.2767,868215.94,87.5276,2507.95,23.0,43.7028,12.923
5937.36,1597.49,0.26905,38.5131,801331.25,71.2969,3078.43,68.0,39.0986,6.487
5241.14,1256.52,0.23974,41.4955,717190.2,67.19,2800.47,45.0,42.5746,12.618
19235.6,6330.82,0.32911,191.132,2694782.5,296.182,5538.76,128.0,24.3235,17.558
9452.47,3157.87,0.33407,95.6354,1310393.1,135.141,4069.52,92.0,34.4232,16.179
5964.52,1454.71,0.24389,67.0414,847118.1,74.5784,2790.69,66.0,39.6641,18.463
12721.9,4000.89,0.31448,128.289,1712624.0,181.997,4683.37,45.0,31.5713,1.645
19170.5,6011.42,0.31357,265.873,2593072.8,314.798,5793.48,339.0,21.6225,3.042
8602.36,2660.86,0.30931,83.3039,1176737.6,112.235,3976.52,36.0,35.1763,16.926
5670.85,862.76,0.15213,52.7943,801298.44,72.1191,2606.86,1.0,42.4303,1.386
14736.4,2785.94,0.18905,162.335,2073062.8,230.494,4810.79,74.0,27.8676,3.221
16397.2,4747.4,0.28952,212.12,2277645.5,264.811,5308.98,160.0,25.3824,2.895
13475.4,4814.93,0.35731,168.55,1877843.5,227.605,4644.75,99.0,29.7563,7.19
6661.37,1462.33,0.21952,68.832,973651.7,64.0731,2588.14,28.0,40.2224,1.893
17767.5,4944.87,0.2783,237.05,2451197.2,271.496,5661.73,208.0,22.0613,3.516
5867.78,1483.67,0.25285,60.6795,740125.7,90.5118,3093.4,16.0,39.4198,2.161
8658.0,3018.13,0.34859,64.4977,1228130.9,109.288,5192.23,74.0,37.9573,13.884
22281.9,8124.72,0.36463,203.984,2942603.8,344.822,5779.75,147.0,22.1683,11.654
6681.42,1821.3,0.27259,41.134,910324.75,103.207,3645.16,21.0,42.1982,16.751
6304.26,2344.39,0.37187,69.5455,838497.3,109.596,3130.8,72.0,38.9036,14.513
4719.61,1756.71,0.37221,33.2795,678129.8,63.1658,1264.61,40.0,45.0842,9.872
6311.93,2111.75,0.33456,65.4602,813631.0,102.635,3161.76,69.0,37.8368,14.827
7656.6,2887.14,0.37707,78.6064,1069050.0,118.252,3234.51,36.0,37.0911,3.468
9540.51,2552.82,0.26757,121.869,1304576.8,143.468,4153.63,131.0,32.9489,2.394
22649.1,5155.1,0.2276,185.035,3290765.8,256.075,5923.27,143.0,25.4414,19.676
8019.05,2122.14,0.26463,87.7583,1092973.1,121.915,3845.46,34.0,36.0325,3.912
20392.0,7400.07,0.36289,185.299,2783620.0,277.52,4502.82,127.0,29.6816,8.639
8021.02,3414.49,0.42569,88.5263,1075127.5,125.074,3565.89,49.0,37.6557,9.291
7419.92,2306.39,0.31083,74.4724,1032470.94,98.3524,3737.56,30.0,36.2451,1.446
10326.5,3472.93,0.33631,110.017,1442775.1,151.69,4517.59,99.0,46.5464,18.168
8542.37,3009.56,0.3523,98.2205,1202556.0,112.193,3239.07,36.0,31.5287,13.166
14880.0,5518.44,0.37086,187.072,2061273.8,259.99,4488.68,64.0,29.5117,20.449
14313.1,3985.8,0.27847,178.661,1990754.6,209.045,4968.54,112.0,27.6339,3.835
10591.5,2566.25,0.24229,122.908,1465750.1,162.282,4641.02,72.0,30.0102,1.638
14118.6,4283.97,0.30342,177.549,1977895.0,237.781,5266.72,168.0,25.4081,1.859
14455.8,5891.91,0.40758,182.519,2010422.8,256.928,4442.16,120.0,29.4232,19.771
5924.67,2405.36,0.40599,59.8517,805720.5,88.0738,2803.61,48.0,40.6703,12.692
18964.7,6108.07,0.32207,209.985,2611788.5,308.162,5958.85,230.0,21.3157,8.219
11639.0,2129.48,0.18296,150.337,1646212.9,166.766,4628.02,146.0,29.8562,1.782
5030.55,1856.15,0.36897,40.6492,689445.94,76.8269,1593.49,15.0,43.1703,11.192
15128.0,4016.59,0.2655,211.361,2092733.1,246.204,5136.49,183.0,24.9535,3.825
13619.1,3555.83,0.26109,161.531,1886515.9,204.238,5233.28,56.0,28.216,2.099
13055.1,3834.71,0.29373,116.707,1829756.1,185.071,4261.07,43.0,33.6458,3.905
7697.48,2984.42,0.38771,70.8215,1058605.9,123.257,3448.78,120.0,37.0295,5.813
8016.62,2758.28,0.34407,81.788,1113044.1,114.365,4051.98,30.0,35.1575,13.077
7250.78,2376.05,0.32769,70.707,987438.44,108.082,3870.92,97.0,35.1693,14.042
8000.73,3292.07,0.41147,85.1451,1057485.2,145.659,3659.09,92.0,36.0396,17.837
7066.45,2198.69,0.31114,62.7246,974088.44,88.5701,3290.17,29.0,38.2767,8.593
13090.7,3634.38,0.27763,129.485,1831097.4,161.975,5244.21,153.0,26.7689,13.582
13728.6,5050.11,0.36785,100.112,1924457.8,194.676,5689.27,102.0,34.6366,16.285
9122.24,2884.06,0.31615,83.5098,1296891.9,121.062,3752.14,52.0,35.9729,5.576
14708.1,4312.71,0.29322,163.834,2086564.8,191.166,5510.92,162.0,23.5004,13.143
9192.47,3912.07,0.42557,91.3626,1320631.8,126.39,3692.02,31.0,31.286,10.288
18413.7,6454.73,0.35053,230.703,2487680.5,269.825,6589.76,206.0,20.0189,18.365
13852.1,5092.9,0.36766,165.301,1943026.9,214.583,4945.5,149.0,27.7303,11.498
6165.09,2035.77,0.3302,61.9677,845118.4,87.8393,3323.72,35.0,38.3941,5.599
7169.27,2197.65,0.30653,61.154,935258.06,119.213,2795.98,30.0,38.7518,3.867
7754.97,1501.18,0.19357,76.3442,1088933.9,91.515,3262.78,39.0,37.4297,12.395
6681.88,1822.23,0.27271,72.2348,911058.75,98.0807,3209.52,89.0,37.7366,12.789
8294.53,2132.51,0.25709,71.6751,1156456.0,108.511,4089.93,15.0,34.2476,4.953
4066.17,1100.04,0.27053,32.8039,562173.7,50.7653,1946.95,55.0,44.8236,3.477
7569.49,2667.83,0.35244,65.7349,1076627.6,99.5233,4007.6,69.0,35.2301,7.911
20320.0,5757.24,0.28332,107.477,2786365.2,227.685,5486.99,176.0,24.794,19.351
15642.1,5060.71,0.32353,177.572,2158877.0,232.276,5309.09,193.0,26.6197,1.868
7178.0,1482.87,0.20658,68.9163,986619.9,94.9678,3228.66,21.0,37.5748,9.746
14479.4,4873.88,0.3366,193.0,1929112.4,252.883,5064.63,201.0,26.5802,2.798
10707.3,3736.51,0.34896,99.3592,1486029.4,160.445,5916.45,46.0,33.7072,1.574
8673.14,1596.52,0.18407,78.3458,1239404.2,101.423,3840.68,16.0,35.1508,0.86
9358.49,2539.16,0.27132,80.29,1304549.8,122.518,4118.29,81.0,33.7084,5.991
5110.78,1400.21,0.27397,48.0556,727105.9,64.2287,2063.41,2.0,41.9526,5.572
8799.57,2924.8,0.33237,86.8573,1183878.8,140.544,3956.87,56.0,37.0834,5.951
8509.26,2096.69,0.2464,54.9878,1180011.1,102.636,3508.44,47.0,38.0391,12.169
7475.71,2422.5,0.32404,64.0695,1026031.56,99.522,3053.42,75.0,38.3319,3.651
7744.6,1865.8,0.24091,85.4799,1081959.0,110.058,3856.97,19.0,46.5464,1.849
6063.73,2388.49,0.39389,59.2914,857784.1,85.3898,2693.96,35.0,40.3893,10.029
7557.51,2228.07,0.29481,77.6557,1032368.3,92.0319,3202.77,95.0,38.5644,1.516
12056.6,2613.62,0.21677,164.065,1694283.8,179.364,4599.22,45.0,30.0366,1.168
5269.48,1301.25,0.24694,48.3985,732945.25,63.2367,2193.49,2.0,41.6386,7.85
13407.8,3995.02,0.29796,171.768,1849482.6,205.541,4735.05,112.0,28.5036,5.076
9217.61,2822.02,0.30615,102.893,1263337.8,156.241,4104.11,81.0,33.484,0.0
9913.39,2716.84,0.27405,105.164,1409704.8,148.821,3983.45,46.0,33.4296,1.799
8191.2,3580.3,0.43709,79.0969,1168568.4,125.067,3332.71,38.0,36.4519,5.54
8836.73,2779.11,0.31449,69.6311,1185555.6,129.621,5301.2,66.0,32.1163,3.74
6340.22,2434.18,0.38392,66.9905,858942.6,103.418,2671.65,87.0,39.3963,16.568
14162.4,2772.1,0.19573,181.286,1969613.2,226.575,4683.61,26.0,28.6406,1.346
7972.34,2689.23,0.33732,73.9811,1111430.5,92.6626,3641.24,13.0,35.3837,4.329
11866.8,2077.76,0.17509,149.47,1665258.0,170.156,4660.58,149.0,29.626,1.588
7118.26,2082.74,0.29259,67.142,980265.5,89.8946,3124.36,53.0,39.3789,1.971
9461.89,2192.27,0.23169,102.476,1327435.5,123.398,3497.62,122.0,36.5787,2.477
6670.62,2437.53,0.36541,77.5187,905919.7,94.6686,3318.76,54.0,38.2135,1.324
9997.64,2948.53,0.29492,106.008,1370786.8,147.481,4231.89,108.0,33.3611,19.234
11799.4,3661.95,0.31035,126.299,1618749.4,164.199,4989.96,82.0,28.6292,4.181
10685.2,2713.8,0.25397,101.127,1498524.6,137.195,4083.08,47.0,34.3334,4.534
7498.47,1800.68,0.24013,67.6331,1030651.94,94.0474,3020.84,43.0,38.4417,14.011
9263.23,3923.39,0.42354,97.3613,1335130.1,153.619,3236.79,62.0,33.692,17.206
16790.9,5956.31,0.35473,205.402,2390731.2,274.268,5102.0,106.0,24.8472,5.77
6737.2,1834.24,0.27225,58.8345,915987.75,89.1824,3480.36,68.0,38.6489,15.413
15839.8,5172.95,0.32657,219.113,2211191.5,255.382,5330.64,283.0,24.5925,2.045
16099.6,3919.1,0.24342,95.0698,2116001.5,206.873,4299.3,96.0,31.5666,14.156
12036.6,3456.17,0.28713,153.581,1714994.0,169.094,4723.93,32.0,28.882,1.906
12342.5,3772.61,0.30566,158.948,1734535.0,215.462,4823.72,68.0,26.3102,3.758
6376.66,2004.79,0.31439,60.0094,821679.2,101.071,2894.36,5.0,39.8616,13.486
13477.8,3199.2,0.23736,146.32,1858048.2,210.258,5018.12,54.0,30.8093,2.024
10169.6,3324.02,0.32685,108.544,1395996.8,145.404,4805.53,41.0,31.1232,16.658
7965.35,2683.44,0.33688,87.2474,1141183.1,120.413,3741.75,103.0,35.3963,16.239
8012.08,2314.45,0.28887,65.0375,1092536.4,108.814,4126.65,55.0,35.5552,10.433
14387.1,5428.22,0.37729,182.552,1914974.2,249.068,5170.57,93.0,29.638,6.169
10668.6,3319.01,0.3111,113.275,1520239.9,142.343,3879.84,63.0,34.7383,2.498
9184.24,3509.6,0.38213,60.2672,1237220.4,134.994,4202.82,71.0,35.0952,17.779
10306.3,2109.74,0.2047,90.6874,1451665.1,128.01,3617.34,125.0,35.9545,2.725
8671.29,2360.6,0.27223,85.4218,1225006.4,128.209,3331.79,5.0,34.8772,2.322
5250.73,1548.73,0.29495,36.6904,723029.4,86.7086,2888.22,58.0,40.8642,8.681
8997.11,3494.34,0.38838,80.0546,1296403.4,133.098,3848.2,46.0,35.8115,11.663
5809.05,1822.46,0.31372,53.824,779836.3,85.7691,3044.35,66.0,39.9207,11.841
6355.88,1751.0,0.27549,68.1871,849950.4,101.796,3047.21,16.0,39.0431,0.0
7104.94,1687.99,0.23757,67.6566,1040319.3,77.2327,2663.5,31.0,39.8954,3.393
9912.68,2931.76,0.29575,118.269,1366376.9,141.807,4151.97,137.0,32.7946,2.275
7212.35,2454.2,0.34027,55.2822,990700.94,96.2392,2691.38,32.0,39.9689,15.241
9545.13,2516.74,0.26366,108.126,1343112.4,153.922,4157.37,44.0,33.8409,3.584
6760.63,2280.38,0.3373,64.3875,987688.4,87.9795,3176.3,29.0,38.9933,1.306
8311.31,2211.76,0.26611,77.0341,1139238.2,92.0203,3460.37,33.0,36.8421,0.0
22195.4,6416.12,0.28907,307.837,3027651.5,323.9,6638.54,292.0,18.8485,1.604
5777.88,1677.03,0.29025,70.0369,764878.1,88.208,3166.13,123.0,38.7307,15.8
10972.9,3447.9,0.31421,65.5491,1446445.2,197.681,3992.63,80.0,33.1686,15.357
22352.4,5475.46,0.24496,332.125,3072043.2,398.942,6221.78,161.0,19.8366,0.983
7984.62,2372.49,0.29713,81.364,1139897.5,107.171,3187.34,22.0,35.2059,5.813
10774.8,3853.18,0.35761,121.615,1492218.4,194.787,3822.38,40.0,32.8881,3.382
6763.86,1719.05,0.25415,52.3171,911685.2,86.7059,2668.12,28.0,40.1961,15.324
8272.24,1998.71,0.24161,78.1815,1175271.8,111.626,3759.87,19.0,35.1194,4.384
9404.06,2174.02,0.23117,110.898,1308689.2,129.468,4155.26,60.0,33.8945,1.769
10763.4,3908.95,0.36317,89.9851,1453951.8,141.314,4797.83,44.0,35.9641,16.041
9473.89,3036.76,0.32053,85.2357,1339475.8,150.57,3993.44,3.0,34.379,1.88
7390.33,1773.66,0.23999,58.7325,1028201.6,90.0794,3131.1,20.0,39.5581,13.87
9671.7,2983.71,0.30849,109.931,1331787.9,167.157,3675.08,13.0,34.0562,2.772
20936.9,8064.71,0.38519,187.202,2893517.5,375.491,18030.86,147.0,27.0175,3.194
5208.71,1214.92,0.23324,45.0719,722102.56,71.2471,2681.78,17.0,40.4347,3.778
6523.39,1274.4,0.19535,56.0498,861457.8,71.5236,3079.56,56.0,38.0991,5.074
6295.4,2139.74,0.33988,58.0465,907293.3,101.498,2322.38,46.0,41.3931,10.233
6639.25,1542.93,0.23239,56.7165,959345.1,83.2762,2508.15,25.0,39.9719,9.318
16722.8,3837.59,0.22948,253.318,2278950.8,260.874,4814.1,274.0,27.5301,4.558
9706.2,3584.42,0.36929,102.557,1299959.6,137.993,3410.46,68.0,37.9072,11.678
8454.76,2114.97,0.25015,56.1939,1180793.0,97.7716,3601.37,27.0,39.8544,17.395
8822.77,3700.06,0.41937,59.5659,1166649.9,149.949,3380.5,57.0,37.8232,16.066
9854.45,4145.46,0.42066,86.9547,1371844.5,149.23,4028.8,98.0,33.552,7.557
19009.4,5789.17,0.30454,267.906,2564102.8,309.515,5763.17,320.0,21.3913,2.95
13382.2,3769.82,0.2817,114.047,1966247.5,174.075,4493.03,142.0,33.3161,18.837
4513.02,1314.09,0.29117,46.7525,629347.75,54.3522,2080.98,30.0,43.1055,2.737
5805.25,1418.13,0.24428,57.0623,764878.4,84.0364,3586.31,19.0,40.4752,2.409
11309.8,3150.84,0.27859,130.808,1578270.4,179.875,4544.06,67.0,30.6244,3.268
14612.3,4183.18,0.28627,197.361,1939728.4,235.476,5778.81,252.0,22.3082,3.471
10796.2,2257.39,0.20909,105.591,1527533.5,144.668,4374.96,57.0,32.7004,1.226
9312.42,2942.77,0.316,102.579,1279504.9,125.518,3885.05,37.0,33.9172,3.381
5157.24,1502.02,0.29124,43.4188,717216.94,62.7612,2023.82,18.0,43.4557,1.67
17315.1,6061.93,0.35009,192.416,2361158.0,253.855,5310.21,88.0,24.8571,15.003
5969.38,1864.98,0.31242,54.1436,817825.2,83.9695,3174.73,12.0,40.1257,7.999
7738.01,1806.06,0.2334,70.4405,1126513.9,98.4799,3092.23,20.0,37.774,1.367
9587.39,2494.7,0.2602,104.114,1364934.4,144.18,3944.42,40.0,33.2636,1.561
15111.2,4989.57,0.33019,182.875,2104006.2,244.815,5398.01,164.0,24.3632,2.597
6335.2,1919.6,0.303,57.3925,880395.8,81.5724,2621.81,33.0,41.1847,3.13
9173.28,4076.29,0.44436,91.569,1274053.0,148.329,4055.05,1.0,35.1781,13.473
6879.9,2161.31,0.31414,58.8293,981089.0,86.4543,2600.35,66.0,41.2842,14.034
9015.6,2620.61,0.29067,82.3864,1200067.5,120.25,3651.46,16.0,35.8179,16.65
9867.95,2271.1,0.23014,101.837,1326092.8,118.475,4267.95,34.0,33.7048,18.539
12421.2,3274.66,0.26363,172.469,1708660.0,187.649,5113.93,67.0,28.5099,2.136
16225.1,4595.03,0.2832,189.164,2241374.8,188.097,5733.0,125.0,25.2733,19.13
5274.49,1309.79,0.24832,41.8047,734831.25,78.9285,2724.78,23.0,41.3848,13.551
11565.8,3717.63,0.32143,100.91,1626585.2,164.557,4356.78,77.0,36.9103,13.227
10739.3,3031.09,0.28224,124.266,1437086.4,161.437,4141.23,45.0,33.1725,1.647
11627.3,3814.94,0.3281,106.942,1683167.2,173.609,5047.54,126.0,32.7714,20.376
9229.78,2999.34,0.32496,70.6169,1244121.2,131.845,4068.7,71.0,37.2088,3.567
10776.1,3526.79,0.32727,95.1655,1528586.0,139.63,6476.2,112.0,31.8874,15.405
7752.91,2419.97,0.31213,83.3915,1096879.1,110.23,3393.07,24.0,37.579,4.072
6849.68,2229.03,0.32542,70.9509,956458.25,88.2531,3008.09,72.0,39.5409,10.157
8141.89,1966.64,0.24154,77.3843,1113256.4,103.241,3863.62,38.0,35.5044,6.797
7749.07,1906.88,0.24607,68.4927,1086689.2,105.854,3282.05,64.0,38.7367,13.349
4877.75,983.57,0.20164,44.118,699396.25,58.4071,2193.57,80.0,42.7903,0.721
3783.37,931.25,0.24614,32.2832,537653.9,42.5444,1786.98,11.0,44.4838,2.176
12905.4,4355.15,0.33746,133.807,1783363.6,203.064,4577.9,85.0,28.4531,10.067
7636.48,1821.15,0.23848,56.9295,1073185.9,86.6172,3484.08,19.0,38.134,9.208
8657.95,2525.39,0.29168,106.269,1158770.2,151.316,3993.86,36.0,33.8422,2.433
9647.81,2907.76,0.30139,118.228,1331084.4,145.618,4150.71,139.0,32.8661,2.549
6450.17,2191.23,0.33971,73.5671,890768.94,90.0454,3227.0,60.0,38.8152,1.892
12459.9,3046.62,0.24451,161.637,1718724.9,192.977,4168.63,68.0,31.8218,2.811
10693.2,3226.48,0.30173,123.999,1423075.2,164.181,4113.92,49.0,33.5892,1.657
9197.11,3515.87,0.38227,100.092,1235276.8,127.223,3394.2,95.0,37.7124,17.998
8846.12,2513.04,0.28408,84.4763,1250017.1,128.627,3343.02,7.0,36.4078,2.461
9313.71,2363.94,0.25381,103.028,1317424.4,155.2,3819.75,10.0,34.2163,0.815
15696.9,5726.01,0.36478,188.053,2180244.0,255.788,4408.71,29.0,27.0781,1.883
15705.6,4137.15,0.26341,252.981,2151423.0,256.301,4825.5,278.0,27.342,3.969
9401.77,3691.54,0.39264,78.6343,1299563.4,130.021,3555.0,23.0,36.9396,15.897
8982.45,2021.17,0.22501,96.1978,1265978.9,140.52,3552.71,17.0,34.7673,1.004
13354.6,3934.72,0.29463,161.511,1874122.9,233.138,4327.21,85.0,30.3655,1.75
15232.7,4903.71,0.32191,209.699,2115058.2,259.392,5332.88,289.0,24.6036,1.522
10034.9,3547.34,0.3535,71.4152,1417924.5,127.184,3607.44,37.0,35.9611,15.695
13857.4,3602.44,0.25996,195.68,1886194.4,207.91,4592.38,172.0,29.1254,1.716
6186.37,2502.2,0.40446,58.7809,859183.8,84.5042,2617.98,46.0,41.0357,8.38
17065.2,5960.5,0.34927,206.303,2320575.2,265.081,5501.52,140.0,25.1692,18.668
14003.4,3561.37,0.25432,196.526,1914392.2,213.84,4570.62,185.0,28.7971,1.761
9301.73,3699.56,0.39772,65.1625,1280398.6,134.586,3895.9,63.0,35.4202,14.91
8135.07,2361.14,0.29024,69.1183,1156328.0,96.9489,3089.97,16.0,38.6451,6.399
6204.93,1313.92,0.21175,55.3919,846110.0,76.5313,3128.51,36.0,39.6413,11.523
10573.2,3808.41,0.36019,101.268,1485108.1,133.722,3682.76,33.0,33.7073,13.621
10743.3,3846.65,0.35805,75.3193,1484878.4,135.051,5315.23,42.0,37.0035,19.992
7577.0,1892.93,0.24982,80.9492,1060407.2,114.387,3861.27,91.0,34.4751,4.383
6160.33,1354.99,0.21995,65.2855,852959.0,66.1985,2681.32,46.0,40.6574,6.822
4796.31,966.17,0.20144,48.4185,688887.44,55.8672,2191.38,80.0,42.7828,0.683
13463.9,4312.04,0.32026,137.622,1886566.4,189.317,4361.56,37.0,30.9863,3.269
7787.56,2305.16,0.296,91.6451,1083969.8,112.533,3040.0,20.0,37.6377,0.909
8524.88,2790.83,0.32737,85.4647,1157664.4,131.405,3507.53,105.0,36.6707,15.694
16813.1,6075.86,0.36137,195.778,2435917.8,286.076,5467.68,99.0,23.995,5.704
7746.7,2813.89,0.36323,73.1646,1040572.75,120.806,3263.21,104.0,38.7646,2.101
8956.12,2218.7,0.24773,75.9862,1254038.4,92.6659,3569.91,62.0,35.7589,14.997
7973.72,2409.0,0.30211,91.5954,1123329.2,117.259,3547.3,91.0,36.9422,2.064
13956.6,4372.98,0.31332,174.306,1923832.0,207.782,5243.94,176.0,26.9695,1.563
12204.5,4275.29,0.3503,122.736,1676037.4,210.33,4625.71,70.0,29.3695,19.248
8038.88,2718.8,0.3382,67.4519,1099764.6,108.817,3439.06,47.0,37.6532,2.03
6337.09,1478.86,0.23336,64.18,849463.06,87.7138,3212.84,81.0,38.271,13.383
4988.42,1644.8,0.32972,36.7421,706752.94,67.3805,2488.23,49.0,40.5065,11.617
8299.05,2870.5,0.34588,76.844,1169151.9,116.182,3062.64,49.0,37.7523,15.089
10818.8,3779.85,0.34937,94.7614,1520201.6,147.91,4152.53,48.0,34.6106,18.114
8879.47,2661.16,0.29969,82.2576,1274028.9,123.099,3952.35,41.0,35.0761,3.022
6043.98,1377.57,0.22792,68.8575,845009.56,76.8771,2829.71,74.0,39.4232,7.432
4214.34,1305.55,0.30978,34.0921,581846.4,50.2325,1404.75,17.0,44.2624,1.48
11405.4,4131.26,0.36221,159.737,1575074.1,224.203,3753.42,79.0,28.1097,6.29
4892.56,1303.46,0.26641,35.9248,684806.1,55.144,1875.93,48.0,43.7934,11.431
9576.2,3778.34,0.39455,85.8059,1290060.6,151.815,3890.17,61.0,37.4348,16.359
8695.21,3792.71,0.43618,86.0444,1160440.2,144.436,3609.81,54.0,36.5127,16.15
4515.55,1955.2,0.43299,34.7249,631621.0,63.8027,2679.79,52.0,42.2806,12.251
12375.5,3164.36,0.25569,152.829,1762767.8,170.707,4787.41,25.0,28.6459,1.592
8528.96,3039.48,0.35637,97.2045,1201804.9,131.41,3675.95,35.0,35.1897,3.99
10495.0,2410.89,0.22971,118.836,1414914.5,170.715,3992.91,83.0,32.5986,2.233
6706.47,2840.47,0.42354,44.1414,942750.75,100.043,2789.39,16.0,41.9808,14.699
9837.91,3897.07,0.39612,105.448,1362140.2,173.653,4040.44,100.0,32.9877,17.573
7311.6,1634.34,0.22352,86.6227,1016373.44,105.487,3865.33,20.0,36.1932,1.332
5876.39,1503.85,0.25591,53.4293,762260.5,95.2975,3583.25,15.0,40.0503,1.823
7767.83,2061.33,0.26536,68.2612,1071484.2,100.987,3347.9,30.0,36.9898,4.06
8569.51,2095.52,0.24453,85.6867,1215084.0,118.469,3889.37,73.0,34.4689,5.233
5811.82,1053.23,0.18122,52.5591,799977.1,65.2332,3034.98,24.0,39.7659,4.07
13329.7,2651.55,0.19892,173.821,1799300.0,207.834,4779.11,106.0,28.4702,2.264
14217.6,3698.48,0.26013,189.715,1939573.8,217.225,4571.85,181.0,28.9593,1.706
6348.93,1471.87,0.23182,57.6883,869584.6,73.6151,2595.35,23.0,39.9695,12.812
4174.11,1247.2,0.29879,34.3996,573890.94,52.4698,1391.26,17.0,44.3722,1.519
16724.3,5655.53,0.33816,195.586,2277266.8,272.917,5416.23,186.0,24.529,3.865
7376.28,2131.36,0.28894,67.1271,985247.0,99.7475,3127.36,22.0,38.4786,2.588
23370.4,7009.24,0.29991,302.995,3253168.2,375.782,6288.69,104.0,17.6129,3.976
5194.43,1617.04,0.3113,53.2901,723707.3,78.4027,2844.55,32.0,41.5555,13.634
8942.83,2711.36,0.30318,71.9784,1254109.9,123.434,3952.63,18.0,35.5058,19.028
8583.54,2110.6,0.24588,72.2307,1214451.8,111.128,3535.23,33.0,37.1119,13.893
9673.88,3527.2,0.36461,105.451,1359545.4,134.108,3753.54,15.0,35.147,4.633
13557.7,3298.18,0.24326,139.547,1906611.6,149.958,4489.28,59.0,30.5658,5.961
12393.0,5904.02,0.47639,171.24,1691393.4,264.69,4883.73,212.0,28.2292,18.093
12027.4,3264.93,0.27145,144.794,1710383.1,174.24,4716.27,28.0,28.988,1.797
6804.53,2356.78,0.34635,56.8869,946364.2,100.276,3691.11,75.0,36.9554,1.432
4750.62,1499.35,0.31561,47.8985,668781.5,60.6238,1967.71,2.0,42.5549,4.643
16238.5,4300.53,0.26483,188.836,2299349.8,220.8,5731.94,68.0,22.7835,1.362
7114.86,2073.53,0.29143,65.2723,1004082.25,89.1874,3598.72,32.0,38.0795,1.811
14847.4,3990.86,0.26879,159.514,2090680.4,211.409,5028.25,191.0,29.6552,20.719
11850.7,5260.78,0.44392,93.1659,1693670.8,163.439,3902.79,80.0,33.7664,19.823
15372.4,3937.45,0.25613,246.029,2087013.2,266.475,4824.85,280.0,26.9007,4.119
8533.64,2349.37,0.2753,106.729,1188886.4,129.098,3236.52,4.0,37.2035,0.652
13287.2,4429.55,0.33336,172.131,1837116.8,209.112,4854.35,105.0,28.1205,4.928
18294.0,7322.8,0.40028,208.627,2520863.2,289.01,5558.06,182.0,23.3747,19.224
9427.48,2230.44,0.23658,96.5286,1324832.5,146.657,3639.74,14.0,34.1107,1.637
8637.0,2613.16,0.30255,92.9859,1188379.9,145.076,3259.52,8.0,36.5805,1.901
12433.1,3150.61,0.2534,167.71,1720099.4,197.364,4782.35,64.0,28.4865,3.091
18192.7,4584.29,0.25198,168.202,2666004.2,243.765,4688.36,105.0,28.8236,16.673
16206.6,4529.75,0.2795,251.44,2226641.8,259.965,4839.51,291.0,27.2431,4.234
10019.1,3883.36,0.38759,96.014,1431036.8,146.685,4092.67,93.0,35.1124,13.127
7033.51,2794.97,0.39737,72.0602,978452.94,100.143,3385.58,33.0,40.4843,13.027
10278.9,2525.94,0.24574,114.378,1436067.6,140.286,3782.58,76.0,35.1936,2.763
8367.18,2378.35,0.28424,66.8882,1156978.9,112.761,3303.63,29.0,39.6537,5.794
9633.3,2741.96,0.28463,108.284,1324279.8,156.255,4142.61,74.0,33.2904,0.797
9476.27,4067.38,0.42921,82.2447,1267261.8,150.864,3992.93,61.0,34.4386,11.001
6407.1,1712.6,0.26729,64.6268,880093.9,87.1472,3217.3,52.0,38.872,4.785
10116.5,3371.9,0.3333,97.6542,1395188.1,111.526,7014.11,18.0,35.1392,20.116
12333.3,4092.85,0.33185,78.6979,1663031.5,182.409,3719.59,84.0,34.7656,7.223
9351.77,2769.8,0.29617,93.4294,1328253.8,122.974,3693.74,98.0,35.7926,12.371
15169.9,5675.46,0.37412,135.656,2184520.0,214.067,5392.59,73.0,25.2738,18.114
15555.9,7183.14,0.46176,137.854,2159310.2,236.044,4447.52,70.0,31.1752,19.577
16818.9,5453.17,0.32422,204.507,2201784.2,276.841,6197.53,246.0,22.4286,3.788
16441.4,3950.67,0.24028,217.126,2307522.5,262.384,5684.01,94.0,22.9702,1.678
13954.4,4902.51,0.35132,165.401,1940634.8,213.507,4988.12,144.0,27.6277,6.851
4446.38,1516.54,0.34107,32.6398,622103.8,59.7199,1967.06,40.0,44.6361,11.088
11944.3,2789.28,0.23352,113.717,1664834.8,149.742,4458.48,37.0,33.0648,14.215
14446.5,3840.23,0.26582,134.044,2029404.2,174.376,5122.48,67.0,27.5114,5.736
40034.9,15061.6,0.37621,311.214,5472011.5,598.408,8617.68,145.0,46.5464,3.272
13001.3,3509.51,0.26993,155.798,1840768.6,201.746,4803.04,67.0,28.4503,2.99
13523.1,4347.98,0.32152,169.748,1922207.8,234.966,5128.91,67.0,26.7224,15.093
8129.55,2397.28,0.29488,60.4589,1109894.5,113.415,3380.97,20.0,39.7366,3.277
11783.1,3946.37,0.33491,91.9489,1619273.9,170.775,4869.1,124.0,34.9572,15.304
8129.87,1291.59,0.15886,74.808,1076457.1,100.099,3839.29,29.0,35.2546,10.301
9312.15,2557.57,0.27464,95.9055,1327262.4,133.415,3634.48,127.0,35.5838,1.896
9708.33,4398.74,0.45308,88.2999,1396044.8,145.432,3979.21,49.0,34.6952,15.313
14043.4,4319.02,0.30754,157.454,1947714.5,223.686,5208.98,185.0,27.2921,1.639
11836.5,3346.48,0.28272,138.37,1652271.5,165.459,4567.3,63.0,31.4363,3.648
9821.55,3876.6,0.3947,96.6348,1403050.5,142.834,3547.47,51.0,35.3561,10.045
9247.41,2197.66,0.23765,98.1073,1280837.0,102.514,3481.49,50.0,34.5711,16.051
9175.34,2751.47,0.29987,86.9924,1307402.8,122.281,3356.86,9.0,36.5383,2.486
14927.1,3677.42,0.24635,157.199,2065433.5,213.377,5757.89,105.0,25.2547,5.792
6256.29,1324.83,0.21175,55.0111,859584.44,82.2709,2811.4,19.0,40.3984,1.157
6688.44,1973.06,0.29499,63.7148,897335.9,93.1187,3384.92,56.0,38.8065,8.756
8539.04,2018.31,0.23636,104.02,1210648.5,122.503,3806.19,46.0,35.0737,2.636
8725.11,3289.55,0.37702,37.5286,1171955.1,120.007,3965.74,85.0,35.4275,12.798
6291.64,1715.66,0.27268,71.7837,857229.5,89.2725,3092.92,41.0,38.8182,14.76
5606.67,2067.57,0.36876,62.7668,762913.4,103.373,3174.13,43.0,38.4709,10.099
7484.31,2018.92,0.26975,67.2463,1003289.9,100.588,3414.3,75.0,36.5066,3.163
11884.3,3131.06,0.26346,148.029,1685517.8,158.265,4148.23,133.0,32.1115,3.086
7204.96,2376.57,0.32985,72.0612,1016772.75,100.761,3274.49,48.0,38.3099,13.825
13146.3,3073.37,0.23378,148.156,1844583.2,181.419,4837.57,151.0,29.4306,2.438
7699.23,2096.56,0.2723,63.743,1066423.4,91.4262,3404.95,40.0,36.666,15.677
12064.1,4629.7,0.38375,128.916,1746160.4,185.703,5329.55,154.0,29.6958,17.981
10171.3,3597.67,0.3537,124.87,1353091.5,176.534,4527.33,178.0,31.9326,1.456
7838.16,2822.59,0.3601,72.8954,1065796.6,120.938,3408.68,70.0,37.0106,4.993
7373.76,2249.44,0.30506,59.9383,1021805.7,101.711,2714.0,28.0,38.2985,14.905
13939.5,5129.61,0.36799,97.673,1924131.5,236.365,12126.85,68.0,34.4996,10.092
9838.69,3570.71,0.36292,77.6962,1390211.2,143.853,3483.03,53.0,34.8378,17.276
7527.62,1604.92,0.2132,65.5009,1063397.8,88.1906,2580.8,61.0,40.3428,13.638
13854.2,4410.82,0.31837,106.904,1870985.9,241.532,4267.09,102.0,32.0365,9.745
7031.57,1950.1,0.27733,77.6656,931087.25,97.9003,3619.34,73.0,36.9519,2.214
15411.0,5948.56,0.38599,167.379,2146300.0,232.811,5233.07,129.0,26.5972,20.696
4727.36,936.72,0.19814,46.2236,678905.2,57.0248,2188.96,79.0,42.7828,0.695
13480.6,3474.19,0.25771,164.3,1869132.9,199.529,5129.87,61.0,28.1744,1.953
10603.0,2709.61,0.25555,111.609,1495931.5,159.878,4348.56,42.0,33.5038,3.13
13883.4,4420.37,0.31839,158.909,1892665.8,217.093,5152.3,12.0,30.6589,17.019
9179.24,2219.68,0.24181,99.6078,1294901.2,126.573,3853.63,53.0,34.84,2.947
8208.65,2293.62,0.27941,96.5249,1162797.0,108.197,3549.82,91.0,36.8754,2.035
9372.06,2341.96,0.24988,101.386,1318757.5,156.53,3822.24,14.0,34.2584,0.592
16708.8,4388.99,0.26267,243.127,2355583.5,266.513,5587.4,127.0,21.951,3.436
4944.59,930.23,0.18813,43.9701,708283.9,62.261,2187.13,81.0,42.6019,0.94
9151.0,2514.9,0.27482,100.054,1301898.9,150.836,3894.76,42.0,33.5887,2.171
3864.97,1053.02,0.27245,34.1935,550308.75,45.6028,1776.45,12.0,44.501,1.793
7283.93,2419.42,0.33215,81.1007,1010958.0,107.645,3557.5,48.0,34.5885,17.749
8164.69,2354.77,0.2884,92.5553,1150399.1,118.226,3990.5,119.0,31.3002,5.206
19240.7,5771.17,0.29994,213.752,2662985.2,296.279,6009.44,242.0,20.309,8.497
5598.25,942.31,0.16832,55.5342,734979.9,70.6204,2649.38,39.0,40.4158,7.969
14656.5,3691.27,0.25185,174.495,2067120.4,212.048,5709.72,66.0,23.0175,1.387
16276.9,3565.75,0.21906,219.55,2290354.8,251.378,5555.6,92.0,23.6257,2.277
11618.5,4497.27,0.38707,91.4538,1624861.9,170.52,4220.56,95.0,32.4298,18.131
17885.5,6280.37,0.35114,187.831,2393303.8,311.668,6288.66,101.0,21.5378,19.288
6329.3,759.95,0.12006,59.1862,881145.4,70.9688,2623.24,24.0,40.9008,7.665
8622.44,2471.99,0.28669,102.328,1176439.1,154.759,4071.07,64.0,33.4531,0.686
6824.04,2360.33,0.34588,60.0889,943920.9,102.999,3756.66,72.0,37.6783,1.574
10072.1,3801.1,0.37738,94.4297,1373403.0,131.87,4369.63,38.0,36.6129,16.323
19071.9,6939.71,0.36387,129.631,2534046.0,275.447,5210.85,157.0,25.9768,11.117
9112.18,3413.2,0.37457,91.4646,1270888.8,127.797,3875.83,51.0,36.9668,16.076
4176.06,1413.03,0.33836,35.9757,571700.3,52.9703,1431.48,17.0,44.2304,1.695
12555.6,3689.76,0.29387,158.87,1756265.6,203.98,4596.5,95.0,29.9894,5.343
17420.5,5279.54,0.30306,226.061,2394705.2,320.615,4947.84,105.0,26.6394,3.796
7218.66,2839.89,0.3934,65.8192,1010751.9,117.012,3424.2,48.0,37.7136,13.604
14500.3,3082.69,0.21259,183.281,2028577.9,223.92,4889.58,83.0,27.4388,3.157
10070.0,2791.42,0.2772,122.147,1386499.2,141.806,4167.87,127.0,34.6998,2.639
12503.8,3651.08,0.29199,135.103,1716352.1,191.263,4335.85,59.0,31.9056,1.686
9559.3,4159.13,0.43508,64.1195,1329644.1,160.05,5517.47,54.0,36.6504,6.034
8441.41,3826.29,0.45327,66.7805,1236542.6,122.121,4118.58,36.0,34.7508,10.701
24036.1,5941.54,0.24719,306.587,3305836.8,416.544,6288.14,144.0,19.7865,0.949
9528.53,2272.19,0.23846,84.9124,1350411.0,104.911,4004.05,19.0,33.8578,2.164
10436.8,3327.75,0.31884,129.498,1437595.9,186.673,4190.38,75.0,32.9611,1.57
13145.0,2652.83,0.20181,154.655,1801043.1,197.385,4886.59,132.0,29.9383,0.822
14978.5,4271.12,0.28515,185.52,2080046.0,226.581,5635.56,134.0,22.7347,0.717
8692.42,1943.61,0.22359,63.092,1234472.8,92.8638,3078.47,39.0,38.0458,12.598
11413.3,5193.76,0.45506,98.9199,1608230.4,177.947,4710.78,108.0,36.9103,16.455
4700.37,1123.88,0.2391,46.8147,608021.0,66.5346,1945.21,26.0,43.0591,11.279
7438.56,2442.88,0.3284,91.5449,1051582.4,99.3233,3452.36,27.0,36.9505,9.007
6013.6,1445.32,0.24034,54.3109,838902.9,68.1546,2997.35,10.0,39.8055,7.352
9967.45,3101.89,0.3112,129.513,1325362.9,167.146,4000.58,34.0,33.185,2.298
14273.0,4818.13,0.33756,107.779,1969674.0,206.874,5171.18,96.0,26.8451,20.124
13775.1,4403.24,0.31965,208.953,1832021.4,243.925,4577.9,37.0,28.6659,1.969
9642.7,2920.13,0.30283,112.441,1350030.9,150.885,4256.19,41.0,32.9249,3.817
19110.4,6766.67,0.35408,171.645,2667069.2,316.021,6365.07,156.0,20.8771,2.139
10913.0,3434.56,0.31472,131.901,1561552.9,177.971,4388.49,42.0,31.7538,2.881
10573.3,2538.82,0.24011,133.225,1471624.2,168.339,4688.82,173.0,29.067,0.605
12906.3,4444.8,0.34438,149.606,1816674.9,171.202,5224.07,27.0,27.7475,3.896
9773.12,3342.35,0.34199,103.737,1349971.0,141.621,4057.73,29.0,32.3134,2.783
9152.79,1742.05,0.19032,110.265,1283778.0,125.131,4265.3,53.0,33.7345,1.028
14223.9,2724.99,0.19157,179.487,2013749.5,219.017,4807.82,74.0,46.5464,2.756
8757.12,3094.38,0.35335,67.7382,1194389.8,128.949,3966.59,59.0,37.1651,18.972
8677.96,2225.85,0.25649,104.953,1180461.4,115.802,3838.6,24.0,34.0814,2.126
9176.46,3096.77,0.33746,48.5531,1259974.5,125.899,3799.97,22.0,35.8277,15.947
7667.29,2285.2,0.29804,67.3598,1089272.0,100.049,3457.6,73.0,34.7569,12.278
9500.46,3291.71,0.34647,87.1006,1352096.8,141.082,3596.15,16.0,36.1397,2.576
13697.6,3380.71,0.24681,186.683,1871411.9,210.376,4586.44,177.0,29.0576,1.551
7489.31,1397.88,0.18665,56.35,1042574.4,71.8294,3328.99,25.0,39.4614,9.381
11382.7,3700.26,0.32507,147.77,1580096.1,151.066,5123.73,37.0,28.7474,4.195
18667.1,5851.95,0.31349,257.989,2539657.2,315.471,5736.17,327.0,21.1099,2.702
4493.04,1605.96,0.35743,39.8357,639428.0,70.1546,2284.32,50.0,41.257,13.051
6557.04,1791.74,0.27325,68.5876,899338.3,91.4132,3109.94,33.0,37.6676,6.371
15224.7,4351.44,0.28581,181.068,2126536.2,226.183,5634.58,180.0,22.7384,0.803
14418.9,3999.67,0.27739,210.282,1964570.5,262.226,5078.13,166.0,25.4417,2.717
8454.69,2878.09,0.34041,84.7654,1136190.6,144.644,3689.82,32.0,31.1,15.815
17687.3,4956.75,0.28024,156.533,2465543.2,254.106,5527.37,196.0,22.3116,3.651
5990.44,2446.29,0.40836,41.8916,807313.9,102.264,1948.31,7.0,41.8116,13.455
8739.64,2558.06,0.29269,93.9467,1201761.6,147.764,3264.96,12.0,36.6333,1.484
6691.81,1800.25,0.26902,74.6434,883912.6,101.297,3472.63,79.0,38.0063,1.497
5134.64,853.03,0.16613,40.9163,703626.1,59.0587,2455.49,19.0,39.7537,10.009
7453.9,1730.84,0.2322,72.4649,1027381.6,99.1091,3353.95,40.0,34.9929,8.189
15675.7,3461.62,0.22082,199.21,2177959.0,251.214,5070.38,129.0,25.9224,2.231
5003.71,1603.83,0.32052,39.7905,665335.06,71.8347,3138.33,15.0,41.7761,9.012
15027.9,5147.08,0.3425,194.644,1999802.9,254.301,5211.43,216.0,25.4276,3.19
23314.7,7067.75,0.30314,302.393,3214160.8,369.031,6362.45,106.0,17.6129,3.968
7970.9,2096.81,0.26305,75.4403,1119980.1,130.747,3627.44,53.0,31.6545,13.686
10146.4,2743.38,0.27037,97.1487,1432729.8,120.225,4149.5,103.0,33.3428,4.353
14878.2,4207.78,0.28281,173.984,2094879.8,242.726,4532.17,16.0,29.4922,3.021
11548.9,3036.71,0.26294,121.59,1611529.1,170.691,4986.75,79.0,27.8808,3.216
13559.5,3667.31,0.27046,155.65,1900483.6,220.066,4346.26,79.0,30.3218,2.385
21778.1,6480.38,0.29756,308.829,3002954.2,356.712,6265.81,112.0,17.8824,3.364
7376.14,2039.12,0.27644,89.908,1042392.06,102.431,3565.16,28.0,32.1073,15.993
17776.9,6486.01,0.36485,203.807,2433610.0,270.568,5461.91,206.0,24.0535,20.257
9051.31,2484.97,0.27454,77.2439,1223468.1,129.838,3316.09,17.0,36.5791,3.179
6843.01,2011.37,0.29393,31.069,916588.75,85.9616,2692.73,58.0,40.4015,9.853
8859.19,3184.96,0.3595,83.9234,1223378.1,123.678,4276.58,31.0,32.2144,5.187
12020.3,3094.27,0.25742,149.709,1659753.1,193.069,4182.52,67.0,31.6167,1.959
11439.8,1849.86,0.1617,149.713,1599813.5,167.952,4631.25,151.0,29.7963,2.027
5888.13,1954.36,0.33191,57.275,831710.1,72.4341,2657.08,25.0,40.8457,4.325
5994.59,1652.65,0.27569,61.8569,866940.8,83.8956,3368.27,52.0,40.209,12.685
8614.67,2074.13,0.24076,99.734,1205366.6,121.43,3261.36,4.0,36.786,0.479
10875.3,5108.25,0.46971,91.5015,1499454.8,174.396,3853.31,33.0,35.456,17.563
6853.17,2227.04,0.32496,63.8151,964516.4,84.5767,2523.11,59.0,39.7384,19.331
9733.75,3841.09,0.39461,73.6927,1324514.6,147.288,4021.01,60.0,35.6894,15.148
9138.71,2028.46,0.22196,100.345,1296590.9,118.657,3850.14,68.0,35.2167,2.82
9729.95,3519.68,0.36173,73.7521,1410912.1,123.017,3434.91,96.0,37.117,18.523
6405.16,2975.11,0.46448,92.1974,776275.56,127.095,2075.44,100.0,41.2728,3.685
7260.76,2870.85,0.39539,65.621,1062159.5,102.154,3219.17,29.0,38.8933,1.197
19193.3,5849.3,0.30475,263.113,2605752.8,314.166,5715.85,320.0,20.8362,3.108
8505.02,2244.97,0.26395,81.0857,1210752.9,107.469,4614.88,20.0,33.4917,3.251
13822.4,4298.01,0.31094,173.86,1920852.9,235.917,4748.99,107.0,28.5873,5.555
5910.85,2016.97,0.34123,55.9897,807685.5,85.3402,3193.36,14.0,39.3245,7.926
10503.8,3162.79,0.3011,109.665,1516359.4,135.437,3786.95,54.0,35.1042,1.814
8808.58,3189.98,0.36214,88.9923,1225987.5,121.193,3546.71,60.0,31.4594,12.869
14418.9,5276.63,0.36595,184.365,1906678.9,263.52,5028.65,101.0,23.7299,6.472
7635.91,2302.43,0.30152,66.7105,1060607.0,105.284,3138.23,31.0,37.4383,10.696
11610.3,3227.35,0.27797,134.348,1624818.1,164.428,4441.87,90.0,30.7806,1.921
6780.02,2114.26,0.31183,62.1784,923375.25,84.8852,3431.65,29.0,37.7207,3.04
10490.6,2576.6,0.24561,108.331,1474574.4,151.823,4440.93,62.0,33.0369,4.19
14276.4,4063.11,0.2846,154.748,1997861.2,216.512,5416.44,94.0,26.0569,2.414
6542.72,1796.49,0.27457,52.4227,884478.0,87.6264,2522.4,28.0,40.2964,14.544
6492.38,1474.58,0.22712,54.0259,845963.2,78.851,2840.44,30.0,39.0469,18.551
6683.57,1886.99,0.28233,65.6556,892603.1,83.8139,2801.29,41.0,38.1765,3.326
7490.77,2423.37,0.32351,77.0323,1019890.56,126.608,3121.56,80.0,39.1321,1.306
5654.91,1860.55,0.32901,53.6961,798838.1,75.1008,2518.72,27.0,41.8421,3.712
14478.5,3594.35,0.24825,206.531,2024425.5,234.852,4942.14,120.0,25.4727,2.519
9248.72,2504.03,0.27074,90.194,1269354.4,109.875,4032.32,45.0,46.5464,1.975
9604.56,3895.04,0.40554,72.0878,1360302.2,141.267,4034.38,39.0,38.1124,14.401
8041.02,1532.95,0.19064,79.58,1133039.8,104.573,3768.04,17.0,34.3096,1.895
11355.9,3124.58,0.27515,131.2,1601683.9,170.051,4257.61,44.0,32.2989,1.563
15142.3,5724.68,0.37805,119.951,2050769.8,246.994,4610.83,142.0,29.3475,6.238
9124.03,2216.55,0.24293,69.7198,1325592.0,104.551,2933.47,40.0,38.9776,13.707
7121.76,2138.71,0.3003,75.7372,975683.3,111.473,3062.84,80.0,36.7649,0.794
21238.8,6536.43,0.30775,246.01,2960196.0,318.406,5587.53,73.0,23.1017,3.299
4834.66,1221.78,0.25271,49.8648,615808.7,61.0948,2115.65,41.0,42.9349,3.303
8577.08,2391.88,0.27886,71.8796,1185854.8,113.937,3829.23,29.0,35.1283,4.045
15249.2,4862.15,0.31884,214.81,2126518.5,255.31,5305.27,283.0,24.7095,2.288
6521.99,1337.58,0.20508,55.5602,920410.4,74.1413,3074.51,13.0,37.8782,4.027
15936.2,5747.11,0.36063,188.636,2231287.0,257.433,4501.03,35.0,26.3187,1.912
8782.4,3567.78,0.40624,89.8608,1277114.1,116.322,3927.6,31.0,34.6952,15.99
8851.82,2516.98,0.28434,77.253,1230323.0,110.831,4338.13,61.0,34.2448,2.419
13416.1,4378.93,0.32639,159.69,1945472.2,226.214,4592.64,60.0,28.3542,5.387
8201.59,2350.24,0.28655,82.4107,1143412.5,116.474,3835.92,43.0,35.4658,1.347
11558.1,3839.26,0.33217,119.219,1614383.2,170.524,4663.55,87.0,33.4073,6.566
10721.6,3697.09,0.34482,145.77,1446915.5,214.704,3802.49,178.0,33.2045,20.927
16669.6,5454.32,0.3272,115.084,2254369.0,225.002,4996.33,143.0,27.7376,17.521
7903.73,2909.1,0.36806,72.5333,1072497.8,110.433,2998.59,14.0,38.1115,15.57
5707.46,1494.22,0.2618,43.3584,796548.1,82.3817,2905.61,29.0,41.8233,8.581
9411.22,3635.46,0.38628,128.213,1269704.8,182.182,4415.34,186.0,30.8393,1.335
8667.99,3066.15,0.35373,77.3855,1204944.1,124.932,3346.32,52.0,36.6491,11.23
15461.9,5442.05,0.35196,179.146,2163344.0,267.322,5398.17,159.0,24.6792,1.764
11280.8,4488.23,0.39786,79.8575,1536346.4,175.721,4524.85,93.0,31.8705,19.736
10280.8,3162.37,0.30759,106.424,1426591.9,141.552,4231.02,34.0,35.1071,17.285
13496.7,3294.64,0.2441,129.067,1810651.6,170.148,4225.03,191.0,31.2259,3.461
11430.1,3210.26,0.28086,99.9489,1513808.2,190.712,4090.97,96.0,32.5079,9.657
8885.22,2471.89,0.2782,88.0665,1260703.1,122.845,3954.09,95.0,32.657,3.966
6544.93,1639.84,0.25055,53.7081,920476.3,70.646,3165.11,47.0,39.3398,13.94
8608.69,3250.7,0.3776,99.0329,1217420.4,122.385,3925.67,29.0,34.748,10.68
9116.8,3773.93,0.41395,67.1493,1273922.5,151.819,3734.66,17.0,35.4356,13.845
13073.9,3736.01,0.28576,148.053,1749706.4,198.116,4738.3,55.0,29.98,3.443
10074.6,3450.49,0.34249,70.6834,1448662.5,131.119,3180.84,50.0,37.3904,14.63
17255.2,4895.39,0.2837,212.381,2396467.0,289.208,5725.27,204.0,22.0181,2.022
6777.39,1758.88,0.25952,62.7459,944215.2,89.016,2855.47,103.0,38.7439,5.985
9030.13,1980.89,0.21936,95.352,1283721.4,116.106,3820.14,52.0,35.0054,2.822
6062.81,1368.9,0.22578,43.0413,841348.2,90.6664,2840.86,33.0,46.5464,14.028
8048.14,2393.07,0.29734,93.8299,1099565.5,123.108,3218.17,84.0,38.7218,1.739
5891.97,1992.49,0.33817,58.6562,806239.44,88.6477,2403.25,22.0,41.119,3.001
11390.5,4362.17,0.38296,104.15,1579416.1,164.235,4572.39,46.0,33.914,17.131
8276.95,2410.2,0.29119,88.3737,1141691.6,114.071,3116.49,21.0,37.0453,0.998
5125.73,1548.07,0.30201,46.3768,707406.4,59.4456,1979.7,16.0,43.5185,2.628
4858.7,1240.39,0.25529,47.7015,615527.5,67.9086,2163.92,21.0,41.737,2.615
7452.15,1908.4,0.25608,57.7511,1056993.0,77.6365,3532.37,16.0,38.4472,8.206
7750.26,1763.91,0.22759,71.2271,1051196.5,111.208,3429.53,48.0,35.4187,4.534
6740.83,1772.06,0.26288,84.4425,935896.4,104.361,3854.33,31.0,36.684,1.419
5689.42,1699.41,0.29869,48.5869,803366.9,66.1791,2115.59,3.0,42.4606,5.243
6920.25,2326.38,0.33616,61.015,960472.6,98.0036,3659.99,73.0,36.1724,1.626
20846.0,6678.16,0.32035,215.914,2891761.8,318.984,6261.58,223.0,20.8608,10.817
8512.49,2262.46,0.26578,84.6815,1208542.0,114.419,4061.02,32.0,35.2496,2.348
6411.47,1704.06,0.26578,68.7465,875403.4,93.3526,2876.22,15.0,39.2492,12.19
9516.87,2705.56,0.28429,77.0683,1271795.0,126.287,3299.46,33.0,39.3733,17.21
7166.24,2009.66,0.28043,78.9683,974575.25,108.075,3085.98,74.0,39.0231,1.293
6894.57,1071.7,0.15544,67.0967,926098.5,83.2898,3294.33,54.0,36.6452,3.283
9680.1,1991.8,0.20576,112.418,1343252.1,126.899,4190.57,57.0,34.2935,1.761
11709.5,2130.03,0.1819,145.411,1658466.5,170.801,4611.31,144.0,29.6088,1.786
7869.09,3824.55,0.48602,94.7707,978859.6,144.96,2629.69,106.0,39.5683,17.446
8722.02,3496.2,0.40084,73.8066,1182463.6,127.478,3372.47,15.0,37.3539,14.738
10791.5,3052.99,0.2829,130.811,1531994.6,169.277,4429.36,41.0,31.6719,2.99
11723.9,3053.91,0.26048,114.932,1651309.4,140.248,5309.78,20.0,46.5464,0.0
4654.47,1044.06,0.22431,44.6292,650025.94,61.3878,2589.1,15.0,42.2305,3.717
9141.55,2687.28,0.29396,89.4391,1283192.9,121.742,4408.27,41.0,36.0142,1.526
5922.36,1603.96,0.27083,61.4959,746402.2,88.2259,3106.44,19.0,39.3923,2.218
11318.0,2896.85,0.25595,150.231,1529806.6,170.56,4476.15,53.0,31.0811,3.314
4018.4,1270.1,0.31607,36.4853,547431.2,49.6876,1420.13,16.0,44.2936,1.867
7317.35,1487.17,0.20323,59.293,1016834.0,92.0445,3226.89,27.0,39.0176,11.556
11962.3,3690.79,0.30853,97.3306,1653060.4,150.475,5193.49,114.0,29.8652,14.252
11085.2,3479.13,0.31385,164.148,1522944.8,211.55,4803.03,66.0,28.5504,3.594
6876.65,2000.86,0.29096,51.6741,899143.5,110.729,4694.13,22.0,39.9664,2.682
12076.5,4771.21,0.39508,100.186,1586152.8,196.536,4287.46,70.0,33.4378,19.837
7035.66,2115.58,0.30069,82.123,947414.94,113.973,3075.43,70.0,38.341,1.286
10008.7,3397.72,0.33947,110.014,1363453.1,155.744,4251.43,52.0,33.8747,14.888
8533.04,1835.54,0.2151,74.2112,1226891.8,109.81,4064.29,103.0,34.7205,1.043
6966.62,1754.17,0.25179,60.4429,957573.4,96.8363,3493.06,48.0,37.2502,11.791
4592.49,798.27,0.17382,43.2869,618413.94,53.0531,2598.19,12.0,43.2681,6.727
7740.6,2199.52,0.28415,94.9361,1037517.06,125.633,3779.38,33.0,35.6652,4.817
12412.9,2676.14,0.21559,153.787,1704336.0,201.049,5153.37,146.0,29.7538,0.86
9537.13,2719.99,0.2852,107.349,1335166.2,155.097,4128.38,49.0,34.0533,2.93
5663.9,1496.85,0.26427,58.1409,711101.2,88.6637,3085.85,16.0,39.2905,2.176
20085.0,6247.54,0.31105,263.861,2725420.0,326.602,5829.21,316.0,21.3732,3.753
13446.2,4331.16,0.32211,157.672,1937567.4,251.795,4894.43,83.0,27.2313,3.356
8666.85,3149.96,0.36344,66.2466,1241673.9,113.686,3220.11,25.0,34.9669,15.539
14799.6,5939.77,0.40134,190.774,1951582.0,289.372,5262.19,110.0,26.3328,6.745
6333.83,2367.23,0.37374,37.4745,866783.2,96.0222,2381.71,22.0,41.0545,13.785
6324.23,1379.16,0.21807,60.5958,870003.44,72.0192,3196.0,32.0,38.1435,4.122
9792.41,2693.19,0.27502,113.481,1359957.2,158.533,4239.32,51.0,34.0893,3.099
8349.33,1584.9,0.18982,80.1127,1200211.8,94.9757,3915.03,10.0,35.1105,1.209
15436.8,3288.46,0.21302,206.887,2078066.6,251.793,4984.01,151.0,27.5584,4.407
15430.5,4613.67,0.29899,161.513,2196870.8,229.473,5939.89,67.0,22.2367,14.857
8382.9,1665.07,0.19862,94.7492,1134931.9,101.379,4045.5,112.0,35.2472,4.127
5276.78,1066.58,0.20212,56.9667,749890.5,69.8002,2341.11,71.0,42.6887,7.716
9629.02,2399.28,0.24917,102.819,1343191.0,142.638,4094.87,166.0,32.375,1.666
6353.9,2001.61,0.31502,54.3819,838320.25,102.544,3866.8,22.0,39.7195,3.481
10159.4,2763.72,0.27203,127.277,1402759.1,157.752,4681.44,67.0,30.2595,1.873
17625.5,4694.9,0.26636,214.065,2473017.0,285.633,5643.3,213.0,22.5178,2.609
11026.2,3935.8,0.35694,130.943,1480547.1,173.411,4119.91,34.0,33.5719,1.641
9546.4,2980.74,0.31223,114.255,1329619.5,167.602,4174.71,48.0,33.1285,3.26
11438.6,2987.66,0.26119,131.052,1631548.5,166.14,4883.48,30.0,46.5464,0.0
18588.3,6509.0,0.35016,165.603,2672783.8,265.973,6896.66,153.0,26.6199,8.43
6953.91,1627.19,0.23399,91.4397,942154.94,93.5695,3476.32,22.0,37.3779,12.223
5462.91,2191.24,0.40111,34.5308,774825.2,74.0756,2633.04,35.0,42.7972,2.808
9792.0,3401.87,0.34741,87.639,1364422.5,122.492,4122.83,45.0,34.9128,13.231
10958.1,3310.6,0.30211,132.574,1509930.0,160.111,4890.66,74.0,29.3683,3.243
12946.4,3680.17,0.28426,143.168,1767007.5,192.59,4657.81,63.0,31.1362,6.968
13087.4,4346.38,0.3321,105.875,1785501.1,186.33,4666.75,143.0,29.403,4.324
8053.49,2606.67,0.32366,93.2596,1108576.9,110.75,3238.46,30.0,35.8118,10.421
6377.98,2024.85,0.31747,52.9559,904816.25,88.3151,3051.04,5.0,39.2511,12.331
5840.08,1981.93,0.33936,27.4008,818627.44,69.5357,2497.81,22.0,41.6105,10.713
18261.8,6110.33,0.33459,177.515,2465694.8,279.554,5499.68,136.0,22.4196,20.127
9378.69,2181.91,0.23264,109.737,1298831.6,135.854,4231.07,56.0,34.0908,1.645
22203.2,4810.65,0.21666,316.156,3047609.8,388.833,6225.86,159.0,19.8261,0.949
6181.04,1477.74,0.23907,66.4028,876411.2,76.2301,3450.2,27.0,35.2199,16.391
8313.21,3246.13,0.39047,97.7153,1118921.2,156.239,3761.06,64.0,36.6863,15.296
4032.61,1222.6,0.30317,33.3964,566752.44,56.4921,2022.17,36.0,44.8158,6.186
6024.62,1298.16,0.21547,70.9681,840187.1,76.4868,2769.82,78.0,39.6658,7.884
8085.51,2125.76,0.2629,80.3147,1096724.4,129.254,3639.46,35.0,35.9155,1.79
7712.41,2712.53,0.3517,77.2389,1089798.6,101.43,3890.46,30.0,35.1,12.647
17817.7,4010.89,0.2251,222.109,2408277.8,279.869,5565.83,184.0,22.8353,3.036
11124.0,2054.35,0.18467,145.449,1564328.4,166.592,4666.67,144.0,29.9262,1.574
7485.82,1649.94,0.2204,68.3757,1021933.25,98.0155,3458.4,23.0,36.1289,3.799
7594.32,3262.61,0.42961,66.9827,1051933.8,114.265,2385.46,69.0,40.3947,10.422
9835.51,2161.59,0.21977,89.4205,1382045.5,121.438,4460.15,35.0,31.0018,7.205
7292.79,2261.99,0.31016,63.5513,987131.25,100.851,3815.65,40.0,37.249,10.499
9861.02,3611.72,0.36626,101.796,1326011.6,141.642,4584.62,92.0,39.2847,18.803
13506.7,4359.87,0.32279,162.485,1848359.9,209.624,4958.36,75.0,27.9115,4.068
11394.0,2959.46,0.25973,146.082,1532166.4,181.7,4545.01,59.0,31.0844,3.114
8861.86,2342.93,0.26438,86.7284,1245282.5,132.2,4144.7,170.0,32.0126,1.509
18415.2,7557.31,0.41038,209.987,2474282.5,333.649,5825.95,198.0,29.2394,20.754
4522.41,817.99,0.18087,40.5249,611120.1,64.9291,2378.19,25.0,42.2111,15.144
6502.1,1876.07,0.28853,60.6086,888727.25,78.4715,3266.51,24.0,38.3693,3.401
7292.35,2628.98,0.36051,64.4966,1011473.0,100.889,3474.06,73.0,36.5935,17.056
5346.33,1638.39,0.30645,55.6448,724562.44,72.4807,2672.39,41.0,40.7955,10.417
6400.72,2543.99,0.39745,55.52,891755.2,86.6062,2942.05,39.0,39.7733,13.421
20912.5,6071.95,0.29035,230.1,2872161.2,319.773,5025.03,100.0,26.0602,5.073
16040.8,4709.41,0.29358,190.652,2194531.0,266.622,5448.1,95.0,23.9761,7.466
4508.68,1637.86,0.36326,31.8599,642096.8,65.9757,2284.44,52.0,43.4832,10.586
8514.22,2953.71,0.34691,76.1018,1160840.5,109.374,3337.47,14.0,37.5044,12.998
6343.64,2267.66,0.35746,60.398,890248.9,88.8791,2761.87,44.0,37.7338,2.942
8326.46,2917.35,0.35037,81.3643,1158206.1,122.582,3320.0,37.0,36.7671,3.52
6815.71,1191.37,0.17479,61.2251,937298.8,93.2575,3057.75,68.0,39.3919,14.37
16911.9,5175.01,0.30599,207.523,2407142.8,286.948,5560.48,273.0,24.6067,12.58
7161.4,2856.99,0.39894,64.4624,1049109.9,97.9667,3222.08,30.0,38.8582,1.301
11470.7,3754.57,0.32731,116.117,1649582.4,175.384,4290.92,26.0,31.8602,3.742
11983.5,2360.33,0.19696,148.067,1624513.9,195.32,4924.83,142.0,29.8606,0.505
9167.5,2851.75,0.31107,93.1975,1260545.9,118.083,3505.4,36.0,35.7956,9.875
7041.38,2780.66,0.3949,66.6437,979516.25,117.251,3153.52,54.0,38.1373,13.787
6000.09,889.5,0.14824,50.39,840123.06,72.008,2754.0,2.0,42.1332,0.518
6337.78,2111.62,0.33317,55.572,858097.2,91.9049,3079.38,14.0,40.1207,8.968
13564.2,5527.56,0.40751,98.5942,1897665.9,202.091,8774.32,114.0,30.7607,19.218
6597.09,1725.58,0.26156,58.1999,871634.25,87.4567,3141.64,41.0,40.1034,5.927
6879.05,1676.56,0.24371,62.6305,955941.8,86.1322,2888.2,31.0,39.7617,16.41
3946.23,1179.23,0.29882,33.8817,541308.06,47.2404,1408.27,16.0,44.3209,1.683
9752.87,3557.02,0.36471,91.8542,1382054.2,138.814,3531.8,15.0,35.236,6.066
5802.07,1527.46,0.26326,61.2506,730524.75,88.5772,3097.87,16.0,39.4311,2.333
13742.9,3097.43,0.22538,161.928,1914432.6,190.246,5265.48,183.0,27.2702,16.739
7532.26,3224.08,0.42803,79.2069,1059582.8,125.704,3305.02,44.0,38.0333,2.991
5942.85,1976.65,0.3326,53.1816,798456.4,82.1941,2530.36,31.0,41.5757,13.431
10572.9,2653.55,0.25097,114.62,1498015.5,143.1,4425.84,75.0,33.2183,5.778
12711.3,4694.89,0.36934,147.817,1763653.0,237.163,4598.83,92.0,30.0635,19.594
12192.6,3619.0,0.29681,115.297,1638282.9,156.946,4610.52,38.0,31.5258,12.912
8626.77,2499.35,0.28972,79.7709,1209676.9,105.143,4172.64,53.0,34.1433,1.929
6414.6,2023.54,0.31545,73.8151,898121.25,85.2587,2986.02,54.0,36.474,3.736
9874.48,2850.01,0.28862,97.8279,1383525.8,137.281,4511.54,56.0,32.0385,3.91
6375.71,1621.89,0.25438,65.5562,867918.3,95.7512,3327.49,40.0,38.1414,13.352
7917.15,2012.32,0.25417,90.7535,1103914.8,126.255,3212.27,5.0,37.042,0.685
4888.97,1601.98,0.32767,49.1041,701992.6,76.3619,2309.53,36.0,42.6513,9.198
5358.7,2126.45,0.39682,47.434,788274.3,69.3869,2662.37,37.0,42.3161,5.886
14367.2,4613.74,0.32113,140.765,2017879.9,227.939,4954.22,77.0,28.9223,16.341
5889.92,2110.94,0.35839,58.8387,815676.5,82.253,2584.55,26.0,41.0963,4.194
6964.25,2143.5,0.30778,62.5609,976199.5,89.2613,3696.24,39.0,36.2087,10.369
9287.32,3013.09,0.32443,64.3156,1259715.2,139.499,3316.7,51.0,36.1622,4.332
4907.6,1457.1,0.2969,45.6676,676240.0,61.1961,1962.9,18.0,43.9966,3.799
15065.6,4949.02,0.32849,182.486,2091396.0,230.655,4675.99,28.0,28.2712,5.838
8156.28,1854.81,0.2274,65.7436,1179846.8,93.4766,2847.96,29.0,38.8378,15.411
10484.0,2490.35,0.23753,122.724,1429992.2,152.064,3621.0,18.0,34.4204,2.246
3587.25,644.58,0.17968,27.259,497715.47,43.8896,1795.74,58.0,45.7711,9.917
10745.5,2645.58,0.2462,110.596,1518919.6,146.775,4329.48,62.0,30.0269,4.602
6376.25,2146.8,0.33668,68.0594,901161.44,90.1547,3269.62,24.0,34.0183,13.674
7260.94,1749.16,0.24089,55.315,1029679.9,78.5211,3422.47,18.0,38.3187,13.92
12091.2,4141.78,0.34254,117.904,1699737.1,168.621,4624.56,76.0,31.8503,3.67
8386.66,2145.11,0.25577,75.8034,1126265.0,109.776,3394.39,32.0,37.8405,15.762
11378.6,5432.01,0.47738,57.0612,1457658.6,205.176,4201.5,77.0,33.6716,16.262
8335.12,1722.68,0.20667,98.5435,1192653.4,115.941,3777.89,44.0,35.3459,3.142
6567.29,2084.47,0.3174,59.9243,925286.25,95.6607,2510.46,23.0,41.0394,10.236
7373.54,1850.94,0.25102,72.2748,1035995.4,82.2271,3018.03,21.0,36.6733,5.832
10442.4,3814.93,0.36533,100.01,1461935.1,124.458,3471.89,50.0,33.3144,9.581
4522.35,965.75,0.21355,39.9799,595002.2,65.6947,2615.2,12.0,43.1539,2.076
16222.4,5890.98,0.36313,141.751,2290680.2,236.109,6578.08,62.0,25.107,8.517
11028.6,4424.7,0.4012,99.0726,1544453.6,168.041,4197.85,65.0,33.9265,19.606
5909.89,963.44,0.16302,52.3208,817971.44,65.3787,2988.95,16.0,35.4617,11.865
9087.71,2023.07,0.22261,112.07,1224641.1,137.272,4018.8,41.0,34.3478,2.096
7627.15,1766.39,0.23159,83.0564,1029705.44,120.518,3505.18,34.0,36.2061,4.003
11466.9,5143.8,0.44857,104.563,1582620.6,170.586,5982.77,93.0,28.268,13.403
16861.1,5851.6,0.34704,185.723,2327032.2,266.519,5996.76,105.0,24.3893,6.727
6443.54,1990.11,0.30885,52.6278,895913.2,90.5188,2615.95,82.0,41.0582,11.506
8826.21,2440.86,0.27654,81.857,1233588.0,107.487,4243.46,61.0,34.4414,2.393
9583.97,2754.08,0.28736,88.2537,1336675.6,126.074,3544.79,70.0,35.7773,6.618
7781.92,2444.21,0.31408,72.2454,1076775.9,105.641,3141.6,47.0,38.2656,11.361
7205.71,1749.4,0.24277,56.0156,1009818.56,78.9868,3185.49,39.0,39.2363,14.081
14693.9,3767.29,0.25638,173.305,2007565.0,210.615,4924.85,105.0,27.4341,2.311
7368.06,1619.82,0.21984,85.5403,1024774.2,105.158,3862.6,19.0,36.1885,1.307
7946.27,2821.81,0.35511,64.1177,1099582.0,113.781,2842.54,97.0,39.0279,17.363
14588.2,5262.1,0.3607,134.396,2040382.0,218.975,4898.37,45.0,28.9968,3.073
14751.2,3844.49,0.26062,129.951,1982604.2,203.858,4734.76,141.0,28.8851,5.355
8545.27,3117.76,0.36485,92.8494,1206000.2,122.424,3675.58,33.0,37.1958,10.275
11872.1,3037.12,0.25581,135.801,1614826.2,149.724,3962.75,222.0,32.4524,2.457
6554.96,1872.65,0.28568,63.4508,886890.56,99.5582,3348.99,54.0,38.6027,8.346
6502.97,2256.4,0.34697,64.5239,930476.6,93.769,3430.34,66.0,38.2796,14.442
6242.09,1722.81,0.27599,70.932,894461.6,79.2589,3098.25,9.0,38.8207,1.924
8184.96,3114.81,0.38055,77.1498,1142302.4,116.06,3644.72,36.0,36.4822,10.676
6889.56,2419.25,0.35114,63.1173,962139.5,102.095,3825.69,76.0,37.0699,1.433
9114.07,2069.86,0.2271,77.8191,1209564.0,112.447,3344.14,37.0,36.8627,16.935
15276.4,4719.89,0.30896,210.696,2120368.8,252.806,5330.34,293.0,24.6758,1.563
10356.3,4110.42,0.3969,66.3748,1358843.0,177.129,11423.02,61.0,39.4639,3.513
9557.11,4009.83,0.41956,71.3743,1367603.4,147.261,3430.65,21.0,36.5708,14.454
12869.6,3335.2,0.25915,137.605,1752735.4,155.314,4775.36,90.0,28.453,9.654
6079.16,1902.48,0.31295,67.7806,851171.4,89.4606,3002.05,35.0,40.2782,1.692
12592.5,2997.32,0.23802,199.618,1714854.9,200.951,4567.19,175.0,29.1207,1.624
5251.32,1727.96,0.32905,46.696,733395.56,66.3166,1969.45,29.0,43.8561,11.234
19243.2,6309.2,0.32786,198.367,2661090.8,232.416,5317.91,120.0,25.9819,17.263
8139.44,1962.87,0.24115,72.5502,1128408.9,96.8992,3340.94,48.0,36.2313,14.394
3775.79,1176.86,0.31168,33.9678,514195.2,48.5693,1339.44,24.0,44.6292,11.205
13049.8,3997.64,0.30633,120.489,1829038.4,160.356,5220.03,76.0,28.7457,15.4
6230.65,1824.53,0.29283,54.8078,853934.9,81.5361,2587.12,24.0,40.7241,14.063
6272.92,1945.49,0.31014,53.3859,866814.3,83.0845,2669.7,81.0,40.4774,11.654
15278.0,4749.02,0.31084,218.066,2127934.5,255.58,5334.69,289.0,24.7245,1.55
16300.1,5498.71,0.33734,232.965,2218633.8,264.663,5292.3,118.0,24.8452,1.862
9421.25,1424.52,0.1512,90.1675,1334702.8,114.662,4120.44,58.0,33.7336,13.712
14253.2,5642.51,0.39587,207.505,1956296.1,255.328,4675.01,43.0,28.2927,4.187
9016.75,2037.35,0.22595,94.7095,1280094.9,149.273,3789.28,15.0,34.3809,0.576
4840.74,1440.71,0.29762,48.7914,688008.2,65.0208,2107.36,13.0,43.0335,8.659
13408.4,3836.1,0.28609,157.569,1854629.8,203.765,4815.42,183.0,26.9281,2.059
8332.34,2207.62,0.26494,61.1113,1177300.4,89.2573,3192.29,51.0,36.488,16.328
6325.95,1620.01,0.25608,61.2985,852026.8,87.0017,3211.78,84.0,38.9202,13.82
17994.2,7420.79,0.41239,135.646,2480151.0,269.184,6219.16,125.0,24.8278,18.367
4871.62,1379.77,0.28322,39.1436,664864.2,64.9666,1591.22,23.0,43.6783,14.18
11757.1,2580.35,0.21947,149.657,1658274.5,176.484,4612.17,54.0,29.9372,0.933
18034.1,7309.77,0.40533,181.206,2456094.5,276.931,5599.77,158.0,25.7866,15.6
5724.02,1563.92,0.27322,62.7433,722789.1,85.783,3091.55,20.0,39.4981,2.064
9839.92,3488.96,0.35457,64.5623,1402338.2,147.4,3903.46,67.0,35.7141,20.533
14837.1,3976.98,0.26804,170.853,2036686.6,240.344,4838.51,27.0,31.4787,2.957
6696.13,1609.39,0.24034,67.8227,957087.7,67.1823,3350.57,39.0,36.6621,11.168
15015.2,5532.75,0.36847,190.666,2113180.5,244.774,4752.41,169.0,28.5243,20.75
9680.09,2536.06,0.26198,90.6068,1367290.6,135.454,4762.74,42.0,33.0097,6.058
10957.2,3210.85,0.29303,129.937,1548671.5,180.35,4452.01,42.0,31.6831,3.252
10950.4,3521.95,0.32162,114.635,1527993.4,186.8,4140.13,38.0,31.1894,2.083
12496.1,3505.31,0.28051,169.75,1740266.0,200.005,4771.1,62.0,28.2337,3.541
7072.94,2114.95,0.29901,66.1413,979663.1,93.7013,3086.31,50.0,39.618,1.943
5154.23,1606.7,0.31172,47.8471,729764.0,69.251,2013.59,10.0,42.4241,4.701
15659.8,4863.13,0.31054,218.968,2055385.8,235.428,5801.07,246.0,22.9458,2.815
6736.79,2057.31,0.30538,55.9145,877232.2,111.009,4755.9,21.0,40.2437,4.928
9229.28,2690.63,0.29153,63.491,1303832.5,101.689,3557.15,64.0,38.1947,12.731
6762.13,1237.89,0.18306,54.1665,956301.56,68.1968,3146.15,42.0,39.2509,14.114
11349.8,2435.81,0.21461,148.635,1572458.6,176.523,4037.16,66.0,31.9242,1.988
6563.89,2070.93,0.3155,58.9974,939988.75,91.7332,3310.08,45.0,40.5248,16.264
13326.8,4625.65,0.34709,150.972,1851312.5,174.817,5219.9,38.0,27.4373,4.17
6894.15,2011.2,0.29172,62.8154,914230.75,93.3319,3554.76,64.0,37.4096,4.588
8956.1,3328.57,0.37165,82.316,1246116.1,131.681,3605.46,127.0,35.5423,2.283
4840.72,1152.06,0.23799,42.5027,623880.0,65.5779,1970.41,28.0,43.4879,11.569
3993.58,1592.81,0.39884,27.6002,550037.6,51.5169,2066.54,5.0,44.0405,10.716
8174.07,2087.21,0.25534,96.8153,1089369.9,119.706,3825.67,46.0,36.4619,4.368
22626.0,6709.4,0.29653,305.522,3112338.2,379.134,6347.54,94.0,17.6274,3.363
9455.76,3383.04,0.35777,79.9725,1313744.9,130.83,4089.37,42.0,33.3666,15.295
8831.7,2455.09,0.27798,83.4545,1229698.4,116.193,4096.9,48.0,35.5997,1.8
10989.2,2698.52,0.24556,145.548,1555363.8,153.53,4129.79,133.0,29.5569,14.86
12109.4,3287.93,0.27151,109.82,1699658.8,155.01,4198.36,14.0,33.1708,17.183
8912.59,2329.92,0.26141,103.263,1254230.1,118.448,3926.28,52.0,34.415,3.174
9291.44,3642.82,0.39206,91.828,1320525.1,153.144,4128.36,88.0,31.6708,15.263
6824.44,2179.62,0.31938,60.6754,917753.06,97.4044,3243.21,22.0,46.5464,1.647
4899.01,1557.19,0.31785,45.8027,691238.8,62.8896,2532.13,48.0,42.2875,7.413
19391.0,4788.54,0.24694,186.1,2831981.5,237.122,4795.37,97.0,28.0683,14.438
12190.4,3848.53,0.3157,106.016,1699094.6,178.475,4403.55,19.0,32.7114,2.817
6903.83,1658.06,0.24016,73.8641,927388.3,88.7706,3486.74,80.0,37.9135,2.395
24802.6,7297.72,0.29423,319.538,3409757.8,363.028,6501.92,93.0,46.5464,3.66
14679.9,3376.21,0.22998,195.439,2048982.1,249.007,4975.59,122.0,26.7068,1.462
6607.92,2176.94,0.32944,57.26,934697.5,87.2941,2879.91,41.0,40.0763,1.752
7195.01,1777.38,0.24702,69.2119,969728.9,93.5637,4015.12,60.0,35.8083,4.294
6429.26,2901.12,0.45123,68.0194,922375.1,130.189,2988.35,44.0,38.9456,12.731
9107.17,3639.09,0.39958,99.6621,1295822.2,148.287,4267.45,108.0,36.8474,14.593
29078.6,12491.1,0.42956,273.815,3853609.2,449.5,6605.63,198.0,19.764,20.784
9934.91,3177.24,0.3198,87.2275,1408687.6,134.632,4880.17,44.0,31.037,2.653
22495.2,5378.4,0.23909,328.168,3097558.0,396.978,6216.87,160.0,19.8319,0.987
5258.04,1546.91,0.29419,44.9122,728479.9,66.1432,2104.78,23.0,43.7854,2.506
11045.7,3470.47,0.31419,147.918,1546842.9,162.504,4862.52,57.0,27.9439,4.307
14313.8,4864.14,0.33982,91.8533,1972511.8,192.799,5070.02,149.0,28.5373,4.428
12150.4,2916.35,0.24002,130.722,1715421.8,160.91,4524.91,53.0,29.607,3.361
7658.23,2285.05,0.29837,76.4834,1059973.6,95.4989,3729.23,35.0,36.3622,1.736
7506.17,2519.05,0.33559,68.6788,1034183.4,100.827,3957.8,65.0,35.2959,5.6
14690.8,4658.18,0.31708,217.015,1988940.0,254.253,5268.11,105.0,23.1849,2.072
4973.57,867.87,0.17449,41.0858,692077.0,70.4445,2542.4,22.0,41.8613,9.619
13735.2,3768.97,0.2744,167.052,1897206.5,183.415,4972.06,119.0,27.5277,5.323
8789.91,1716.09,0.19523,99.7472,1243309.9,119.973,3834.96,43.0,35.0838,2.913
10004.8,2595.78,0.25945,99.3259,1427895.6,149.036,3959.6,39.0,33.4114,1.567
9127.7,2447.21,0.2681,102.141,1249323.8,143.976,3285.09,6.0,36.7389,0.89
6432.66,2129.8,0.33109,57.9773,900783.25,96.2366,2703.37,49.0,40.5371,2.17
8349.01,2404.27,0.28797,94.6168,1180290.8,113.147,3587.02,88.0,36.8506,2.224
7816.07,1832.91,0.2345,85.6885,1064336.9,117.344,3508.83,32.0,36.0944,4.063
6745.12,3108.86,0.4609,69.9286,909475.7,116.515,3073.19,71.0,38.5455,16.905
7733.1,1942.41,0.25118,52.9302,1059075.5,95.0123,3330.04,44.0,39.191,13.942
7948.69,1652.04,0.20783,80.4701,1107096.9,87.051,3900.86,59.0,37.3862,3.976
9900.12,3210.31,0.32426,94.9099,1331103.2,144.392,4998.27,58.0,35.655,19.619
20358.3,7189.68,0.35315,259.802,2783772.0,344.555,5838.15,314.0,20.5538,2.622
10502.8,4501.1,0.42856,94.7816,1481466.1,177.516,5402.68,98.0,37.2885,18.637
25931.6,9539.79,0.36788,270.949,3492523.2,423.792,6264.54,185.0,20.1646,19.605
7742.33,2761.79,0.35671,74.0799,1024516.94,116.773,3851.95,73.0,35.9142,15.912
7009.59,2424.69,0.34591,52.1418,997075.75,93.4708,2549.08,66.0,41.4772,12.522
8670.69,4493.32,0.51821,73.0528,1166772.8,153.605,3142.84,46.0,37.607,15.084
14898.1,2969.52,0.19932,180.409,2068003.1,236.39,4708.55,32.0,28.4088,1.269
8107.81,1445.72,0.17831,91.8202,1130067.1,103.114,3861.76,106.0,34.9495,4.226
9365.9,2117.42,0.22607,84.152,1322280.2,111.885,4808.61,45.0,32.6066,5.269
17488.4,5574.49,0.31875,164.883,2517761.5,256.379,4724.82,105.0,28.3784,19.022
9640.88,3040.65,0.31539,54.5262,1367653.9,111.608,3560.32,54.0,38.8482,17.446
11244.9,4256.59,0.37853,92.8925,1522220.1,154.757,4812.17,54.0,36.8382,18.855
10336.3,3660.02,0.35409,96.4215,1473978.8,175.195,4318.92,98.0,32.896,12.482
10381.4,3504.62,0.33758,118.403,1497291.5,178.705,4141.8,66.0,33.0423,18.086
17042.1,4857.53,0.28503,224.555,2399025.8,285.13,5631.89,111.0,21.5831,2.478
10272.9,3017.44,0.29372,117.792,1463281.1,140.571,3939.01,64.0,34.5702,3.231
7275.45,2481.54,0.34108,66.3425,1030994.56,95.1512,4120.72,51.0,37.5102,16.832
6732.8,1699.82,0.25246,70.3488,887864.06,97.6684,3453.12,66.0,37.883,2.562
7808.18,2235.97,0.28636,79.7233,1063123.9,118.425,3159.63,82.0,39.2612,1.871
12324.7,3607.61,0.29271,134.939,1754394.9,175.431,4823.08,63.0,32.5177,2.791
9620.91,2800.33,0.29106,115.7,1358738.9,160.421,4096.27,54.0,33.8409,3.035
11540.4,3005.1,0.26039,129.809,1591867.2,155.867,3864.6,24.0,33.6003,2.492
6219.81,1431.55,0.23015,68.3427,884977.3,74.436,3062.08,18.0,38.6069,1.514
8121.69,2765.84,0.34054,62.0047,1149529.4,105.906,4034.2,47.0,35.9362,11.759
13225.8,3258.4,0.24636,163.722,1863453.6,180.729,4611.46,55.0,29.9055,1.142
9876.83,2392.0,0.24218,102.61,1379319.4,128.558,4269.17,38.0,32.7003,3.285
7551.61,2020.98,0.26762,89.9877,1025786.9,97.5407,3581.08,20.0,36.9228,8.941
7960.8,2618.04,0.32886,92.42,1138272.5,115.816,3532.38,14.0,36.0639,3.303
10625.2,3760.21,0.35389,92.7675,1482188.2,163.549,4947.72,44.0,32.3699,1.776
8299.4,2157.32,0.25993,66.3569,1105780.2,101.864,4165.43,28.0,34.6998,10.066
4196.0,1257.53,0.29969,34.1353,578272.44,50.9028,1399.62,30.0,44.4197,11.842
22370.8,8649.33,0.38663,188.473,3113666.2,386.669,16493.44,142.0,26.7703,4.595
11477.9,2962.72,0.25812,135.09,1565792.1,150.375,3910.22,26.0,34.8105,2.828
11854.8,3922.48,0.33087,103.7,1675828.0,161.224,4133.93,23.0,33.8746,15.758
4979.52,1181.78,0.23732,43.9361,699974.75,64.7004,2644.22,15.0,41.8826,3.511
10807.7,2777.34,0.25697,130.732,1535860.2,148.455,4929.59,117.0,28.0928,16.615
5908.57,1484.87,0.2513,67.4569,830337.4,77.8999,2819.38,74.0,39.6867,8.331
8525.12,2612.2,0.30641,87.2631,1208331.1,129.368,3910.8,7.0,35.1192,1.965
7389.58,3037.27,0.41102,80.6767,976519.0,124.589,3156.83,77.0,38.2987,15.895
11995.9,4378.39,0.36499,154.013,1655723.5,178.804,5526.47,39.0,26.8848,18.844
9526.69,3529.08,0.37044,92.8881,1331890.2,138.553,3733.61,33.0,35.049,3.824
15700.5,4833.11,0.30783,188.781,2169207.5,260.995,5283.69,88.0,25.2269,6.443
12086.8,3200.6,0.2648,153.356,1678775.5,180.539,4468.29,21.0,29.9953,2.581
6039.41,1597.83,0.26456,52.3828,786809.7,100.055,3858.21,21.0,39.6919,1.802
13111.2,3782.74,0.28851,161.246,1796168.6,211.268,4805.17,194.0,29.7124,1.947
7821.84,2017.8,0.25796,64.63,1076380.9,114.183,3752.22,22.0,36.7305,1.264
16659.2,4210.93,0.25276,219.097,2354068.2,276.008,5642.95,100.0,21.4574,2.868
14916.3,5044.59,0.33819,191.25,2026333.9,254.186,5188.98,210.0,28.3261,4.45
6350.8,1391.85,0.21916,62.0587,885861.06,68.6609,2861.83,29.0,40.1633,7.201
11414.7,3475.3,0.30445,85.6385,1530004.5,167.548,4181.31,8.0,33.2409,13.666
15346.5,4312.1,0.28098,214.785,2108270.8,272.723,5096.91,157.0,25.28,3.532
5435.11,1548.87,0.28497,49.7144,756983.0,82.5636,2759.02,15.0,38.9534,9.166
13952.1,5379.63,0.38557,79.1436,1907285.8,196.335,4414.44,136.0,31.2925,12.755
13258.2,3807.29,0.28716,168.368,1834558.0,211.115,4730.93,124.0,28.821,4.138
7148.86,1624.37,0.22722,64.8485,978787.3,100.859,3356.57,62.0,38.4194,13.719
14681.5,4904.87,0.33408,187.709,1991227.1,244.884,5616.64,183.0,25.6788,4.458
6241.54,1456.51,0.23335,70.3709,897340.7,72.3631,3090.41,18.0,38.5587,2.412
11277.6,2889.59,0.25622,145.364,1597388.4,157.346,4145.04,128.0,32.5008,2.856
3865.97,1038.85,0.26871,33.859,549209.75,46.7191,1772.93,11.0,44.4565,1.978
9180.07,2067.63,0.22523,104.187,1247218.8,148.003,4005.26,41.0,34.0731,2.109
9278.86,4005.43,0.43167,85.1286,1293556.9,142.752,3688.36,116.0,35.0431,4.615
8363.48,2521.11,0.30144,95.4766,1185300.6,120.409,3534.45,95.0,36.3227,2.358
11743.5,3155.38,0.26869,131.258,1627550.6,167.223,4478.11,98.0,31.3231,1.877
9524.65,2881.84,0.30256,100.131,1319234.0,128.206,3946.47,25.0,34.1157,2.573
7534.29,2613.84,0.34692,74.1235,1002603.56,114.153,3473.88,61.0,36.6876,8.631
12122.1,3652.36,0.30129,157.307,1700046.5,230.816,4223.2,82.0,31.1283,1.612
5954.86,2068.37,0.34734,74.2564,824498.25,88.5359,3047.71,31.0,40.4788,1.811
4881.73,950.67,0.19474,46.7579,699571.5,56.8596,2188.36,80.0,43.3308,0.632
5671.65,2022.75,0.35664,59.3012,778857.06,81.3912,3162.14,11.0,39.535,7.923
11446.4,3516.84,0.30724,74.0983,1505509.9,199.619,4060.78,80.0,33.2887,15.342
13774.6,3926.06,0.28502,165.756,1916455.2,230.699,4374.28,82.0,30.2117,1.529
7622.64,1898.13,0.24901,91.7933,1054998.0,118.32,3225.68,4.0,37.742,0.401
14632.9,4010.32,0.27406,170.961,2020464.4,218.942,4814.63,121.0,46.5464,4.994
8661.2,1941.0,0.2241,80.2655,1251191.2,107.876,3928.02,9.0,34.9185,1.329
15381.0,3623.67,0.23559,204.774,2138380.2,246.368,5045.86,135.0,26.5918,2.519
14196.1,3475.05,0.24478,202.127,1985917.8,249.582,4924.91,140.0,26.8794,3.099
8301.95,2461.11,0.29644,73.2281,1186630.6,101.709,3088.92,34.0,37.5803,14.951
10435.2,2646.5,0.25361,124.192,1446285.5,163.523,4625.92,74.0,27.9301,1.616
8393.19,2775.36,0.33066,92.5451,1202125.4,111.105,4037.96,32.0,35.6757,2.267
9297.28,4163.11,0.44777,72.8919,1245254.8,142.107,3420.78,41.0,37.7331,14.388
5472.87,1481.41,0.27068,43.2851,735611.94,88.7399,3584.15,23.0,40.1907,13.107
8314.7,1868.66,0.22474,79.6073,1161755.8,106.026,3910.6,19.0,33.7808,2.039
6471.95,1635.53,0.25271,73.4335,842008.4,96.5431,3451.05,71.0,37.985,2.507
8992.29,3448.08,0.38344,97.9145,1256944.0,126.769,3366.34,68.0,36.0416,15.936
11779.3,4320.4,0.36677,132.291,1616708.5,176.125,5047.21,69.0,28.8019,5.681
5860.21,1952.81,0.33323,43.478,844571.25,79.6726,2626.51,49.0,41.4978,8.497
3936.7,805.91,0.20471,41.9696,532451.4,56.3089,2542.28,15.0,42.9154,13.074
7387.99,2828.86,0.38289,76.5562,991376.8,119.157,3515.79,57.0,36.5767,16.033
10168.6,3684.76,0.36236,97.0706,1409308.0,136.837,3547.2,74.0,32.6269,17.071
5811.67,1210.82,0.20834,54.3527,798684.4,88.1025,2880.16,48.0,41.3155,11.072
8417.4,1624.2,0.19295,63.3754,1194139.0,87.3962,3028.27,38.0,38.9171,13.077
4184.04,1705.13,0.40753,36.7171,564820.44,60.5191,1438.13,34.0,44.5105,10.081
8378.0,1724.31,0.20581,97.8196,1174543.2,123.254,3789.39,45.0,35.0834,3.266
6138.79,1289.63,0.21007,53.8155,840880.6,79.3867,2986.86,31.0,40.0898,6.14
10914.1,2641.7,0.24204,123.613,1470456.0,174.024,3967.33,79.0,32.7095,2.658
9798.22,3285.51,0.33531,116.306,1378128.8,144.139,3729.71,64.0,35.3081,3.671
9103.46,3156.88,0.34677,79.3131,1255931.9,126.015,3825.91,64.0,38.6994,10.615
13200.0,3430.42,0.25988,126.564,1847958.2,163.537,5557.45,156.0,25.273,12.879
6282.34,1876.68,0.29872,63.2836,885299.7,80.5564,3519.52,77.0,40.0512,9.944
6319.92,1663.34,0.26319,64.4173,898720.56,96.788,3171.79,7.0,46.5464,5.349
13314.8,5314.08,0.39911,153.098,1876777.4,220.246,4725.48,55.0,29.4965,20.816
19761.6,7195.16,0.36409,190.582,2798416.0,330.718,8426.86,111.0,26.7223,5.054
10710.8,2982.94,0.27849,117.907,1484137.9,158.957,4396.82,66.0,33.271,3.705
9784.57,2453.46,0.25074,98.726,1349049.2,130.621,4296.9,42.0,33.45,2.064
8307.12,2775.29,0.33408,89.1757,1166981.6,123.326,3177.81,23.0,37.8063,3.037
9073.77,1657.47,0.18266,86.0524,1222727.0,130.657,3592.85,118.0,34.0438,12.941
8289.93,3435.59,0.41442,66.4525,1128010.5,133.373,3471.03,49.0,37.7292,14.824
9763.57,2749.97,0.28165,111.431,1357572.9,171.103,4202.52,52.0,33.7255,3.092
17018.8,5718.88,0.33603,202.474,2328766.5,260.673,5522.44,134.0,25.0358,18.947
8526.49,1949.2,0.2286,72.6083,1153481.6,103.597,3850.58,75.0,34.1327,15.02
7229.65,2749.92,0.38036,61.5828,961351.56,113.745,3173.63,23.0,40.2685,1.227
5598.42,831.49,0.14852,50.4466,771776.9,55.6759,3028.63,27.0,39.8166,4.244
5336.37,2261.67,0.42382,38.4989,720474.94,93.2751,1583.6,5.0,43.1776,12.246
8201.94,2425.65,0.29574,87.227,1089030.4,105.573,3455.87,29.0,32.5431,14.732
5111.35,975.1,0.19077,42.9684,733387.4,59.6087,2195.57,81.0,42.7779,0.771
11959.6,2745.42,0.22955,110.176,1699186.1,154.404,4571.3,87.0,31.7837,16.529
7755.61,1835.44,0.23665,71.2659,1118032.5,96.639,3061.74,12.0,37.8043,2.35
9618.44,2478.89,0.25772,100.033,1367229.2,130.043,3587.54,137.0,35.9136,2.062
3775.79,1176.86,0.31168,33.9678,514195.2,48.5693,1339.44,24.0,44.6292,11.205
5270.17,1873.5,0.35549,52.2797,729724.44,87.2873,2211.52,95.0,42.3169,12.068
12233.8,2564.55,0.20962,151.895,1668126.9,200.114,4906.34,138.0,29.8088,0.682
7325.53,1945.76,0.26561,68.4426,1005598.2,86.0261,3159.85,91.0,37.9666,2.057
5084.15,1341.77,0.26391,46.3732,703841.9,62.6883,1967.27,14.0,43.197,5.051
4365.91,1435.65,0.32883,46.1952,606792.4,70.8318,2685.46,29.0,42.3905,13.133
12287.3,4161.03,0.33864,139.8,1724140.8,198.538,4663.74,114.0,29.4645,1.942
8390.15,1792.47,0.21363,72.7341,1204004.9,111.336,4092.27,102.0,34.68,0.999
8618.84,2471.63,0.28677,77.8372,1201695.6,109.943,4065.01,61.0,34.2682,7.124
10268.6,3528.15,0.34358,99.4445,1443949.1,159.385,3963.66,28.0,34.5008,3.319
7754.98,2090.94,0.26962,74.8634,1055244.0,99.7151,3437.4,107.0,38.053,13.012
9400.3,2419.31,0.25736,104.246,1337530.8,150.319,3909.35,38.0,33.4911,1.892
17407.8,5460.59,0.31368,167.332,2503846.2,240.922,5052.34,46.0,27.0216,2.809
5177.35,1242.38,0.23996,49.1673,653029.4,67.0992,2151.19,23.0,41.8776,13.23
16785.7,5190.81,0.30924,207.414,2214624.0,264.193,6252.81,263.0,21.5704,2.407
6977.47,1993.15,0.28565,65.6171,931572.06,88.9408,3002.48,42.0,38.9931,2.382
12427.0,4215.77,0.33924,152.965,1693091.0,195.398,3778.44,118.0,33.2159,18.725
18423.5,5091.42,0.27635,206.032,2562533.8,287.082,5772.64,208.0,21.6616,2.141
8329.56,3370.16,0.4046,77.4513,1142492.5,124.203,3203.27,19.0,37.2674,10.521
14561.2,4011.22,0.27547,175.173,2044023.8,231.361,4507.75,14.0,29.3594,3.064
5694.51,1251.36,0.21974,51.084,783778.5,68.6891,2483.23,29.0,40.9979,14.264
11335.1,3247.84,0.28652,130.317,1564532.2,160.9,4864.5,74.0,29.3704,3.576
7388.28,2791.86,0.37787,68.467,1025821.44,115.111,3226.05,67.0,35.913,17.88
5721.78,2285.54,0.39944,48.9259,822566.4,86.626,2739.34,39.0,42.7938,8.059
8590.44,2037.36,0.23716,64.9786,1230331.9,91.2843,3584.0,38.0,39.1674,13.598
7121.54,2599.41,0.365,63.4693,953979.44,100.009,3118.79,41.0,39.0941,12.086
17508.6,6869.4,0.39234,185.783,2448846.5,254.163,5860.72,193.0,24.58,20.272
10749.6,3587.2,0.3337,111.181,1461402.6,162.008,4490.28,129.0,32.0215,18.719
4979.38,1601.25,0.32157,57.3249,674402.8,69.655,2715.13,41.0,40.8207,11.413
12997.0,3591.29,0.27631,167.725,1860875.5,166.191,5576.21,148.0,25.213,15.675
8971.83,3809.94,0.42465,47.1245,1194635.1,143.572,3739.5,55.0,36.0915,17.338
9595.52,3368.69,0.35106,129.537,1279077.5,181.121,4424.41,181.0,31.317,2.253
12507.6,4962.68,0.39677,143.886,1766592.4,189.648,4368.38,49.0,32.1728,6.002
9830.43,4643.95,0.4724,110.361,1356150.4,170.55,4336.27,114.0,33.9471,17.269
6579.29,1892.6,0.28766,32.7293,890808.4,90.1349,2602.52,58.0,37.7948,9.566
12157.9,4029.79,0.33145,121.097,1715425.1,157.911,5136.35,70.0,32.882,18.394
6654.8,2059.34,0.30945,54.2421,901455.7,96.8741,2495.13,33.0,41.073,11.699
14083.9,5024.36,0.35674,162.218,1954241.1,199.06,4995.61,81.0,27.5609,5.276
7718.27,2032.59,0.26334,97.359,1073515.5,130.574,3218.87,6.0,36.8969,0.538
9406.35,2772.66,0.29476,58.702,1309084.5,132.528,4005.83,25.0,34.0583,4.805
8945.53,2535.12,0.28339,78.6054,1240470.4,111.078,4340.58,61.0,34.3856,2.435
15125.8,2746.84,0.18159,173.705,2155426.2,231.593,5788.75,81.0,24.5671,0.0
10661.3,2657.27,0.24924,89.2012,1504903.9,133.483,4029.33,153.0,33.9765,7.109
3868.77,1245.37,0.3219,36.2689,528140.56,50.5273,1397.43,17.0,44.3094,1.596
8914.39,2759.23,0.30952,103.489,1269178.9,160.709,3551.95,28.0,34.547,4.869
5640.53,2006.49,0.35572,67.7789,780079.5,88.6891,2973.19,38.0,40.4668,2.026
15952.2,4230.7,0.26521,238.767,2172718.0,245.714,4863.62,279.0,27.2905,3.863
6921.36,2275.78,0.3288,61.9773,978779.75,83.6405,2361.43,71.0,40.4132,4.025
20077.8,7338.38,0.36549,172.681,2833062.0,279.758,5742.02,96.0,27.7397,11.727
9107.83,2051.08,0.22519,101.84,1292688.6,133.861,4175.31,46.0,33.6792,0.0
16803.0,5808.68,0.34569,130.743,2401511.0,237.475,5654.64,64.0,23.9868,13.924
12118.9,5245.49,0.43283,140.75,1698668.9,208.773,4774.16,97.0,29.761,9.982
15027.9,5147.08,0.3425,194.644,1999802.9,254.301,5211.43,216.0,25.4276,3.19
6062.17,1639.88,0.27051,54.2194,873342.6,87.1401,2304.61,56.0,42.6213,11.35
15535.7,5459.95,0.35144,185.446,2160472.0,256.602,4395.88,28.0,25.6056,1.714
8702.22,3491.28,0.40119,71.6707,1215727.5,141.857,4097.44,29.0,34.6533,13.452
12780.3,3137.44,0.24549,141.942,1764126.5,171.592,3707.11,87.0,33.9304,19.489
8297.38,2363.29,0.28482,65.6321,1100688.4,104.233,3914.76,25.0,33.7699,12.562
6231.45,1354.76,0.2174,55.8198,860226.56,73.3417,2515.38,16.0,40.5392,2.436
14665.4,4831.33,0.32943,165.191,2019561.2,222.894,5326.7,193.0,28.9037,2.008
14088.9,4280.53,0.30382,139.004,1933873.8,211.727,5368.31,18.0,30.536,8.508
13186.9,4219.33,0.31996,136.436,1857366.2,185.331,4508.58,40.0,30.586,4.973
8694.97,3056.09,0.35147,87.553,1154685.6,132.739,3691.27,49.0,35.8224,1.294
11761.6,5245.26,0.44596,113.377,1613219.9,183.327,5120.76,60.0,29.898,17.531
21486.5,7906.38,0.36796,210.884,2799088.8,300.896,5993.75,211.0,46.5464,2.501
17221.3,7379.72,0.42852,176.178,2384642.0,284.751,5284.66,126.0,26.7363,20.103
7882.88,2987.26,0.37895,66.2182,1094122.4,124.597,4416.91,79.0,34.8392,14.895
13792.4,4554.62,0.33022,122.537,1985731.6,186.309,5335.78,78.0,28.7094,16.739
18425.3,7389.52,0.40105,161.898,2516626.0,324.121,11886.51,57.0,30.8075,3.271
18598.0,6494.2,0.34918,174.101,2604460.8,258.179,5532.6,161.0,23.8672,20.554
11920.2,3100.75,0.26012,172.942,1691590.0,184.961,4628.7,104.0,29.6985,2.424
10056.2,2777.85,0.27623,82.2782,1427250.8,132.543,4165.1,73.0,33.5404,8.267
11801.3,2836.73,0.24037,90.0117,1654186.9,149.66,4583.51,159.0,31.4906,3.946
7392.69,2470.77,0.33421,90.2991,1055014.6,115.239,2893.71,21.0,37.1047,2.857
23075.2,5492.9,0.23804,308.497,3169475.5,399.442,6262.0,139.0,19.6691,0.988
3832.06,1129.43,0.29473,34.3175,523641.3,48.0977,1390.62,32.0,44.4591,11.273
10557.6,3404.53,0.32247,127.672,1401921.4,164.694,4105.23,44.0,33.6634,1.726
10578.2,2400.89,0.22696,82.4754,1475225.6,137.383,4048.93,161.0,34.761,5.186
6376.84,1847.17,0.28966,52.2598,895793.3,94.0747,3186.2,11.0,39.069,15.124
7277.63,2080.18,0.28583,82.9358,964957.1,131.264,3518.96,39.0,35.6016,6.692
12498.2,3164.07,0.25316,136.592,1739209.1,172.597,4783.28,49.0,29.397,4.054
6352.65,1712.97,0.26964,52.8458,834288.1,88.4777,3359.89,40.0,39.6537,15.173
7710.01,1453.38,0.1885,75.2342,1087805.9,97.613,3720.86,10.0,34.5192,1.818
7736.34,2309.13,0.29847,73.1503,1038589.75,105.672,3100.53,117.0,36.7179,2.108
9306.91,2763.1,0.29688,100.055,1293200.1,134.741,3496.76,120.0,35.0083,1.866
9107.8,2413.23,0.26496,82.9714,1276170.4,121.372,4703.21,27.0,33.022,1.864
8061.82,2559.33,0.31746,75.1337,1103998.6,112.919,3501.14,59.0,36.4404,15.948
9086.65,2832.73,0.31174,96.4906,1263838.2,148.082,3719.54,84.0,34.4671,19.595
7606.57,2359.22,0.31015,70.3133,1102020.0,99.8765,2700.17,65.0,39.6167,15.229
11543.4,4342.56,0.37619,97.5052,1549840.2,164.259,3863.75,13.0,34.278,16.104
5856.0,1595.74,0.27249,59.1457,788760.4,80.1553,3194.89,69.0,38.1176,4.329
12947.1,3148.29,0.24316,128.968,1754766.5,161.872,4124.03,228.0,31.7071,3.184
10494.0,2696.35,0.25694,144.62,1416617.6,174.488,4397.45,56.0,31.4612,3.098
4859.86,818.15,0.16834,43.5035,618013.1,59.9999,1888.19,39.0,42.6739,5.591
13426.4,3324.22,0.24758,159.581,1891992.0,216.169,4973.13,195.0,28.005,2.118
19286.2,7441.29,0.38583,188.919,2604565.5,339.307,6768.16,167.0,23.6155,10.877
10084.8,2050.78,0.20335,84.6635,1418655.1,127.82,4657.09,50.0,33.1894,3.705
8954.11,2163.5,0.24162,89.7599,1242851.6,125.544,4250.64,39.0,33.6454,2.41
12506.9,2912.93,0.2329,122.239,1701293.9,151.001,4093.98,238.0,31.9076,3.103
11731.9,4594.47,0.39162,92.733,1665426.4,149.318,4437.95,58.0,31.9506,9.6
5710.61,2117.49,0.37079,35.6968,781678.25,80.2337,2095.65,40.0,42.957,12.065
5416.49,2242.79,0.41406,34.3671,768445.1,74.3528,2591.95,35.0,43.1413,6.848
8502.05,1754.66,0.20638,79.2982,1153641.8,113.632,3692.39,38.0,34.6944,1.89
10754.1,2792.24,0.25964,108.712,1517134.1,155.164,4347.03,64.0,32.9155,4.788
21007.7,6051.09,0.28804,208.136,2962505.2,311.591,5968.8,273.0,20.7939,14.948
7832.44,3365.77,0.42972,66.7328,1118115.9,113.406,3799.47,82.0,35.0929,17.711
4609.52,766.44,0.16627,41.5442,621091.6,55.9149,2489.64,11.0,43.5671,4.91
6840.51,1660.33,0.24272,59.1506,948679.75,79.7908,2763.46,25.0,40.6782,2.722
6413.81,1896.85,0.29574,62.066,880724.8,81.3606,3278.07,41.0,38.2548,4.233
7420.41,2379.73,0.3207,70.7172,1030776.44,104.906,3274.28,84.0,38.1705,15.229
3638.6,990.66,0.27226,33.4825,509402.5,37.932,1954.54,43.0,45.0723,6.141
13415.8,4557.71,0.33972,111.643,1951525.5,184.82,4884.59,95.0,33.6917,15.24
8104.41,3013.09,0.37178,85.1592,1119681.1,112.962,3751.87,52.0,36.005,14.474
12077.8,4171.33,0.34537,135.048,1710013.8,226.6,4491.9,98.0,31.3085,13.442
9360.94,2627.84,0.28072,70.2637,1289345.5,128.363,4169.26,89.0,34.0898,3.896
17663.6,6268.22,0.35486,248.388,2410735.2,256.138,5579.01,134.0,21.3976,2.223
4234.54,1484.33,0.35052,36.634,564870.94,64.6638,1513.74,6.0,44.9095,0.0
5741.2,1384.78,0.2412,45.6108,799368.4,63.1106,2399.93,21.0,41.607,10.075
8809.92,2898.52,0.329,63.4487,1211231.1,126.716,3846.27,46.0,36.0189,15.135
18155.7,5977.51,0.32923,229.782,2504852.8,311.539,4895.68,147.0,26.5853,7.205
13114.8,4923.33,0.3754,164.701,1900855.2,244.205,4532.96,159.0,30.3673,18.852
10559.1,2851.63,0.27006,112.781,1484503.8,172.929,3986.27,11.0,32.8387,1.231
10902.2,4695.27,0.43067,107.263,1478015.1,177.138,5215.2,67.0,34.5732,14.888
15186.1,4193.54,0.27614,134.777,2145772.2,191.599,4950.42,61.0,29.6285,2.883
20362.6,5407.27,0.26554,279.708,2766968.5,303.196,6533.6,286.0,18.7186,1.599
6580.19,1528.19,0.23224,61.0907,918638.94,92.7063,2711.07,17.0,46.5464,12.491
6104.62,1543.57,0.25285,51.98,862609.9,74.9445,2742.16,36.0,41.0139,15.9
7066.85,1756.15,0.2485,61.89,968988.06,85.653,3082.34,49.0,39.5772,2.02
8303.31,2559.07,0.30819,64.2187,1126667.8,115.055,2408.1,48.0,48.2028,11.85
6488.83,1190.04,0.18339,56.1946,886655.1,74.5175,2515.2,29.0,40.7241,14.788
12095.2,2404.16,0.19876,155.94,1643278.5,194.836,4900.28,145.0,29.6246,0.654
7960.51,3102.87,0.38978,90.3082,1071434.2,153.75,3674.94,63.0,35.6234,10.129
6570.64,1837.23,0.27961,55.3591,893302.7,87.0951,2637.24,28.0,41.3349,15.969
9805.9,2319.79,0.23657,126.245,1351155.2,149.463,4644.97,70.0,30.2059,1.862
9247.41,2540.15,0.27468,66.5921,1276953.6,118.144,4162.72,89.0,34.1728,3.784
9088.68,3795.97,0.41765,86.2509,1269351.9,134.641,3686.13,116.0,35.1206,3.768
5550.3,945.48,0.17034,51.7668,762996.3,60.5867,3034.09,24.0,39.694,3.63
13066.4,5017.55,0.384,145.788,1830940.4,193.82,4382.32,119.0,29.7464,17.585
11633.8,3002.87,0.25811,144.651,1662330.0,159.449,4180.8,123.0,32.299,2.863
5983.0,1808.17,0.30221,67.4088,829788.4,90.2672,3044.93,37.0,40.6463,1.731
7229.11,1889.51,0.26137,66.9965,1016196.5,97.8967,3101.91,69.0,39.6611,14.674
16728.6,4818.63,0.28804,220.9,2304946.8,294.147,4817.04,158.0,26.9127,5.262
10865.2,5553.61,0.51113,84.593,1565826.5,173.341,5094.05,77.0,35.8327,18.293
9374.05,3207.64,0.34218,78.5668,1265359.5,126.959,3639.63,105.0,30.9381,9.348
14005.8,5097.48,0.36395,194.462,1931900.8,250.614,4602.86,42.0,28.1603,3.079
7107.65,1975.9,0.27799,68.7349,979037.6,95.143,3233.52,34.0,38.2404,4.225
5927.59,1233.97,0.20817,52.0171,799884.1,75.6769,2534.63,29.0,41.1424,12.685
7171.41,2031.23,0.28323,70.6049,996523.94,93.6253,2991.33,11.0,39.3147,2.508
6051.74,1893.1,0.31281,65.7885,830947.0,88.6666,2635.08,49.0,40.1232,9.107
10235.8,3145.59,0.30731,110.563,1406595.5,165.613,4287.75,81.0,32.4928,1.226
4879.5,1120.76,0.22968,41.7461,680356.56,55.5276,1899.92,13.0,43.782,1.92
5187.38,2058.94,0.39691,34.3135,735086.06,68.5007,2281.04,35.0,44.2241,15.604
5308.45,1202.79,0.22658,52.4965,760531.7,69.5509,2847.68,58.0,40.3266,1.659
3809.08,743.01,0.19506,35.3699,534828.5,40.8515,1774.46,8.0,44.5218,3.083
10254.7,3225.54,0.31454,95.9445,1399308.6,124.85,3342.78,48.0,35.8825,14.907
8566.1,2703.49,0.3156,95.6092,1210109.5,130.018,3892.14,28.0,34.6693,3.823
6987.52,1987.5,0.28443,68.6382,966728.3,99.9769,3522.88,34.0,38.5134,2.719
9060.65,2325.77,0.25668,83.5354,1283605.2,116.813,4046.19,68.0,33.6373,8.914
7309.15,2311.72,0.31627,63.2989,1065717.2,96.8304,3284.71,33.0,38.9082,9.441
8067.97,2983.04,0.36973,64.2523,1075299.1,121.073,3213.45,65.0,38.6893,15.156
11056.5,3057.52,0.27653,94.857,1538834.9,139.113,4202.05,142.0,35.1467,7.956
8854.32,2731.31,0.30847,93.4653,1277761.4,124.336,3356.0,7.0,36.311,4.151
6410.18,1612.36,0.25153,66.806,855164.06,89.5369,2985.14,26.0,39.0307,2.056
5664.18,1152.83,0.20352,51.5427,795446.6,66.1988,2926.17,35.0,40.1861,3.755
10295.2,2790.42,0.27104,128.991,1480348.9,161.34,4293.13,37.0,32.4566,2.789
16723.4,3621.21,0.21653,210.466,2349182.0,263.037,5542.91,89.0,23.7626,2.187
7042.95,2091.95,0.29702,58.5608,966628.0,97.0772,2557.63,17.0,40.4251,2.948
6329.11,1263.42,0.19962,55.7136,903046.44,78.1173,2999.14,56.0,40.0315,4.808
10895.0,2794.66,0.2565,150.912,1537416.9,155.004,4157.68,128.0,32.2875,4.629
9811.89,2253.51,0.22967,96.226,1348882.6,122.499,4874.05,47.0,29.1919,13.449
14096.1,3643.94,0.2585,185.802,1927396.4,216.241,4582.41,180.0,28.948,1.888
8986.3,1977.58,0.22006,101.144,1251159.4,136.355,3641.78,20.0,34.1282,1.898
13998.9,4076.16,0.29117,161.802,1957145.8,217.129,4375.15,76.0,29.8717,1.61
9710.64,4143.26,0.42667,85.4752,1362779.6,152.943,3774.35,103.0,34.783,4.695
7818.33,2222.21,0.28423,58.5649,1072478.2,108.579,3087.75,34.0,40.1946,3.136
7637.99,2402.6,0.31455,70.0741,1066132.9,100.442,3296.85,79.0,36.9828,14.711
4387.09,1253.57,0.28574,36.3328,592774.4,50.2809,1419.81,17.0,44.46,1.772
9992.55,3812.83,0.38156,95.1627,1391202.8,152.09,3574.92,39.0,33.0737,13.766
17692.7,4354.17,0.24609,210.881,2488504.5,274.169,5678.85,88.0,23.032,1.427
19444.1,5213.96,0.26815,235.761,2702327.0,252.061,5611.39,82.0,23.2269,2.989
9651.3,2746.35,0.28455,105.433,1344216.1,152.759,3987.57,32.0,33.3236,3.174
9696.13,3752.3,0.38698,91.2027,1309510.1,130.031,5108.25,34.0,36.4647,18.791
18506.8,4993.3,0.2698,214.801,2575154.8,283.121,5756.87,195.0,21.7866,2.177
6057.3,2120.24,0.35003,69.8527,843746.56,84.7582,3020.77,33.0,40.3808,2.056
6038.05,1238.1,0.20504,56.109,815500.25,78.3469,2549.59,29.0,41.0164,12.331
12475.7,3361.01,0.2694,163.18,1732400.0,201.433,4816.86,55.0,28.151,2.659
12547.7,5601.3,0.4464,161.929,1760505.1,253.144,4669.17,108.0,29.3636,14.518
12567.2,3572.63,0.28428,135.886,1709752.9,165.273,4049.34,192.0,31.8598,3.261
18845.0,5143.53,0.27293,264.832,2617194.5,287.627,5524.55,205.0,23.6909,5.28
15757.4,5712.47,0.36252,182.93,2217365.8,257.676,4411.35,35.0,26.2325,2.143
7389.52,2799.65,0.37886,63.3584,1078105.1,96.6498,3219.7,30.0,38.7872,1.254
11003.2,3307.65,0.3006,65.2141,1469607.8,156.605,5010.63,42.0,31.2149,16.519
4977.06,1680.7,0.33768,37.3932,692228.8,67.2483,2080.32,41.0,43.506,12.47
13589.8,3707.82,0.27283,196.599,1855542.4,212.063,4581.97,170.0,28.9478,1.828
7011.42,1959.57,0.27948,57.8703,962480.4,90.7695,2589.91,25.0,41.7343,2.87
12440.5,3322.89,0.2671,155.933,1774689.1,171.353,4697.23,44.0,29.0777,3.366
6921.39,2375.79,0.34325,75.63,957335.25,105.549,3679.71,41.0,37.0979,0.0
12169.5,3277.34,0.2693,156.987,1711439.5,206.598,4688.98,65.0,28.694,3.754
8588.39,2559.75,0.29804,87.6024,1198468.8,116.727,3491.09,27.0,37.3801,12.725
9439.51,3408.25,0.36106,92.7709,1346976.6,116.482,3985.0,33.0,33.6303,15.229
5683.13,1592.97,0.28029,54.6821,744201.6,92.768,3371.56,22.0,40.5035,11.091
8183.31,1826.56,0.2232,72.5113,1149450.8,87.1289,3033.61,46.0,39.2544,16.301
5709.26,1946.16,0.34087,38.1677,793559.44,84.7459,2178.28,8.0,42.5493,15.192
9051.31,2740.25,0.30274,81.4157,1233289.2,131.326,3611.38,95.0,35.6863,3.021
15400.8,4672.39,0.30338,166.409,2146430.5,247.089,5070.01,220.0,28.692,2.664
6336.66,2147.06,0.33883,58.3347,899595.5,88.5887,2660.92,43.0,40.5265,1.975
8453.71,1691.77,0.20012,83.9017,1190284.8,105.87,3778.62,12.0,34.2212,2.211
6742.66,1572.16,0.23316,62.9943,925185.6,88.5291,3350.64,32.0,37.9068,13.649
6735.56,1874.48,0.27829,62.7509,905840.3,96.1369,2801.55,35.0,40.3747,4.936
10532.0,2681.85,0.25463,117.308,1464578.1,138.961,3834.53,88.0,34.8939,3.003
10857.3,2408.88,0.22186,102.705,1519998.5,146.903,3950.21,120.0,36.2299,5.844
23928.9,8649.2,0.36145,222.156,3265547.5,322.543,6805.41,256.0,20.9084,20.753
20044.0,6490.32,0.3238,208.855,2786651.0,313.56,6022.64,237.0,20.8582,7.946
18287.0,7807.1,0.42692,167.631,2509235.0,286.558,5560.43,114.0,23.7917,18.963
5374.55,1619.07,0.30124,37.2436,758860.3,70.8103,2016.57,13.0,40.3577,11.86
8177.87,1849.49,0.22615,71.7059,1169884.0,100.492,3419.92,52.0,34.5864,14.014
17622.4,4863.82,0.276,206.559,2448343.0,278.785,5871.42,236.0,20.9424,8.476
6671.6,3161.39,0.47385,58.8176,919721.44,102.169,2683.88,58.0,40.3961,11.058
5903.94,1961.43,0.33222,64.7425,819197.0,91.8015,2989.2,36.0,40.4844,1.998
16267.9,6174.76,0.37956,192.785,2226478.2,270.011,5618.46,131.0,26.5135,16.602
8521.61,2938.46,0.34482,62.8997,1222061.5,116.551,4257.78,42.0,36.1282,11.255
7367.38,2287.45,0.31048,95.6708,1030844.94,103.386,3420.18,31.0,36.253,9.631
6449.7,1470.11,0.22793,68.5178,903707.8,78.1483,2856.23,80.0,39.2238,9.017
8433.18,2227.99,0.26419,97.3052,1161011.6,90.7316,3929.34,35.0,37.0146,20.629
8745.21,1979.25,0.22632,86.0071,1250778.1,108.966,4057.08,101.0,34.8833,1.212
9198.6,2678.07,0.29113,100.992,1258544.1,132.751,3508.47,117.0,35.3325,1.654
13882.0,3705.88,0.26695,180.914,1946573.2,240.053,4913.08,95.0,26.9343,4.585
7269.88,1597.27,0.21971,74.3643,983901.06,94.2424,3388.23,51.0,36.7873,5.501
17022.2,5048.24,0.29656,254.947,2327173.5,264.272,4904.34,268.0,27.0213,3.819
10965.1,2272.85,0.20728,142.827,1552112.5,177.882,4534.7,49.0,30.484,0.879
18559.4,6849.4,0.36905,232.066,2532655.0,322.176,5089.8,154.0,25.4307,8.925
7323.04,1857.32,0.25362,71.0243,1003335.6,92.3573,3560.1,83.0,37.6727,2.19
15270.3,4863.73,0.3185,223.601,2084163.9,249.665,5347.56,115.0,25.118,2.942
7872.77,2305.54,0.29284,53.4021,1136265.9,89.0006,3794.69,15.0,37.3559,16.099
16584.3,5343.16,0.32218,212.163,2188857.0,255.352,6190.27,255.0,21.4536,2.511
12516.0,4151.37,0.33168,137.862,1735106.9,262.02,4871.82,76.0,21.4447,11.794
8377.59,2985.45,0.35636,84.1527,1165974.5,123.848,3898.49,21.0,35.5842,9.178
6962.16,1910.89,0.27446,62.2162,927716.94,97.1738,2863.88,34.0,38.851,8.131
10483.4,4130.05,0.39396,121.702,1438162.1,195.91,4529.74,80.0,31.5755,10.155
7635.69,2698.65,0.35342,77.6682,1059024.1,98.8094,3842.01,36.0,35.6824,1.954
15873.3,5154.06,0.32469,148.643,2281033.0,231.431,6683.4,88.0,25.0479,2.16
19071.9,6939.71,0.36387,129.631,2534046.0,275.447,5210.85,157.0,25.9768,11.117
7593.22,2968.97,0.391,55.5849,1028842.4,117.321,3597.17,51.0,36.9288,6.631
11455.5,3774.75,0.32951,96.8768,1572321.2,170.522,4999.17,54.0,34.4804,15.634
8864.08,2597.17,0.29299,55.7256,1217094.8,122.566,5038.68,40.0,38.1583,14.946
13605.0,3929.07,0.28879,172.701,1883650.4,219.708,4740.32,120.0,29.0032,4.427
7198.84,3371.12,0.46828,70.0817,1008771.06,125.31,3060.4,69.0,38.6334,15.471
9265.41,2409.73,0.26007,110.527,1274677.2,148.695,4138.19,72.0,33.036,0.685
13338.7,3962.82,0.29709,200.747,1830711.5,218.548,4565.24,183.0,29.0766,2.003
14716.4,5034.99,0.34213,174.095,2021503.4,268.104,4873.64,29.0,27.3395,2.901
7673.54,1768.38,0.23045,68.6991,998774.1,95.1338,3304.44,13.0,38.373,11.185
5425.88,1976.57,0.36428,45.4591,790766.06,67.6515,2831.97,51.0,42.9158,11.803
6064.55,1451.94,0.23941,70.6088,852192.06,70.2449,2846.54,75.0,38.5584,8.421
8349.16,2158.07,0.25847,72.8865,1225955.5,105.947,3139.23,21.0,37.5834,1.772
7514.67,2462.56,0.3277,70.6814,1048770.2,114.116,3533.71,11.0,36.6454,10.927
6558.37,1650.35,0.25164,66.9513,879851.94,84.9918,3000.47,24.0,38.8939,2.157
13403.2,3705.98,0.27649,156.776,1852542.5,222.319,5411.04,217.0,46.5464,3.419
13801.8,4848.97,0.35132,191.057,1857369.5,255.201,4593.12,38.0,28.744,2.518
7932.62,1994.97,0.25148,69.8073,1110612.2,115.515,3623.06,4.0,35.7825,0.0
7342.03,2463.27,0.3355,65.3637,1035192.3,104.152,3536.89,44.0,36.467,8.332
6475.51,2073.44,0.32019,63.5135,937536.5,83.386,3162.83,31.0,39.0632,1.679
8675.95,2429.22,0.27999,89.8544,1220944.5,116.449,4353.54,52.0,33.8626,1.695
6360.38,1756.93,0.27623,55.5398,880009.44,81.0756,2498.79,30.0,40.1891,15.472
8205.33,2351.62,0.28659,97.92,1156416.6,111.119,3545.63,92.0,36.9418,2.135
11567.6,4082.32,0.3529,109.442,1581957.2,170.617,5079.81,57.0,29.516,15.015
8642.59,2210.99,0.25582,96.0322,1199032.6,123.508,3180.3,85.0,37.6754,14.457
4900.86,1802.87,0.36786,41.7071,621068.44,86.4334,2691.48,37.0,42.8933,11.052
11276.5,3469.58,0.30768,73.9616,1513943.9,155.568,4210.41,65.0,34.9822,18.214
6178.72,1296.25,0.20979,53.4199,818257.4,69.269,3269.66,35.0,38.4192,4.671
15255.5,4973.52,0.32601,172.152,2132268.2,239.579,5435.79,219.0,27.7523,2.802
20525.0,6748.87,0.32881,247.495,2871310.0,329.999,5928.34,212.0,21.7862,5.347
8794.17,1884.27,0.21426,100.899,1252189.4,120.408,3805.89,56.0,34.4621,3.317
24872.8,8294.53,0.33347,175.208,3518687.8,385.32,12617.97,208.0,24.0163,8.446
8625.48,2789.5,0.3234,87.6371,1156117.8,95.656,3632.45,29.0,37.0477,14.554
8322.18,1861.3,0.22365,70.8224,1176432.1,100.445,3109.99,33.0,38.7437,17.253
12754.6,3523.76,0.27627,149.471,1782702.1,214.67,4884.4,203.0,27.7262,2.569
8608.99,2335.54,0.27129,89.0938,1164106.2,109.329,3756.97,35.0,35.7069,2.104
7250.05,1874.85,0.25859,76.152,1006679.1,87.0003,3157.69,34.0,33.1673,14.149
5232.96,1180.8,0.22564,52.4021,682399.25,84.4927,3222.08,17.0,40.3069,1.845
7016.2,2485.75,0.35428,66.0263,939938.1,103.982,5288.22,57.0,42.7975,19.568
8290.62,2364.38,0.28518,72.7034,1141109.0,112.591,3153.85,31.0,37.1387,8.57
5774.18,999.48,0.17309,49.601,796778.8,64.2143,3047.92,18.0,39.6757,3.955
7363.51,2053.33,0.27885,54.3604,1017804.2,86.2773,2862.93,36.0,40.5129,11.726
5338.37,2356.13,0.44135,38.3228,742126.94,74.3559,2515.01,53.0,43.1976,18.912
8226.87,2721.83,0.33084,84.4135,1115859.8,126.31,3509.38,53.0,36.6979,17.77
7969.08,3538.66,0.44404,84.0312,1110163.1,130.71,4169.73,56.0,35.4438,17.489
14352.3,4431.5,0.30876,122.75,2004316.0,205.281,4803.79,89.0,29.1001,11.775
9388.04,2360.48,0.25143,113.783,1317181.8,130.634,4240.09,55.0,34.411,3.119
6335.74,2880.47,0.45463,86.913,772992.1,124.689,2118.38,106.0,41.2584,4.929
8917.51,2301.04,0.25803,98.6169,1258363.2,137.242,3774.67,41.0,35.2928,3.573
8826.21,2440.86,0.27654,81.857,1233588.0,107.487,4243.46,61.0,34.1307,2.007
8091.43,3209.61,0.39666,68.0477,1082993.1,126.12,3245.72,59.0,37.5056,15.028
15312.4,4670.03,0.30498,181.823,2097332.8,224.383,5929.39,60.0,25.9431,8.151
9067.08,3151.36,0.34756,72.8227,1216443.6,131.771,5070.49,53.0,35.0197,17.13
9843.14,3122.96,0.31727,111.533,1361789.0,141.138,4327.96,107.0,31.8111,19.461
8900.95,2674.82,0.3005,84.7221,1267132.2,124.203,3806.24,2.0,33.7869,2.123
6189.82,1623.13,0.26222,56.8701,879648.9,82.864,2623.55,69.0,41.463,3.254
5833.08,1458.78,0.25008,44.1484,826551.8,63.1354,2454.92,10.0,41.7341,2.285
22635.4,5448.82,0.24072,331.57,3102575.8,394.357,6244.02,161.0,19.6914,0.966
10686.9,3422.3,0.32023,98.737,1485042.4,144.31,3826.79,24.0,34.6204,3.19
5745.47,1651.7,0.28747,53.9243,793574.2,71.5664,2583.02,21.0,41.3519,3.33
4359.82,759.01,0.17409,41.076,576831.6,65.0825,2570.04,11.0,43.8069,2.226
6134.69,2023.24,0.3298,57.052,867802.7,84.4575,2563.61,67.0,41.6239,9.977
6966.82,1909.15,0.27403,41.7226,955345.7,109.598,3761.39,27.0,38.7529,14.716
5899.77,919.01,0.15577,50.8391,833479.4,68.7024,2665.97,1.0,42.0566,1.325
6247.09,1717.46,0.27492,52.0439,904439.94,76.7439,2381.41,76.0,42.9696,12.186
8714.14,2470.83,0.28354,103.151,1216157.5,104.137,3294.76,48.0,35.7505,9.651
7249.94,2406.4,0.33191,62.9776,954757.3,107.036,3417.17,69.0,38.7436,15.752
5460.79,1487.08,0.27231,48.413,695116.56,79.2517,2452.43,22.0,42.3489,3.244
8873.15,2116.47,0.23852,103.874,1216223.4,143.234,3981.01,38.0,34.146,2.116
8353.55,1603.63,0.19196,81.67,1173360.6,103.696,3753.19,68.0,35.2827,4.649
6886.93,2647.72,0.38445,61.1077,972586.0,101.791,2908.26,37.0,41.0427,2.859
12241.3,4100.74,0.33499,169.238,1663469.2,243.274,4423.96,152.0,28.912,1.833
19248.0,6228.55,0.32359,263.52,2636476.2,324.983,5787.77,327.0,20.2417,2.458
9416.38,3637.32,0.38627,95.3281,1335252.9,149.767,3866.18,90.0,35.4438,12.32
15216.7,5293.8,0.34789,231.317,2042896.5,256.435,5210.49,118.0,26.2777,2.343
12043.2,3668.98,0.30465,161.12,1671463.4,176.787,4854.09,72.0,28.5705,4.359
15055.5,4739.63,0.31481,215.139,2067166.8,272.036,5092.74,168.0,25.1769,3.54
8432.32,2751.79,0.32633,65.6827,1123040.1,127.253,4451.37,88.0,32.6009,4.159
16589.9,5009.75,0.30197,252.676,2314552.8,288.29,5247.67,213.0,25.0394,4.442
6580.6,3122.01,0.47442,53.1493,913614.7,111.625,2689.3,67.0,39.9203,16.26
7358.07,2154.71,0.29283,77.9127,1002135.2,98.502,3562.39,82.0,37.2671,5.006
9377.14,2964.56,0.31614,77.6937,1304002.2,123.383,3418.49,41.0,37.7863,12.941
5039.24,1418.54,0.28149,45.9698,704165.25,63.6796,1977.94,15.0,43.6608,3.531
8379.01,3031.74,0.36182,73.5768,1184366.4,106.737,3695.94,25.0,36.029,15.038
10449.8,3345.77,0.32017,113.205,1494223.2,135.156,3897.25,57.0,34.6568,1.878
10900.8,3425.16,0.31421,115.002,1557823.4,137.196,3880.56,54.0,34.6423,1.919
6728.64,2019.19,0.30008,69.3731,960083.0,94.7575,3172.33,23.0,37.1517,3.971
6172.16,1447.68,0.23454,54.2366,872843.3,81.1823,3054.8,46.0,40.3293,5.682
7294.32,2598.61,0.35625,51.4151,976302.25,110.572,2831.32,29.0,41.0396,12.582
6758.59,2316.88,0.3428,67.6901,946937.1,93.9119,3246.22,41.0,38.2612,12.326
5672.26,2344.06,0.41324,54.2226,816668.1,81.3745,2460.44,67.0,41.3748,15.352
13107.2,3905.13,0.29793,147.916,1803799.2,188.689,4643.51,38.0,29.5559,4.358
5783.42,1689.18,0.29207,53.6991,782814.0,84.7362,2361.41,27.0,41.0165,12.042
7202.84,2773.63,0.38507,63.6686,1055180.9,99.0561,3220.53,29.0,38.8709,1.278
6721.34,2095.24,0.31172,55.7448,951451.44,94.7098,3202.8,29.0,38.5869,15.379
4202.05,744.71,0.17722,39.6896,554911.25,59.5054,2569.43,10.0,43.4913,2.006
7018.17,1761.16,0.25094,79.964,990212.94,103.669,3160.27,79.0,37.62,13.542
8416.44,2367.49,0.28129,81.9929,1198628.0,112.463,3945.7,41.0,35.1209,3.038
14440.0,4074.84,0.28219,204.675,1979995.6,202.837,4645.5,181.0,29.2187,1.567
6070.4,2364.38,0.38949,68.1026,864326.9,82.8208,3524.97,83.0,36.7964,5.081
7395.15,2003.85,0.27096,84.6811,1037491.1,110.452,3817.07,19.0,36.9582,1.475
7258.6,1383.35,0.19058,60.1399,1016992.5,76.4939,3446.44,47.0,37.7726,5.532
14842.1,4387.14,0.29558,174.306,2052502.6,243.411,4864.52,30.0,28.0708,2.954
5011.96,1569.35,0.31312,55.5059,644825.2,88.525,2948.12,55.0,40.2505,7.113
13743.6,4859.59,0.35358,163.032,1907697.4,202.263,4982.14,84.0,27.6486,5.341
4777.28,1293.56,0.27077,46.6951,611756.44,69.3303,2081.47,22.0,43.3519,9.069
5023.24,1936.99,0.3856,48.0889,711743.3,79.7469,2446.88,47.0,41.9391,10.071
5977.56,2135.92,0.35732,66.0042,825700.4,96.3928,2970.27,30.0,38.1725,2.04
12814.3,4182.85,0.32642,148.149,1810692.1,181.595,5047.59,45.0,27.1423,3.98
12432.6,3074.6,0.2473,148.399,1729330.5,194.166,4194.56,67.0,29.6884,1.844
7768.38,2637.51,0.33951,63.9673,1058694.4,99.4408,4108.18,62.0,35.7043,8.54
12208.0,4505.03,0.36902,85.0951,1726936.8,186.265,4035.77,11.0,32.7799,16.928
5781.44,1711.67,0.29606,38.1247,789815.3,78.5635,2217.18,14.0,42.8427,13.25
18195.9,4909.5,0.26981,245.583,2510188.0,292.217,5399.74,230.0,24.5675,4.813
15666.0,5194.19,0.33155,216.141,2181328.5,256.979,5303.48,290.0,24.7486,2.09
4950.52,1081.54,0.21846,44.7982,692609.1,67.5118,2669.62,17.0,41.5793,3.553
4239.68,1264.07,0.29815,39.2996,573382.0,64.5197,2333.73,34.0,43.2973,9.526
6227.25,1415.37,0.22728,69.7679,876545.0,75.0048,2843.34,81.0,39.3139,7.662
7808.27,1485.92,0.1903,71.1075,1096560.1,103.555,3728.14,12.0,34.4036,1.834
16851.8,5525.9,0.32791,182.557,2343537.8,279.603,5603.92,107.0,23.6405,7.281
20200.8,6096.37,0.30178,292.185,2748519.2,325.746,6512.3,285.0,17.9178,2.151
7734.6,2393.74,0.30948,64.6283,1064160.9,98.3562,3071.08,75.0,38.1566,3.623
15539.7,4844.0,0.31171,166.635,2144528.5,233.367,5668.3,120.0,23.9414,6.868
8356.32,2460.02,0.29439,92.6581,1182201.0,116.511,3549.55,89.0,36.8978,2.208
6058.42,1809.7,0.2987,64.7164,774551.44,87.9589,3048.0,32.0,40.2058,4.722
14892.6,3299.13,0.22152,213.929,2038530.6,240.388,5184.11,156.0,24.3207,2.465
12534.2,2538.01,0.20248,148.549,1700685.4,200.47,4945.66,139.0,29.1798,0.578
8955.95,2978.55,0.33257,94.4093,1278960.4,105.491,3674.53,22.0,36.5961,12.052
8682.14,3165.97,0.36465,69.7644,1182372.8,140.553,3694.2,38.0,36.7657,14.365
8731.54,2014.59,0.23072,100.899,1231494.1,123.01,3837.69,40.0,35.449,2.531
6755.64,2381.48,0.35251,61.2913,931910.9,98.1373,3866.12,73.0,35.9475,1.569
6365.35,1626.13,0.25546,52.4589,891728.75,76.8994,3372.64,56.0,39.2788,2.427
4665.63,1478.75,0.31694,38.3029,634652.44,64.758,1997.88,35.0,43.8463,13.056
10811.8,3775.75,0.34922,106.972,1520274.1,158.746,4900.28,69.0,29.3999,9.236
7112.19,2395.12,0.33676,79.7288,986649.1,96.7067,3676.06,37.0,36.371,1.782
10118.4,2374.27,0.23464,121.506,1407700.0,160.678,4606.96,70.0,30.128,1.343
10285.2,2751.37,0.2675,118.982,1406553.5,139.86,4210.04,120.0,34.3414,2.568
14314.4,4501.65,0.31448,170.707,1981615.1,210.476,5224.38,188.0,26.6858,1.685
11339.0,4490.45,0.39601,99.3379,1565268.6,170.92,4971.24,113.0,27.3462,15.983
8401.88,1916.18,0.22806,54.8125,1159592.9,98.7955,3495.85,46.0,38.2021,14.729
4881.07,979.73,0.20072,40.4337,669728.8,69.2442,2603.96,20.0,39.9133,13.808
10018.8,3050.47,0.30447,103.465,1391685.0,138.796,4561.29,105.0,31.1237,17.522
12955.8,4906.15,0.37868,151.481,1747496.9,205.339,3667.85,178.0,34.2464,19.125
15676.4,4090.17,0.26091,188.412,2133885.8,225.998,5323.22,94.0,27.9383,9.952
7006.74,2330.83,0.33265,63.1423,945094.6,101.611,3152.09,30.0,40.3156,1.622
9599.05,2863.44,0.2983,78.4185,1347798.4,120.092,4350.86,60.0,35.0571,6.397
4149.04,1342.64,0.3236,34.1748,574355.7,51.3967,1397.43,17.0,44.3094,1.525
10273.0,3369.31,0.32797,103.561,1324714.9,150.008,4250.96,73.0,34.1599,15.808
6059.64,1155.35,0.19066,53.0883,839965.6,66.2442,3087.49,18.0,39.2361,3.971
15976.7,5226.4,0.32712,153.184,2288423.2,238.476,5639.85,158.0,27.4258,10.121
24778.8,9639.34,0.38901,226.055,3391229.0,339.481,7004.98,243.0,24.8715,1.612
7060.71,2473.64,0.35033,62.8972,932638.44,108.423,2795.94,27.0,36.3724,3.002
8802.47,2554.38,0.29018,93.5282,1240494.1,118.584,3607.47,102.0,36.6136,2.116
4670.89,1866.32,0.39956,46.7282,686984.94,66.6405,2334.29,57.0,42.4609,10.942
8177.86,2470.21,0.30206,66.4174,1127841.4,99.6336,3345.32,112.0,36.6832,16.839
4465.55,517.39,0.11586,38.833,615009.8,53.8028,2186.21,27.0,44.8921,12.917
23110.9,8467.63,0.36639,266.258,3229151.2,361.488,5779.43,85.0,22.2662,4.623
6183.33,2867.58,0.46375,53.2956,867791.94,107.666,2817.13,64.0,39.5166,13.432
14692.5,4278.57,0.2912,166.025,2112352.2,229.733,5535.96,83.0,23.3357,20.383
16105.5,5567.55,0.34569,158.788,2242949.5,269.946,5629.78,135.0,24.5979,19.001
7654.77,1877.21,0.24523,66.3831,1054521.4,105.606,4107.24,20.0,35.7134,1.312
5395.68,1866.73,0.34596,55.1835,743617.94,91.8331,3246.39,64.0,35.2552,8.444
12970.2,3623.22,0.27934,132.859,1803570.9,173.483,5005.24,85.0,30.9987,3.049
5749.51,1473.71,0.25631,64.257,784464.2,82.4623,3083.91,70.0,38.8427,13.375
7307.16,2809.19,0.38444,68.0522,1046396.0,96.8965,3968.69,71.0,37.0487,4.478
21326.7,7245.68,0.33974,208.827,2975510.8,365.474,5891.93,179.0,21.5265,18.86
7353.88,2291.05,0.31154,68.6008,1012725.25,101.47,3744.19,59.0,36.6165,15.68
11361.2,2534.9,0.22311,147.889,1601542.0,185.019,4583.53,39.0,30.1474,1.13
18910.2,5933.85,0.31379,255.71,2573893.8,288.24,5007.48,258.0,26.0947,6.653
17429.0,5262.46,0.30193,185.475,2433583.2,218.781,6206.28,137.0,25.2533,20.038
5897.76,849.02,0.14395,49.552,832339.2,71.3103,2717.64,1.0,42.169,0.739
14798.7,3491.6,0.23593,189.314,2063470.8,226.948,5322.58,202.0,25.9286,5.987
18774.6,7032.03,0.37455,122.888,2663821.5,269.487,10254.11,91.0,27.8703,18.605
9518.4,2804.02,0.29458,77.8785,1337514.1,127.228,3732.01,20.0,35.5567,9.632
12003.4,3766.38,0.31377,114.235,1718341.2,182.283,4506.91,13.0,31.9201,3.021
10300.5,3402.23,0.33029,115.702,1461096.0,163.161,4254.65,61.0,33.6368,4.455
7525.29,2633.57,0.34996,61.8141,1077613.4,102.209,4254.42,39.0,38.3087,13.408
5874.17,973.2,0.16567,54.5328,823973.0,65.6936,2703.35,4.0,42.1625,1.564
6367.68,2414.33,0.37915,68.2074,861170.7,106.916,2657.52,86.0,39.4551,16.691
9636.12,3382.54,0.35102,65.0642,1395797.8,128.13,3115.59,41.0,38.1695,13.498
7665.95,2117.44,0.27621,63.7632,1108945.6,97.1154,2612.28,50.0,40.1897,11.82
10683.7,3077.47,0.28805,132.993,1504370.4,175.315,4224.75,57.0,32.6259,1.444
8312.19,2058.12,0.2476,103.799,1152980.2,125.477,4336.24,54.0,33.441,14.608
5940.15,1291.23,0.21737,60.6194,807954.25,81.7405,3230.75,51.0,39.2294,3.74
14714.2,4246.74,0.28861,167.165,1979776.4,214.269,5214.76,169.0,27.1068,17.819
15169.9,5789.19,0.38162,172.464,2078604.6,254.307,5352.14,205.0,27.3109,3.394
8386.36,2061.6,0.24582,98.5335,1168552.5,126.17,3228.77,7.0,36.9369,0.773
19953.9,7971.58,0.39949,186.405,2746205.0,301.807,5938.28,147.0,23.6792,20.349
8490.52,2479.45,0.29202,71.3388,1119462.6,116.317,4245.28,58.0,35.4761,7.991
9852.25,2619.52,0.26588,143.661,1306425.5,165.733,4263.7,72.0,30.9394,2.82
4367.84,1190.85,0.27264,37.4579,610000.6,53.8557,1823.81,36.0,44.5069,10.752
12180.3,3710.38,0.30462,111.967,1745210.2,174.78,3773.1,141.0,35.7704,18.872
9058.41,1892.15,0.20888,96.503,1252400.2,127.894,3676.58,16.0,34.2437,1.851
6135.36,1981.41,0.32294,53.8423,844255.75,93.9242,3709.75,71.0,36.9126,1.364
6911.7,2129.51,0.3081,52.1353,896882.94,114.418,5419.46,22.0,40.9272,3.032
6971.6,2112.49,0.30301,69.6631,929488.7,90.2378,2964.83,30.0,39.0953,3.351
8474.36,3303.54,0.38982,54.6202,1223813.8,124.937,4827.47,10.0,39.8015,18.357
9720.45,2700.16,0.27778,106.902,1354625.9,147.938,4264.04,113.0,32.4795,16.228
7869.69,2802.37,0.35609,61.993,1126502.5,102.535,3858.28,55.0,36.8172,11.33
11978.3,3833.1,0.32,156.588,1655143.1,207.316,4615.36,125.0,29.6528,19.913
8541.74,4052.31,0.47441,91.2363,1131901.1,145.792,3858.79,46.0,32.2052,16.022
11107.3,2511.64,0.22612,140.836,1472625.6,177.668,4515.25,52.0,28.0579,2.228
8466.76,2646.41,0.31256,82.6651,1158033.4,103.633,3989.83,26.0,38.4841,13.067
6171.15,1987.69,0.32209,62.8879,795658.75,94.3266,2977.93,5.0,38.8991,15.895
15448.5,4925.09,0.3188,213.906,2145243.5,254.739,5342.11,280.0,25.0378,2.207
7263.58,2592.35,0.35689,71.8718,1006520.3,102.599,3723.89,30.0,36.3939,2.34
5229.34,1434.69,0.27435,45.2278,726514.06,63.0323,1970.89,17.0,43.1909,10.853
14180.7,4845.39,0.34168,153.87,2024950.2,216.741,5591.76,80.0,25.3825,2.584
13916.2,3594.17,0.25827,176.663,1918132.8,217.748,4987.76,84.0,25.7278,7.78
10710.2,4600.0,0.42949,95.2966,1495143.0,158.059,3784.62,70.0,34.4823,15.84
13709.2,5342.67,0.38971,123.858,1924753.9,223.123,5918.28,55.0,30.1303,3.634
13915.2,5020.21,0.36077,133.133,1900707.4,211.592,4735.22,198.0,28.9611,20.357
14165.6,4951.67,0.34955,160.406,1950302.1,216.82,5072.73,141.0,27.5628,7.222
10029.7,2286.83,0.228,105.016,1421231.2,132.631,4379.17,47.0,35.0302,1.256
9069.84,3122.27,0.34424,99.2988,1212807.4,138.218,5849.38,53.0,35.2435,15.242
5915.26,1855.78,0.31372,55.4459,811070.75,84.3491,3200.58,13.0,39.4094,7.878
8125.61,1629.32,0.20051,72.8081,1162930.0,108.856,4059.8,100.0,34.8554,1.021
9237.79,3291.88,0.35634,102.04,1269628.4,156.492,3770.7,85.0,34.0961,18.677
8846.75,2333.47,0.26376,89.116,1257290.9,137.209,3986.39,165.0,33.8272,1.306
8837.9,2450.67,0.27729,82.5159,1236591.5,100.276,4141.25,57.0,34.5674,4.069
9872.42,3789.13,0.3838,77.5968,1374924.5,143.203,4148.91,15.0,33.8519,18.014
10376.8,2495.15,0.24045,96.3207,1425572.0,120.314,4237.03,60.0,34.9131,7.323
9237.43,3599.4,0.38965,104.516,1321814.4,131.002,3285.55,120.0,36.5276,11.919
4957.29,1768.84,0.35681,42.1923,736789.1,78.8483,2471.95,43.0,42.0943,11.781
5849.88,2436.44,0.41649,59.6183,794887.8,86.6055,2824.48,46.0,40.7011,12.616
7930.86,1784.17,0.22496,81.3404,1127222.6,95.7508,3857.79,39.0,35.4709,2.266
14192.7,4107.93,0.28943,167.74,1963371.0,232.959,4840.61,115.0,26.8699,4.895
8476.61,2883.68,0.34019,88.0633,1212463.8,135.438,3991.59,105.0,32.7111,16.324
7496.25,1756.92,0.23437,66.5365,1032474.6,96.116,3313.92,62.0,38.3114,14.614
16453.3,5037.78,0.30618,188.814,2265283.0,275.836,5482.4,101.0,25.1994,7.002
8841.37,2318.95,0.26228,95.9321,1206101.5,111.371,3744.0,21.0,34.9213,7.03
9410.52,1725.12,0.18331,94.122,1293436.0,107.29,4153.11,60.0,36.3965,6.641
9783.87,2248.19,0.22978,124.404,1395301.2,141.969,4333.36,34.0,32.2975,2.224
13156.8,3542.03,0.26921,162.68,1861319.6,199.587,5039.76,197.0,27.4002,2.472
15922.9,3513.82,0.22067,177.873,2245658.2,220.946,4949.59,87.0,26.8188,4.374
9279.78,2622.14,0.28256,100.957,1272641.6,157.419,4141.01,71.0,33.2128,0.805
6169.56,1456.65,0.2361,55.4642,871407.1,72.3895,3034.51,20.0,39.9226,5.342
9839.88,3737.63,0.37984,107.066,1435702.2,161.513,4261.49,78.0,32.834,2.625
7431.03,2159.31,0.29058,58.0018,1015141.5,98.2383,2670.37,23.0,39.9698,3.357
8626.63,3811.6,0.44184,62.9012,1221328.2,123.014,2810.78,69.0,38.7088,9.943
23251.1,8066.78,0.34694,244.667,3227412.8,381.367,6991.87,207.0,25.5292,4.543
8446.81,2229.76,0.26397,71.1549,1190384.6,112.185,4124.62,16.0,34.3798,4.914
10962.7,4014.4,0.36618,116.446,1534543.6,153.883,4932.03,80.0,30.0277,17.735
10169.3,2744.64,0.26989,101.659,1374008.6,125.931,3818.24,111.0,34.7285,11.046
25704.2,9437.3,0.36715,249.872,3458570.2,332.306,8665.03,108.0,23.9228,2.634
14137.8,4548.16,0.3217,183.248,1912055.6,249.955,5161.17,175.0,25.9107,2.828
7306.44,2234.2,0.30578,73.7852,1007433.6,107.419,3377.36,47.0,35.3187,6.593
5464.36,2430.1,0.44471,48.3442,778085.7,84.9674,2062.56,5.0,42.1947,12.976
7321.13,3182.13,0.43465,67.7578,1023362.9,123.612,3182.72,68.0,38.2547,14.846
11621.8,4696.99,0.40415,131.926,1538509.1,201.41,4657.51,160.0,29.7094,3.08
7640.44,2556.22,0.33456,69.9137,1052301.9,99.3725,3396.84,46.0,37.9495,2.562
5977.73,1820.23,0.3045,61.8603,754193.9,96.1252,2767.62,5.0,46.5464,9.812
6238.42,2058.28,0.32993,49.433,890710.06,93.0456,3504.75,9.0,40.7371,7.919
6316.36,1121.25,0.17751,76.0966,868311.75,76.0933,3181.22,45.0,38.4051,10.702
12465.3,3053.51,0.24496,177.961,1710504.5,207.396,4091.94,125.0,32.0072,2.044
5120.47,1475.97,0.28824,45.4805,709317.44,60.8456,1949.32,19.0,43.613,4.376
17775.2,5964.08,0.33552,237.908,2428726.2,255.715,5598.45,127.0,22.7919,2.164
7624.29,2663.86,0.34939,86.2316,1041010.8,99.8132,3438.4,57.0,37.3269,16.498
6233.61,846.29,0.13576,52.7953,865622.25,71.4992,2733.96,45.0,34.9193,13.678
10139.7,3326.75,0.32809,89.2685,1378191.2,165.742,6148.48,98.0,32.3082,3.763
7398.48,2068.72,0.27961,71.7089,1005949.9,100.235,3432.73,37.0,37.7181,12.429
5219.36,2045.31,0.39186,36.3443,736792.94,72.7594,2138.07,18.0,43.2948,13.024
9040.47,2657.62,0.29396,65.7976,1252989.2,131.274,3955.54,21.0,35.0971,4.418
9735.71,3732.62,0.38339,66.628,1304782.4,147.99,4739.38,83.0,33.8906,20.708
7954.56,2293.76,0.28835,99.5991,1120165.1,108.9,3531.36,90.0,36.8977,1.869
19448.2,6560.31,0.33732,216.691,2653719.0,324.898,5991.94,222.0,20.484,9.109
9149.38,2705.8,0.29573,102.744,1268698.8,124.191,3905.5,20.0,33.8987,2.275
10676.1,4747.39,0.44467,67.2094,1466391.0,171.066,4216.17,76.0,33.6624,20.884
8273.4,2860.97,0.3458,83.6633,1128896.0,121.429,3771.48,27.0,36.3664,4.062
6335.74,2880.47,0.45463,86.913,772992.1,124.689,2118.38,106.0,41.2584,4.929
13940.6,5558.68,0.39874,139.293,1953637.5,232.203,5319.41,92.0,25.5172,11.377
13346.8,3521.76,0.26386,127.11,1874291.1,159.967,4611.36,99.0,30.4604,16.22
10807.5,2908.44,0.26911,103.473,1546917.8,161.311,3554.87,174.0,36.9541,15.376
11173.3,4541.99,0.4065,95.25,1591604.5,165.624,4012.64,89.0,36.032,19.636
11321.1,3091.48,0.27307,169.239,1578019.2,190.525,4675.13,109.0,29.3567,2.749
13517.9,3868.36,0.28616,155.599,1875077.8,235.148,4440.74,82.0,29.8664,1.631
9224.84,2872.49,0.31138,109.176,1330987.4,145.786,4014.25,51.0,34.5878,3.285
10030.1,4723.23,0.4709,90.4394,1405467.4,168.268,4102.58,30.0,34.4956,18.262
14405.6,5248.54,0.36434,90.5816,1925949.1,213.433,4922.85,114.0,30.5095,11.204
9087.86,2195.9,0.24163,86.9739,1284432.5,131.686,3643.8,7.0,36.0221,2.32
9150.72,3373.98,0.36871,83.8897,1283012.2,127.747,3866.38,120.0,34.316,2.946
11455.9,3002.18,0.26206,131.92,1590352.1,183.534,4749.56,174.0,28.3347,0.896
10370.6,3391.91,0.32706,114.683,1466724.6,144.998,3936.5,65.0,34.5266,3.259
4732.89,1376.62,0.29086,39.0543,661928.8,58.6105,1953.21,62.0,43.9276,12.181
6332.49,1431.08,0.22599,59.9078,818216.4,81.0042,3263.04,56.0,38.6443,6.01
20608.2,8888.61,0.43131,174.844,2790132.0,337.347,5567.67,101.0,25.9373,18.188
7389.59,2478.08,0.33534,63.4162,1050855.9,100.958,4063.88,53.0,39.8833,15.031
11071.7,4516.87,0.40796,93.7854,1560848.0,161.315,4132.64,20.0,35.17,12.3
9211.97,2877.44,0.31235,106.619,1280889.2,129.175,3885.18,32.0,33.9044,2.558
11832.3,3661.36,0.30943,136.707,1619389.8,194.728,4189.48,63.0,32.9425,1.737
18133.1,6402.44,0.35308,165.231,2546465.0,286.728,4935.81,122.0,26.697,3.958
5777.54,2163.1,0.37439,36.1464,797525.75,89.3892,2237.54,22.0,42.2627,14.147
14929.4,4328.14,0.2899,182.478,2074684.8,229.349,5645.54,139.0,22.8506,0.774
6592.79,1390.15,0.21085,58.484,905147.06,81.0378,3323.1,49.0,37.8556,8.879
7919.87,3416.34,0.43136,50.8677,1117555.4,127.883,3626.89,55.0,36.8891,15.243
9511.72,2378.57,0.25006,104.668,1357959.4,150.648,3906.61,45.0,33.4907,1.876
12414.8,4538.38,0.36556,148.507,1739138.2,193.051,5074.35,47.0,27.4083,3.626
13480.2,3370.25,0.25001,115.951,1899481.6,165.251,5078.1,165.0,29.3206,18.096
7482.0,2394.86,0.32008,58.8812,1015415.9,104.748,3269.13,20.0,37.8111,9.322
6956.62,2240.44,0.32205,58.7084,935445.3,103.18,3135.51,20.0,40.3939,1.23
9050.6,2248.59,0.24844,108.799,1274785.1,152.626,3832.56,15.0,34.2887,0.531
15837.4,4890.65,0.3088,184.37,2185950.2,267.956,5273.34,100.0,25.2174,7.553
7828.52,3110.22,0.39729,88.3613,1127362.6,133.505,4175.12,99.0,36.3158,13.223
7022.69,2765.73,0.39382,66.8312,975741.9,118.16,3157.0,55.0,38.4369,13.779
18752.1,5040.72,0.2688,228.322,2577546.0,292.654,4904.5,112.0,26.7486,4.029
9332.83,3412.26,0.36561,71.8862,1312828.4,131.946,4187.08,76.0,33.8513,16.285
6470.77,1723.0,0.26627,54.2367,906393.25,73.521,3346.06,60.0,39.1015,1.853
8443.87,1678.5,0.19878,74.6844,1112769.1,102.9,3616.55,48.0,39.2727,15.707
6660.46,2008.7,0.30158,55.2014,862602.4,108.88,4211.51,22.0,40.5329,4.186
4564.37,1581.67,0.34652,34.31,615957.4,65.309,1420.15,29.0,44.2886,11.185
8390.32,1773.51,0.21137,83.542,1178541.1,106.128,3777.04,12.0,34.2329,2.173
13105.9,6130.76,0.46778,94.2418,1883661.0,194.798,4920.1,53.0,35.1644,18.555
3915.38,925.87,0.23647,31.5544,556282.8,46.4886,1806.89,11.0,42.3433,1.762
11831.6,3381.86,0.28583,139.507,1641884.5,165.879,4447.7,93.0,31.4305,2.03
8863.59,2881.47,0.32509,96.8545,1217244.4,141.909,3321.85,12.0,36.2292,1.803
7961.68,2411.68,0.30291,83.7516,1057924.4,122.281,3288.16,22.0,37.441,16.422
3747.39,1170.28,0.31229,32.6855,512832.7,47.9021,1349.47,23.0,44.4935,2.034
5182.23,1084.38,0.20924,39.7279,726936.3,58.5442,2389.61,11.0,41.915,3.361
13847.5,4584.78,0.33109,138.813,1968202.6,216.676,4746.53,95.0,29.7504,16.973
4225.56,1164.62,0.27561,31.5626,607079.94,49.3402,1254.67,57.0,44.6468,15.451
8594.73,2170.54,0.25254,82.7292,1218718.8,105.285,3850.48,68.0,35.7768,4.749
6708.96,2280.16,0.33986,78.0194,915595.75,96.341,3262.0,57.0,38.6337,1.239
8210.02,1611.32,0.19626,60.6193,1167968.4,78.8416,3659.87,25.0,38.8909,16.357
8450.3,3129.27,0.37031,68.4185,1181037.0,128.552,3356.23,71.0,39.2931,7.177
4948.86,1167.26,0.23586,43.6059,693864.25,64.3892,2653.96,13.0,41.8768,3.535
5049.23,1750.29,0.34664,45.4875,722966.4,70.2521,2484.19,55.0,41.6378,7.425
7461.66,3177.78,0.42588,82.1975,1041058.44,131.16,3281.97,92.0,37.4174,12.33
6773.45,2412.95,0.35623,48.8461,969376.06,94.6038,2908.77,59.0,42.8665,14.65
15505.2,5366.03,0.34607,163.5,2198535.8,229.896,5903.91,152.0,26.7838,8.588
7611.36,2523.37,0.33152,67.6705,1080233.8,103.554,3073.69,48.0,37.4809,17.335
12677.7,4834.1,0.3813,73.8828,1741082.6,176.235,4477.05,102.0,29.7221,5.178
6149.64,1604.52,0.26091,46.506,859043.25,80.8498,3049.73,16.0,42.0916,3.61
13770.8,3650.95,0.26512,167.719,1898928.1,230.42,4777.48,35.0,28.5995,3.222
14388.1,5198.53,0.3613,197.815,1965489.8,254.084,4637.74,38.0,29.0634,2.886
6900.71,2605.71,0.3776,64.6797,1005920.6,92.7553,3214.63,30.0,38.8993,1.419
13986.3,3522.66,0.25186,200.502,1898531.1,207.401,4617.45,180.0,28.9622,1.71
6705.01,1956.52,0.29179,57.7666,879057.8,118.026,3037.09,5.0,38.6776,8.061
13048.6,3260.58,0.24987,175.417,1797097.9,222.361,4341.14,87.0,28.0376,3.925
7733.62,2352.49,0.30419,59.7237,1084103.2,101.293,2824.41,28.0,40.0192,14.876
6291.51,2020.7,0.32117,57.4936,903738.2,83.3943,2554.71,62.0,41.7162,4.81
9556.86,1847.49,0.19331,105.466,1351287.6,126.533,4262.27,48.0,33.1242,0.85
7984.12,2476.59,0.31018,71.123,1129406.6,109.827,3726.03,1.0,36.1828,8.925
5086.39,1980.07,0.38928,34.5813,719291.0,65.3915,2578.86,38.0,42.7194,1.199
3793.73,1475.04,0.3888,25.5172,516911.22,49.4538,1565.31,9.0,44.55,8.364
8519.66,2186.98,0.25669,84.3331,1197174.8,110.304,4043.48,38.0,34.6348,2.764
8794.96,2473.07,0.28119,82.2803,1254167.9,117.309,4141.32,41.0,35.4307,2.074
5927.76,758.97,0.12803,55.3056,826893.94,52.9891,2917.08,14.0,39.8125,4.65
5111.06,1704.14,0.33342,64.723,674183.94,83.5715,2608.83,58.0,41.3928,5.203
4895.16,1327.64,0.27121,35.7947,665690.2,63.3131,1939.75,30.0,43.2915,14.122
13638.2,5493.21,0.40278,123.153,1904831.1,207.682,4895.99,111.0,32.2418,19.445
7808.22,2988.7,0.38276,53.1306,1077508.6,128.43,3663.53,89.0,37.5018,11.496
10342.4,2830.21,0.27365,129.225,1433679.9,161.802,4661.34,70.0,30.2595,2.073
8136.96,2359.37,0.28995,87.7108,1116842.5,94.4821,3783.17,24.0,34.7938,11.808
8038.47,1408.64,0.17523,62.1192,1126907.8,89.1238,2969.74,30.0,38.0408,12.834
14707.9,3519.69,0.2393,216.599,2041434.8,229.246,4995.89,128.0,26.5725,0.0
11428.6,3401.88,0.29766,114.838,1584889.2,171.962,4740.9,91.0,32.8977,18.296
13432.5,4565.34,0.33987,154.377,1910269.8,216.824,5951.3,74.0,24.4326,1.489
6016.41,1648.33,0.27397,53.5548,825108.9,82.5634,2735.18,36.0,40.2068,9.157
10048.5,2194.63,0.2184,81.8267,1416333.0,112.101,4186.97,90.0,33.6537,16.169
18676.0,5741.55,0.30742,207.861,2581616.0,295.373,6401.37,242.0,20.3991,9.482
5418.72,2255.13,0.41617,39.5891,719035.7,96.0783,3222.79,9.0,40.4229,12.415
6643.87,2538.88,0.38213,78.0873,908702.2,93.5074,3270.2,66.0,38.6897,1.985
8141.81,2403.94,0.29525,71.3838,1135213.0,97.5256,3544.18,76.0,37.2024,12.952
6126.72,1615.3,0.26364,59.0217,879000.7,83.4563,2391.96,27.0,40.7815,10.081
12133.1,3786.41,0.31207,112.184,1748584.6,169.129,3635.75,135.0,36.0585,19.533
8268.62,1721.39,0.20818,78.3646,1179612.4,102.993,3683.12,23.0,34.9382,2.026
11121.8,3740.46,0.33631,98.0559,1496335.2,155.225,4014.28,109.0,34.2317,18.568
9673.57,2679.45,0.27698,98.9935,1323325.4,165.111,4161.02,73.0,33.3818,0.728
9564.12,2527.85,0.2643,99.3096,1325958.0,127.909,3767.27,29.0,35.0449,5.051
7657.1,2236.54,0.29208,68.8315,1078557.4,97.8298,2891.73,36.0,39.071,15.401
12994.7,3034.6,0.23352,164.521,1821472.9,208.92,5551.03,78.0,23.563,1.299
5518.96,1778.56,0.32226,39.1491,770292.25,74.8458,3043.95,43.0,37.2966,14.092
6174.92,1264.61,0.20479,56.2134,857101.4,78.0643,2806.61,15.0,40.409,1.317
12966.1,4335.88,0.3344,153.171,1794138.8,218.038,4662.19,166.0,29.3616,11.807
3642.74,640.67,0.17587,40.418,495438.78,49.4375,2131.13,33.0,44.2826,11.918
7942.57,2294.63,0.2889,85.7214,1096969.5,111.542,3102.68,21.0,37.68,0.572
5768.68,1272.01,0.2205,49.0585,827742.25,69.8809,2427.4,56.0,41.9224,4.378
14696.3,6035.47,0.41067,199.315,1940654.2,270.692,5188.22,68.0,26.1821,7.054
6884.97,2471.6,0.35898,62.7993,976774.5,91.3285,2425.71,76.0,40.2461,3.142
7576.06,2108.0,0.27824,62.4062,1040309.8,101.083,3196.87,49.0,37.422,6.743
8265.83,2936.4,0.35524,82.0076,1127751.0,119.378,3765.55,32.0,36.9889,4.114
8806.46,2084.4,0.23668,84.9697,1241508.9,110.348,4630.57,32.0,33.3931,1.891
8607.16,2534.5,0.29446,95.1037,1166047.8,107.501,3728.6,47.0,35.6375,14.511
7325.86,1561.52,0.21315,79.0908,985883.5,105.522,3397.29,22.0,37.7745,14.303
6090.92,1838.77,0.30188,51.0276,868940.7,81.1926,2973.63,61.0,40.2301,4.195
15623.8,5737.89,0.36725,184.542,2201231.8,262.297,5020.72,23.0,26.5875,2.263
8282.96,1307.63,0.15786,77.4457,1099016.5,101.258,3743.64,33.0,36.2167,9.451
6247.81,2295.32,0.36737,64.3235,869287.5,85.0926,3191.51,57.0,38.7709,7.417
10183.9,4144.38,0.40695,99.266,1420122.4,148.145,3496.87,73.0,35.8607,17.871
5808.63,1299.3,0.22368,57.9033,805317.3,77.7386,2670.84,23.0,40.8053,1.444
19216.1,6182.04,0.32171,207.415,2652678.2,322.38,5898.83,221.0,21.179,11.087
9217.14,3786.53,0.41081,63.7639,1254311.0,150.684,4199.67,70.0,34.5253,14.498
8201.05,2218.38,0.27049,87.4694,1168933.6,111.65,3551.04,96.0,36.8797,1.983
8673.53,2733.58,0.31516,118.593,1194532.8,142.563,4242.07,119.0,32.6395,2.38
15392.8,4723.64,0.30687,176.43,2118768.2,259.161,5386.95,167.0,23.9358,1.746
12725.7,3929.6,0.30879,137.125,1734195.1,180.463,4507.58,114.0,30.965,4.556
4814.51,1420.32,0.295,35.9842,665205.1,54.7006,2003.04,59.0,43.3601,11.729
10871.2,4433.23,0.40779,77.051,1471923.8,173.447,4144.58,89.0,33.1393,16.857
6952.36,2145.97,0.30866,65.5168,962672.1,93.4263,3339.48,44.0,37.458,13.463
7534.54,2340.24,0.3106,59.9447,1036134.06,102.514,3674.76,53.0,36.8389,14.833
8588.45,2738.3,0.31883,57.0891,1172521.6,114.599,3989.71,45.0,35.9139,16.532
6852.42,2198.18,0.32078,56.629,973628.0,85.78,4580.16,19.0,37.5788,11.136
5508.84,1693.17,0.30735,54.7527,759046.44,75.7085,3081.97,17.0,40.0546,8.327
8373.15,2635.3,0.31473,60.1983,1175386.0,111.077,2886.62,24.0,38.4948,14.311
12663.1,5892.51,0.46532,135.157,1738020.0,226.614,5014.83,138.0,28.6662,18.586
6443.96,2557.5,0.39688,71.782,857333.4,125.27,3543.99,66.0,34.9108,13.966
18218.4,5879.91,0.32274,205.219,2500856.5,314.403,5728.68,218.0,22.111,9.69
7626.88,2025.33,0.26555,66.6805,1094101.9,97.1653,2856.37,48.0,37.832,15.635
6412.21,1963.61,0.30622,59.8148,866320.7,90.7173,3087.97,14.0,40.3001,1.725
9089.64,1856.71,0.20426,99.2795,1236112.5,134.06,4028.18,38.0,34.2474,2.093
5891.39,1611.38,0.27351,48.656,763073.5,72.1712,2085.28,32.0,43.155,12.838
7183.98,2074.54,0.28877,65.6981,992671.4,99.2761,2913.12,50.0,40.1474,5.677
17836.3,5462.15,0.30623,209.441,2467009.0,267.508,5952.94,223.0,23.5074,10.427
16383.0,5740.94,0.35042,186.002,2271840.5,267.024,5541.84,150.0,25.0802,1.952
15947.7,4732.52,0.29675,209.285,2184482.2,245.661,5371.27,118.0,25.2172,1.912
8993.2,2615.07,0.29078,73.8888,1256210.4,104.466,3713.95,60.0,32.0364,20.281
12238.7,4739.15,0.38722,148.347,1699804.5,223.515,4756.19,136.0,30.1868,18.144
4236.99,827.57,0.19532,39.0674,563326.56,53.7189,2538.04,18.0,43.4176,2.964
16540.1,5484.98,0.33161,146.559,2273364.8,245.002,4409.95,167.0,29.8218,20.466
11664.5,3530.18,0.30264,136.193,1660989.1,160.437,4493.2,46.0,31.1385,3.567
7941.95,2058.88,0.25924,74.4635,1083330.9,99.4538,3390.25,47.0,35.6823,4.771
13136.8,3858.05,0.29368,154.413,1817939.1,220.516,4659.63,110.0,29.2614,4.388
5427.62,1582.19,0.2915,43.2027,791905.25,68.196,2441.97,19.0,41.607,3.042
10281.5,2055.7,0.19994,103.137,1439739.4,131.078,3805.96,113.0,35.5403,5.819
7989.59,2143.5,0.26828,93.453,1091031.8,98.7327,3468.55,21.0,31.8519,12.077
14880.2,3256.9,0.21887,173.372,2108658.8,209.264,4047.57,146.0,32.1272,1.492
13747.5,4026.86,0.29291,211.838,1907420.2,239.04,5312.16,291.0,24.8671,1.733
5259.65,2095.83,0.39847,50.3192,732561.9,76.1962,2241.73,26.0,42.9451,2.145
11262.4,3269.37,0.29029,129.294,1593612.9,174.816,4342.8,50.0,32.0825,1.514
5665.15,989.09,0.17459,52.5887,784361.06,59.4466,2988.34,32.0,39.6309,3.753
15061.6,5708.35,0.379,99.4986,2056301.4,240.737,4931.15,85.0,28.2447,19.692
6142.65,1523.33,0.24799,41.9214,840544.44,97.2091,3024.82,22.0,39.0742,14.073
8417.88,1885.96,0.22404,83.024,1210233.4,111.568,4057.35,97.0,34.8794,1.192
7033.07,1753.98,0.24939,57.8995,976033.75,83.1014,2682.57,11.0,38.8333,14.977
9540.56,3343.7,0.35047,91.8048,1344941.5,146.19,3222.33,69.0,37.6889,18.048
10559.0,3786.55,0.3586,122.69,1481559.9,163.26,3946.65,41.0,32.1052,3.591
8921.47,2322.81,0.26036,57.9111,1264896.2,98.91,3669.79,26.0,37.3684,15.775
11249.2,3202.49,0.28468,131.544,1608774.0,160.983,4424.61,37.0,30.9507,1.984
7659.88,2684.01,0.35039,68.9102,1077729.2,111.963,3633.02,90.0,39.5985,7.72
8233.04,3134.85,0.38076,68.8043,1137146.6,120.483,3665.56,50.0,36.666,16.838
9092.78,3081.5,0.33889,68.8966,1313515.0,123.507,3434.66,64.0,38.3285,17.51
4621.06,1419.19,0.30711,44.718,634959.44,62.2217,2175.04,21.0,42.9356,10.451
6432.13,1291.0,0.20071,68.1289,903168.3,90.3712,3053.77,61.0,39.6936,14.083
5341.89,969.32,0.18145,43.0851,731832.7,71.8349,2760.33,21.0,42.3866,13.8
14297.4,4294.92,0.30039,160.611,2026801.6,224.014,4834.97,94.0,28.2522,4.393
14936.7,4925.62,0.32976,186.959,1949034.2,227.48,4176.82,102.0,31.2337,2.613
8165.48,1653.2,0.20246,78.1321,1148065.1,104.341,3753.7,23.0,34.3733,1.987
8532.86,2490.83,0.29191,88.7422,1204200.5,117.254,3337.46,10.0,36.4877,2.378
6220.34,1730.92,0.27826,56.7479,801191.25,87.4077,3061.48,50.0,39.7948,16.255
9200.18,3018.29,0.32806,99.7622,1259756.4,110.742,3334.04,30.0,34.57,15.973
4796.28,1383.77,0.2885,46.942,666665.25,58.386,1879.52,16.0,43.7637,3.298
8373.03,2151.22,0.25692,90.0105,1156853.2,99.1219,3775.07,25.0,36.2784,13.515
5322.46,1338.93,0.25156,48.5979,678015.25,73.2496,2487.14,22.0,42.3132,0.0
8177.73,3000.14,0.36686,76.7689,1176789.6,107.773,3525.2,56.0,31.8093,15.441
15423.1,4273.65,0.27709,248.249,2100731.0,266.881,4721.31,288.0,24.9206,4.79
7427.96,1652.92,0.22252,87.2551,1035699.1,103.492,3842.65,25.0,36.2995,1.51
4111.06,668.88,0.1627,38.2272,539583.1,59.6783,2524.72,10.0,43.6526,2.141
10704.3,3756.21,0.3509,99.5977,1489092.4,160.254,5891.05,46.0,33.6942,1.656
12081.3,4199.81,0.34762,121.607,1727380.2,178.928,4722.41,132.0,30.1313,3.917
5347.92,2371.64,0.44346,44.1413,774080.75,84.1646,2871.29,44.0,42.8563,14.127
23679.4,7296.25,0.30812,184.474,3354774.2,286.967,6731.65,217.0,19.913,19.249
6503.98,2222.86,0.34176,54.1048,898063.5,100.135,3635.17,71.0,37.2062,1.334
4102.91,1227.26,0.29911,36.7441,556234.56,51.4118,1379.51,32.0,44.4985,11.529
12850.9,3996.25,0.31097,138.908,1787531.4,177.042,4363.65,34.0,30.1103,2.928
7325.38,2543.6,0.34723,75.3878,990332.06,120.86,3481.36,54.0,36.4827,16.567
4780.01,1379.33,0.28856,44.648,684538.6,66.492,2365.98,47.0,43.1168,7.343
21555.2,6772.42,0.31418,251.392,3015530.2,338.857,5540.23,70.0,23.2535,3.522
9914.49,2941.14,0.29665,105.53,1376665.1,149.85,4223.41,50.0,34.404,1.945
4268.17,785.79,0.1841,38.8271,564236.0,63.6596,2566.32,11.0,43.4596,2.038
7381.86,2129.15,0.28843,65.9273,1019827.2,108.286,3514.12,22.0,37.8542,2.191
6832.86,1864.51,0.27287,61.1457,905925.44,96.9415,2846.99,28.0,39.0586,8.163
9956.05,4481.83,0.45016,62.9311,1413980.8,149.652,3553.06,66.0,35.0756,18.014
10818.0,2407.51,0.22254,72.4431,1510630.0,145.338,4268.74,68.0,33.7246,15.22
7354.46,2025.92,0.27546,83.3363,1070860.4,110.838,3350.11,38.0,37.4133,3.873
10039.5,3628.21,0.36139,80.7946,1368800.2,131.846,4408.9,36.0,34.3212,14.494
10251.9,2719.35,0.26525,97.5221,1423495.8,138.149,3736.4,18.0,35.9401,2.386
9063.9,2620.35,0.28909,92.8407,1225126.4,113.052,3922.98,38.0,35.237,14.379
6284.3,1972.2,0.31382,48.0377,870535.9,85.6112,2458.52,50.0,41.0237,11.53
3486.45,834.85,0.23945,28.696,483653.72,39.0518,1797.41,54.0,45.7218,3.083
8613.5,2627.77,0.30507,65.9163,1226392.0,100.98,2859.05,55.0,38.9064,14.294
15839.9,5325.92,0.33623,170.188,2252282.0,275.431,4943.59,238.0,28.0144,19.806
11056.3,3997.42,0.36155,91.327,1551040.4,145.49,4003.87,55.0,33.4567,18.293
7770.56,2937.89,0.37807,66.3898,1081442.5,125.811,3260.98,48.0,37.5338,17.128
5632.17,1398.17,0.24824,65.0246,708255.3,86.359,3093.17,20.0,38.1576,11.073
15995.8,5543.92,0.34658,189.109,2153411.8,279.653,5413.44,176.0,27.1045,5.847
11708.9,2279.22,0.19465,92.9288,1638069.6,127.712,4432.54,44.0,31.6092,11.778
5891.52,1590.86,0.27002,66.968,833702.5,75.8842,3051.96,14.0,31.7462,2.076
5012.32,1282.23,0.25581,50.8294,636738.94,67.2106,2108.94,42.0,42.9599,3.007
6375.8,1615.98,0.25345,65.6227,877643.1,83.8409,2212.94,76.0,41.133,13.96
13217.8,3381.37,0.25581,157.691,1810611.8,211.069,4187.27,54.0,31.673,2.483
8379.01,3031.74,0.36182,73.5768,1184366.4,106.737,3695.94,25.0,36.029,15.038
5120.87,1384.66,0.27039,45.0992,725602.75,67.8208,2558.9,48.0,41.4449,6.359
22571.1,6048.66,0.26798,302.108,3129932.5,350.48,6293.45,80.0,17.6201,3.228
4526.74,1179.65,0.26059,42.8134,629063.44,54.6257,1898.79,18.0,43.5775,2.393
15357.9,5137.14,0.33449,215.049,2138580.0,251.151,5338.58,285.0,24.4045,1.678
5971.09,1184.46,0.19836,65.4325,837914.25,72.6877,3091.94,20.0,39.0643,2.081
6341.47,2176.06,0.34314,55.6878,885192.9,88.294,2779.87,51.0,40.2495,2.107
7694.79,2109.42,0.27413,71.813,1061409.6,100.45,3247.73,36.0,38.2797,10.351
6478.33,2582.72,0.39867,33.8532,859801.5,98.0838,3006.48,40.0,39.7236,13.838
6404.19,1782.87,0.27839,53.7506,844391.6,88.865,3027.62,46.0,40.4334,15.227
5749.25,2043.27,0.35539,71.2105,787934.44,89.0032,3025.8,31.0,40.1438,1.781
25524.6,8920.27,0.34947,310.432,3564707.8,434.659,6766.44,131.0,15.7467,6.469
9943.1,3403.71,0.34231,105.262,1364741.5,167.056,4112.07,105.0,32.1221,17.806
7349.74,1817.45,0.24728,69.2806,1013684.25,99.0965,3567.96,24.0,37.3969,1.749
6245.76,2023.04,0.3239,56.9072,864929.06,88.8912,2719.48,46.0,40.4463,2.504
7499.12,2594.65,0.34599,72.8762,1036459.5,100.325,3210.03,15.0,38.1514,2.595
9015.21,2540.53,0.2818,86.9207,1227178.0,117.787,3835.46,30.0,35.0101,1.907
10998.2,3312.78,0.30121,117.602,1533922.9,155.491,4645.23,68.0,31.1383,15.419
6780.22,1958.01,0.28878,63.511,933110.7,88.9269,2926.9,53.0,39.8862,1.896
4138.15,1225.01,0.29602,36.1526,564694.44,50.5646,1394.75,17.0,44.338,1.695
6839.31,1495.28,0.21863,61.5679,934017.7,95.7433,3136.68,36.0,39.0042,8.502
3879.76,993.72,0.25612,33.2237,549664.3,47.2446,1791.48,12.0,44.4675,1.771
6184.26,2384.39,0.38555,54.9897,888855.56,89.5852,3191.15,63.0,40.2146,10.803
9680.06,2757.31,0.28484,100.215,1366762.4,125.643,3682.63,123.0,35.4799,3.133
10074.4,2420.38,0.24025,127.732,1393595.6,154.747,4622.75,66.0,30.0002,1.275
12683.6,2936.57,0.23152,159.685,1766896.6,189.418,4185.26,63.0,31.8652,2.814
6441.86,2327.01,0.36123,46.7254,902333.7,80.5954,2631.58,26.0,40.9493,9.453
9867.58,2385.87,0.24178,95.4375,1377822.1,125.815,3772.12,129.0,35.4215,3.14
15274.0,3501.16,0.22922,181.791,2127314.8,241.42,4779.28,21.0,28.0084,2.292
5526.63,1030.69,0.18649,50.0293,777974.75,65.6778,2757.65,20.0,40.2652,4.619
15619.1,4727.26,0.30265,138.39,2115241.5,202.174,5185.66,102.0,26.5193,20.606
6901.87,2842.06,0.41178,53.2868,934356.06,107.368,3440.78,24.0,38.5784,9.336
9074.32,3296.5,0.36327,84.9565,1216019.6,140.764,3895.62,40.0,35.8157,12.106
8429.65,1891.95,0.22443,71.0695,1144655.2,99.5013,3940.78,92.0,37.1848,9.557
7087.06,2324.95,0.32805,63.5433,954606.4,98.7641,3128.89,20.0,40.1369,1.207
8170.74,3019.34,0.36953,81.1921,1126856.5,113.433,3807.62,23.0,34.9622,2.48
7528.58,2903.77,0.38569,80.0061,1038884.3,99.22,3856.3,26.0,35.5734,3.493
5643.11,2104.11,0.37286,48.872,799510.06,79.6691,2299.94,20.0,42.225,2.087
14651.3,5011.24,0.34203,165.873,2145585.8,277.832,4962.38,60.0,26.5075,2.047
4330.45,803.97,0.18565,40.5473,573330.2,63.0591,2560.63,11.0,43.4431,2.127
22618.0,5515.27,0.24384,327.715,3097526.5,396.871,6251.71,165.0,19.7699,0.969
15167.7,3800.7,0.25057,177.243,2152968.8,225.18,4896.36,82.0,24.5368,4.072
9885.33,2447.35,0.24757,103.116,1399021.9,158.786,3847.64,15.0,34.0428,0.512
13333.9,4069.79,0.30522,151.426,1907442.9,212.689,4592.94,45.0,29.2495,3.657
5555.26,1333.19,0.23998,50.5959,755215.44,68.5866,2439.85,27.0,40.2964,13.425
14434.4,3843.73,0.26628,190.415,1970993.5,217.965,4602.33,179.0,28.8378,1.873
6390.94,1680.95,0.26302,68.918,910607.06,78.4507,3104.73,11.0,38.4537,1.905
18267.8,5267.03,0.28832,222.592,2493239.5,301.269,4928.92,116.0,26.6573,4.362
13996.7,4959.02,0.35429,179.519,1850522.4,267.343,5265.96,181.0,25.5275,2.718
7550.39,2107.06,0.27906,65.1353,946828.44,113.489,3367.01,25.0,37.9477,3.685
6455.82,1917.39,0.297,51.1363,895291.44,90.3864,2567.6,105.0,41.0927,12.863
8028.37,2607.02,0.32472,62.4487,1150413.9,101.274,5040.28,53.0,35.8259,14.391
7839.03,2787.97,0.35565,61.965,1053952.6,113.959,3148.68,30.0,41.3453,11.739
8101.94,2517.98,0.31078,90.6405,1108466.4,117.988,3648.31,29.0,36.0121,9.638
8061.27,1372.29,0.17023,70.9302,1078594.8,96.7649,3331.86,29.0,35.7755,10.64
11679.9,3447.44,0.29516,156.727,1617482.8,210.582,4564.03,194.0,30.0696,1.834
3803.04,1231.36,0.32378,32.0941,525494.3,49.2878,1356.61,24.0,44.2566,1.449
5422.81,1045.09,0.19272,51.5833,781228.3,67.1189,2852.61,57.0,40.3483,1.318
6862.12,1683.18,0.24528,62.7902,971775.1,75.308,3649.91,71.0,39.188,13.014
14101.6,4217.36,0.29906,148.657,1924250.4,214.275,5348.05,10.0,30.8518,5.522
7340.55,2520.45,0.34335,70.2254,1008046.75,100.8,3238.75,19.0,38.0271,2.67
8280.72,2289.3,0.27646,98.8791,1090042.9,129.196,3525.54,83.0,37.3171,11.447
11229.9,3838.77,0.34183,75.8546,1560418.4,158.887,7018.11,81.0,34.2909,4.942
9649.26,4303.03,0.44594,68.3924,1318315.6,150.552,3433.85,31.0,36.5308,10.691
14213.4,6146.31,0.43243,164.562,1963487.5,269.613,5032.09,148.0,27.8404,20.418
10747.7,2895.33,0.26939,109.57,1518288.9,157.886,4108.73,44.0,33.5989,1.979
12909.7,3619.69,0.28038,162.012,1794255.8,221.47,4826.9,198.0,28.76,2.456
4999.07,1238.5,0.24774,44.7965,709354.8,65.857,2687.03,16.0,41.9022,2.836
6735.48,1968.66,0.29228,65.4701,912552.1,92.6034,3162.69,44.0,40.0488,3.36
14442.5,3182.52,0.22035,206.896,1998235.1,246.126,4997.26,141.0,26.4963,3.011
10953.5,3681.25,0.33607,77.8638,1520927.1,156.81,7732.25,12.0,34.9987,6.922
10076.5,3076.65,0.30532,99.9493,1353551.5,153.092,4266.05,42.0,31.4211,15.992
6454.2,1764.52,0.27339,71.6521,872452.2,81.28,3080.48,41.0,39.1897,9.576
10982.5,4532.29,0.41268,114.274,1566447.5,164.311,4309.88,98.0,32.8934,18.128
5811.82,1053.23,0.18122,52.5591,799977.1,65.2332,3034.98,24.0,40.2034,4.07
5487.53,1544.03,0.28137,47.804,704931.75,78.499,2126.29,32.0,43.0756,14.549
8396.07,2987.57,0.35582,67.1939,1146677.2,132.439,4105.35,51.0,36.0393,17.059
5172.4,1065.56,0.206,43.511,727097.7,66.2737,2655.24,15.0,41.5024,3.26
6087.1,1814.51,0.29809,44.9401,820726.7,86.6776,3178.09,26.0,42.9607,13.836
8931.16,2588.79,0.28986,88.5249,1263013.6,128.562,3353.21,6.0,36.2291,2.876
9022.84,3101.43,0.34373,83.3579,1246828.1,147.313,4096.08,103.0,32.1835,4.528
10860.1,2496.1,0.22984,120.741,1472636.0,153.675,3680.23,16.0,34.5875,2.114
6462.17,1575.84,0.24385,61.6811,881887.7,76.7419,2802.02,17.0,40.2505,1.355
8833.54,2040.73,0.23102,70.0189,1237176.0,105.608,3384.38,61.0,38.202,16.066
16356.7,5580.23,0.34115,166.779,2313587.0,275.757,4810.3,122.0,29.5582,4.878
7321.37,2863.42,0.3911,62.1639,1077579.2,88.7138,3423.44,36.0,38.3851,6.347
5571.28,852.05,0.15293,51.013,762048.6,59.4251,3009.92,17.0,39.7587,3.501
13862.6,5734.87,0.41369,201.09,1838386.9,265.369,4825.29,90.0,26.1771,8.641
9537.46,3070.26,0.32191,73.6033,1325566.8,127.936,3673.98,30.0,35.0269,20.187
18206.6,4745.39,0.26064,173.265,2530127.8,216.696,6074.43,153.0,21.0271,20.624
9503.15,1818.49,0.19135,96.3241,1348763.2,126.527,4301.5,43.0,33.9432,0.941
11044.8,3523.67,0.31903,103.381,1509404.2,164.548,5357.07,113.0,36.051,1.633
17576.7,5301.5,0.30162,180.395,2436891.8,245.883,5995.08,86.0,21.6789,5.405
10580.0,4599.51,0.43473,108.726,1459625.4,168.098,5001.41,76.0,30.5515,20.547
12743.1,4540.53,0.35631,107.53,1824887.2,186.887,4706.89,64.0,29.8974,3.471
8434.65,2601.61,0.30844,77.1691,1137917.1,104.811,3647.37,56.0,35.7658,8.034
16072.1,4371.61,0.27199,215.754,2231824.5,290.339,4999.11,195.0,27.1516,4.957
16957.9,5847.07,0.34479,161.736,2378829.0,221.565,5833.87,92.0,23.866,6.711
9816.51,2782.07,0.2834,101.978,1367420.1,141.127,3614.48,33.0,34.8646,2.533
16354.6,5354.56,0.3274,197.587,2276778.2,242.948,5416.62,170.0,24.5186,1.917
9550.0,2418.8,0.25327,83.5984,1363874.4,124.834,3907.26,36.0,35.3295,2.38
14950.3,4772.41,0.31921,108.832,2155095.5,186.704,4908.4,97.0,29.3942,19.754
4817.42,1308.97,0.27171,38.7429,673134.1,69.6112,2473.72,27.0,41.0499,11.559
7921.76,2185.57,0.27589,101.665,1070172.8,97.6648,3781.76,9.0,35.7369,20.564
9839.31,3296.84,0.33506,101.143,1351392.2,143.916,4714.42,45.0,32.5836,1.78
8848.97,4330.86,0.48941,86.0082,1097670.0,177.68,2634.3,87.0,39.3896,14.806
5546.93,1669.01,0.30088,50.3509,781969.7,73.4788,2461.72,98.0,41.4035,11.854
5193.42,916.32,0.17643,43.1162,742815.56,63.4704,2222.37,77.0,42.5262,1.81
8306.24,2601.78,0.31323,97.0607,1174248.6,115.354,3579.06,89.0,37.2711,2.256
6766.26,1846.69,0.27292,77.2802,926255.6,108.015,3020.72,82.0,39.3756,0.694
6201.95,1546.46,0.24935,68.062,867468.25,80.64,2813.36,84.0,39.3801,8.827
14106.7,4446.41,0.31519,155.245,1928711.6,212.132,5354.21,20.0,30.8518,8.11
7165.42,2366.44,0.33025,64.2095,951254.3,110.878,3772.94,70.0,36.8054,8.183
9951.62,2905.61,0.29197,100.238,1364617.8,149.386,4053.48,123.0,36.4228,5.174
7179.32,2117.2,0.2949,41.2913,991156.8,116.398,4622.32,29.0,42.2889,20.943
8067.24,2275.93,0.28212,89.7446,1131128.2,102.425,4017.37,21.0,35.8618,1.769
5646.77,1500.35,0.2657,55.4669,783321.9,95.8931,2951.01,45.0,39.8934,13.698
12840.3,3684.69,0.28696,121.778,1764166.6,159.96,6468.3,71.0,32.9002,19.288
18278.8,4502.0,0.24629,223.171,2510974.8,295.405,5610.08,202.0,22.7446,2.481
5724.24,1554.49,0.27156,63.0107,714252.9,91.8823,3115.16,18.0,39.4133,2.349
7887.79,2500.93,0.31706,52.3679,1063512.5,117.521,3818.39,29.0,40.3362,14.524
8759.05,3153.35,0.36001,93.2941,1244521.5,130.843,3607.55,34.0,35.9133,4.144
9257.66,2717.28,0.29351,86.7894,1318447.4,133.5,4045.25,65.0,33.3594,5.959
8892.45,3115.4,0.35034,74.8807,1230830.1,125.869,3570.79,33.0,38.0644,17.088
5637.39,1243.23,0.22053,51.6753,794473.75,69.1669,3132.52,57.0,40.1962,1.79
21885.7,6736.69,0.30781,319.937,3016503.2,361.868,6611.74,110.0,17.6733,3.777
6652.15,1936.17,0.29105,82.2494,925175.25,96.8798,3442.04,39.0,38.2528,6.742
9571.89,2773.9,0.28979,112.763,1341824.1,129.463,3825.33,68.0,35.0558,3.688
12660.4,3661.36,0.28919,161.199,1798285.0,184.58,4802.43,176.0,29.0814,11.116
5437.69,1977.58,0.36368,44.0183,729749.94,85.1264,1572.45,35.0,43.56,12.139
11833.2,2895.98,0.24473,142.708,1586576.5,176.333,4628.66,74.0,30.8894,2.579
6315.88,1411.6,0.2235,67.5545,845304.4,77.7842,3356.74,61.0,37.5391,11.033
15241.1,4733.11,0.31054,211.146,2197959.2,260.062,5111.28,127.0,26.8387,3.801
7625.03,3223.51,0.42275,80.1549,1078856.0,117.105,3300.94,44.0,37.7393,2.914
10872.0,2590.97,0.23831,124.864,1475359.6,159.925,3638.07,24.0,34.538,2.299
9480.9,2695.21,0.28427,97.6035,1304431.0,127.922,3885.46,28.0,33.7329,2.463
5755.91,1571.91,0.27309,49.4475,780660.5,83.7448,2388.28,29.0,40.3487,14.149
10215.2,2561.2,0.25072,125.454,1412083.8,162.583,4585.39,72.0,29.932,1.582
8867.56,2814.07,0.31734,64.6889,1227141.1,119.173,3456.38,87.0,36.3787,3.399
7021.39,2364.97,0.33682,65.5277,980971.5,90.1041,3691.68,82.0,39.1627,9.612
18553.3,5361.15,0.28895,252.735,2532541.2,313.282,5711.01,327.0,21.4544,2.557
6375.07,1695.54,0.26596,58.4844,921077.06,81.2062,2595.82,67.0,41.3188,2.705
11024.5,2630.54,0.2386,108.966,1597309.6,121.488,4429.97,95.0,32.2183,16.919
11798.4,3461.85,0.29341,131.099,1612414.9,146.159,4579.04,87.0,30.5152,16.034
11088.0,2941.6,0.26529,146.598,1581424.0,157.767,4114.23,127.0,32.3242,2.682
4522.3,1322.31,0.29239,34.7423,639050.7,53.264,1970.42,18.0,43.6568,12.404
4365.6,1143.04,0.26182,31.0216,611600.6,49.6553,2060.57,42.0,44.611,5.666
8087.16,2478.39,0.30645,67.3618,1100648.2,103.315,3287.96,33.0,36.9674,17.888
9884.0,3788.03,0.38324,102.471,1383425.8,130.282,4078.85,61.0,34.2244,20.126
6785.27,2592.79,0.38212,65.2064,952085.06,92.9342,2413.68,68.0,40.3824,12.948
14613.1,4289.3,0.29352,185.678,2034490.4,224.091,5624.46,134.0,22.7965,0.77
8252.02,1976.06,0.23946,67.7559,1132933.9,115.209,3863.91,37.0,37.4253,4.692
10405.4,2718.99,0.2613,109.18,1477769.4,151.017,3990.83,46.0,32.7095,1.829
14205.8,4427.39,0.31166,177.369,1963636.1,231.956,5169.02,108.0,30.0209,4.307
8303.2,2618.08,0.3153,90.2347,1112571.8,137.655,3921.07,40.0,37.9987,6.692
9358.49,2539.16,0.27132,80.29,1304549.8,122.518,4118.29,81.0,33.7508,5.991
8377.2,2221.58,0.26519,83.2141,1184715.4,112.266,4037.34,41.0,34.3329,2.62
16411.4,4697.66,0.28624,257.067,2253518.5,273.108,4841.32,280.0,27.2449,4.034
18818.2,6203.01,0.32962,237.529,2577184.0,273.272,5735.03,111.0,25.3039,2.788
14065.5,4391.89,0.31224,160.725,1944034.9,216.338,5272.55,198.0,26.9981,1.601
9951.94,2498.46,0.25105,105.197,1420254.0,152.911,3952.58,44.0,33.2257,1.691
5497.19,1295.21,0.23561,49.4769,751902.9,68.7162,2393.1,25.0,42.3403,7.757
9577.91,2887.69,0.30149,96.869,1353329.6,135.296,3910.77,23.0,34.7459,4.516
4870.39,1175.37,0.24132,44.6036,657417.6,61.2843,2572.48,14.0,41.5214,4.73
10340.6,2484.22,0.24023,128.632,1439727.6,160.024,4619.64,71.0,30.2456,1.309
16570.7,4961.03,0.29938,215.908,2313826.2,286.255,4789.38,123.0,27.2481,5.622
5161.36,1539.31,0.29823,48.407,764011.5,90.7868,2017.35,38.0,43.8623,12.518
4070.06,1148.29,0.28213,37.6395,584797.56,46.9428,1781.85,13.0,44.3489,2.063
15432.6,5276.38,0.34189,201.045,2061221.4,255.545,5183.96,195.0,25.7249,2.744
20872.6,5411.19,0.25924,319.201,2840225.0,421.109,6268.99,161.0,19.6687,1.128
14679.7,3015.75,0.20543,189.384,2049901.4,234.729,4868.43,91.0,27.1637,3.144
21525.8,6661.18,0.30945,182.08,3105499.5,288.207,5050.83,95.0,26.6103,20.939
4838.86,1692.92,0.34985,46.3231,700043.2,73.4881,2464.66,53.0,42.0444,12.456
8377.8,2309.84,0.2757,90.2184,1173714.8,125.551,3327.12,11.0,36.123,2.436
9136.35,3259.43,0.35675,82.6618,1240714.5,133.138,4137.0,23.0,36.6114,2.85
18489.4,5994.32,0.3242,188.6,2617349.2,250.064,5516.46,90.0,23.0149,19.977
5990.55,1574.34,0.2628,65.0403,758525.25,88.1836,3102.63,18.0,39.4007,2.254
17365.3,5943.67,0.34227,213.978,2270935.0,277.447,6974.35,254.0,23.0504,2.883
7611.37,2297.54,0.30185,76.9357,1050711.8,105.041,3781.29,35.0,35.2939,18.064
8096.45,1998.66,0.24685,57.4798,1138511.8,102.277,3052.88,26.0,38.5046,10.2
11127.7,3478.57,0.3126,128.533,1490123.8,171.788,4296.17,50.0,32.3433,8.638
8409.78,2074.1,0.24662,77.7011,1187267.8,129.669,3803.21,64.0,36.9188,11.757
13984.9,4332.49,0.30979,99.1576,1927209.4,175.445,5092.79,149.0,29.116,20.815
12352.7,4054.94,0.32826,118.66,1731618.6,173.503,4686.41,80.0,31.4416,4.781
7309.44,2100.32,0.28734,91.8097,990892.7,97.8269,3460.54,33.0,37.2736,8.874
6990.33,2064.54,0.29534,63.2512,987295.1,103.594,3352.18,33.0,38.2118,13.732
18159.6,6344.95,0.34939,255.324,2346777.2,232.293,15171.12,182.0,28.48,4.027
6868.9,2540.66,0.36987,58.2497,953939.0,111.312,3773.12,77.0,36.6859,1.499
13009.7,3163.23,0.24314,162.638,1832534.2,201.112,4986.37,211.0,27.9395,1.831
6942.83,1911.13,0.27526,58.9515,983815.4,102.667,3536.73,43.0,37.6689,15.687
25042.3,9272.64,0.37027,222.406,3419921.5,326.53,6923.19,255.0,46.5464,2.41
12176.6,2885.97,0.237,152.776,1724088.9,169.047,4729.5,24.0,29.0274,1.764
7401.2,2264.11,0.30591,69.2192,1033109.44,86.1173,3600.98,96.0,36.4163,16.838
10458.1,2723.41,0.26041,112.358,1467267.2,152.296,4342.51,62.0,33.2603,4.776
5698.43,1694.52,0.29736,57.8691,759040.0,88.4808,2683.66,28.0,41.119,4.59
7224.76,2254.46,0.31204,54.3502,999915.75,106.633,2983.97,51.0,40.5642,4.605
4972.7,965.2,0.19409,46.6247,701738.06,65.0485,2695.36,17.0,42.0697,2.854
4959.09,1281.71,0.25845,42.5729,702622.9,76.6777,2588.63,35.0,41.5078,8.852
6003.58,964.79,0.1607,49.5824,829076.8,65.0286,3052.7,19.0,39.5445,3.889
16411.4,4950.2,0.30163,169.43,2267960.2,248.186,4677.73,73.0,29.7695,2.527
6583.38,1702.13,0.25854,69.2475,910580.6,80.1747,2895.98,75.0,39.555,7.732
12642.5,3984.54,0.31517,120.112,1711320.8,163.489,5613.89,69.0,26.3634,19.621
6001.95,1909.93,0.31821,56.1547,823953.0,84.3661,3192.39,15.0,39.5129,7.575
17883.4,5514.9,0.30838,217.183,2489302.0,293.226,5739.91,209.0,21.8405,2.129
4457.13,827.96,0.18576,40.3316,611249.25,51.5309,2308.16,42.0,41.8828,8.58
9575.92,3202.27,0.3344,92.2627,1338358.8,150.549,4708.45,41.0,32.8836,1.488
5745.18,2106.36,0.36663,66.7236,752513.25,94.7986,2725.7,41.0,40.71,5.867
7167.07,2877.19,0.40144,78.2504,998375.5,118.592,3263.59,118.0,38.0498,14.536
4606.0,977.23,0.21216,41.6985,624306.9,67.4843,2415.61,23.0,40.1938,15.787
8507.0,2578.09,0.30305,95.7775,1165224.8,145.279,3258.87,8.0,36.5875,1.952
9023.0,2653.29,0.29405,89.2362,1220711.0,123.045,3811.4,33.0,34.8057,1.937
8280.64,2485.17,0.30011,93.3254,1141348.4,99.607,3530.66,24.0,32.8008,12.98
8471.04,3024.88,0.35708,73.5567,1202385.5,102.329,3729.08,53.0,37.0716,15.546
13637.7,3844.19,0.28187,155.786,1901864.4,234.327,4441.52,78.0,30.8789,1.591
7439.97,2492.05,0.33495,74.5397,1032350.06,100.667,3751.91,36.0,36.041,1.51
6885.97,1538.67,0.22345,57.65,951510.06,89.5519,2746.97,35.0,35.8292,12.527
8150.09,2650.14,0.32516,67.1339,1087644.0,114.53,4359.75,61.0,33.0146,4.895
17625.0,6282.91,0.35647,186.99,2483459.8,271.43,5640.43,154.0,22.9584,2.822
8985.34,2429.9,0.27042,92.2482,1278825.6,133.011,4107.75,166.0,33.2965,1.206
8432.63,3567.96,0.42311,92.3665,1210815.8,144.636,3099.57,64.0,37.6948,18.272
8055.06,2348.45,0.29154,88.9368,1091530.6,125.236,3799.22,34.0,36.3396,4.752
9622.41,3011.08,0.31292,106.537,1334137.4,139.884,4003.68,114.0,34.0206,16.847
10994.1,2632.2,0.23941,125.751,1520083.4,155.805,3676.92,22.0,34.8422,2.957
5484.83,1055.81,0.19249,51.9258,784517.75,69.9079,2859.97,57.0,40.2642,1.346
7380.34,2613.61,0.35413,73.2414,1023733.2,101.884,3730.06,32.0,36.4686,2.313
14255.3,4741.77,0.33263,160.821,2028905.2,237.659,4652.01,48.0,29.0159,3.369
8759.98,2276.62,0.25988,85.1628,1212998.1,115.649,4112.21,47.0,34.879,1.672
8913.72,2444.11,0.27419,88.2201,1264070.9,116.133,3826.44,11.0,34.6887,1.685
3853.97,1399.05,0.36301,25.5691,523743.5,49.1863,1507.17,2.0,45.0108,2.849
5448.99,2528.24,0.46398,48.41,742111.8,95.8521,2194.04,7.0,41.5378,7.538
17531.0,4865.35,0.27752,158.903,2440372.0,206.195,5612.7,139.0,23.1531,15.942
10619.7,5007.34,0.47151,94.1364,1452311.9,168.805,4521.07,138.0,32.7224,20.594
9248.68,2611.38,0.28235,85.8712,1316317.1,118.653,3528.71,32.0,36.5734,8.364
6066.47,890.61,0.1468,47.6017,854141.94,71.9819,2708.3,1.0,42.1929,0.675
14087.4,2995.35,0.21262,179.446,1986718.4,200.405,4071.53,140.0,32.0315,1.477
5957.79,1224.56,0.20553,57.4375,813935.06,75.0263,2749.83,17.0,40.3707,1.116
8904.62,2690.73,0.30217,79.2848,1240411.8,110.192,4761.35,62.0,35.3416,10.995
8901.93,3754.41,0.42175,91.8579,1201932.5,164.06,4442.74,104.0,31.7618,19.381
9888.74,3900.27,0.39441,95.6961,1393722.8,143.574,3672.0,123.0,34.4065,15.377
12996.5,4490.39,0.3455,161.411,1788060.8,199.974,4949.79,74.0,28.0198,2.733
5794.8,1462.18,0.25232,55.4452,763843.44,84.4798,3480.64,17.0,40.1524,2.406
9045.25,2054.57,0.22714,78.8092,1291317.5,102.692,3971.19,8.0,34.6656,1.781
13423.1,3134.64,0.23352,170.618,1839377.6,221.875,35263.57,21.0,28.6128,3.117
6506.61,1589.47,0.24428,72.6175,862475.9,91.9023,3457.58,79.0,38.1043,1.539
5940.44,1586.54,0.26707,54.7479,818477.44,87.9471,3101.74,18.0,39.2811,10.178
11871.4,4969.38,0.4186,111.726,1657426.9,190.109,5237.43,96.0,27.174,19.73
7290.24,1864.39,0.25573,100.685,1003581.7,115.192,3162.26,120.0,37.0768,1.731
11755.6,2177.13,0.18519,149.769,1653122.5,172.661,4627.24,146.0,29.8744,1.863
9277.15,2585.17,0.27865,87.5319,1264210.0,118.012,3802.23,47.0,35.0135,2.077
8638.62,2622.19,0.30354,72.0863,1195363.1,114.919,3435.67,44.0,37.1422,13.175
9894.83,2639.03,0.2667,104.179,1352125.0,163.547,4298.41,78.0,32.8351,0.894
7788.59,1756.94,0.22557,57.1776,1090015.2,88.3237,3508.99,18.0,38.1108,8.878
10517.0,3772.21,0.35867,123.634,1479093.5,177.477,3790.12,37.0,33.0303,3.455
7971.45,2814.52,0.35307,64.6051,1124620.2,111.307,3853.97,75.0,35.8977,16.461
6868.3,2497.06,0.36356,60.9557,1005861.25,92.2328,3194.96,30.0,38.919,1.728
8816.0,1933.64,0.21933,98.5751,1219005.1,133.41,3651.58,16.0,34.0844,1.402
6775.86,1658.9,0.24482,48.4728,924251.3,82.9458,2518.69,35.0,41.3634,3.809
6438.24,2110.48,0.3278,51.7805,895919.06,96.7273,3591.11,71.0,37.0709,1.328
12609.5,4492.67,0.35629,123.689,1772901.2,204.982,15047.4,117.0,29.2886,20.118
7031.61,1925.27,0.2738,58.1405,929856.94,83.4231,3193.58,52.0,38.7252,5.401
7546.78,1794.39,0.23776,90.907,1018811.44,90.0912,3786.53,27.0,36.4469,13.288
14439.2,4925.69,0.34113,163.541,2096666.9,230.751,4783.95,60.0,29.1497,6.975
7108.1,1643.84,0.23126,66.1929,973201.0,95.5171,3160.11,38.0,37.5121,12.322
8005.15,2427.31,0.30321,64.5233,1149979.5,94.6845,4156.86,43.0,39.5914,11.568
3951.63,1046.51,0.26482,36.9538,559929.06,42.3076,1787.93,7.0,44.5339,2.19
5403.47,1801.73,0.33343,45.7017,726826.25,88.4767,2334.82,27.0,42.0375,7.944
14371.6,3423.02,0.23817,181.399,2064724.4,241.152,4846.65,92.0,27.6899,2.705
17363.2,5446.41,0.31367,202.054,2289805.8,273.933,6191.74,240.0,21.7083,2.717
9343.75,2750.62,0.29438,76.6345,1295698.2,114.383,3805.7,44.0,34.8367,6.752
9309.6,3091.23,0.33204,67.1759,1275852.0,122.114,3583.37,56.0,35.8412,11.229
16828.5,6293.97,0.374,181.945,2363850.8,261.619,5506.23,144.0,25.0171,19.007
6818.89,2447.61,0.35894,79.3113,937416.44,96.9365,3263.15,72.0,38.5854,1.417
17808.6,7236.46,0.40634,203.672,2500052.2,287.159,5134.14,133.0,26.1533,6.15
6478.41,1777.55,0.27438,58.6643,921723.56,82.9644,2583.96,64.0,41.1468,3.246
7387.9,1797.95,0.24336,59.5933,1045701.7,77.5431,3193.22,21.0,39.9385,11.967
4894.07,1460.8,0.29848,42.8976,676827.94,64.2222,1887.99,14.0,43.6322,1.975
8559.28,2417.91,0.28248,77.6684,1191610.4,123.177,3428.76,48.0,35.9071,7.396
5359.58,2028.12,0.37841,48.3272,749767.75,71.6488,2048.58,4.0,42.1669,6.471
13381.6,3803.58,0.28423,147.031,1814078.2,207.669,4728.36,32.0,29.2116,3.401
9524.25,3628.86,0.38101,54.1073,1360369.4,142.319,3649.5,84.0,37.8906,18.171
13048.8,4621.65,0.35418,154.672,1827648.5,176.476,5085.09,36.0,27.1592,5.049
7575.08,2454.22,0.32398,63.7146,1001149.4,106.775,3630.92,51.0,39.1159,8.832
16087.7,5993.93,0.37257,187.208,2268616.2,261.316,5611.16,158.0,23.5133,1.984
5741.53,1782.25,0.31041,44.9719,828959.6,72.7759,2608.75,46.0,42.4275,9.488
7487.89,2440.85,0.32597,54.0928,1005032.06,105.622,2746.36,40.0,39.9075,6.98
12520.1,3508.34,0.28021,151.366,1683765.0,187.53,4540.0,54.0,30.8235,3.167
3659.82,1190.01,0.32515,33.7865,496373.2,47.4463,1386.06,30.0,44.617,10.828
6888.76,2382.42,0.34584,69.2425,969929.75,97.2336,3209.68,36.0,36.8904,4.913
13264.5,3345.78,0.25223,147.562,1818875.5,196.411,4383.35,20.0,30.6722,1.891
7398.41,2345.87,0.31707,62.3949,1056261.5,89.982,4083.8,39.0,36.4862,10.211
8580.37,2572.87,0.29985,87.21,1165893.1,129.951,3621.89,36.0,35.8747,1.856
12324.7,3607.61,0.29271,134.939,1754394.9,175.431,4823.08,63.0,32.5177,2.791
14979.6,4506.95,0.30087,152.463,2111530.8,180.198,5425.7,30.0,24.7097,14.066
7822.87,1848.94,0.23635,69.7541,1098037.9,87.5574,3166.19,35.0,34.8138,12.376
6430.6,2250.55,0.34997,81.3059,874230.4,95.7438,3218.27,59.0,38.5979,1.113
8023.57,2883.39,0.35936,78.1073,1088187.9,113.237,2980.0,12.0,38.9493,15.673
6386.43,1885.73,0.29527,51.5279,917483.9,88.9775,3061.93,56.0,40.1141,1.607
18408.5,6753.09,0.36684,232.463,2540899.8,347.515,5107.47,192.0,25.4757,9.835
8028.43,1634.86,0.20363,70.9444,1094196.6,98.4821,3762.74,42.0,34.8552,4.659
14781.2,4357.34,0.29478,195.141,2044478.8,223.04,5625.03,140.0,22.613,0.859
11222.2,3240.08,0.28872,129.462,1553130.2,148.789,4948.13,74.0,25.698,3.524
11430.1,2985.0,0.26115,113.629,1600321.2,152.945,4494.95,76.0,32.4954,5.778
8080.72,2294.07,0.28389,64.3237,1117577.8,115.035,3872.14,63.0,36.65,15.935
7901.0,1932.67,0.24461,97.4974,1039830.8,116.136,3783.41,31.0,36.451,4.792
4353.38,925.51,0.21259,37.8261,566243.8,65.7283,2600.14,11.0,43.4913,2.13
9103.7,1995.23,0.21916,94.486,1274788.9,118.232,4141.15,34.0,34.0621,2.658
9270.66,2294.23,0.24747,81.0908,1323492.1,111.769,4087.29,9.0,34.3299,2.518
16363.5,5207.48,0.31823,216.945,2276605.8,257.0,5448.49,287.0,24.2281,1.583
7438.65,2839.6,0.38173,90.2165,1040950.25,115.345,3520.24,45.0,38.1437,10.546
8477.75,1874.56,0.22111,84.2297,1193955.9,98.6147,3987.68,40.0,35.122,2.269
16925.2,4183.77,0.24719,231.956,2332840.0,288.443,5198.94,203.0,26.0861,4.395
9645.73,3426.66,0.35525,94.7862,1355536.9,126.828,3948.72,98.0,34.0074,20.195
14867.6,2975.15,0.2001,189.027,2076958.5,219.827,4691.42,30.0,28.5786,1.416
7283.15,1983.18,0.27229,72.227,1024470.25,84.1091,3195.74,18.0,37.0253,10.233
19464.7,6615.64,0.33987,271.249,2624193.2,327.946,5829.32,314.0,20.6335,4.035
10544.5,2786.41,0.26425,103.987,1497416.8,168.152,4241.92,14.0,32.996,3.498
7308.98,1397.32,0.19117,67.1753,1028006.6,88.5043,2596.94,65.0,40.2549,13.975
19614.7,6186.23,0.31538,177.303,2812893.5,259.828,5141.32,126.0,26.2793,20.453
7329.79,2499.9,0.34106,59.3489,1010399.3,89.0749,3300.19,31.0,38.0899,5.487
12822.8,3072.39,0.2396,151.159,1836372.0,191.982,5078.14,74.0,27.0473,9.256
16085.7,5845.34,0.36338,125.104,2211851.2,287.305,5152.38,164.0,26.7724,16.704
8919.08,2712.31,0.3041,75.6559,1249328.5,114.946,4307.54,61.0,34.9479,2.48
23397.1,5581.73,0.23856,316.78,3232492.2,406.848,6224.04,163.0,19.8342,0.974
15333.8,3293.87,0.21481,202.026,2125467.0,238.831,5147.52,159.0,25.3616,1.839
6642.25,1739.21,0.26184,58.1758,949368.06,82.694,2554.52,64.0,41.4891,3.315
20742.2,6747.75,0.32531,178.964,2782442.8,294.892,5978.59,125.0,19.2892,15.672
4894.03,1775.53,0.36279,39.4015,654446.56,70.0478,1586.27,9.0,42.5783,11.04
15090.2,5664.12,0.37535,74.4909,2058218.4,210.436,4307.27,136.0,31.51,11.639
5942.66,1448.36,0.24372,63.614,825993.25,80.901,2102.95,61.0,42.0209,4.633
6529.85,2670.39,0.40895,67.7205,916602.0,109.209,3311.94,13.0,37.7362,13.272
14553.6,4105.92,0.28212,194.666,2025578.5,219.844,5614.26,141.0,22.754,0.838
14458.0,4990.99,0.3452,151.663,2059515.1,252.233,5065.11,136.0,26.7838,20.118
9199.92,2558.13,0.27806,102.781,1257893.1,159.344,4138.92,76.0,33.2434,0.629
10099.6,2843.58,0.28155,117.192,1388326.6,142.365,4204.42,124.0,32.7524,2.344
12406.2,3464.89,0.27928,157.46,1725363.4,205.3,4825.84,55.0,28.4615,2.449
13224.3,4318.71,0.32657,163.354,1885881.8,206.822,5671.98,72.0,25.3228,1.683
6816.47,1860.3,0.27291,57.1079,956817.2,84.5884,3086.52,42.0,39.1965,14.525
5336.06,1569.42,0.29411,45.1221,715574.7,80.1777,2997.49,16.0,39.7013,10.023
7430.02,2397.07,0.32261,57.3408,1018074.94,99.3955,3301.89,40.0,37.3868,13.552
14904.4,5540.36,0.37172,198.047,2033023.2,266.798,4714.59,34.0,29.008,1.975
11558.9,4312.4,0.37308,172.764,1597434.5,180.649,4676.17,143.0,29.4208,3.916
9013.57,2978.73,0.33047,98.6618,1249376.6,124.36,3402.8,57.0,31.6247,17.215
11613.7,4472.35,0.38509,65.4862,1502508.4,187.295,4116.12,77.0,34.2995,17.829
4841.42,939.32,0.19401,46.3115,698247.4,55.4839,2183.34,80.0,42.6897,0.712
15543.0,5053.66,0.32514,175.731,2241387.8,272.225,5215.55,81.0,26.4792,2.572
6544.66,2025.13,0.30943,55.921,889048.94,87.6022,2957.94,47.0,41.2815,12.886
15068.6,3005.83,0.19947,195.613,2079564.2,246.238,5105.25,178.0,25.423,1.992
12952.0,4476.06,0.34558,134.133,1735055.8,202.065,4486.75,131.0,30.251,20.783
11295.4,3862.74,0.34197,109.201,1596677.1,174.875,4339.75,56.0,33.8082,6.945
10947.4,2983.69,0.27254,131.937,1522350.5,164.984,4682.77,65.0,29.9004,2.393
10013.4,2661.65,0.2658,116.179,1379784.9,143.417,4180.22,127.0,32.8268,2.236
7860.77,1900.24,0.24173,84.4797,1100157.6,107.307,3896.68,22.0,36.2779,1.378
5872.66,1795.38,0.30571,58.2111,851609.5,65.0523,2581.13,79.0,41.3102,3.792
22183.8,5444.44,0.24542,334.831,3049693.2,392.643,6221.04,165.0,19.8512,0.967
4941.66,1612.55,0.32631,44.0857,718426.56,66.4278,2288.7,47.0,43.7599,9.635
13089.4,3629.54,0.27728,170.076,1821131.9,205.102,5018.48,59.0,28.4365,2.184
7506.47,2068.84,0.2756,71.7192,1025393.9,101.399,3348.11,93.0,37.4396,3.644
9273.15,2661.12,0.28697,100.068,1281123.6,123.298,3918.88,20.0,35.2874,2.373
4066.91,1344.82,0.33067,42.4833,570380.06,64.6303,2023.24,33.0,43.9169,2.019
11451.6,3480.55,0.30393,112.619,1623244.8,184.067,3698.81,93.0,36.5562,18.576
8996.48,2083.66,0.2316,108.333,1226607.4,139.092,4007.47,36.0,34.1255,1.946
7304.79,2021.55,0.27674,63.1197,1001473.0,96.6195,3205.75,41.0,38.2929,6.999
6835.61,1525.38,0.22315,54.1995,886707.75,81.7866,3008.93,37.0,39.5671,16.503
6867.03,2163.4,0.31504,53.3666,938377.6,100.575,3676.17,86.0,35.4173,3.064
7174.22,1765.22,0.24605,69.5541,1003242.3,100.705,3142.11,63.0,38.9263,10.294
7969.49,2065.17,0.25913,74.4118,1113411.5,96.7717,3341.83,47.0,37.7659,13.763
4969.31,1294.82,0.26056,41.7089,689993.1,58.9304,1893.87,17.0,43.8539,2.409
15307.5,5762.49,0.37644,196.738,2101902.2,247.121,5129.04,125.0,27.1326,19.599
17265.3,5900.54,0.34175,174.655,2393549.8,241.207,6099.24,136.0,24.9988,18.798
9129.33,3168.88,0.3471,102.5,1272454.6,129.623,3604.91,14.0,35.6075,2.477
5803.65,1655.88,0.28531,47.8644,754707.8,78.6003,2200.56,30.0,43.0619,14.245
8903.87,2927.2,0.32875,83.7578,1193174.2,134.109,3632.22,48.0,36.0184,1.187
11948.4,3746.23,0.31353,112.806,1702218.5,162.709,3625.99,117.0,36.3777,15.707
6797.59,1671.14,0.24584,68.7231,949606.94,82.7314,2798.99,20.0,40.568,12.248
9899.12,2450.54,0.24755,115.645,1382614.1,133.266,4205.8,71.0,34.5281,1.916
14578.7,4467.71,0.30645,194.751,1993211.8,230.795,4654.45,162.0,29.0418,2.476
6125.92,1896.06,0.30951,57.9394,869575.4,102.723,2937.95,19.0,40.0448,14.35
8215.11,2667.28,0.32467,90.0265,1164472.1,108.776,4121.76,31.0,35.7665,1.475
8201.94,2425.65,0.29574,87.227,1089030.4,105.573,3455.87,29.0,35.0548,14.732
8853.04,2019.2,0.22807,93.9416,1210067.9,90.4886,4080.4,12.0,34.4919,12.597
8847.82,1873.35,0.21173,88.7973,1245445.5,121.737,3627.54,30.0,36.2581,0.0
15560.7,5542.81,0.3562,186.798,2168258.8,264.935,5542.63,155.0,24.2857,1.975
12458.8,3351.26,0.26898,165.799,1756965.2,194.673,4635.42,101.0,29.6668,2.554
12069.4,3659.61,0.30321,139.936,1685066.5,170.8,4221.43,41.0,31.251,3.08
21404.1,6808.99,0.31811,261.327,2960384.2,343.983,5403.48,128.0,23.6179,3.253
13621.9,5292.95,0.38856,140.62,1909028.8,214.318,5217.98,99.0,27.5618,19.849
7136.09,2485.18,0.34825,60.5214,936968.94,118.645,3289.3,5.0,39.8058,10.901
9440.97,2944.63,0.31189,84.7434,1343844.9,148.41,3829.81,2.0,35.4176,1.97
7695.48,1777.39,0.23096,97.4579,1054604.8,120.953,3359.99,17.0,37.4687,1.381
9739.55,3437.54,0.35294,131.305,1296962.0,176.265,4457.38,189.0,30.9177,1.415
6726.5,1779.37,0.26453,56.3562,962529.7,87.4351,2466.26,20.0,38.4295,10.053
19699.7,6480.33,0.32895,237.915,2638775.8,272.724,8391.18,166.0,22.8346,20.855
14244.2,3663.36,0.25718,167.703,1958378.5,233.413,4786.14,24.0,28.5306,2.989
10419.1,2670.15,0.25627,96.7953,1435436.1,126.23,5002.16,39.0,30.2369,11.648
5915.12,1958.89,0.33116,71.0127,823661.9,88.7513,3008.37,34.0,40.236,2.283
11860.8,4423.4,0.37294,115.864,1644702.1,172.208,4557.91,116.0,34.0007,19.849
7877.33,2340.11,0.29706,78.5561,1056839.5,105.606,3134.04,114.0,37.8075,2.148
7687.23,2286.26,0.29741,71.0443,1081015.8,102.824,3255.87,74.0,38.6786,14.559
6393.65,1923.28,0.30081,63.075,861023.7,86.6754,3661.42,27.0,37.7308,12.236
6876.65,2000.86,0.29096,51.6741,899143.5,110.729,4694.13,22.0,37.722,2.682
5002.0,733.94,0.14672,45.2173,625698.5,65.845,1975.85,35.0,43.4667,4.415
14114.0,4650.29,0.32948,176.04,2056335.5,255.137,4869.29,82.0,25.3906,2.906
7148.03,1826.51,0.25552,56.6281,1002099.6,97.6708,2875.02,26.0,39.1898,10.908
6495.85,2121.0,0.32651,62.4592,870048.8,103.906,2769.11,5.0,38.906,10.658
9031.08,2511.07,0.27804,103.476,1247641.9,127.766,3457.82,126.0,35.4606,1.554
7139.44,2472.34,0.34629,58.8216,993264.1,105.834,2803.39,35.0,38.8096,13.937
8419.96,2597.5,0.30849,89.8791,1198455.5,104.017,4009.9,21.0,35.6903,1.751
6100.54,1406.98,0.23063,68.0734,852329.3,76.0157,2835.9,74.0,39.4495,7.102
21206.0,7246.53,0.34172,224.133,2910333.2,336.062,5318.8,141.0,24.6343,14.442
4709.33,996.81,0.21166,46.1029,641075.2,65.646,2599.94,12.0,43.0514,2.334
7582.92,2465.7,0.32516,61.0791,957441.7,106.288,3197.22,47.0,39.4562,11.066
9865.62,4230.0,0.42876,54.5484,1403151.8,156.364,3689.66,65.0,38.2173,17.138
16460.6,6524.31,0.39635,187.314,2291907.8,269.442,4959.46,33.0,25.9756,2.184
21475.1,7239.83,0.33712,181.526,3038499.0,355.258,15902.06,99.0,23.1331,3.221
21773.2,6119.25,0.28104,293.904,2962845.0,313.337,6633.9,290.0,18.6867,1.447
10082.0,2228.06,0.22099,93.0427,1416272.2,131.877,3873.15,46.0,34.1966,17.413
16485.3,5795.21,0.35153,177.902,2288171.0,269.569,5857.03,221.0,26.9269,2.2
5709.34,1421.13,0.24891,52.3057,789879.8,82.9841,2645.72,33.0,40.838,5.298
8832.77,2268.72,0.25685,92.7074,1241411.5,130.979,4077.02,163.0,33.3828,1.29
17265.2,6052.87,0.35058,188.36,2408149.8,243.736,4958.89,124.0,27.1619,20.685
11421.1,3202.83,0.28043,149.681,1646588.2,151.213,4156.7,130.0,32.2128,2.49
7961.57,2149.94,0.27003,75.7989,1101139.4,109.788,3679.97,29.0,35.9979,4.598
7341.83,1589.41,0.21648,73.5309,977299.8,97.3224,3723.61,65.0,36.2031,11.923
10384.2,2590.43,0.24945,110.326,1460848.4,145.648,4365.2,66.0,33.0371,4.353
13692.0,3664.12,0.26761,192.966,1877160.2,220.066,4575.84,178.0,29.1416,1.611
7603.02,2386.4,0.31387,94.9626,1034789.5,116.64,3240.14,74.0,38.6175,1.776
15789.2,4249.82,0.26915,180.952,2228472.0,227.423,14846.72,127.0,26.2444,17.961
8207.99,2570.41,0.31315,95.9653,1117891.8,117.101,3266.29,83.0,38.4919,1.658
7751.0,2611.66,0.33694,71.749,1067982.5,102.041,3220.54,19.0,37.9931,2.571
7025.93,2874.91,0.40918,69.8172,980299.56,117.139,3390.59,76.0,37.027,15.503
6492.09,2211.9,0.3407,62.2261,900840.0,85.8506,3409.82,71.0,38.3473,15.619
12178.1,3481.82,0.2859,152.819,1655823.9,171.739,4492.52,61.0,30.6866,2.324
7620.98,2196.25,0.28818,72.1614,1070176.2,94.7881,3268.31,68.0,36.8661,12.796
8332.72,1619.39,0.19434,79.7463,1205229.1,93.8297,3911.48,9.0,34.5186,1.419
6710.98,2372.36,0.3535,67.6519,976647.3,96.0484,3169.31,31.0,39.1043,1.094
11723.9,3222.19,0.27483,132.019,1619636.1,164.322,4489.34,95.0,31.6777,1.889
4018.55,1348.29,0.33551,37.459,544487.7,50.506,1410.11,14.0,44.2475,3.0
18664.9,3946.93,0.21146,226.072,2611078.5,280.46,5604.64,126.0,23.4427,1.673
9735.58,2922.02,0.30013,89.2261,1368201.2,126.138,4734.27,48.0,32.3435,1.525
14033.3,3916.5,0.27908,196.192,1855756.6,228.099,5705.06,250.0,21.5767,4.005
13884.2,5324.38,0.38348,188.844,1912052.6,267.096,4790.42,40.0,29.03,3.136
9394.12,3398.36,0.36175,90.8884,1341210.4,120.509,3522.81,44.0,34.1824,14.767
6101.42,897.12,0.14703,46.0441,859080.2,73.1648,2680.96,1.0,42.1275,0.622
6145.23,1345.17,0.21889,44.1003,884297.94,74.3042,2615.19,51.0,41.8524,6.472
5720.32,1450.85,0.25363,62.3944,715473.5,88.3321,3102.02,16.0,39.4408,2.389
13099.2,5808.62,0.44343,110.812,1876553.8,225.648,4201.85,30.0,31.9435,20.144
12359.7,3265.33,0.26419,149.881,1777324.9,170.437,4695.3,29.0,29.2395,1.539
4902.43,1838.08,0.37493,47.7694,707796.25,69.2463,2504.49,58.0,42.4094,13.334
14726.4,5033.53,0.3418,182.284,1916348.0,274.951,5445.53,78.0,26.0643,7.213
7866.91,1534.99,0.19511,76.6493,1097977.0,105.18,3773.34,13.0,34.1615,1.882
15655.2,3565.81,0.22777,220.802,2185242.8,252.885,5545.69,90.0,23.7206,2.228
14926.1,5073.67,0.33991,160.947,2129174.0,210.651,5911.95,70.0,24.6906,2.53
9954.45,2166.71,0.21766,88.1464,1392858.0,125.39,4033.67,157.0,35.0709,4.699
14439.4,4828.25,0.33438,130.949,2032653.8,180.168,5065.23,139.0,28.3252,17.293
10758.9,2629.86,0.24443,141.091,1508853.8,168.534,4666.95,33.0,29.3214,2.238
7943.35,2397.64,0.30184,77.7906,1084675.6,115.03,3604.84,92.0,35.0952,13.638
6045.28,1560.91,0.2582,57.0902,799051.56,68.1437,3080.97,39.0,38.5218,5.092
10066.1,2605.29,0.25881,96.7962,1421767.9,116.845,4130.75,110.0,32.9605,4.288
7559.96,1972.02,0.26085,80.9629,1020694.56,123.624,3444.28,41.0,36.6888,2.018
8588.63,1862.36,0.21684,63.2444,1239749.2,85.3433,2638.38,53.0,39.8715,14.565
5386.73,1650.89,0.30647,38.9279,726084.0,73.0234,2878.83,17.0,43.2953,12.809
10131.5,2844.12,0.28072,133.614,1388976.4,144.934,4870.33,63.0,29.2274,3.571
5398.87,1722.04,0.31896,55.701,712425.44,88.3151,2655.96,30.0,41.2679,4.433
6067.55,1561.69,0.25738,59.2028,829379.3,78.6865,2884.98,17.0,40.0919,1.637
15685.9,4876.32,0.31087,154.885,2147957.2,235.363,4378.35,95.0,30.5651,20.645
7900.34,2510.92,0.31782,64.2124,1098094.5,128.2,4103.57,58.0,35.1425,16.793
5964.78,1387.78,0.23266,45.1664,837075.75,60.1403,2515.92,14.0,41.8472,8.48
16571.1,7044.8,0.42512,163.222,2337735.5,243.618,6262.0,43.0,29.3891,18.609
9540.51,2552.82,0.26757,121.869,1304576.8,143.468,4153.63,131.0,32.8198,2.394
11158.2,2955.95,0.26491,134.732,1530743.2,165.19,4456.74,95.0,31.4378,1.947
8597.87,3189.9,0.37101,93.7021,1214021.1,135.743,3699.98,34.0,35.4027,4.292
18371.3,5764.0,0.31375,233.47,2577145.0,298.732,5778.01,146.0,20.8751,3.758
7680.88,1901.82,0.2476,79.0715,1089858.1,107.125,3760.63,38.0,35.9224,15.993
4589.28,932.0,0.20308,46.2243,621165.7,59.2802,2599.51,11.0,42.8889,1.903
14719.5,4211.2,0.28609,182.795,1947839.9,241.336,5031.99,180.0,26.9754,2.643
8281.4,2845.95,0.34365,80.1964,1147808.5,115.257,3902.72,97.0,34.2393,12.473
7228.56,1914.38,0.26483,73.2691,977082.6,95.1791,3240.46,38.0,31.842,18.892
9383.98,3428.28,0.36533,97.0962,1312106.8,128.719,3599.42,63.0,36.0013,9.388
14923.4,4215.03,0.28244,207.799,2048668.2,270.254,5052.39,166.0,25.4718,3.029
12121.2,3097.61,0.25555,150.006,1710148.6,194.158,4721.56,59.0,29.0767,3.428
3984.29,1052.63,0.26419,34.6604,567504.4,46.4259,1775.28,11.0,43.9934,2.069
6038.51,2057.85,0.34078,56.8517,832077.9,77.3161,3360.97,15.0,39.36,7.879
9307.49,3115.9,0.33477,102.923,1290374.2,131.652,3650.77,16.0,35.202,2.291
11502.7,3434.13,0.29854,134.017,1552464.8,167.314,4439.31,102.0,31.5658,4.936
22319.2,6742.18,0.30207,308.8,3100341.2,376.558,6430.96,98.0,16.0681,2.573
11840.1,3506.19,0.29612,122.625,1653075.1,140.022,4830.85,49.0,32.8242,18.56
6720.58,1804.82,0.26855,60.4338,965570.2,92.3349,2397.22,27.0,40.7272,10.162
15115.1,4707.42,0.31143,207.485,2095522.2,257.914,5320.38,285.0,24.6036,1.692
8437.93,3760.24,0.44563,62.6532,1140904.4,132.848,3858.81,75.0,35.6021,15.29
9260.57,2098.36,0.22659,110.058,1284283.2,132.538,4115.81,63.0,34.3583,1.715
9952.48,4576.76,0.45986,96.2998,1375134.9,175.629,4580.58,105.0,30.385,19.697
13102.1,4848.74,0.37007,131.114,1861791.4,189.366,4917.77,57.0,28.3063,16.858
17487.2,5450.69,0.31169,139.07,2428581.2,246.368,5707.73,187.0,22.8265,3.444
8068.97,1708.57,0.21174,61.6531,1141537.2,83.7668,3171.42,24.0,38.0213,9.815
8675.95,2429.22,0.27999,89.8544,1220944.5,116.449,4353.54,52.0,34.6809,1.695
7801.43,2256.39,0.28922,67.6543,1058460.1,102.156,3471.1,85.0,32.7839,3.83
11340.3,3046.77,0.26866,135.399,1553431.9,142.883,4716.65,88.0,30.1366,18.475
7885.9,2307.72,0.29263,89.5845,1116116.5,104.553,3969.22,25.0,36.0762,1.434
7908.52,3126.79,0.39536,62.3777,1064617.6,119.881,3923.2,58.0,36.1884,15.422
8688.27,3530.54,0.40635,72.0794,1217057.6,143.63,5146.36,87.0,36.9016,15.0
7362.62,3795.91,0.51556,88.7978,903822.75,152.258,2174.7,107.0,40.9456,5.582
9785.06,3219.0,0.32897,103.451,1354139.8,132.968,3916.73,26.0,33.3531,3.85
10788.8,4784.38,0.44345,93.2112,1538382.6,167.687,3745.61,50.0,35.4086,14.548
9274.86,3711.91,0.40021,91.1923,1332225.2,139.812,3691.36,42.0,35.1604,15.813
9193.47,2665.61,0.28994,78.3093,1260316.9,108.319,3509.76,98.0,38.7874,12.876
6007.36,1984.68,0.33037,47.7977,837200.25,74.1285,2464.49,10.0,40.6942,4.774
7946.93,2024.78,0.25478,74.9642,1078204.4,94.854,3532.76,77.0,34.3855,18.035
6196.45,2251.37,0.36333,55.3733,848856.9,83.1354,2652.63,37.0,40.8234,11.299
11809.3,3050.26,0.25829,130.746,1629801.8,166.84,4512.6,88.0,31.2101,1.934
11624.0,2413.65,0.20764,134.247,1650483.0,182.585,4566.73,51.0,30.1886,0.863
9682.48,3334.66,0.3444,126.866,1289147.5,177.871,4441.4,167.0,31.0251,1.674
4036.35,1394.13,0.34539,37.1703,566039.44,54.7453,1823.61,16.0,44.3178,1.837
6377.09,2070.94,0.32474,53.565,874215.44,87.8383,2439.7,43.0,41.6424,13.053
7435.9,1916.27,0.2577,68.5061,1087170.6,101.901,2950.57,22.0,37.5419,1.523
6842.52,2645.61,0.38664,55.5023,949006.06,92.6233,2761.56,42.0,40.3799,13.577
6847.39,2126.21,0.31051,61.8248,925880.3,99.9315,3062.26,25.0,40.7046,1.674
6602.76,1106.74,0.16761,64.434,944297.0,80.3035,2806.28,27.0,38.4339,11.312
4910.59,1928.07,0.39263,37.8025,677918.25,67.8915,1571.37,33.0,44.4343,1.914
4836.27,966.04,0.19974,46.6295,697257.94,54.4517,2188.28,80.0,42.817,0.65
16705.8,4998.57,0.29921,191.291,2242754.5,252.796,5394.78,202.0,24.7283,2.529
5147.77,1288.8,0.25036,44.3879,701722.06,72.6463,2689.35,7.0,42.5161,8.342
7579.37,2839.61,0.37464,100.598,994544.25,124.891,3489.64,87.0,37.5253,16.495
7099.59,2283.63,0.32165,66.2549,1014073.44,99.9528,3204.35,7.0,35.9707,15.0
12493.2,4804.33,0.38455,110.236,1778196.4,169.463,4185.12,75.0,33.0678,9.557
15114.0,4833.67,0.31981,156.804,2114870.2,201.295,5036.16,35.0,28.4001,4.472
7298.91,2125.25,0.29117,74.2595,992809.06,115.866,3075.31,78.0,39.0408,0.833
14449.3,2629.66,0.18199,170.612,2004806.4,225.206,4852.61,84.0,27.6002,2.817
6264.62,1857.14,0.29644,50.6535,887345.44,88.8062,2984.13,3.0,39.6574,6.914
7234.31,2273.99,0.31433,49.2466,1001114.1,99.2947,3637.15,33.0,38.1163,9.644
7625.97,3061.17,0.40141,79.9804,1051961.2,120.656,3812.7,39.0,32.2426,15.79
9254.72,3252.58,0.35145,66.5452,1241122.5,134.887,4381.7,64.0,33.948,19.231
13048.8,4621.65,0.35418,154.672,1827648.5,176.476,5085.09,36.0,27.1592,5.049
6294.69,1546.42,0.24567,65.3591,899789.75,84.2165,3215.45,1.0,38.5588,4.98
12110.4,2484.89,0.20518,153.471,1644757.0,195.552,4970.44,137.0,28.6195,0.625
7695.48,2782.21,0.36153,61.925,1053616.8,95.6886,3360.16,43.0,37.8684,4.162
6572.29,2219.79,0.33774,63.3783,945485.1,86.5825,3226.19,28.0,38.9746,1.053
6855.66,2405.6,0.35089,60.7224,930740.4,100.366,3153.11,39.0,38.7355,12.62
17373.4,5727.38,0.32966,165.297,2399260.5,214.731,5266.05,74.0,26.1464,7.06
13585.9,3784.42,0.27855,184.063,1877085.6,269.088,5028.67,157.0,26.0368,4.155
6015.24,1127.19,0.18738,52.5521,831229.8,73.9834,2705.59,16.0,40.5055,1.376
10036.9,3705.88,0.36922,99.2675,1390590.4,138.761,3535.79,74.0,34.1868,17.014
9071.99,1963.1,0.21639,94.1031,1231913.0,95.9359,3882.94,20.0,34.3896,8.992
7664.93,2068.9,0.26991,70.4457,1109961.8,88.023,3075.22,80.0,38.7796,19.851
13054.5,4114.52,0.31518,142.451,1871425.1,171.532,4657.81,109.0,32.449,17.072
11877.1,4905.31,0.413,113.116,1625444.8,173.652,4946.48,85.0,30.5186,17.685
7193.96,1603.09,0.22283,91.5785,954119.7,108.744,3744.04,33.0,36.5695,3.562
9846.2,3374.14,0.34268,65.5224,1379476.9,151.969,4794.91,52.0,34.4831,18.119
9389.94,2003.33,0.21334,89.5562,1309164.6,133.402,3680.55,21.0,33.8364,1.234
8157.95,2330.92,0.28572,95.1874,1127863.4,118.505,3327.15,116.0,35.5841,1.702
6095.2,1574.53,0.25832,61.2041,865562.1,76.4497,3218.75,36.0,39.7851,13.086
7388.44,2688.35,0.36385,76.683,1015387.9,94.0931,3712.28,25.0,36.4069,1.878
10529.5,2350.44,0.22322,92.1436,1393898.0,164.713,3837.74,96.0,33.4296,3.964
7326.72,2601.04,0.355,71.445,996977.6,119.15,2897.59,101.0,38.5806,12.093
6765.74,2988.46,0.4417,61.8539,972055.3,117.601,3192.17,79.0,38.91,13.614
9025.33,2608.15,0.28898,105.45,1237120.5,128.746,3505.31,108.0,46.5464,1.62
5112.79,1586.46,0.31029,44.918,701213.44,60.5394,1952.07,28.0,43.4151,2.031
14435.8,6084.79,0.4215,185.932,1891776.2,267.841,5033.22,66.0,27.45,5.899
9409.28,2327.25,0.24733,111.225,1303822.0,132.154,4229.35,54.0,34.0975,2.019
9491.3,2576.33,0.27144,108.766,1302456.8,140.317,4058.92,49.0,31.4718,2.443
8078.83,2557.82,0.3166,78.9254,1104160.5,112.337,4789.92,105.0,32.5783,16.92
19883.0,6174.85,0.31055,244.664,2761587.5,318.723,5537.55,79.0,23.3676,3.398
8017.0,3432.05,0.42809,70.5942,1092401.9,127.512,4499.43,37.0,40.3161,2.118
7655.45,1950.39,0.25477,61.5099,1055836.6,99.1291,3998.85,67.0,36.393,11.548
9002.45,2095.27,0.23274,79.7128,1279872.6,120.571,4219.98,34.0,34.9069,2.027
6934.24,2560.02,0.36918,74.0973,932908.06,105.902,2888.2,103.0,36.4588,7.928
7385.9,2483.28,0.33621,78.6197,1021370.5,99.3818,3713.11,34.0,36.1449,1.551
6274.45,1870.51,0.29811,84.0685,867633.56,88.9094,3449.91,41.0,36.5642,13.933
7357.75,2476.47,0.33657,75.8109,1019674.0,98.4523,3736.18,37.0,36.3494,1.512
8684.62,2802.45,0.32269,84.5604,1226307.9,131.545,4333.74,102.0,33.7603,2.498
8863.97,3265.54,0.3684,85.8655,1257531.4,133.173,3681.71,60.0,35.2768,6.107
9831.95,3100.11,0.3153,90.9502,1394818.4,133.112,4112.78,107.0,33.4773,4.295
8572.77,2429.44,0.28339,93.6287,1186638.5,91.3633,3530.42,35.0,37.3738,19.834
11340.3,2775.02,0.2447,151.836,1563191.1,191.759,4062.49,64.0,34.5715,1.963
7705.97,2235.96,0.29015,73.0505,1056266.2,106.986,3448.26,46.0,37.2596,14.715
7615.85,2080.87,0.27322,84.5167,1079619.1,111.032,3812.16,42.0,33.0501,1.737
7318.43,1294.63,0.17689,79.7614,992013.56,106.175,3423.44,34.0,36.922,1.872
13515.4,5077.13,0.37565,100.72,1882710.1,193.472,5331.79,68.0,27.1512,20.945
8448.59,2491.58,0.29491,97.3501,1150399.9,82.0368,3733.38,14.0,34.5732,12.109
5947.43,2251.45,0.37855,40.433,811273.94,90.1002,2274.42,7.0,43.7951,18.36
7054.01,1690.45,0.23964,64.9603,960597.2,96.5057,3151.65,103.0,38.7621,10.373
10210.7,4578.82,0.44843,97.1266,1475627.5,141.549,4141.36,38.0,34.8736,18.64
8337.97,2540.19,0.30465,88.0925,1133351.0,130.351,3250.2,77.0,38.5716,1.839
10887.4,4208.47,0.38654,91.9587,1546822.0,136.517,5121.15,37.0,31.4848,18.421
4899.78,1290.56,0.26339,45.9576,676089.25,58.6723,1893.87,16.0,43.4675,2.524
11970.5,3319.46,0.2773,173.646,1662957.1,195.721,4768.29,62.0,25.7553,3.739
12620.2,4252.65,0.33697,105.323,1748164.5,164.932,4924.15,71.0,29.5561,18.717
13347.9,3883.78,0.29096,157.481,1845838.2,206.144,5296.36,71.0,27.2932,0.0
3758.14,990.73,0.26362,30.5463,523038.1,47.3133,1902.75,7.0,46.5464,0.0
8276.07,2368.07,0.28613,92.5561,1138983.8,103.78,3287.74,31.0,35.8825,10.368
5129.51,1801.19,0.35114,42.1724,725632.6,72.2167,2541.44,46.0,41.3979,10.901
10268.8,3317.02,0.32301,119.479,1394602.4,177.452,3782.27,23.0,33.2584,3.651
8156.19,2507.08,0.30738,89.1884,1155737.4,105.193,4013.37,28.0,35.4433,2.002
6326.76,2098.0,0.3316,63.3622,904292.94,83.5066,3214.06,69.0,40.0343,9.959
5221.26,1563.91,0.29952,42.9367,718739.2,64.9387,2017.01,11.0,43.2992,2.365
8762.29,2822.72,0.32214,88.0916,1187889.0,121.464,3591.52,40.0,37.1968,7.329
12672.3,3819.24,0.30138,167.014,1764753.8,199.874,4835.57,69.0,26.6798,3.27
7128.43,1821.33,0.2555,63.4188,979469.4,88.3176,3077.75,47.0,39.7178,2.05
7464.88,2488.21,0.33332,68.8178,1034470.44,107.532,3066.33,21.0,46.5464,7.408
12540.7,3449.25,0.27504,161.305,1790344.1,174.275,4696.39,24.0,29.4472,3.588
7038.73,2293.09,0.32578,70.7471,951757.8,114.905,3267.06,72.0,37.2163,4.017
7463.15,2414.34,0.3235,70.3153,1034617.75,101.339,3224.84,15.0,38.2239,2.694
18258.7,6215.55,0.34041,216.294,2534441.5,270.79,5064.55,109.0,26.0872,18.765
12926.1,2710.32,0.20967,156.64,1746432.6,204.961,4841.44,146.0,29.7667,1.249
16432.5,3809.88,0.23185,216.593,2311068.2,264.129,5533.67,85.0,23.7949,2.202
8771.6,2495.98,0.28455,94.6804,1209775.0,105.95,4084.68,19.0,32.1576,7.45
7888.73,1768.04,0.22412,85.4278,1059677.8,129.612,3496.92,10.0,37.3004,0.0
9019.0,2821.4,0.31282,61.4625,1273573.5,114.842,3206.63,11.0,36.1309,15.927
31821.8,10979.0,0.34501,271.12,4364453.0,426.293,7628.83,200.0,46.5464,5.347
11568.7,3568.52,0.30846,109.329,1562191.2,175.344,4600.98,42.0,30.617,14.208
4553.73,952.01,0.20906,40.5175,648900.5,60.7356,2698.95,14.0,42.0039,0.0
5492.57,1365.92,0.24868,47.8527,698007.25,77.9364,2520.66,22.0,43.0413,3.514
5169.96,1417.36,0.27415,43.6898,754867.0,65.4501,2568.18,55.0,42.0777,9.524
22149.9,4879.59,0.22029,312.302,3037118.5,397.28,6228.05,154.0,19.835,0.907
11572.4,4284.28,0.37021,104.407,1631768.1,145.23,4032.51,49.0,34.5218,16.894
5979.43,1641.83,0.27457,56.1999,828851.3,95.6169,5618.32,92.0,41.0278,2.161
15798.5,5692.86,0.36034,136.903,2217059.5,229.838,5069.47,48.0,25.6149,2.885
18452.1,5993.3,0.3248,178.465,2568246.0,282.232,8328.14,123.0,26.8512,5.199
8185.46,2288.3,0.27955,84.9976,1131699.1,113.06,3106.87,21.0,35.6725,0.956
11382.0,4227.36,0.3714,114.386,1581898.9,170.808,4901.84,143.0,28.9091,16.317
8359.92,1760.48,0.21058,79.5398,1170387.2,100.867,3954.43,37.0,33.9226,2.103
8021.86,3869.23,0.48233,88.5013,971491.5,156.705,2192.9,113.0,40.8826,14.885
10673.3,3219.08,0.3016,125.72,1442168.1,166.72,4038.14,44.0,33.5762,1.487
6824.09,2284.98,0.33484,62.9975,939626.94,92.7566,3027.61,47.0,38.6879,16.309
7112.69,1975.96,0.2778,61.5101,998451.7,93.0673,3581.39,27.0,37.9749,2.321
6407.71,2038.1,0.31806,65.4911,877602.56,94.9057,2651.21,119.0,40.1968,13.622
4702.31,1881.49,0.40012,35.7462,663019.5,65.3191,2196.53,10.0,43.3001,9.871
10273.9,3227.34,0.31412,138.019,1472462.2,163.06,4013.07,151.0,32.6741,18.089
10231.8,2722.02,0.26603,109.778,1434919.6,154.242,4288.93,56.0,33.2684,3.689
12943.4,4355.91,0.33653,156.794,1816257.2,170.878,5161.97,27.0,26.8473,4.643
11465.8,4640.21,0.4047,101.222,1595958.0,151.031,4822.17,35.0,34.7413,16.132
9679.0,2398.48,0.2478,116.09,1334014.1,133.492,4321.0,62.0,34.1687,2.219
6082.61,1221.8,0.20086,55.2704,843018.75,64.5947,2529.36,26.0,40.6551,16.509
9482.5,2267.66,0.23914,98.4368,1333757.0,155.201,3848.07,9.0,33.9055,0.729
10301.2,4034.2,0.39162,38.1603,1420586.1,141.499,4138.21,66.0,35.6157,10.94
7309.88,2315.24,0.31672,64.6884,1023934.56,90.2853,4327.8,54.0,36.7964,5.081
8009.92,1610.53,0.20106,71.6483,1145697.0,107.818,4056.57,99.0,34.8159,0.942
14879.3,4728.28,0.31777,179.587,1971260.0,224.096,4203.28,86.0,31.08,4.103
10535.7,3233.59,0.30691,98.9387,1465647.1,158.113,4542.66,66.0,31.8356,12.78
12594.9,3940.34,0.31285,110.643,1769715.0,153.487,4331.07,161.0,31.8253,16.132
10064.5,2918.12,0.28994,94.4828,1377602.4,143.583,3569.24,36.0,35.4931,19.424
5506.2,1497.51,0.27196,46.4266,770692.3,67.0133,2076.39,5.0,42.0338,3.569
6837.37,2352.1,0.344,64.688,1001792.75,91.4936,3170.6,29.0,39.117,2.445
7840.39,3271.52,0.41726,67.4142,1107418.9,115.807,2465.19,86.0,39.6819,13.411
5009.15,1042.34,0.20808,44.1411,726184.1,57.4998,2178.18,80.0,42.7727,0.639
6709.74,1800.08,0.26827,69.4282,896268.06,104.965,3430.69,75.0,37.9806,1.5
10072.5,4342.8,0.43115,132.142,1370769.9,204.344,4392.84,176.0,30.9307,3.651
5897.35,970.25,0.16452,55.0548,838056.8,66.8654,2683.03,1.0,42.7513,1.616
6864.61,2167.74,0.31578,52.1686,951425.5,86.2249,3505.66,53.0,39.1082,14.165
6631.78,1382.66,0.20849,39.3031,902208.0,76.8523,2736.68,48.0,40.9068,10.615
5819.24,1188.62,0.20425,55.1242,793119.3,67.6766,2383.4,31.0,42.1093,15.655
9465.3,3727.42,0.39379,113.453,1298987.5,144.569,4464.08,63.0,33.3884,13.781
8421.35,2916.91,0.34637,49.3638,1068689.5,141.33,4523.34,43.0,43.2433,7.08
5591.14,1495.76,0.26752,63.9793,758191.3,82.9825,2761.4,22.0,40.47,11.575
8659.42,2852.26,0.32938,62.6113,1241586.9,110.471,4530.0,44.0,39.0612,19.768
21045.0,7294.31,0.3466,206.84,2886819.2,360.878,6006.99,219.0,20.7744,10.12
13117.6,3297.79,0.2514,161.613,1837837.6,183.856,4612.13,54.0,29.9433,1.08
7244.61,1952.68,0.26953,74.167,963669.2,101.697,3685.49,77.0,36.8555,4.648
16025.8,5778.82,0.36059,137.576,2270021.2,235.569,6625.28,60.0,24.7917,8.562
13452.9,4220.96,0.31375,110.402,1944435.5,171.517,4803.58,89.0,32.878,17.372
13514.6,3531.51,0.26131,191.738,1842867.4,211.241,4571.09,186.0,29.0666,1.932
5926.47,1528.03,0.25783,50.8272,838907.6,74.3898,3253.07,59.0,38.5494,1.529
19144.3,6180.22,0.32282,227.654,2654991.8,330.251,4981.28,148.0,26.0001,7.947
4959.22,1536.09,0.30974,45.8365,678647.1,61.1682,1910.12,14.0,43.637,4.071
6925.83,1975.73,0.28526,72.988,962996.6,89.441,3876.12,64.0,35.8853,2.508
11524.9,2823.62,0.245,147.389,1546679.8,173.568,4553.36,57.0,30.2939,1.771
4067.09,1025.68,0.25219,35.9943,567634.56,51.837,1755.26,41.0,44.7778,10.658
8288.32,2448.21,0.29538,90.3111,1155900.4,111.228,3821.43,105.0,34.7895,19.611
5142.01,1084.19,0.21084,44.8923,721989.1,66.7337,2647.15,15.0,42.1683,3.171
9936.89,2661.91,0.26788,106.398,1403445.4,150.88,3966.67,38.0,33.2283,1.848
9044.73,2399.91,0.26533,94.1028,1278752.6,134.165,4029.79,169.0,33.5698,1.283
13367.3,4130.19,0.30897,168.525,1840610.1,225.15,4787.35,121.0,28.5586,5.059
11227.5,3174.02,0.2827,122.365,1570937.4,178.453,4201.3,62.0,32.906,1.591
11589.8,2962.34,0.25559,127.789,1612207.2,163.265,4463.11,61.0,30.5055,2.695
7123.29,2076.49,0.2915,67.4393,1002250.94,92.2477,3622.17,32.0,37.8494,1.94
7188.29,2261.99,0.31467,70.2348,976868.0,96.1204,2978.66,101.0,38.4894,4.977
16850.2,4335.0,0.25726,222.855,2355187.2,268.266,5722.49,84.0,22.7448,1.572
15910.3,4853.99,0.30508,208.155,2093038.0,250.133,5922.93,265.0,21.5704,2.462
7113.82,2401.32,0.33755,58.5207,991382.6,93.3787,3096.29,46.0,38.4703,11.251
9634.08,3917.2,0.40659,84.1646,1344007.8,144.479,3820.94,107.0,34.43,3.121
8639.19,2595.18,0.30039,96.1388,1218605.0,115.76,3568.67,93.0,36.6759,2.123
13614.4,4316.65,0.31706,152.733,1880352.8,237.963,4412.13,141.0,30.8402,20.172
3778.35,1006.78,0.26646,37.5661,515929.0,49.1282,1359.7,14.0,46.5464,9.526
8937.79,2029.09,0.22702,84.3851,1276273.0,105.639,3845.29,66.0,35.9884,2.84
5286.84,1720.75,0.32547,39.346,745008.4,78.3554,2618.18,31.0,41.3421,11.232
17299.7,4850.19,0.28036,220.489,2399630.5,269.38,5678.7,197.0,22.2436,2.227
7667.05,2520.28,0.32871,53.8177,1092593.4,94.3672,3715.31,55.0,46.5464,13.51
7046.29,2368.04,0.33606,76.5225,975271.1,108.169,3384.76,23.0,34.7932,8.989
12792.5,3571.37,0.27917,110.578,1859817.2,143.921,4624.51,77.0,31.0285,17.727
8446.25,1592.07,0.18849,82.8097,1181093.9,92.8733,3713.85,77.0,35.7269,5.334
23271.8,8133.05,0.34948,223.941,3303862.5,297.662,6689.89,86.0,18.6134,14.102
13073.9,3736.01,0.28576,148.053,1749706.4,198.116,4738.3,55.0,31.0701,4.105
6618.05,1796.17,0.2714,65.0974,912751.44,84.7729,3249.11,43.0,37.9884,5.418
7067.64,1869.29,0.26448,83.5078,971214.1,112.904,3777.34,24.0,36.6545,1.756
9093.94,2257.33,0.24822,107.565,1239444.1,139.441,4182.74,125.0,28.9181,2.262
9400.86,1930.91,0.20539,112.598,1323202.9,124.922,4200.19,47.0,31.4365,1.456
18166.1,4930.87,0.27143,240.835,2512142.5,270.852,5495.37,213.0,24.5351,5.035
7242.27,1836.75,0.25361,64.2621,953781.8,96.8543,3228.85,40.0,38.4982,8.228
8936.59,2286.56,0.25586,86.5769,1267335.8,112.145,4671.77,27.0,33.1877,1.858
13179.4,3419.53,0.25946,135.77,1845025.5,167.896,4655.11,84.0,30.6553,2.217
9812.62,2009.95,0.20483,101.201,1424683.8,132.945,3770.7,61.0,46.5464,0.0
9830.83,2411.26,0.24527,105.972,1332363.9,112.79,4355.84,40.0,33.6904,11.558
11729.6,2335.26,0.19909,153.122,1593902.1,192.383,4825.07,143.0,29.8443,0.492
14579.6,4228.85,0.29005,194.454,2024559.1,213.887,5618.58,143.0,26.5626,0.86
17320.3,5644.75,0.3259,234.087,2394504.2,291.327,4883.95,142.0,26.6105,7.299
13742.9,3232.46,0.2352,193.979,1922497.2,236.011,4279.06,115.0,30.996,5.742
8345.73,2403.52,0.28799,89.077,1186757.1,117.442,3829.42,6.0,30.2839,1.411
12611.4,3496.68,0.27726,146.664,1764842.6,216.607,4550.22,81.0,30.073,4.707
5566.61,1627.88,0.29243,59.2062,738387.94,87.0136,2703.14,33.0,40.9301,4.424
3593.58,1319.11,0.36707,26.0701,491961.0,45.9227,1464.85,5.0,45.0142,2.092
15421.7,5837.65,0.37853,195.563,2152811.2,254.358,6125.18,210.0,26.109,20.732
7792.42,2450.87,0.31451,65.2589,1031578.2,113.314,3759.6,85.0,39.516,18.574
17281.6,5275.7,0.30527,239.978,2411543.2,309.1,5222.64,179.0,23.4875,5.974
9559.59,2226.69,0.23292,114.354,1327219.2,128.674,4237.87,60.0,34.018,2.224
10402.4,4462.5,0.42898,63.7031,1492852.9,151.645,3260.95,57.0,36.483,16.983
9234.79,2241.23,0.24269,98.0362,1283551.0,124.865,4130.69,43.0,34.3653,2.733
14885.4,5999.32,0.40303,148.242,2085074.4,218.31,4540.88,93.0,31.2112,17.394
7273.27,2649.59,0.36429,55.5855,1012410.06,100.851,3568.19,50.0,37.4367,18.45
4355.76,1400.26,0.32147,32.363,612800.9,53.8196,2150.72,43.0,44.4643,5.134
6067.61,2186.9,0.36042,76.4397,823839.7,94.6629,3244.77,28.0,38.2362,2.532
7288.36,1947.4,0.26719,77.5646,978782.94,120.778,3480.3,42.0,36.5798,1.868
21822.7,5402.02,0.24754,275.867,3003931.5,419.736,6197.95,149.0,46.5464,1.018
9136.85,1867.3,0.20437,103.461,1248345.6,140.663,4005.44,40.0,34.1957,1.944
8994.61,1954.25,0.21726,101.044,1260713.1,131.152,3590.13,18.0,34.1615,1.382
6201.62,2250.32,0.36286,70.8268,845799.06,83.411,3105.75,30.0,40.1435,2.535
8832.15,2822.22,0.31953,72.1868,1253579.5,115.054,3427.94,26.0,37.117,12.531
8953.03,3215.93,0.3592,77.234,1244880.9,137.204,3874.24,99.0,34.5707,19.832
8029.94,1424.53,0.1774,77.9317,1132835.8,93.9351,3785.42,10.0,34.2144,1.915
11176.5,3810.39,0.34092,82.878,1530506.0,167.601,4292.54,127.0,32.1892,3.433
9220.29,3005.02,0.32591,91.8874,1322524.0,131.301,3325.63,10.0,36.4498,4.309
6391.72,1944.97,0.30429,54.3996,896455.9,80.8199,3172.25,26.0,38.3412,13.917
14994.9,5476.31,0.36521,161.451,2094988.2,213.007,5032.99,157.0,27.5199,6.354
20302.7,7386.48,0.36381,224.927,2763407.2,337.427,5177.32,133.0,24.9318,16.327
6152.51,1592.52,0.25884,55.1617,857667.1,72.6223,3362.22,58.0,38.8321,2.318
17568.0,5785.96,0.32934,176.092,2425210.8,266.968,5875.3,101.0,22.0743,7.879
11831.2,4624.78,0.39089,138.711,1628102.0,198.652,4467.37,90.0,31.5513,9.116
4678.71,2023.73,0.43254,34.648,658610.4,73.4347,2528.52,46.0,42.8717,8.02
9051.95,3955.83,0.43701,39.9636,1272794.0,122.578,3771.21,65.0,35.7226,20.41
17790.6,5219.27,0.29337,210.463,2464791.0,294.649,5697.8,205.0,22.1812,2.275
12312.8,4087.69,0.33198,151.002,1732941.5,164.529,5124.43,35.0,27.9392,3.668
9294.32,2141.15,0.23037,103.873,1256272.6,144.394,3968.3,43.0,34.3658,1.568
9099.3,2400.32,0.26379,100.733,1283194.5,125.859,3823.62,46.0,34.8644,2.858
5909.89,963.44,0.16302,52.3208,817971.44,65.3787,2988.95,16.0,39.9472,2.262
8905.02,2290.86,0.25725,85.7951,1199837.0,118.626,3812.39,44.0,35.4556,2.232
3956.85,1181.42,0.29857,34.3855,540155.4,49.6322,1394.76,17.0,44.338,1.552
11912.3,3460.28,0.29047,100.153,1640578.4,177.383,4530.81,83.0,33.9953,17.409
11849.9,3907.21,0.32972,87.9875,1618815.9,163.204,4181.39,127.0,32.6886,4.275
4374.82,900.43,0.20582,29.855,596671.9,47.9217,2079.16,44.0,44.0535,8.958
11778.6,3724.59,0.31621,89.994,1642015.5,157.174,6037.22,55.0,30.8876,17.713
6848.13,1440.43,0.21033,60.5449,931082.94,77.9304,3075.22,28.0,39.3867,2.921
8891.74,3403.95,0.38282,93.016,1215720.5,112.182,3557.48,51.0,36.4686,15.404
15558.6,5987.82,0.38485,133.618,2234829.2,216.55,6058.52,90.0,22.4943,16.793
8744.35,2601.03,0.29745,89.1776,1197046.0,102.654,4106.64,37.0,34.6841,17.821
5561.44,2045.05,0.36771,38.0224,757605.06,86.907,1640.91,7.0,42.9478,12.398
10442.9,3233.88,0.30967,131.883,1412486.4,160.887,4038.13,36.0,33.6731,1.658
18207.7,6591.53,0.36201,181.517,2512031.0,274.81,5435.8,127.0,24.5068,9.527
6724.0,1428.34,0.21242,66.6449,926239.75,83.2084,3367.51,49.0,37.5214,7.674
7797.74,2623.5,0.33644,76.7022,1055980.5,114.979,3000.72,15.0,39.0047,13.606
11636.8,2672.52,0.22966,136.044,1613204.0,175.303,4682.36,175.0,28.8371,0.978
10048.7,2667.38,0.26544,116.832,1376839.4,138.843,4146.38,121.0,32.3068,18.108
13129.9,4080.07,0.31074,158.615,1800248.4,183.963,3965.91,176.0,32.4225,19.009
5876.17,1910.75,0.32516,54.8898,812113.0,79.4903,3122.03,10.0,39.7338,8.348
15909.2,4754.89,0.29887,177.726,2156802.5,224.377,4987.43,38.0,27.7764,18.16
6764.64,2333.06,0.34489,75.7917,923091.06,99.0271,3232.31,51.0,38.4443,1.509
10033.6,2130.13,0.21229,101.231,1426153.8,139.687,4250.05,44.0,33.6292,0.793
12321.4,4471.98,0.36294,105.24,1734584.0,175.491,4535.62,16.0,31.4643,2.306
14228.3,4137.75,0.29081,194.289,1926690.9,215.565,4678.92,181.0,28.9761,2.224
8723.21,2792.2,0.32008,70.1029,1178789.6,117.825,3639.31,83.0,36.954,5.98
6371.0,1990.21,0.31238,61.7977,883395.6,80.8469,3908.47,70.0,38.747,3.098
10900.0,2779.53,0.255,128.764,1482503.8,179.091,4095.92,78.0,32.1052,1.632
7078.66,2963.07,0.41859,70.7418,1013258.94,113.466,2760.36,79.0,39.7831,13.825
8476.85,3020.54,0.35632,76.504,1152763.2,125.38,3460.52,13.0,37.3816,13.039
12829.6,4358.82,0.33974,129.217,1859582.4,173.803,5065.72,49.0,30.9536,16.616
9445.21,3242.73,0.34332,102.811,1329507.2,153.574,4037.75,72.0,34.1247,17.358
10394.1,2342.38,0.22535,130.429,1412675.1,142.918,3677.45,18.0,33.0599,1.95
9957.43,2830.43,0.28425,106.573,1374656.1,135.279,4372.85,73.0,32.7664,19.921
12843.2,3251.64,0.25317,162.09,1811743.5,207.781,4963.51,198.0,27.0229,2.205
6825.76,1775.05,0.26005,61.6252,976057.44,86.1539,2880.76,63.0,38.7163,12.542
8401.95,2355.29,0.28032,83.4053,1191292.9,113.085,3898.2,39.0,35.2963,2.438
9005.05,3142.66,0.34898,106.681,1259372.4,138.385,4194.01,61.0,31.8519,14.148
13221.4,3750.75,0.28368,151.408,1884876.8,203.165,4573.58,40.0,29.0954,2.966
11756.8,4323.52,0.36774,118.745,1643948.0,169.38,4604.01,155.0,30.3306,18.962
6594.42,1184.23,0.17958,64.7515,905640.56,93.4411,2958.38,55.0,40.3302,12.647
8611.49,3273.47,0.38012,69.6667,1231313.6,120.197,3407.06,72.0,37.2109,15.95
8498.07,2399.4,0.28234,94.6018,1165721.9,97.4976,4350.57,27.0,30.7924,20.754
21988.4,6773.26,0.30803,308.645,3054865.2,351.259,6288.97,89.0,17.6352,3.421
14367.4,3667.62,0.25527,153.272,2050101.9,203.884,4564.2,35.0,28.079,16.573
7148.02,2047.84,0.28649,70.3444,972544.5,101.773,3281.59,71.0,37.5858,2.738
8358.77,2365.92,0.28304,57.6805,1188153.9,87.4427,3589.15,76.0,40.1438,17.07
12211.7,3319.1,0.27179,110.237,1735813.0,161.921,3957.61,17.0,34.4526,14.342
12023.9,3242.4,0.26966,126.196,1654982.0,170.169,4566.32,83.0,30.9115,2.036
15492.5,5033.95,0.32492,98.6666,2151060.0,210.041,4800.89,119.0,29.5921,18.479
5491.33,2016.72,0.36725,41.0696,744162.06,85.4208,1845.91,15.0,43.5461,15.148
8596.35,2873.68,0.33429,90.4437,1170506.5,131.565,3350.07,77.0,38.2042,1.769
7545.24,2294.75,0.30413,75.3825,1054177.6,109.009,3431.3,87.0,36.9176,18.557
16116.2,3893.49,0.24158,201.47,2233799.8,229.397,5214.51,114.0,25.6073,3.576
11584.2,2773.02,0.23937,147.128,1565484.5,175.194,4547.87,57.0,30.4279,1.72
14009.1,5011.69,0.35774,160.453,1943296.1,207.044,4975.05,103.0,27.8104,5.76
9053.39,2402.01,0.26531,112.144,1282504.6,139.804,3902.08,35.0,33.385,2.195
16493.2,5812.31,0.3524,184.44,2249373.0,254.572,6161.81,104.0,26.9058,13.953
8865.77,2457.54,0.27719,100.937,1224851.5,122.808,3833.71,27.0,34.3063,2.142
9116.14,2795.98,0.3067,101.723,1279588.0,124.78,3411.43,40.0,36.3626,10.916
11499.7,3579.25,0.31124,142.917,1633617.8,154.133,4142.23,144.0,32.9247,17.15
10728.3,3218.34,0.29998,132.722,1469393.1,168.201,4467.04,94.0,31.3968,2.293
10558.1,2501.57,0.23693,105.067,1483604.8,143.277,4624.59,44.0,29.9143,16.585
13449.3,3507.91,0.26082,168.26,1865651.6,245.404,4908.98,172.0,20.3369,16.448
18641.6,5635.56,0.30231,253.196,2550116.0,289.083,5311.62,278.0,24.4101,3.329
10622.5,3221.79,0.30329,111.785,1495341.9,154.187,4486.98,88.0,32.4381,4.458
8827.43,2745.95,0.31107,74.6026,1275315.8,102.837,3255.98,28.0,35.462,13.707
10433.5,3631.28,0.34804,77.4674,1414615.8,143.546,3905.83,101.0,33.7334,14.677
7063.88,3108.02,0.43998,46.046,1012228.9,115.428,2979.41,39.0,40.675,13.226
13120.4,3899.86,0.29723,169.908,1814571.0,203.237,4799.4,112.0,27.073,5.031
5946.2,1831.99,0.30809,63.9803,835826.8,79.8697,2386.63,64.0,40.6186,13.219
8336.45,1977.64,0.23722,87.6685,1191890.4,112.175,3837.7,6.0,34.6373,1.636
6165.59,1681.45,0.27271,62.7308,811375.9,88.5737,2756.2,77.0,40.8172,9.876
6005.25,782.16,0.13024,45.8469,838287.94,69.9397,2727.91,1.0,41.8787,0.673
14147.4,6002.25,0.42426,163.438,1924809.9,325.094,4935.03,152.0,27.2669,20.74
9267.16,2613.99,0.28207,90.0361,1312748.8,131.549,3945.75,19.0,34.9308,3.517
9182.88,2742.5,0.29865,93.9593,1264504.5,132.615,4216.34,115.0,34.4816,3.214
5275.57,2031.18,0.38501,40.856,711508.4,79.6069,1750.67,13.0,43.6821,13.546
7028.5,1923.43,0.27366,74.7388,926473.4,107.516,3493.19,85.0,37.615,1.959
9887.85,3666.96,0.37085,94.0818,1405323.6,150.456,4035.58,86.0,35.4457,11.772
8024.49,2008.86,0.25034,73.0632,1124941.5,100.462,3461.72,42.0,36.3269,16.907
17895.9,5888.09,0.32901,188.501,2551164.5,271.96,5556.63,91.0,23.0164,4.994
6816.15,1964.34,0.28818,64.6954,935826.56,93.0009,3084.5,51.0,39.5703,2.302
10486.2,2647.04,0.25243,125.692,1449967.9,157.261,4697.25,65.0,30.0027,1.898
6281.77,3020.26,0.48079,54.1185,881742.0,113.126,2496.64,58.0,41.2304,12.027
7431.3,1807.97,0.24329,86.7437,1036765.7,105.762,3070.07,39.0,37.9398,16.157
13483.1,3357.63,0.24902,188.123,1848611.6,213.53,4569.28,174.0,29.0633,1.693
9534.68,3073.14,0.32231,102.982,1314875.8,140.925,3732.15,40.0,33.6428,2.667
12171.5,3970.84,0.32624,105.211,1660899.6,179.801,4197.02,90.0,32.6,19.318
8160.89,2731.75,0.33473,74.1278,1145104.4,110.858,83153.57,40.0,37.5208,2.496
6474.17,2208.89,0.34118,57.4548,907841.75,98.0066,2696.56,40.0,39.2066,2.004
5331.52,1243.17,0.23317,45.2728,737624.3,59.9474,2044.16,16.0,43.6673,12.923
7606.1,2212.5,0.29088,61.4591,1054335.2,104.343,3273.55,36.0,38.0431,12.392
14112.4,3953.96,0.28017,184.53,1958741.9,217.848,5615.11,137.0,22.7685,1.684
15653.2,5295.34,0.33829,110.715,2272954.8,197.438,5810.79,90.0,26.4297,16.502
9095.27,3020.32,0.33207,92.4187,1276301.2,119.2,3501.32,61.0,36.9505,16.68
13723.5,5284.73,0.38508,126.828,1924581.2,218.788,4385.13,49.0,29.2333,3.161
14889.0,4254.89,0.28577,178.578,2064925.2,226.247,5626.09,138.0,22.8506,0.755
7982.73,1783.55,0.22342,67.9756,1150747.8,96.8042,3085.28,37.0,37.9259,2.675
20666.0,5483.44,0.26533,280.015,2820855.8,304.707,6542.26,286.0,18.7302,1.655
10586.6,2856.75,0.26984,116.139,1516904.8,156.819,4294.44,53.0,31.757,2.776
6606.22,2142.96,0.32438,65.2948,937870.3,94.5624,3091.51,34.0,39.2484,9.117
7765.52,1835.0,0.2363,59.4676,1095338.0,85.0763,2683.89,14.0,40.1909,12.017
7086.98,1669.85,0.23562,68.6766,966344.44,93.5079,3496.19,33.0,36.5735,4.181
8250.8,1587.69,0.19242,76.4443,1164140.4,99.4986,3754.45,13.0,34.3903,1.791
13046.3,2358.07,0.18074,169.125,1777125.9,200.759,4738.67,104.0,28.7812,1.696
6904.66,1756.83,0.25444,60.5071,939505.56,95.2112,3125.52,28.0,39.233,11.179
18104.9,5434.36,0.30015,249.388,2464652.8,310.149,5748.19,348.0,46.5464,2.68
13614.6,3864.04,0.28381,151.149,1851179.6,210.809,5499.22,77.0,29.3369,2.086
7228.81,1065.72,0.14742,69.0697,1019011.9,78.31,2971.97,26.0,39.1301,11.047
8917.46,2078.35,0.23306,97.7988,1256465.9,135.664,3585.92,17.0,34.3034,1.105
8480.74,2803.21,0.33053,63.4684,1176172.9,116.33,3392.31,26.0,37.3618,14.41
9143.84,2469.8,0.2701,99.9992,1252325.1,152.791,4152.86,72.0,33.1645,0.576
4481.33,1332.37,0.29731,34.5759,636313.06,59.0444,1823.35,48.0,43.9469,13.074
9082.54,1831.96,0.2017,98.813,1266490.1,130.001,3639.73,20.0,34.0878,1.541
8335.77,3007.12,0.36074,66.9408,1151965.2,117.21,3533.18,45.0,33.9382,20.341
5093.55,1980.57,0.38883,34.2408,718450.6,65.3105,2537.78,38.0,42.7394,2.3
21848.3,6340.29,0.29019,293.581,2943318.0,329.967,6675.91,287.0,18.8123,2.245
8422.6,1793.45,0.21293,82.4499,1182255.0,104.144,3783.3,15.0,34.1584,2.073
7023.47,2146.32,0.30559,58.0785,956308.56,100.106,3064.22,27.0,40.2347,1.588
5788.19,1595.95,0.27572,47.6997,738256.5,78.7293,2434.31,25.0,43.5153,3.266
11016.9,3755.95,0.34092,104.918,1473991.6,162.017,5798.63,31.0,28.2094,19.598
11608.1,3369.45,0.29026,128.12,1693276.8,165.211,4539.34,63.0,30.4045,4.319
7801.52,1403.03,0.17984,76.7607,1100855.2,100.352,3747.47,12.0,34.5307,1.668
4281.6,1302.35,0.30417,35.4302,614156.25,53.5059,1892.89,23.0,44.2247,10.744
8179.18,3382.91,0.4136,67.8306,1086505.1,139.557,3121.7,85.0,39.6341,17.087
17754.8,6565.21,0.36977,154.488,2534779.0,291.694,16330.32,96.0,32.2511,4.534
9752.48,2297.24,0.23555,110.101,1358602.2,138.248,4195.16,57.0,34.0411,1.644
12951.1,3131.27,0.24177,86.5548,1777538.0,164.617,4336.54,117.0,33.2555,14.037
9068.04,2707.92,0.29862,90.8477,1224818.6,103.998,3453.75,44.0,36.6653,12.899
17661.2,5277.32,0.2988,214.063,2449484.0,269.248,6000.61,238.0,20.5067,8.923
10651.6,4684.14,0.43975,97.5485,1500020.2,157.924,3950.64,40.0,33.6761,15.7
4789.25,1534.83,0.32047,41.2358,646662.06,70.8138,1577.39,12.0,43.9028,9.855
6917.29,1541.56,0.22285,64.6176,947032.3,86.965,2946.45,26.0,39.5548,13.053
9663.0,3695.84,0.38247,84.7062,1377871.2,140.611,3970.51,45.0,34.5545,5.932
7903.03,2133.78,0.26999,67.0593,1068312.6,101.161,3050.8,21.0,38.7747,3.179
12004.0,2850.78,0.23748,138.24,1683801.4,155.592,4494.09,52.0,30.8942,2.25
27572.7,10844.1,0.39329,238.493,3754000.0,409.511,6518.98,159.0,19.1816,14.666
8388.99,3377.9,0.40265,57.1124,1194163.5,117.392,3417.51,55.0,39.1357,14.597
4697.51,1290.33,0.27468,39.9384,652474.9,58.8402,1899.51,29.0,38.8708,11.941
8182.44,1542.47,0.1885,76.5002,1154184.1,100.007,3758.76,13.0,31.4079,1.867
5296.85,2144.44,0.40485,34.5786,753031.75,70.5367,2393.07,41.0,42.5197,3.301
4194.63,1240.17,0.29565,37.0293,575295.94,54.3277,1398.3,14.0,43.0825,9.693
9068.27,1995.18,0.22001,96.7449,1281607.0,130.622,3854.62,48.0,34.8298,2.997
16422.5,5632.79,0.34299,180.596,2289975.0,272.487,5584.75,153.0,23.6544,2.214
10279.3,3430.28,0.3337,170.148,1377752.6,195.726,4673.92,82.0,29.6253,4.943
7214.73,2310.9,0.3203,63.7968,1012568.7,95.9628,3608.72,54.0,39.3512,14.794
11707.3,3474.89,0.29681,109.521,1592223.6,154.638,4968.46,129.0,28.4289,20.563
6577.65,1673.85,0.25447,75.9054,878269.3,98.4566,3435.6,78.0,37.6659,1.45
6924.01,2288.38,0.33049,61.7827,951019.3,99.5749,3333.75,41.0,37.4673,8.079
18907.9,5520.05,0.29194,230.223,2640090.8,317.076,5752.95,193.0,22.5499,4.029
11658.2,2782.93,0.23871,131.077,1619759.2,170.028,4731.53,174.0,28.4298,0.71
3945.86,1255.65,0.31821,35.763,536647.94,49.1459,1386.38,32.0,44.4514,11.654
6226.4,1255.14,0.20158,56.3463,863671.8,78.0144,2495.84,20.0,39.4342,7.33
9436.13,4550.91,0.48228,97.1573,1313852.8,159.601,3845.59,13.0,36.0442,17.952
17113.1,6177.88,0.361,197.902,2315697.0,257.694,5547.48,107.0,23.9457,7.633
11520.7,2620.14,0.22742,111.268,1628406.1,168.207,3645.38,128.0,36.1846,20.897
4438.63,1284.02,0.28928,33.1629,619979.1,56.7368,1976.47,49.0,44.8169,4.788
7068.37,3061.52,0.43312,83.6663,867351.94,135.0,2381.37,113.0,40.3377,5.408
9208.22,2705.01,0.29376,78.6181,1279695.0,118.559,4378.23,63.0,33.8738,1.677
10461.0,3433.18,0.32818,69.7584,1488921.9,131.361,3662.1,49.0,36.3598,20.293
9789.42,3910.55,0.39946,94.4861,1348982.1,138.797,3714.47,44.0,35.2917,20.275
11504.1,2988.72,0.25979,142.519,1578348.9,179.19,4308.22,29.0,30.2221,2.111
8992.97,2193.11,0.24386,102.296,1269188.4,117.572,3844.59,58.0,35.2408,2.69
4015.92,1184.19,0.29487,34.2029,549369.5,48.5494,1403.39,17.0,44.3649,1.445
6701.83,1317.97,0.19665,68.6358,901774.94,82.4005,3460.58,52.0,35.1693,14.042
11172.6,4785.01,0.42828,89.4234,1580384.6,175.416,5287.0,111.0,29.9493,20.509
8739.45,3498.58,0.40032,85.9664,1232903.4,146.011,3724.94,36.0,36.2211,16.604
8359.5,2823.97,0.33781,80.8493,1140196.4,105.958,3594.8,16.0,36.3665,12.974
8870.64,2322.45,0.26181,88.155,1229403.9,133.372,3256.23,7.0,36.775,0.589
8192.47,1708.64,0.20856,99.6675,1144079.9,124.119,3631.89,20.0,34.2296,1.684
21137.1,5852.98,0.2769,243.212,2930107.8,304.29,6055.12,208.0,21.4927,5.021
6948.75,2399.55,0.34532,83.9605,938251.25,111.494,3262.21,93.0,36.0839,4.37
8363.48,2521.11,0.30144,95.4766,1185300.6,120.409,3534.45,95.0,36.3227,2.358
15447.8,4597.55,0.29761,192.327,2061322.5,244.142,5224.11,189.0,25.4481,2.677
6440.86,1146.29,0.17797,56.0197,841715.94,69.028,2880.46,46.0,39.8479,18.433
12860.0,3055.08,0.23756,165.129,1830844.8,211.194,4938.96,207.0,28.021,1.829
9580.9,2639.22,0.27546,106.427,1308104.0,162.758,4155.82,73.0,33.1674,0.642
15605.6,5470.1,0.35052,193.111,2100987.8,274.95,5406.04,179.0,27.2242,5.978
12013.7,2288.36,0.19047,147.889,1632463.8,190.944,4697.71,142.0,29.6774,0.602
4863.58,1696.72,0.34886,40.3156,669170.8,67.773,1972.67,11.0,42.4246,12.458
9226.98,3898.42,0.4225,83.4855,1294777.5,140.203,3743.45,122.0,34.8622,3.582
17183.3,5556.54,0.32336,201.047,2263361.5,287.286,6595.97,240.0,25.7815,3.113
7449.56,2655.29,0.35643,78.9548,1020644.44,119.103,3235.03,57.0,37.4305,15.684
24011.2,10609.3,0.44184,155.955,3321345.5,388.945,5980.12,146.0,20.8414,17.818
11016.8,4151.86,0.37686,96.3486,1560947.5,163.391,5521.09,88.0,32.1833,13.819
8735.01,1875.19,0.21467,79.2701,1218012.1,95.164,3595.92,28.0,34.4609,7.424
5494.31,1769.07,0.32198,39.7867,773389.56,73.2635,2744.66,51.0,41.7906,5.372
8221.54,2305.32,0.2804,91.5348,1164941.5,113.738,3544.9,98.0,36.7461,2.285
4156.75,878.27,0.21128,44.1014,564846.94,64.8855,2563.9,12.0,43.0765,2.248
11583.2,3206.4,0.27681,147.281,1664377.5,163.086,4108.25,131.0,32.3496,2.388
9312.28,3293.86,0.35371,89.3369,1255012.5,109.29,3747.83,42.0,31.2266,15.837
16230.1,6266.31,0.38609,181.424,2264893.5,272.66,4235.18,97.0,24.5722,14.064
8841.15,2241.98,0.25358,71.5522,1248341.5,110.213,3761.53,66.0,34.6168,18.797
6924.8,2047.9,0.29573,64.9548,956194.3,93.6316,3095.71,47.0,39.5474,2.211
7442.83,2778.61,0.37332,68.8886,1024486.1,103.625,3410.26,43.0,37.2619,7.947
5879.21,940.2,0.15991,55.909,830449.9,62.4568,2940.62,14.0,39.9324,2.8
9427.13,3494.1,0.37064,84.9061,1350067.8,134.292,4274.62,29.0,37.0102,3.773
9843.24,2956.07,0.30031,90.787,1326066.1,120.028,3805.86,37.0,34.8087,15.932
8583.88,2247.59,0.26183,70.4089,1182149.5,111.695,3983.54,57.0,34.9381,16.912
6521.96,1706.06,0.26158,69.6504,860826.1,95.0981,3437.69,77.0,37.9732,1.478
10300.1,3063.04,0.29737,110.449,1448828.6,163.691,4273.63,56.0,33.262,3.496
8502.29,2657.41,0.31255,91.3623,1160532.4,116.582,3702.72,39.0,35.0217,2.295
4935.15,1790.08,0.36272,34.712,687850.44,68.0309,2818.01,46.0,42.0968,10.785
19317.0,6449.2,0.33386,255.728,2675577.2,329.657,5425.33,86.0,22.8087,4.268
8636.8,3071.58,0.35563,80.0328,1157857.8,118.746,3860.18,37.0,36.9665,10.98
5226.2,2062.73,0.39469,34.0548,739422.75,68.4413,2578.95,38.0,42.6978,0.768
7753.27,2937.36,0.37885,74.9794,1066783.2,106.064,3272.08,16.0,37.9531,3.256
4424.1,1022.65,0.23115,45.8909,550865.25,67.6236,1851.73,39.0,43.4873,10.772
8787.38,3861.97,0.43949,71.0732,1204619.1,143.359,3443.28,86.0,36.9929,13.255
12742.8,5273.56,0.41384,90.8911,1718490.1,208.815,4423.84,69.0,31.077,16.768
19738.3,5643.07,0.28589,265.777,2740283.8,288.453,5530.3,198.0,23.5486,5.58
6131.28,2042.89,0.33319,56.8379,849788.6,90.7457,2362.63,17.0,40.3494,7.811
7793.93,2560.45,0.32851,66.4502,1096374.4,116.269,3099.34,59.0,35.4117,14.29
11753.3,3067.08,0.26095,123.828,1655279.2,144.41,5043.63,143.0,26.6414,14.233
9123.91,1892.06,0.20737,81.447,1302383.5,118.212,3689.98,25.0,35.5101,4.571
10660.4,3139.67,0.29451,115.008,1467810.9,137.015,4264.36,64.0,29.4629,8.653
9010.79,2087.57,0.23167,89.4039,1267370.6,108.97,4761.48,30.0,32.7363,2.383
7250.67,1622.6,0.22378,72.6994,1036925.5,76.6792,3328.44,16.0,46.5464,16.245
7725.52,1944.27,0.25166,83.3348,1062270.5,110.884,3094.86,21.0,37.6761,0.557
8576.05,1741.81,0.2031,73.8311,1233814.6,106.213,3920.19,8.0,35.0075,1.334
9512.68,3169.73,0.33321,85.8241,1346311.6,140.677,3663.27,49.0,37.3685,13.124
8133.24,2743.03,0.33726,89.6932,1153544.2,121.35,3172.61,25.0,37.3687,1.852
9546.18,2325.68,0.24362,115.101,1331738.9,265.448,3783.75,106.0,35.0435,20.725
4000.26,1087.13,0.27176,33.732,569494.4,46.039,1773.46,12.0,44.4892,1.73
6770.51,1903.33,0.28112,61.0874,960685.7,78.3238,3503.12,75.0,38.0698,10.558
9170.27,2115.41,0.23068,93.7628,1286288.6,127.47,3857.31,42.0,35.0907,3.11
5331.92,1126.37,0.21125,51.2461,764437.3,69.4864,2862.98,59.0,40.2882,1.468
6499.28,2759.15,0.42453,50.1519,917307.0,111.441,2864.84,81.0,39.9604,15.538
5593.18,1315.59,0.23521,65.739,753588.7,87.0781,3095.62,46.0,39.4989,9.689
4413.2,1143.54,0.25911,22.013,600881.94,51.8233,1970.18,22.0,43.4066,9.231
11921.4,2633.38,0.22089,149.199,1670556.8,172.313,4652.23,150.0,20.422,1.623
5758.62,1566.38,0.272,69.3636,791465.56,95.7106,3115.78,82.0,38.8691,17.543
13667.7,3427.31,0.25075,184.443,1870293.2,211.016,4580.23,174.0,29.0831,1.653
15931.6,5619.51,0.35272,184.557,2193386.8,300.195,5307.61,137.0,26.1914,18.336
8100.23,2811.85,0.34713,58.7504,1064195.5,150.523,5336.13,27.0,34.2113,17.842
6528.95,1799.39,0.2756,63.2109,893784.1,84.5937,2820.72,33.0,40.9493,16.59
5055.64,1455.31,0.28785,48.0372,709922.7,60.4776,1952.53,17.0,43.7098,4.317
13180.5,3845.36,0.29174,164.006,1805523.1,247.021,4056.68,153.0,32.0906,2.308
6090.01,1049.9,0.17239,57.5657,841892.7,76.0029,2518.89,22.0,40.6029,6.083
13078.1,4459.38,0.34098,133.112,1842964.4,196.933,4263.33,47.0,31.8378,2.942
5520.06,1160.69,0.21026,50.3095,795011.25,73.5284,2849.86,57.0,40.297,1.19
9786.11,3912.22,0.39977,105.28,1309694.1,144.895,4068.26,109.0,33.4732,17.88
5120.62,1903.06,0.37164,42.2357,696343.1,66.2119,2398.8,35.0,42.4993,11.742
9808.99,3059.0,0.31185,96.7438,1364905.6,146.692,4177.71,35.0,34.4462,1.381
12970.3,4519.51,0.34845,160.353,1827956.9,223.619,4751.58,147.0,29.1998,18.348
8609.28,1614.15,0.18748,100.206,1217018.0,120.51,3781.74,44.0,35.2483,2.689
7039.53,1638.44,0.23274,63.8516,963642.2,92.766,3211.73,36.0,38.2366,4.45
14086.3,4702.56,0.33383,149.592,1995462.6,224.763,4858.06,90.0,29.4301,1.415
13412.7,4144.67,0.30901,155.474,1825619.0,211.137,5380.31,16.0,30.5103,7.413
8749.19,3065.63,0.35039,74.8256,1151834.9,135.059,3441.42,77.0,37.2735,12.473
8157.52,1563.49,0.19166,74.8017,1149218.0,105.827,3786.46,17.0,34.1732,1.729
7213.83,1819.33,0.2522,56.5611,952969.5,113.355,3237.6,15.0,38.8385,11.869
9253.84,2652.01,0.28658,100.135,1266476.1,160.321,4149.07,72.0,33.1811,0.556
9625.65,2557.77,0.26572,101.994,1366530.0,140.987,3948.51,41.0,33.4104,1.611
8175.26,1449.24,0.17727,75.9565,1102323.2,101.904,3524.49,31.0,37.6154,8.014
5201.18,1494.29,0.28729,37.9181,732972.8,62.3991,2572.13,51.0,41.5344,11.461
10508.6,2829.81,0.26928,114.997,1399565.6,178.987,3912.38,93.0,33.563,9.327
9707.53,3157.41,0.32525,68.7766,1407944.6,121.512,4147.22,69.0,39.3858,19.657
8413.17,2126.49,0.25275,73.52,1218046.5,101.244,3154.08,12.0,37.3161,1.481
8001.27,2295.67,0.28691,87.5531,1074607.5,131.4,3765.94,30.0,35.7778,5.072
15583.4,4712.05,0.30237,199.615,2051383.4,243.418,5717.6,246.0,22.2793,2.37
8201.47,1900.26,0.23169,73.6548,1117941.0,100.251,3650.06,81.0,36.077,15.542
21286.1,7389.47,0.34715,314.76,2810505.0,277.7,6128.0,199.0,22.3269,4.521
12573.9,3765.66,0.29948,166.556,1751413.1,206.095,4839.58,72.0,28.2733,3.615
11792.7,3310.36,0.28071,134.697,1618482.9,162.448,4440.99,104.0,31.1587,2.055
13482.7,3422.08,0.25381,158.387,1876846.8,210.343,4776.01,102.0,28.7323,5.333
6627.46,1816.41,0.27407,60.6119,929792.25,85.7952,3006.57,95.0,38.5057,2.85
11884.9,4274.1,0.35962,131.558,1649047.9,187.574,4262.19,39.0,30.0971,3.228
9032.3,3548.13,0.39282,78.9572,1206526.0,134.758,3803.73,47.0,35.3879,10.177
7560.4,2514.52,0.33259,63.8161,1000946.4,115.702,3364.7,35.0,38.8732,4.595
13723.0,5296.65,0.38596,132.737,1949567.4,213.975,5360.47,164.0,26.0496,17.375
7731.17,2704.34,0.34979,76.7729,1055279.6,109.838,3233.22,7.0,38.5098,9.119
6814.05,2186.02,0.32081,61.1485,925956.0,96.7181,3084.05,21.0,40.1737,0.936
6669.4,1801.35,0.27009,64.292,930435.1,85.4137,3585.46,37.0,30.2388,2.025
10518.9,2479.54,0.23572,90.2555,1472291.4,143.905,3833.52,126.0,35.8203,3.255
8769.28,2421.45,0.27612,64.6349,1194026.8,131.789,3557.14,31.0,34.1286,3.535
10743.5,3324.94,0.30948,116.563,1540530.6,134.866,3866.72,54.0,34.7581,1.895
10728.9,3661.72,0.34129,74.553,1485730.1,155.408,7520.91,78.0,34.2046,15.779
11519.7,3678.09,0.31928,68.379,1544162.0,179.792,9268.27,56.0,35.1693,19.179
7734.04,2273.93,0.29401,64.1572,1085777.1,94.9403,3511.0,56.0,36.9646,13.205
10944.3,3189.09,0.29139,79.3183,1560560.9,140.555,6150.8,15.0,33.6661,13.667
4984.39,1514.3,0.3038,50.6893,678790.7,80.2702,3224.29,10.0,40.9263,2.649
14860.5,5086.85,0.3423,156.956,2040982.4,220.73,5149.63,77.0,28.1685,11.072
5488.86,1360.41,0.24784,44.0707,777028.7,74.8385,2861.91,22.0,41.9199,3.302
10936.2,3147.14,0.28777,114.135,1547554.8,161.329,3750.21,37.0,34.1364,8.788
10001.2,3125.74,0.31253,77.0235,1425270.8,141.408,4888.74,49.0,34.6489,19.907
14736.8,4656.93,0.316,173.223,2141553.5,261.572,4913.45,82.0,27.1525,2.898
7074.24,2055.36,0.29054,67.1287,993317.8,88.6687,3639.12,32.0,37.7315,1.926
8905.15,2109.24,0.23685,97.2901,1211437.9,141.86,3992.11,45.0,46.5464,1.671
8991.01,2494.07,0.27739,84.499,1217325.9,121.15,3864.76,32.0,35.3128,1.953
14334.6,5058.21,0.35286,168.037,2006563.5,218.841,5065.79,66.0,26.9618,5.037
10978.2,3029.49,0.27595,128.777,1529459.8,187.241,4183.0,62.0,33.0482,1.394
7044.08,1407.53,0.19981,67.523,923004.25,95.3987,3199.57,14.0,34.6084,13.969
10771.0,3410.35,0.31662,108.081,1559582.5,150.539,3649.5,127.0,36.6613,17.615
10326.4,2717.58,0.26316,111.731,1476254.2,164.07,4080.47,23.0,33.6117,1.119
7816.03,3157.38,0.40396,65.2667,1062355.8,113.882,3731.8,34.0,36.5721,5.312
9278.39,3467.7,0.37373,85.672,1267130.2,155.506,4169.49,19.0,33.5887,13.343
10297.2,3592.38,0.34886,96.6606,1392916.9,162.307,3578.68,109.0,34.1065,19.503
13940.9,3926.83,0.28167,134.25,1950696.0,181.057,4730.55,79.0,30.388,3.436
9920.13,2293.39,0.23118,125.24,1375929.2,159.875,4597.41,74.0,30.2222,1.238
5924.98,1917.44,0.32361,54.826,811974.5,82.8422,3189.82,14.0,39.4461,7.94
15055.1,4637.49,0.30803,172.761,2032742.4,256.236,5100.23,140.0,26.503,13.131
7021.5,2399.19,0.34169,66.7759,970683.94,103.979,2959.17,50.0,40.024,3.327
9718.78,3158.65,0.325,92.818,1345597.5,123.856,3341.64,49.0,35.9194,14.999
9263.38,2281.05,0.24624,96.2641,1297410.8,128.289,3773.36,18.0,34.067,3.192
8335.58,2671.03,0.32043,93.0182,1209358.1,142.412,3367.33,98.0,37.1334,12.562
5704.58,1141.42,0.20008,48.6933,820614.94,70.974,2876.01,56.0,40.3701,1.729
9124.16,3708.59,0.40645,84.8584,1271672.8,130.09,4269.22,76.0,36.9722,3.675
11364.2,2550.83,0.22446,144.414,1598336.9,183.558,4626.25,51.0,29.7884,0.973
11486.8,4664.71,0.40609,98.8041,1573139.4,188.668,4289.34,81.0,33.7885,19.822
15641.5,6192.38,0.39589,213.893,2179036.8,296.131,5252.55,274.0,24.8264,19.539
10131.8,3089.63,0.30494,102.215,1426691.6,143.129,3904.84,17.0,35.2665,12.16
5692.42,2175.34,0.38214,45.0497,781895.75,73.2949,3646.49,27.0,41.1785,18.787
11338.7,3146.14,0.27746,147.324,1606507.4,152.627,4129.45,109.0,32.3875,2.637
15345.3,5014.11,0.32675,179.596,2231777.0,269.636,5171.31,76.0,28.1131,2.558
17912.3,6244.03,0.34858,242.925,2422537.2,263.457,5459.94,122.0,22.2514,2.558
5434.95,1809.81,0.33299,27.6064,723793.4,86.5921,2035.98,7.0,42.559,15.96
16203.6,4948.92,0.30542,210.595,2143096.0,247.927,5991.77,255.0,21.8952,2.48
18549.5,8153.82,0.43957,133.693,2575451.0,284.953,4942.04,106.0,30.1318,13.319
8779.59,3421.12,0.38966,101.734,1253256.0,134.156,4664.17,108.0,33.8939,15.214
10085.3,2632.1,0.26098,97.9308,1438892.8,147.763,3959.03,39.0,33.1577,1.537
14518.0,3953.43,0.27231,246.601,1967732.6,259.925,4830.77,276.0,27.3359,4.037
8798.22,2150.89,0.24446,87.4309,1245588.2,111.591,4775.4,24.0,32.8219,3.077
5885.15,2168.86,0.36853,52.3204,835711.5,80.8415,2396.9,56.0,40.6961,16.51
6127.62,1450.72,0.23675,69.9263,869420.6,72.1174,3090.87,11.0,38.0966,14.451
7810.74,2317.28,0.29667,83.4552,1049681.2,100.321,3120.0,81.0,39.4265,3.433
10086.1,3082.23,0.30559,96.7543,1369921.9,106.04,5445.48,13.0,33.014,19.571
4009.74,1292.37,0.3223,34.8581,543382.3,52.0303,1430.68,32.0,44.4949,11.421
7375.97,1676.11,0.22723,79.2474,995489.5,118.511,3399.45,36.0,37.0811,1.49
4012.8,1201.62,0.29944,33.3503,544098.9,51.0566,1382.62,30.0,44.3766,11.38
8016.71,3225.6,0.40235,88.9172,1099493.9,161.609,3744.98,47.0,34.9325,19.958
12770.1,3003.93,0.23523,109.779,1833532.5,151.332,4589.01,82.0,32.227,16.777
7750.32,2043.81,0.2637,89.7765,1062176.0,109.334,3100.08,21.0,37.6902,3.585
8762.87,1884.16,0.21501,79.3716,1247859.4,105.008,3947.07,15.0,34.9184,2.502
7074.02,1990.35,0.28136,58.2945,975819.2,94.1317,2769.2,15.0,39.4395,3.469
15652.0,4400.48,0.28114,215.699,2175877.0,267.346,5760.84,80.0,22.5158,1.712
13212.8,3470.43,0.26265,163.068,1858703.9,208.871,5019.57,195.0,27.6381,2.078
9360.88,2666.15,0.28481,102.808,1285962.9,162.337,4122.86,76.0,33.2216,0.636
8806.19,2430.72,0.27602,82.5474,1232906.1,99.854,4140.97,57.0,33.8427,4.072
8165.24,2166.05,0.26527,65.1334,1091201.9,105.26,4194.04,37.0,37.7607,16.395
13289.1,4582.76,0.34485,145.314,1841049.2,177.593,5321.0,35.0,27.2439,4.953
18993.7,6050.89,0.31857,267.162,2567652.0,303.532,5881.23,313.0,21.1556,2.526
23729.3,7890.07,0.3325,308.892,3319293.5,398.119,6315.87,116.0,17.834,3.297
9229.57,2435.18,0.26384,84.6131,1254350.4,122.766,3722.48,40.0,35.1341,1.976
6721.36,1431.62,0.21299,54.6639,924623.6,78.2618,2778.7,23.0,40.4918,12.367
16778.3,5527.78,0.32946,190.272,2293739.8,234.44,5514.51,87.0,24.0064,5.823
14498.6,5305.12,0.3659,202.44,1972617.2,260.463,4663.75,31.0,28.5384,2.045
7330.5,2874.49,0.39212,106.542,980045.94,137.233,3866.41,54.0,35.806,3.129
6992.75,2744.83,0.39252,63.8788,1022711.7,98.2579,3227.41,28.0,38.8615,1.039
8803.26,2999.34,0.3407,76.4787,1195285.6,121.418,3392.93,106.0,35.1985,7.084
8294.37,2133.79,0.25725,85.8173,1177272.0,117.546,3236.65,8.0,37.1562,2.365
7025.41,3194.66,0.45472,45.3901,983242.8,110.334,2776.24,10.0,40.809,14.443
8526.79,2635.13,0.30904,90.3526,1151873.4,133.054,3944.9,43.0,35.6839,5.18
7805.39,2583.5,0.33098,65.455,1042743.94,120.635,4021.8,58.0,36.2345,5.955
6953.18,2650.86,0.38124,63.0998,1019779.44,87.4586,3217.16,29.0,37.7941,1.174
8427.51,2098.04,0.24895,90.024,1164420.8,99.3416,3957.3,49.0,33.2594,14.906
16376.3,4256.91,0.25994,165.87,2305374.5,198.73,6328.22,73.0,22.7122,17.151
8411.22,2111.65,0.25105,99.1843,1176935.2,133.083,4007.66,169.0,33.6563,1.515
4276.28,1384.32,0.32372,33.8105,597595.44,50.7238,2146.74,43.0,44.4804,5.274
13349.5,3746.93,0.28067,148.405,1842269.6,186.885,3965.09,186.0,32.4152,20.43
11633.6,2044.25,0.17571,157.44,1656552.1,166.07,4613.35,153.0,29.887,1.772
10528.8,3100.16,0.29444,46.8848,1420280.9,126.454,4317.44,109.0,32.6985,12.528
6404.89,1633.7,0.25507,52.1058,896896.1,76.2758,3461.01,60.0,39.1126,2.322
23203.9,5667.15,0.24423,334.525,3186500.5,398.152,6224.62,163.0,19.8426,0.96
6879.33,2019.57,0.29357,67.0235,956127.5,94.6788,3072.68,30.0,37.4207,4.826
7117.31,1558.37,0.21895,69.8645,988643.7,87.8406,3641.56,39.0,38.2879,2.281
15006.3,4235.97,0.28227,189.662,2085752.0,223.703,5632.28,144.0,23.3904,0.924
9348.81,2543.57,0.27207,106.963,1317684.5,163.904,3834.38,15.0,34.2158,0.507
9466.14,2491.94,0.26324,92.929,1318476.2,128.756,4004.32,19.0,34.5849,2.929
9776.24,3972.81,0.40637,119.216,1377382.9,148.494,3635.09,165.0,35.4884,17.675
6160.35,1902.51,0.30883,71.6116,830887.9,88.7313,3060.98,39.0,40.2895,4.687
7247.3,1915.24,0.26426,94.0364,995229.3,121.843,3139.01,125.0,37.5134,1.495
9315.71,2681.98,0.28789,111.583,1283919.6,152.605,4123.66,74.0,33.3601,0.847
12977.1,4478.14,0.34508,153.933,1799945.1,170.825,5262.82,32.0,27.028,3.867
14783.2,6193.87,0.41898,135.253,2087404.4,208.26,5252.71,114.0,27.8534,16.167
7808.2,1963.64,0.25148,66.1415,1050781.4,100.088,3798.77,40.0,36.1628,11.294
6216.34,1793.48,0.28851,52.0923,885603.94,84.8842,3313.79,4.0,38.5339,8.834
15368.7,3523.97,0.22929,144.333,2099307.5,195.81,4301.01,113.0,30.8831,18.811
8191.55,3235.54,0.39498,82.1559,1117619.4,119.016,3850.1,104.0,34.7511,16.014
4204.01,822.41,0.19562,41.1742,556641.56,60.8852,2558.82,11.0,40.7343,2.129
10342.6,2245.15,0.21707,100.591,1440853.1,136.543,3774.82,122.0,35.3883,6.26
8598.2,2263.61,0.26326,79.7133,1198185.0,102.077,4159.56,59.0,34.3454,1.994
10352.4,2573.28,0.24856,101.068,1450943.9,136.141,4310.96,154.0,32.1028,16.631
6003.98,1558.8,0.25962,52.7836,780770.75,98.0969,3469.3,15.0,40.1302,1.807
10749.1,2595.13,0.24142,129.324,1491600.8,147.273,3678.53,23.0,34.551,3.545
8086.71,2345.38,0.29002,78.5614,1103534.6,104.356,4372.04,102.0,31.9493,18.069
5577.68,2175.92,0.39011,69.255,758145.3,85.3865,2932.89,34.0,40.5117,3.667
12787.9,3724.32,0.29123,132.758,1713875.0,178.836,4389.8,36.0,32.0802,8.943
12097.9,3438.97,0.28426,128.808,1615053.8,168.508,4527.81,33.0,33.099,9.51
15827.9,5979.55,0.37778,179.795,2166228.0,263.925,5644.86,194.0,27.321,2.96
7339.95,2098.78,0.28593,73.1151,984996.7,92.8235,3882.85,67.0,33.4717,12.92
6374.53,1396.54,0.21908,52.4247,888706.3,84.3035,2805.33,19.0,40.5504,1.304
12928.2,4573.33,0.35374,130.203,1809215.5,177.017,5793.74,147.0,30.7784,15.291
3983.96,1113.75,0.27955,33.7599,563262.6,44.2799,1254.14,42.0,43.8916,18.341
5503.73,1668.51,0.30315,46.7585,757672.94,59.8976,1948.97,19.0,43.5556,1.895
7862.52,2317.24,0.29471,69.3464,1057912.1,107.096,4485.42,66.0,35.2883,16.601
10927.4,2738.6,0.25061,111.041,1556017.4,150.637,4318.8,69.0,32.8957,4.916
11198.8,3870.64,0.34562,132.439,1578632.9,170.267,4421.08,75.0,31.5375,12.776
14682.0,3665.28,0.24964,181.933,2078598.4,231.444,4993.62,92.0,27.0968,4.69
11236.7,3601.88,0.32054,128.183,1534633.1,163.415,4874.61,68.0,29.5028,3.4
6740.34,1522.11,0.22582,71.5803,964843.75,76.3661,2999.44,64.0,38.2574,19.469
6227.72,1311.79,0.21063,55.5541,857280.44,83.2392,2801.38,17.0,40.3152,1.074
4180.66,1262.69,0.30203,34.6367,569903.6,50.8398,1405.36,31.0,44.3941,11.511
4913.0,1631.22,0.33202,40.3829,671138.0,71.755,1480.0,7.0,43.9369,8.144
9287.23,3031.46,0.32641,76.9497,1324240.0,142.535,3972.02,16.0,31.5412,2.7
5993.03,1954.94,0.3262,53.6827,864912.8,86.8262,3060.87,16.0,38.5543,13.913
6506.77,1630.58,0.25059,56.6535,861636.75,89.9064,2959.88,34.0,39.925,17.641
16052.6,3954.91,0.24637,205.022,2255011.5,263.374,5602.09,85.0,23.3349,1.689
8329.48,1847.88,0.22184,65.4056,1188886.0,82.4714,2621.7,53.0,40.2211,13.882
9404.44,2867.88,0.30494,98.0864,1350118.6,153.116,4244.29,125.0,34.0095,8.885
12611.9,4190.42,0.33225,151.716,1756434.9,219.431,4742.71,128.0,28.8008,5.556
18756.3,5281.36,0.28157,253.146,2521554.0,314.206,5655.1,314.0,21.7917,3.119
9595.3,2123.54,0.22131,106.532,1321285.8,131.942,4269.71,58.0,33.7439,1.693
7160.33,2014.98,0.2814,77.2627,975917.25,112.743,3071.02,82.0,39.0418,1.223
7732.56,2518.64,0.32571,63.6058,1071554.1,107.474,2972.53,37.0,38.866,16.299
6291.38,2434.89,0.38702,63.7953,899815.8,91.5842,3139.79,50.0,38.7461,14.407
13989.0,4254.3,0.30411,194.893,1841465.8,234.001,5625.01,250.0,22.1558,3.22
6178.22,3003.98,0.48622,51.5673,869812.3,101.587,2721.29,80.0,39.6805,15.299
4708.48,897.73,0.19066,45.4219,674218.9,54.9906,2201.79,79.0,42.7702,0.742
22255.9,8615.41,0.3871,182.82,3064213.5,357.718,14641.85,128.0,27.7218,7.742
6101.51,2514.19,0.41206,51.8211,854081.4,90.5464,2633.99,44.0,41.0144,7.431
4458.01,760.28,0.17054,45.2729,604347.44,64.6459,2557.66,12.0,42.8982,2.287
8509.39,2307.29,0.27114,104.873,1185761.0,127.443,3746.81,23.0,46.5464,3.987
9894.04,3793.09,0.38337,91.5593,1400068.6,145.116,4245.14,6.0,37.2324,6.59
5519.41,1844.41,0.33416,58.6117,752333.94,74.5686,3183.6,10.0,39.516,6.667
22762.8,8031.88,0.35285,179.896,3083800.2,327.363,7029.58,126.0,46.5464,5.097
10054.8,4872.8,0.48462,131.146,1396758.1,233.992,4025.89,133.0,34.1599,20.19
13325.8,4134.11,0.31023,118.143,1808745.2,186.952,5589.96,114.0,29.3389,18.109
8505.2,2787.85,0.32778,96.3075,1210137.5,122.178,3546.66,92.0,36.975,2.384
8080.18,1727.23,0.21376,95.2258,1122163.0,119.242,4065.62,52.0,34.3529,3.311
14367.7,4978.12,0.34647,161.248,2030917.4,217.478,5897.59,69.0,24.9411,1.819
12239.9,2665.15,0.21774,152.564,1718210.5,181.432,4640.98,148.0,29.7064,2.484
5748.05,1204.92,0.20962,57.0515,774970.2,70.5499,3183.46,20.0,46.5464,0.0
7400.24,1881.95,0.2543,82.932,1023845.56,104.697,3852.4,26.0,35.414,1.495
7889.98,1863.28,0.23615,64.6682,1106225.0,88.9891,3000.3,14.0,38.8291,3.644
8745.49,2300.46,0.26304,88.741,1179258.0,111.717,3727.35,31.0,35.2773,2.166
10060.2,2886.43,0.28691,113.835,1431321.8,151.255,4246.05,52.0,33.2393,3.912
8244.88,1978.05,0.23991,73.9693,1160013.9,79.7888,3389.95,19.0,32.7438,16.965
10996.9,2920.15,0.26554,139.985,1529972.0,167.59,4651.44,172.0,28.6562,1.05
3567.77,912.63,0.25579,35.8579,505842.38,42.2615,1768.98,12.0,44.5606,3.581
6631.6,2044.86,0.30835,65.1342,939366.2,83.0439,2937.39,67.0,39.539,11.498
10962.0,2988.64,0.27263,146.658,1450258.9,176.262,4460.45,57.0,31.4228,2.593
8582.06,3821.3,0.44526,81.8489,1217721.1,138.46,3638.66,47.0,36.7664,5.533
5230.13,1510.49,0.2888,48.3273,731035.4,62.6589,1964.67,15.0,43.3844,2.029
7123.29,2076.49,0.2915,67.4393,1002250.94,92.2477,3622.17,32.0,37.9278,1.94
5104.43,1658.68,0.32494,41.7989,703365.9,72.6505,2695.93,40.0,38.9173,11.532
10739.3,2365.67,0.22028,124.675,1461481.8,152.483,3648.7,14.0,34.7357,2.148
18651.1,5564.51,0.29834,260.701,2528340.2,304.223,5776.95,311.0,21.084,2.891
8552.47,2837.43,0.33176,65.4194,1139767.2,118.556,4051.7,78.0,36.8214,10.985
7844.08,1963.45,0.2503,81.018,1084665.5,108.437,3818.3,45.0,46.5464,3.024
7096.34,3246.66,0.45751,88.2908,965618.56,146.231,3323.83,99.0,37.1454,12.405
9275.71,3374.26,0.36377,106.914,1242601.2,143.633,4338.59,70.0,34.3508,16.999
10645.4,2850.11,0.26773,130.334,1504107.9,161.353,4338.62,54.0,32.2234,4.03
6761.83,2591.74,0.38328,55.4657,934669.94,100.811,3253.29,13.0,37.8784,10.031
13185.1,3739.97,0.28365,166.189,1831324.8,204.571,4919.84,64.0,28.1094,2.202
6610.61,1926.25,0.29138,71.7529,900402.2,112.398,3027.9,83.0,39.1386,1.135
5189.59,1294.46,0.24943,55.6958,703450.3,69.3742,2399.4,29.0,41.7324,13.985
5219.4,1642.73,0.31473,54.8449,723865.4,69.1867,2591.03,30.0,41.4395,3.597
11185.0,4190.89,0.37468,100.06,1571338.4,146.46,3746.34,48.0,34.1476,18.072
6378.42,2232.52,0.35001,75.8847,869164.2,87.2372,3252.84,62.0,38.6548,1.111
10237.9,4482.52,0.43783,94.0356,1404075.6,168.288,4404.3,115.0,35.3943,17.972
9467.31,2684.41,0.28354,87.7849,1325344.8,133.266,4132.21,2.0,35.1323,2.259
11820.4,4010.73,0.3393,161.561,1685969.1,206.747,5078.35,136.0,27.7059,13.622
10359.0,3731.48,0.36021,105.46,1460036.5,135.95,3780.08,18.0,35.3018,2.461
8031.4,2374.56,0.29565,90.3515,1119877.6,106.292,3296.06,27.0,36.3554,15.44
7532.91,2178.47,0.28919,76.8773,1022719.56,118.846,3099.58,78.0,39.0658,1.006
15826.7,6314.47,0.39897,107.6,2168191.2,244.065,4473.24,133.0,26.6455,4.245
9513.42,2379.39,0.2501,88.7406,1351237.8,114.72,4796.8,33.0,32.5768,5.313
8830.42,1794.11,0.20317,82.1519,1239497.8,96.6461,3512.9,15.0,36.3495,12.661
5599.04,1287.61,0.22996,65.4714,774416.8,78.7685,2793.78,73.0,39.599,14.0
11697.8,4836.3,0.41343,94.4883,1643583.1,180.042,5400.86,102.0,36.5896,20.127
18351.5,4684.14,0.25524,224.096,2519593.2,289.88,5687.28,193.0,22.1493,2.567
10926.8,3880.54,0.35513,109.164,1507253.4,155.565,4248.44,94.0,33.4253,13.832
9895.46,3328.11,0.33632,91.5374,1397474.1,129.947,3525.99,52.0,35.011,7.537
11531.9,3971.73,0.34441,104.927,1621933.0,158.298,6519.29,99.0,32.0906,15.527
6432.66,2129.8,0.33109,57.9773,900783.25,96.2366,2703.37,49.0,39.9892,2.17
4804.42,1028.26,0.21402,43.9773,685024.44,60.2677,2527.85,44.0,42.37,9.578
12871.1,3355.36,0.26068,170.572,1794894.9,191.589,4607.82,103.0,29.9684,3.102
10572.9,2653.55,0.25097,114.62,1498015.5,143.1,4425.84,75.0,33.3042,3.216
33407.8,12353.6,0.36978,219.074,4595871.5,493.337,13389.36,187.0,26.8449,5.294
11409.2,2924.91,0.25636,140.838,1565900.1,160.708,4486.63,88.0,31.2702,2.048
6218.18,2145.62,0.34505,56.9528,874946.44,90.9795,2643.01,68.0,41.2102,14.303
10310.1,4342.1,0.42115,76.1677,1415489.1,150.417,4634.65,28.0,37.8448,15.998
7188.96,2546.82,0.35426,62.7791,1054620.1,85.5091,3653.86,26.0,37.1247,12.787
21615.4,6045.1,0.27966,200.258,3097275.0,301.494,6750.98,263.0,19.5701,7.662
6889.64,2114.51,0.30691,65.3785,951221.9,96.2346,3013.14,47.0,39.3801,3.226
18384.0,6544.79,0.356,200.728,2570683.5,274.03,5530.32,149.0,27.2029,16.193
7803.99,2187.22,0.28026,84.7481,1069635.4,104.203,3308.21,54.0,32.1628,11.641
13247.8,3869.33,0.29207,140.75,1843508.2,177.806,4715.07,81.0,30.3154,3.542
13364.7,5931.35,0.4438,89.6786,1800003.6,199.021,5081.8,35.0,31.1077,18.146
5215.35,962.95,0.18463,49.0069,655872.06,71.0059,2003.78,43.0,43.6757,9.24
9898.42,3763.76,0.38023,90.1029,1403446.5,146.72,4433.11,54.0,36.7976,8.67
6562.72,2818.42,0.42945,66.6045,949310.0,115.735,2723.24,50.0,39.6305,13.756
10456.0,3687.4,0.35265,93.1745,1460320.6,145.233,5335.69,96.0,30.5695,12.707
5343.44,1789.71,0.33493,65.7266,728700.06,78.8363,3197.59,22.0,38.9913,16.132
10968.5,3557.52,0.32433,95.2653,1529795.9,126.214,4456.37,36.0,32.0764,17.408
6164.31,1621.91,0.26311,61.3079,868646.75,108.039,2531.51,42.0,41.165,14.631
9272.38,2372.99,0.25592,77.6755,1281058.6,110.739,3747.54,52.0,34.5205,8.392
7775.89,2266.59,0.29148,88.8742,1056649.8,112.482,3223.93,83.0,38.7201,1.758
6185.64,2644.14,0.42746,60.3418,889966.7,98.1445,3275.73,56.0,37.8343,8.461
11660.4,2442.47,0.20946,140.709,1615430.8,167.435,4729.34,145.0,29.5332,2.103
6068.78,1568.53,0.25845,51.2662,793370.8,96.9478,3835.87,20.0,39.4915,1.912
3925.72,1055.76,0.26893,33.7365,539090.56,50.9069,1766.3,24.0,43.6231,2.176
8392.8,3169.07,0.37759,63.9874,1146583.0,120.959,4457.85,42.0,33.8052,17.527
7941.19,1253.25,0.15781,100.176,1093506.1,113.682,3729.33,56.0,36.3255,3.45
4451.09,1629.78,0.36615,36.9084,612720.8,59.2699,1514.39,34.0,43.6828,1.705
13195.0,4212.83,0.31927,146.405,1887849.8,209.033,5843.95,88.0,24.3253,1.906
7525.14,2305.57,0.30638,64.6086,1053148.4,93.8587,3355.33,29.0,39.5833,17.395
8239.46,2896.42,0.35153,88.5703,1104771.2,114.8,3650.81,40.0,36.4119,15.77
11048.1,2935.4,0.26569,128.286,1540515.4,166.208,4655.93,74.0,27.9719,1.613
5828.43,1669.54,0.28644,43.3032,801313.2,86.6553,2846.8,27.0,42.1982,10.971
8057.92,1961.92,0.24347,74.5911,1100343.6,97.2177,3471.77,41.0,36.5354,13.985
7949.08,2636.75,0.3317,86.6034,1115557.5,112.391,3680.74,37.0,34.7682,13.497
13749.5,3856.05,0.28045,170.293,1899400.8,203.942,4848.46,118.0,28.9042,4.086
15615.4,4194.91,0.26863,240.963,2113826.0,264.519,4769.09,287.0,26.6319,3.963
8924.16,2189.46,0.24534,95.2427,1259072.6,139.685,3488.23,34.0,34.9279,1.235
20814.2,6544.51,0.31442,188.841,2810407.2,276.065,7134.7,214.0,19.905,20.877
9063.51,2709.63,0.29896,51.8557,1242498.0,119.229,4037.91,27.0,35.7058,14.894
5581.23,2145.31,0.38437,48.399,765696.1,80.178,2106.24,18.0,42.0468,14.582
10101.8,4161.64,0.41197,91.9778,1417816.0,137.901,3928.88,38.0,36.9636,10.407
13193.8,4870.23,0.36913,136.039,1856504.0,198.518,4836.05,152.0,29.0382,20.957
6308.69,2136.1,0.33859,56.9758,875744.75,96.336,3530.98,73.0,36.0694,1.418
6520.89,1782.62,0.27337,74.3904,872366.2,96.0999,3415.04,85.0,38.0748,1.667
14065.7,4011.26,0.28518,166.806,1960673.5,234.124,4494.38,86.0,27.6301,1.534
10791.5,3052.99,0.2829,130.811,1531994.6,169.277,4429.36,41.0,31.6719,3.88
9037.09,2941.35,0.32547,61.1066,1257366.5,122.379,3398.74,33.0,35.8247,16.129
13945.7,4774.56,0.34236,137.679,1977502.8,233.608,4714.23,85.0,30.392,17.352
7414.87,2080.13,0.28053,89.4094,1044429.56,94.8138,3564.66,20.0,36.1657,12.351
12752.1,4314.2,0.33831,138.527,1798176.9,205.479,4399.77,91.0,31.2542,17.514
13366.6,2915.85,0.21814,175.634,1886837.2,213.255,4783.37,91.0,27.8518,3.813
8130.44,2109.2,0.25942,70.3604,1118998.4,99.9539,3641.74,50.0,36.8892,9.519
8813.81,2433.0,0.27604,84.8516,1227617.2,114.442,4085.96,44.0,34.8702,1.819
7938.44,1862.35,0.23459,55.737,1129382.2,81.4629,3370.66,26.0,38.5257,14.884
16763.3,6025.83,0.35946,241.092,2260116.8,265.482,5405.83,126.0,24.1335,2.894
5869.35,1267.95,0.21602,57.5862,812956.1,75.3248,2661.1,25.0,40.4981,1.374
5470.22,1484.28,0.27133,57.6449,760588.25,77.5948,2619.53,32.0,41.243,4.027
19425.9,6548.62,0.3371,266.822,2624514.0,330.488,5815.83,310.0,21.3663,4.035
11397.6,2636.71,0.23133,153.693,1576047.4,183.822,4190.06,67.0,31.5596,2.029
7028.7,3022.09,0.42996,57.6233,994154.7,107.419,2731.84,57.0,40.4263,9.661
7760.26,2299.18,0.29627,73.3685,1046577.7,106.374,3739.04,91.0,36.3877,12.226
11955.4,4365.17,0.36512,148.581,1729475.5,211.623,4706.55,160.0,29.3767,11.288
3984.56,1341.22,0.3366,36.1671,544790.9,50.3464,1399.13,26.0,44.3673,2.349
7961.06,2679.86,0.33662,87.4392,1140794.0,120.738,3742.28,103.0,35.3925,16.237
12312.2,2240.92,0.182,147.954,1725476.0,166.826,4689.87,155.0,29.8345,2.186
23439.3,7824.75,0.33383,315.753,3260509.8,375.132,6630.38,94.0,17.3639,4.099
6713.94,1758.1,0.26185,75.695,935634.5,76.3877,3259.42,33.0,37.5963,10.578
9927.67,2593.99,0.26128,113.505,1365659.6,138.074,4184.67,132.0,32.6748,2.126
18055.4,5994.65,0.33201,224.753,2484160.2,306.27,4982.22,108.0,26.1122,5.922
6308.84,2329.17,0.36919,79.5524,852344.44,96.2972,3273.35,62.0,38.4995,1.813
8655.1,1627.77,0.18807,79.8366,1244315.0,101.433,3944.55,9.0,34.8998,1.315
9578.26,3094.97,0.32312,90.2098,1358051.5,138.145,3504.02,16.0,35.6956,3.965
6136.71,2007.93,0.32719,59.5668,862211.3,85.8545,2694.92,42.0,40.6088,1.629
4982.95,1336.74,0.26826,55.5942,659192.06,69.615,3220.8,23.0,40.5043,10.39
5961.6,1670.27,0.28017,56.3557,783186.94,86.392,3034.83,44.0,39.4881,5.415
9989.94,3608.16,0.36117,94.1701,1425916.0,144.233,3732.62,32.0,34.782,4.296
15299.6,3936.95,0.25732,183.871,2166325.2,216.391,5708.49,66.0,22.9468,1.16
15114.9,4255.99,0.28157,188.989,2107635.2,227.481,5635.66,185.0,22.7622,0.827
4811.56,1775.88,0.36908,50.1654,647285.94,68.2217,2278.61,23.0,43.4113,9.771
6001.13,1947.07,0.32445,66.7397,774672.75,94.6408,3646.21,63.0,36.9907,4.644
12349.8,3437.51,0.27834,110.173,1773938.6,136.922,4907.9,79.0,29.5501,15.403
11054.7,3955.96,0.35785,76.7158,1476861.8,163.429,4314.34,72.0,32.5911,20.292
8112.7,1677.48,0.20677,79.0835,1140630.5,102.134,3769.54,15.0,34.1705,2.131
4898.79,958.33,0.19562,40.6008,703583.06,61.1239,2152.9,76.0,42.9485,1.104
9315.18,2320.4,0.24909,110.305,1314060.5,156.775,3823.79,11.0,34.1775,0.558
15382.8,6281.38,0.40833,135.555,2194718.0,217.447,5758.89,161.0,26.2068,19.289
15927.0,6062.61,0.38064,131.808,2260865.2,222.346,6279.39,98.0,21.4247,19.425
10786.0,2693.49,0.24972,158.168,1515372.8,185.626,4600.38,51.0,29.9603,0.984
8122.11,2712.19,0.33392,79.0801,1108206.9,110.966,3049.51,17.0,38.5117,5.637
5024.62,1218.15,0.24243,43.4839,716665.1,61.8947,2308.35,17.0,42.4766,3.638
7620.93,2656.0,0.34851,78.0147,1084922.9,129.554,3342.11,38.0,37.4512,4.577
7415.2,1934.09,0.26082,62.1881,1050326.6,92.3162,3033.0,57.0,38.4965,10.388
8521.97,2340.85,0.27468,86.3902,1208963.8,106.802,4134.56,36.0,34.252,2.117
10257.1,3152.27,0.30732,102.389,1448310.2,141.636,4223.73,22.0,34.0179,4.675
6975.68,2037.84,0.29213,79.2018,953834.56,102.38,2827.16,101.0,38.3332,1.54
20540.6,5670.59,0.27606,288.64,2784818.0,318.434,6543.17,284.0,18.79,1.819
14138.2,2845.75,0.20128,137.564,1948393.0,204.781,5535.64,110.0,25.7499,6.963
5740.92,2237.79,0.38979,51.7121,799221.4,77.9338,3062.97,39.0,40.312,5.634
11458.5,2092.24,0.18259,147.425,1609915.8,167.017,4628.67,142.0,29.6518,1.663
6614.06,1985.59,0.3002,56.9195,899187.06,96.0962,2981.6,17.0,40.0403,9.723
4983.62,1516.51,0.30429,46.3086,698491.7,63.534,2156.68,30.0,42.8416,2.393
12344.0,3446.2,0.27918,163.553,1688660.6,216.264,4757.29,110.0,28.8281,4.247
12587.0,4595.79,0.36512,130.573,1756967.9,184.238,4791.52,102.0,28.8738,19.543
7192.96,2487.8,0.34586,78.919,967868.06,110.673,3338.26,53.0,37.6961,14.125
9647.79,3006.37,0.31161,73.5691,1383103.2,114.523,4294.01,41.0,30.8278,18.933
9295.91,3037.5,0.32675,98.6251,1303563.5,140.244,4429.84,36.0,31.9943,7.41
3900.21,1203.07,0.30846,35.213,532363.9,49.6825,1400.66,17.0,44.2558,1.528
4731.38,912.28,0.19281,45.6904,664435.5,62.6708,2662.94,16.0,40.8921,3.054
17972.8,5409.31,0.30097,202.537,2485530.2,277.014,6114.75,257.0,20.3682,7.768
14622.5,3830.53,0.26196,201.967,2046388.8,250.599,4947.53,144.0,26.7257,3.196
15657.2,5968.25,0.38118,198.37,2197329.0,275.665,4672.41,91.0,28.1469,5.036
15798.6,5199.24,0.32909,222.877,2194603.0,251.991,5341.45,216.0,24.5668,2.083
5740.49,1545.32,0.26919,62.9145,725399.94,85.9725,3103.31,20.0,39.3298,2.458
7100.09,2534.07,0.3569,58.5531,961064.44,101.026,3237.94,51.0,38.0472,18.913
15637.6,4338.75,0.27745,218.453,2247245.8,280.063,5523.62,100.0,22.2499,2.415
7526.21,3312.55,0.44013,63.1771,1016192.8,124.947,3943.31,76.0,35.2962,14.638
10435.1,3992.33,0.38258,99.784,1484253.6,151.029,3822.12,46.0,35.045,16.784
10267.3,4083.49,0.39771,37.0565,1412599.9,143.645,3831.67,66.0,38.2223,10.046
15496.3,5456.3,0.3521,180.89,2162578.2,241.095,5412.42,216.0,27.4336,2.166
6486.6,1702.8,0.26251,57.2601,926437.94,77.9136,2563.38,62.0,41.4361,3.014
11296.4,3597.73,0.31848,108.88,1555045.9,151.776,4316.92,35.0,35.1071,18.58
6791.27,1667.11,0.24547,56.1335,977947.0,83.9232,2582.59,22.0,39.4869,9.357
9503.07,3100.23,0.32623,103.001,1327114.5,131.332,3577.26,12.0,35.592,2.946
12442.6,3413.4,0.27433,160.756,1747793.6,197.255,4791.97,70.0,28.5704,3.324
6338.53,1985.39,0.31322,65.571,833562.25,92.9151,3550.93,77.0,39.2159,3.588
16543.4,4011.99,0.24251,229.416,2333000.2,268.122,5515.98,103.0,22.2402,2.443
10026.5,2401.71,0.23953,110.541,1407989.5,156.7,4222.44,58.0,33.5358,2.878
5573.13,1469.22,0.26362,46.6408,793838.1,61.4691,2553.04,18.0,41.3665,3.104
7550.91,1628.82,0.21571,70.1344,1041760.7,90.0199,3268.4,67.0,38.5034,14.465
7272.98,2209.13,0.30374,77.6534,989578.7,110.955,3078.75,82.0,39.035,1.466
11539.5,2805.99,0.24316,156.669,1654993.5,165.25,4770.92,32.0,29.1981,2.429
14656.7,4156.7,0.2836,181.79,2026073.9,249.868,5169.25,97.0,25.9846,5.993
12048.4,3168.02,0.26294,165.012,1683399.6,202.891,4769.24,95.0,28.862,4.428
6596.32,2264.43,0.34328,68.043,906828.56,102.548,3416.8,78.0,37.0879,13.998
15450.0,4039.13,0.26143,232.237,2108836.0,269.302,4740.26,286.0,27.8046,4.377
5916.48,1523.55,0.2575,63.0685,849118.9,75.4469,3193.57,49.0,37.8587,14.588
8674.38,2346.64,0.27052,80.0481,1215338.6,107.608,4247.16,61.0,34.5646,4.427
15464.6,5665.77,0.36637,158.053,2129451.2,223.685,5183.42,139.0,26.4442,12.745
5565.0,1499.19,0.26939,43.5066,796207.3,65.0243,2525.46,12.0,41.5578,3.281
23554.1,5580.6,0.23692,313.233,3232298.8,396.431,6273.52,141.0,19.7226,0.977
10210.5,3161.31,0.30961,128.399,1368936.1,165.404,4025.11,37.0,33.5698,1.502
9743.74,2295.35,0.23557,127.128,1344158.4,149.609,4644.51,69.0,29.9771,1.837
9964.62,3343.88,0.33557,100.648,1382092.6,132.746,3585.43,21.0,34.8561,4.327
9022.7,3685.24,0.40844,85.7942,1245919.2,136.03,3777.74,118.0,34.7993,3.329
10890.2,2975.0,0.27318,143.304,1552792.1,156.94,4118.13,132.0,32.5024,2.35
4964.0,1518.27,0.30585,51.4989,697669.94,86.1409,2937.01,33.0,40.7196,11.741
6122.82,1750.04,0.28582,59.0167,845586.6,80.8318,3175.78,41.0,38.7815,12.968
8176.49,3307.89,0.40456,81.7761,1083623.2,127.93,3738.05,50.0,35.4406,9.741
6784.17,2488.79,0.36685,59.4842,850969.44,120.26,2929.69,58.0,39.5785,10.921
13403.7,4385.73,0.3272,175.319,1879761.1,206.262,4889.6,94.0,27.886,3.055
7767.24,1547.2,0.19919,73.537,1083188.8,102.891,3775.82,13.0,34.3635,1.9
15280.1,6822.84,0.44651,95.7429,2152434.8,247.539,12399.41,62.0,36.044,18.985
12882.3,2603.51,0.20209,167.29,1746644.5,204.425,4691.89,98.0,29.0248,1.818
4381.4,792.15,0.18079,38.9377,578045.44,63.8812,2561.66,11.0,43.4901,2.194
6420.38,2243.5,0.34943,57.8408,875204.8,88.3554,2664.94,32.0,41.1184,4.163
5617.79,1408.68,0.25075,56.5233,786530.8,72.9456,2748.19,22.0,40.3577,2.281
8011.74,2265.65,0.28279,87.0206,1075233.6,129.844,3763.18,30.0,36.1322,5.11
8150.28,2158.14,0.26479,73.7177,1154631.0,109.13,3046.27,19.0,38.1229,12.234
10235.7,2473.06,0.24161,110.891,1426729.1,132.83,4280.05,58.0,34.0833,1.886
6104.38,1547.6,0.25352,60.6842,845918.4,84.6323,2496.79,92.0,40.8792,10.0
21334.1,6083.96,0.28517,184.966,3043270.0,248.449,5818.6,196.0,24.3119,19.169
11430.1,2985.0,0.26115,113.629,1600321.2,152.945,4494.95,76.0,32.7647,3.191
10237.8,2365.64,0.23106,117.03,1413184.8,167.45,4652.11,75.0,29.8859,1.646
8031.67,3509.57,0.43696,80.4138,1124840.9,139.346,3484.11,38.0,30.9601,4.543
6997.3,1876.51,0.26817,55.0696,1007615.6,76.2889,3301.81,26.0,36.7774,16.34
13945.7,4150.38,0.29761,219.4,1906357.4,272.317,5106.13,149.0,25.2031,2.931
6203.11,1273.77,0.20534,56.147,850963.2,63.6407,2520.04,32.0,39.6617,12.8
8458.98,3168.59,0.37458,95.5028,1190428.2,136.337,3600.48,30.0,36.9446,3.78
7677.23,2026.51,0.26396,89.1458,1055762.6,110.465,3071.98,21.0,37.7767,0.652
12376.7,4430.54,0.35797,148.588,1733829.6,187.03,5103.24,45.0,28.2397,3.986
13173.1,3997.04,0.30342,152.878,1805690.5,192.737,4577.62,43.0,29.9261,4.098
5966.74,1302.87,0.21835,54.318,832757.56,80.6701,2648.99,24.0,40.5087,1.244
6482.33,2148.02,0.33136,57.7654,944401.9,89.9648,3174.87,33.0,33.5954,1.252
7089.17,2718.42,0.38346,67.7184,943884.0,112.678,4021.84,119.0,39.772,15.137
10479.6,3512.37,0.33516,121.353,1436761.1,178.027,3822.44,28.0,33.2172,3.313
6056.01,1696.63,0.28015,66.4917,863318.4,74.1946,3081.53,11.0,38.5789,2.009
9522.22,2990.83,0.31408,84.129,1347832.0,137.2,3478.72,14.0,35.5574,3.591
10155.7,2988.71,0.29428,111.547,1425078.9,154.846,4350.65,45.0,33.3042,3.052
11261.8,2627.45,0.2333,157.746,1577153.4,185.331,3991.56,64.0,31.8454,1.93
8020.77,2140.76,0.2669,70.9873,1134024.0,95.7789,3136.59,63.0,37.8619,17.754
8498.25,1838.29,0.21631,82.594,1163663.6,124.052,4151.46,46.0,34.1148,6.179
7890.49,2630.77,0.33341,61.0632,1121936.5,103.85,2972.07,41.0,34.5466,15.006
8185.55,2344.22,0.28638,79.1995,1125229.4,121.959,3269.55,82.0,38.3978,1.401
8000.7,2214.73,0.27681,69.7284,1142141.9,95.9586,3027.89,55.0,39.4354,17.014
11870.4,2969.52,0.25016,126.335,1614813.8,153.811,3957.22,228.0,32.516,1.927
16345.3,4141.18,0.25335,226.766,2299462.8,273.166,5558.84,91.0,21.9468,2.852
11140.8,3406.6,0.30577,94.2935,1574217.4,144.884,4288.15,102.0,32.3546,4.287
10563.2,2816.16,0.2666,183.275,1466656.1,205.872,3876.17,133.0,33.0939,3.116
6288.78,1745.57,0.27756,57.754,864630.8,80.159,2696.7,44.0,40.6209,2.42
21260.0,6745.29,0.31727,255.093,2975657.2,337.168,5511.1,92.0,23.3923,3.647
6921.77,1992.67,0.28788,67.8097,964163.25,95.5723,3074.02,33.0,35.9231,5.455
10578.7,3078.45,0.291,124.935,1484959.2,171.54,4296.37,45.0,32.1254,1.402
11570.3,2742.88,0.23706,127.558,1568816.0,180.189,4036.95,71.0,32.6222,3.268
27671.4,10795.0,0.39011,268.687,3858804.0,390.84,6353.75,168.0,23.402,18.975
13599.8,3394.88,0.24962,188.256,1841477.8,220.135,4610.98,182.0,28.9633,1.888
8579.52,2409.22,0.28081,102.972,1192583.1,116.41,3878.8,31.0,33.909,2.633
6176.89,1328.48,0.21507,53.0043,881177.3,67.3469,2953.41,26.0,32.3692,5.762
22164.4,7614.83,0.34356,182.68,3147776.5,362.872,17195.34,94.0,23.0461,2.614
21046.4,6293.7,0.29903,314.933,2910497.2,349.629,6320.19,92.0,17.1025,3.061
7791.8,2713.34,0.34823,77.952,1096148.2,115.504,3293.36,39.0,37.7102,2.542
11434.1,5092.25,0.44535,90.014,1575574.5,199.194,4725.11,1.0,33.2153,20.744
15285.0,5202.22,0.34034,181.882,2211163.5,269.661,5205.85,78.0,24.6684,5.47
5688.54,1999.65,0.35152,50.5134,810568.1,73.003,2358.97,25.0,41.8974,3.689
6098.65,941.76,0.15442,56.275,850926.8,59.7691,3051.71,19.0,39.6299,3.592
13806.6,4461.48,0.32314,151.205,1884036.1,239.289,4716.22,63.0,29.2429,15.839
14772.6,4293.28,0.29062,178.337,2042376.1,252.969,5161.65,96.0,26.1163,6.09
16826.8,6055.25,0.35985,187.831,2319218.2,268.863,6051.75,109.0,23.6537,6.593
5333.09,1956.0,0.36676,40.4982,738540.1,73.3698,2308.48,50.0,42.6737,12.485
5578.35,1521.61,0.27277,41.6376,768950.7,90.1116,2851.75,23.0,40.382,13.075
16097.0,6476.41,0.40233,158.743,2264446.8,224.721,5267.43,47.0,27.3401,18.399
14593.9,5185.1,0.35529,204.561,2004029.1,258.041,4690.72,30.0,28.5225,1.933
8453.38,2569.86,0.304,94.7333,1193743.4,119.341,3585.47,90.0,36.7961,2.426
4848.78,1124.88,0.23199,44.0361,670569.9,57.9478,1849.44,23.0,43.9961,4.112
12029.5,3496.27,0.29064,165.159,1672065.1,207.702,4830.87,51.0,28.4121,2.631
14818.6,4486.72,0.30277,178.304,2080070.5,237.506,4450.64,16.0,28.7236,2.64
9678.7,2695.96,0.27854,88.7024,1392533.5,131.515,4030.3,12.0,34.4469,1.686
13538.6,3316.47,0.24496,164.551,1915500.6,197.068,5059.24,216.0,27.9395,1.987
7509.39,1990.04,0.265,91.9948,1016989.0,122.767,3734.82,33.0,36.5699,12.792
11979.2,2803.59,0.23403,142.614,1680436.6,185.14,4597.68,146.0,30.1734,2.646
5505.66,1357.69,0.24659,44.1093,760124.0,78.5386,3031.4,68.0,42.5761,13.168
10692.7,2630.51,0.246,132.591,1484830.2,167.953,4700.34,173.0,28.7698,0.605
8407.95,2381.09,0.28319,96.6407,1200509.0,113.99,3565.99,91.0,36.8204,2.279
8205.99,2793.57,0.34043,92.7558,1149079.2,121.558,3315.79,37.0,36.6841,14.46
8799.08,1816.45,0.20643,103.633,1185325.1,135.715,3992.06,40.0,33.6286,2.054
14986.3,4483.4,0.29916,159.559,2081489.8,218.789,5286.4,194.0,26.9122,1.211
9184.0,2516.44,0.274,66.3185,1266255.0,133.808,3609.95,31.0,34.0474,3.575
6695.11,1989.44,0.29714,59.9679,914384.1,100.886,2829.88,43.0,39.3123,5.366
4305.07,1421.26,0.33013,37.402,579044.1,53.6119,1431.76,31.0,44.4241,11.537
6852.61,1584.64,0.23124,51.3211,955997.6,80.6543,3073.51,28.0,37.8939,14.103
7379.38,2472.62,0.33507,70.1847,1030644.44,111.017,3340.23,39.0,35.1744,15.14
4538.68,969.82,0.21367,39.5114,595523.75,63.6918,2619.65,11.0,43.3013,2.032
9185.15,3712.27,0.40415,80.6843,1261495.1,134.837,3755.09,57.0,35.8076,13.701
9034.29,2503.84,0.27714,97.9676,1267735.5,132.775,4031.87,173.0,33.4479,1.807
10094.2,3804.52,0.3769,83.8883,1458462.6,137.503,3739.12,56.0,34.3248,17.968
6728.19,1386.07,0.206,55.8557,920449.8,82.19,2757.76,35.0,35.5142,16.492
13362.0,4028.44,0.30148,131.475,1873923.5,177.49,4572.88,70.0,30.3041,3.195
12992.3,3127.96,0.24075,168.748,1824161.6,201.551,5001.53,197.0,28.5103,2.7
23729.3,7890.07,0.3325,308.892,3319293.5,398.119,6315.87,116.0,17.834,3.297
4778.0,949.51,0.19872,46.52,687095.1,58.1568,2195.32,81.0,42.7432,0.665
4171.19,1278.3,0.30645,35.1181,574450.75,51.9648,1384.12,32.0,44.4968,11.428
15564.5,5629.1,0.36166,194.109,2041866.6,239.829,4393.87,109.0,30.1612,3.439
9040.72,3209.02,0.35495,76.1399,1258729.2,114.146,4402.77,25.0,35.9339,8.109
6901.11,1993.13,0.28881,64.9132,954711.94,98.2112,3022.25,99.0,38.1906,2.228
8680.52,2890.27,0.33296,71.2367,1224981.5,115.419,3624.08,54.0,35.4145,18.228
12476.6,4115.64,0.32986,165.413,1757110.9,222.823,4842.87,47.0,28.258,3.328
22008.8,6199.53,0.28168,296.374,3053193.8,365.526,6017.44,104.0,18.3321,3.177
8736.6,3409.57,0.39026,88.7733,1191399.9,120.783,3707.55,63.0,31.2266,13.458
10860.1,2496.1,0.22984,120.741,1472636.0,153.675,3680.23,16.0,34.5875,2.114
16661.2,3956.41,0.23746,211.637,2332213.2,263.841,5685.6,94.0,22.9573,1.461
13289.6,3959.68,0.29795,125.863,1906504.9,171.271,5347.1,56.0,26.8768,17.588
6103.49,1740.12,0.2851,71.0612,868893.06,79.0746,3075.11,16.0,38.4354,2.189
13171.1,3401.62,0.25826,193.638,1795174.2,212.616,4566.99,186.0,28.8806,1.895
7951.87,3060.23,0.38484,71.5842,1120413.1,128.574,3590.2,50.0,39.2839,14.856
15053.1,3924.78,0.26072,184.35,2126982.8,215.024,5709.94,67.0,22.9333,1.155
11200.7,4174.54,0.3727,106.24,1546039.5,169.606,5135.51,56.0,31.9684,2.384
7153.13,1712.57,0.23941,63.118,993271.06,100.963,3162.44,61.0,39.1586,14.442
11847.1,3688.26,0.31132,156.99,1665681.1,157.908,5056.18,35.0,28.3265,3.492
14737.7,4804.39,0.32599,168.315,2031193.5,264.503,4824.34,28.0,28.7482,3.575
8775.89,2353.58,0.26818,93.2243,1245729.9,126.865,4009.84,163.0,34.024,1.301
9276.42,3803.15,0.40998,89.456,1292710.1,131.967,3859.55,105.0,34.1684,3.939
6394.05,1464.47,0.22903,66.7489,901037.44,75.8904,2849.0,71.0,39.3085,7.246
4824.1,888.25,0.18412,45.1633,695212.7,56.9314,2185.64,80.0,42.7904,0.681
5856.55,838.74,0.14321,50.6177,823674.4,73.3534,2716.73,1.0,42.1478,0.753
7142.52,1857.55,0.26006,65.2928,986779.06,90.2875,3081.06,52.0,39.5006,2.165
10377.4,1887.54,0.18188,147.994,1449431.8,160.276,4617.33,144.0,29.6932,1.856
6910.26,1836.74,0.26579,57.7551,945086.6,89.895,3283.47,20.0,38.9909,4.362
11037.4,3281.33,0.29729,71.6448,1441694.9,187.37,3940.71,80.0,32.7585,11.814
11620.2,5298.18,0.45594,105.205,1494723.6,199.466,4425.04,93.0,32.9615,19.435
10122.5,2725.19,0.26922,120.083,1388835.5,169.276,4608.71,70.0,30.2096,1.726
18325.8,5891.1,0.32146,223.175,2522677.0,323.373,5055.32,148.0,25.5154,9.92
14240.2,4611.74,0.32385,147.061,1973532.5,212.053,5092.88,75.0,27.2164,3.576
16824.2,4145.5,0.2464,203.731,2316548.8,265.136,5251.26,151.0,24.6299,3.371
9078.14,2700.65,0.29748,106.338,1283491.6,119.337,3479.47,39.0,30.5263,10.947
9043.26,2326.41,0.25725,72.8952,1289232.6,118.197,4357.46,92.0,33.4774,1.926
8032.22,2215.0,0.27576,66.6767,1072019.1,114.869,4560.62,70.0,32.6407,3.78
16756.7,4135.18,0.24677,228.694,2357901.0,276.584,5631.45,89.0,21.4943,2.847
4666.42,935.27,0.20042,47.183,669051.0,54.652,2195.32,80.0,42.7237,0.693
8343.75,2501.66,0.29982,66.5785,1192824.6,111.656,3199.92,27.0,38.0812,12.716
6738.55,1853.88,0.27511,68.6345,954998.75,79.963,3285.57,15.0,39.0347,3.11
6615.93,2070.79,0.313,66.7813,931230.1,83.2152,3342.63,47.0,38.2618,12.706
19602.1,6878.01,0.35088,155.886,2787522.5,315.569,9788.38,77.0,29.5564,6.34
6733.37,2322.59,0.34493,55.4093,931880.6,98.7528,3783.6,75.0,36.7785,1.4
8630.7,1778.44,0.20605,95.1812,1207938.5,127.321,3648.69,20.0,34.1341,1.59
12250.5,4527.63,0.36958,122.293,1708813.8,205.797,5186.66,82.0,29.3066,4.0
8777.67,1833.76,0.20891,80.4642,1258533.5,104.714,3915.97,16.0,34.9427,1.106
6299.91,1350.02,0.21429,58.1531,854339.0,75.1716,2526.49,37.0,41.3942,7.332
7284.34,2015.64,0.2767,62.559,1004841.44,98.5865,3632.56,31.0,36.7334,9.36
8140.52,1771.18,0.21757,77.1758,1137025.0,86.4402,3653.06,59.0,36.0351,15.307
6114.05,2090.2,0.34186,50.0583,798186.6,89.4584,2860.04,52.0,39.6575,10.955
5887.19,924.41,0.15702,48.7278,827734.8,63.6167,2774.6,2.0,42.4288,1.08
17904.1,4607.21,0.25732,252.611,2469282.5,277.098,5334.2,205.0,21.5076,4.854
14617.7,3593.39,0.24582,201.873,2043659.4,250.962,4960.33,137.0,26.337,2.844
21993.1,7505.74,0.34127,225.715,3115422.2,282.449,5937.93,89.0,19.8847,18.497
6449.81,1996.44,0.30953,55.1144,840451.75,102.079,4558.63,14.0,38.4466,17.007
13657.5,3342.51,0.24473,187.927,1864762.8,203.531,4588.46,166.0,29.0237,1.852
12834.8,2355.98,0.18356,149.954,1750246.6,194.795,4796.91,157.0,29.8463,0.774
6935.56,1589.88,0.22923,73.2047,917200.9,92.0964,3492.09,79.0,37.4987,1.897
9334.38,2732.29,0.29271,100.705,1298214.9,143.394,4070.96,56.0,34.441,16.326
7153.11,2076.0,0.29022,65.8064,900729.56,101.163,3086.58,30.0,39.386,4.804
8833.04,3173.44,0.35926,105.867,1184547.6,142.21,4145.44,72.0,35.207,17.586
21504.0,7051.74,0.32792,246.786,2991314.5,336.534,5601.03,96.0,23.0571,3.833
6505.2,1355.48,0.20836,54.975,892963.75,87.6477,2878.59,17.0,39.9617,0.999
5347.48,1595.7,0.2984,40.6947,711202.75,82.6875,3077.45,14.0,41.6708,9.548
13628.2,4712.22,0.34576,99.8581,1898252.2,191.313,4927.53,65.0,29.547,19.264
8950.37,3512.37,0.39242,79.8077,1238249.0,127.981,4106.09,108.0,38.0792,16.952
13484.5,4558.04,0.33802,161.142,1854907.9,197.073,5119.61,69.0,26.769,3.374
8945.66,2837.96,0.31724,87.1322,1201459.8,129.894,3508.39,15.0,36.4767,15.676
8329.2,2650.9,0.31826,73.933,1178945.5,120.829,3462.91,23.0,36.9611,17.752
10225.5,2643.69,0.25853,91.8015,1404090.4,132.594,4259.43,139.0,35.0845,16.207
14386.6,4083.67,0.28385,189.327,2005795.0,219.929,5571.93,140.0,22.9595,0.892
13771.4,4474.69,0.32492,139.908,1940257.0,170.427,4697.72,110.0,29.2381,19.238
7210.43,1655.32,0.22957,51.8044,1001140.2,86.4499,3265.5,36.0,37.1562,13.969
16442.2,5756.4,0.35009,195.112,2338043.2,247.984,4763.72,26.0,27.4854,6.682
11622.3,3883.87,0.33417,86.4688,1635343.4,165.692,4573.95,96.0,31.5703,19.177
7422.13,1859.88,0.25058,64.7466,1012838.94,96.2086,3114.71,39.0,37.6915,3.993
8678.15,2173.17,0.25041,90.8517,1221102.1,111.097,3974.47,102.0,33.2897,4.495
15357.9,5137.14,0.33449,215.049,2138580.0,251.151,5338.58,285.0,24.5306,1.668
5208.86,1525.0,0.29277,47.3439,719820.56,65.8258,1989.77,25.0,43.738,2.203
8272.9,3074.43,0.37162,81.3737,1129095.9,112.309,3151.03,28.0,37.6156,16.047
12221.8,3043.85,0.24905,124.814,1664352.6,159.379,3986.04,235.0,32.3237,2.432
10074.9,2896.83,0.28752,124.285,1418431.6,155.967,4390.89,40.0,31.5357,2.871
7685.81,2669.46,0.34732,80.8183,1058236.4,106.483,3643.69,20.0,35.9859,12.084
6334.61,1045.64,0.16506,73.2031,876543.06,76.8685,3175.53,44.0,38.0584,8.8
13117.3,6444.76,0.49131,135.214,1794765.5,231.099,5094.41,140.0,28.2733,18.481
10794.7,2705.58,0.25063,137.2,1504693.6,168.766,4689.67,175.0,28.7887,0.739
4197.97,771.87,0.18386,34.0478,580938.7,50.448,1769.89,17.0,43.0521,12.788
6716.32,1876.82,0.27944,61.1456,933209.3,85.3745,3563.61,35.0,37.4277,2.005
9181.19,3164.43,0.34466,107.956,1259628.6,144.043,3770.02,42.0,35.1285,9.961
14896.3,4739.56,0.31817,169.992,2029817.4,267.096,4924.21,35.0,28.5042,3.178
8589.76,1664.85,0.19381,103.221,1160158.9,142.396,3937.1,46.0,34.476,1.818
6654.26,2064.67,0.31027,63.6906,899934.2,94.3424,3182.52,17.0,40.0791,1.935
6404.01,1591.61,0.24853,59.5316,841927.75,94.0873,2782.93,56.0,40.6131,14.233
23476.3,7764.78,0.33074,225.649,3290489.8,373.478,6563.27,116.0,17.4998,3.857
10038.6,3081.44,0.30695,97.6095,1386826.2,153.678,4209.73,62.0,34.388,2.129
13043.2,3687.96,0.28274,130.405,1833459.6,174.946,4597.23,67.0,30.3336,3.819
11246.0,3020.03,0.26854,132.251,1563906.5,157.657,4461.76,92.0,31.3485,1.702
17428.7,5979.79,0.3431,236.614,2381582.8,265.878,5584.71,131.0,23.2971,2.268
7847.5,2538.25,0.32344,81.8709,1063084.8,113.942,3608.12,38.0,36.9306,5.879
10205.2,3688.65,0.36144,102.59,1427331.0,166.348,4483.69,115.0,31.062,18.983
11945.9,3383.45,0.28323,100.539,1671125.8,155.231,5717.01,49.0,30.1595,3.416
9871.2,3648.88,0.36964,96.2809,1388277.6,154.096,4170.49,39.0,33.6023,18.862
6320.3,1476.31,0.23358,53.1194,838713.56,72.4057,2971.43,34.0,38.8983,4.645
12506.4,2885.27,0.2307,139.779,1742431.2,153.1,4502.87,50.0,30.4373,2.891
9360.81,3734.34,0.39893,98.7075,1336647.4,132.71,3653.2,30.0,35.9098,7.531
12396.0,6406.55,0.51682,85.3761,1527393.5,252.354,6150.82,76.0,39.3739,6.155
6255.27,1688.82,0.26998,47.3525,886720.4,67.4541,2720.0,14.0,42.3059,10.514
7422.99,2215.8,0.2985,64.8606,1009247.44,91.7462,3136.06,35.0,39.9737,2.766
5959.4,1343.74,0.22548,65.3833,834780.4,72.5835,2772.81,74.0,39.639,8.468
14902.8,4429.81,0.29724,165.697,2064465.4,237.957,4910.77,110.0,25.5941,4.867
7679.27,2475.41,0.32234,86.7104,1059383.0,112.767,3059.1,24.0,37.9001,2.568
16740.4,4612.23,0.27551,226.151,2391498.2,272.415,5564.82,91.0,21.8453,1.927
5596.39,1980.97,0.35397,53.5304,764165.8,78.8965,3346.2,18.0,39.0676,7.335
9272.01,3169.31,0.34181,89.9894,1337068.6,134.292,3653.6,20.0,35.2963,2.475
7587.84,1966.91,0.25921,65.6453,1034759.75,88.6737,3047.1,44.0,38.7065,16.332
7225.54,2357.56,0.32628,65.2707,984430.06,90.6997,3432.45,27.0,37.7874,3.862
13088.4,2936.59,0.22436,99.1522,1769539.2,290.81,4539.2,175.0,31.0642,20.789
22869.8,5440.58,0.23789,323.683,3147677.5,405.101,6215.8,164.0,19.8423,0.979
13968.3,3963.16,0.28372,168.282,1978063.8,220.162,5051.34,195.0,27.3897,3.26
10919.5,2931.89,0.2685,130.817,1538320.0,162.517,4634.4,72.0,29.944,1.9
13344.1,5400.8,0.40473,123.779,1849120.9,220.584,4659.32,114.0,32.6782,16.367
13806.6,4571.04,0.33107,209.509,1838042.8,242.736,4575.88,35.0,28.9013,2.059
14678.0,4528.2,0.3085,171.398,2034907.9,218.808,5205.59,182.0,27.343,1.715
8775.08,2891.59,0.32952,92.1664,1218609.9,133.049,3459.96,16.0,35.5871,2.518
7674.97,2594.89,0.33809,64.0395,1096702.0,99.6348,3671.97,61.0,34.6251,12.517
10001.2,3071.25,0.30708,114.671,1431799.5,136.598,3860.01,58.0,34.8739,3.3
7565.03,1762.22,0.23294,71.5398,1033196.06,98.9867,3169.34,51.0,38.5719,12.013
15074.2,4195.32,0.27831,186.075,2098813.2,226.282,5629.91,179.0,22.8313,0.798
10165.3,3196.69,0.31447,106.293,1430889.2,146.39,3767.38,96.0,35.4298,12.036
6627.94,2782.23,0.41977,62.1561,954949.4,94.2195,2404.72,67.0,40.4961,8.943
13324.2,3304.0,0.24796,168.791,1842661.1,202.323,4719.2,111.0,28.928,3.954
9381.72,2130.95,0.22713,106.465,1261996.5,153.602,4028.66,132.0,34.663,17.379
13079.3,3631.31,0.27763,164.22,1814732.4,210.569,4869.42,60.0,28.1166,2.488
8945.5,2696.19,0.3014,89.3022,1195494.0,145.559,4131.76,42.0,36.1579,4.351
11319.5,2374.86,0.2098,147.599,1597510.5,169.415,4573.96,57.0,30.1903,0.919
11608.4,3896.76,0.33568,141.261,1574942.6,209.618,3503.23,190.0,34.8054,18.444
8773.65,3718.99,0.42388,69.3854,1226247.1,133.382,3265.79,51.0,37.381,15.314
11489.9,2543.61,0.22137,122.975,1583339.4,176.874,3955.82,70.0,32.9411,1.283
8150.09,2650.14,0.32516,67.1339,1087644.0,114.53,4359.75,61.0,33.0146,4.895
6189.64,1248.24,0.20166,57.692,853796.06,76.944,2479.47,13.0,41.2659,14.994
8225.54,2091.76,0.2543,75.4656,1111824.0,98.8515,3724.54,85.0,36.1518,14.325
22517.3,5455.03,0.24225,338.063,3095628.0,401.894,6224.66,159.0,19.7961,0.949
18103.3,5653.31,0.31228,191.73,2445800.5,289.738,5904.39,216.0,23.2175,2.339
7051.57,2938.66,0.41673,53.1901,986951.4,124.161,2603.56,70.0,40.2002,12.843
9706.95,2202.91,0.22694,115.05,1350705.5,125.863,4281.42,50.0,33.9513,1.936
6601.44,1665.62,0.25231,62.5883,914773.56,96.4671,3104.27,28.0,38.4406,10.104
8806.81,3554.62,0.40362,76.4919,1191617.5,144.574,4611.5,71.0,32.7958,13.607
9908.76,2896.99,0.29236,110.401,1361639.0,163.595,4281.07,84.0,32.0016,1.015
15935.7,5701.47,0.35777,160.014,2278278.8,252.356,5450.43,144.0,26.2792,18.019
12556.4,4216.49,0.3358,199.102,1635061.6,264.955,5058.26,190.0,26.4263,4.511
14719.8,3339.17,0.22684,184.725,2038365.4,228.036,4682.77,37.0,25.699,1.283
10341.1,3791.16,0.36661,64.7566,1461027.9,146.392,3864.8,35.0,36.2931,17.006
14579.7,4618.91,0.3168,161.085,2023879.6,225.095,5267.1,198.0,27.4235,1.567
6901.02,2143.77,0.31064,59.2446,911156.6,94.685,2867.88,28.0,38.5575,3.055
10960.0,3424.51,0.31245,127.757,1528114.1,169.339,4179.68,43.0,30.9625,2.238
10401.1,3569.65,0.34319,104.298,1443867.6,165.375,4640.23,63.0,31.14,17.551
13388.5,3138.19,0.23439,161.752,1921767.1,181.448,5259.7,71.0,28.0308,12.407
9263.22,3689.19,0.39826,76.7427,1251032.0,138.798,3494.83,93.0,36.539,15.667
7998.91,2858.54,0.35736,75.1649,1134037.5,97.9201,3789.19,23.0,37.4728,17.987
13869.6,4137.02,0.29827,156.655,1966769.9,217.576,5602.34,76.0,25.6508,1.919
15866.8,4686.01,0.29533,184.25,2190530.8,250.999,5461.6,144.0,25.8965,20.126
5752.64,1345.94,0.23396,49.3196,805457.94,71.7022,3267.56,58.0,39.436,1.715
16381.2,6841.5,0.41764,158.977,2281690.0,234.088,5951.46,33.0,24.7675,17.509
6952.53,2164.14,0.31127,72.2228,953654.56,141.286,3428.27,38.0,38.1709,17.416
8805.13,3503.75,0.39792,77.3232,1176342.4,131.101,3794.27,50.0,35.4248,10.092
5326.8,1383.35,0.25969,47.2084,739905.5,65.5999,2894.82,14.0,42.3717,2.637
9365.51,2807.42,0.29976,99.7658,1274694.2,119.238,3795.39,36.0,35.2975,3.901
14694.5,3439.79,0.23408,206.469,2041214.9,250.162,4955.17,116.0,26.5739,1.991
7554.36,1890.66,0.25027,90.3837,1066734.1,110.704,3431.92,45.0,36.3055,3.1
8404.52,2089.37,0.2486,98.2422,1177717.2,123.405,3673.98,23.0,35.3447,2.565
21555.2,6434.17,0.29849,189.079,3020701.0,277.636,5421.39,54.0,24.9132,10.159
5415.79,1983.25,0.36619,48.7206,762009.4,75.2647,2234.49,29.0,42.6164,3.128
15089.1,3573.36,0.23681,174.842,2102560.5,207.389,4149.46,135.0,31.6198,1.237
5273.35,1307.6,0.24796,47.1573,688245.2,66.776,2102.57,16.0,43.4453,8.661
12933.2,5245.13,0.40555,120.007,1801029.2,205.815,5511.88,154.0,23.2617,19.097
16580.1,5321.65,0.32096,213.879,2303152.2,285.813,5934.4,232.0,20.4273,15.264
11637.5,2835.49,0.24365,125.787,1602877.6,157.342,3945.57,20.0,34.3885,3.835
5450.75,1133.29,0.20791,50.1686,781959.25,71.336,2887.69,57.0,40.2769,1.697
9592.19,3022.56,0.3151,85.9747,1345072.4,132.284,3718.46,22.0,36.5404,15.641
15728.7,5732.24,0.36444,155.164,2219746.0,214.32,6903.96,50.0,23.9325,20.042
10097.6,2724.61,0.26982,73.2657,1370524.6,133.27,5303.01,84.0,34.3883,17.218
10744.8,2808.64,0.26139,144.447,1444937.4,172.234,4478.86,68.0,30.7628,4.706
18892.1,6677.45,0.35345,175.47,2690825.8,300.676,5701.76,214.0,26.2473,14.622
10668.5,3364.02,0.31532,115.596,1551348.8,150.222,3844.01,61.0,34.9381,3.247
5431.19,1254.17,0.23091,72.1605,728073.25,108.358,3178.45,51.0,39.2881,8.722
9798.09,2537.48,0.25897,104.428,1367564.4,143.68,4108.16,166.0,33.0087,1.669
6548.03,1502.77,0.22949,60.0322,889149.2,88.3667,3263.54,51.0,38.8882,5.238
5607.34,2011.85,0.35878,51.0758,785931.25,80.4749,2451.79,19.0,42.7946,1.922
15362.7,4807.1,0.3129,210.422,2121656.2,278.916,5082.11,171.0,25.1494,3.745
5858.64,1960.36,0.33461,71.3453,817597.75,88.7729,3039.89,37.0,40.3523,1.821
7545.08,2048.66,0.27152,57.9392,1074639.0,74.2233,2992.46,51.0,40.5835,13.47
5316.32,1667.03,0.31356,54.4837,732159.0,74.1227,3014.04,18.0,40.1792,8.09
7445.15,2204.49,0.29609,74.321,990304.1,98.7647,3357.35,84.0,37.632,3.335
18073.4,5467.95,0.30254,207.207,2498678.2,287.981,5963.52,231.0,20.3687,8.712
8999.01,2490.06,0.2767,88.5083,1255319.0,115.823,4092.33,47.0,34.9178,1.754
23363.0,5994.67,0.25658,321.284,3206862.8,410.5,6236.46,134.0,19.7219,1.032
9600.6,3138.43,0.32689,63.1293,1203419.1,147.041,3909.19,43.0,39.3699,11.7
10037.4,3426.55,0.34137,81.9266,1445414.4,131.296,3285.95,28.0,34.6283,13.865
11501.3,2706.85,0.23535,102.345,1688295.9,138.94,4793.21,93.0,30.1019,15.511
8388.31,2945.07,0.35109,101.113,1140638.1,167.406,3849.64,106.0,29.3091,17.55
5511.08,1553.02,0.28179,47.6453,780608.06,64.9516,2375.44,12.0,40.7649,4.756
11887.8,3345.8,0.28144,135.928,1671310.2,192.164,4598.73,64.0,30.204,3.45
8928.07,3449.25,0.38633,112.733,1176381.8,148.064,3830.54,105.0,35.497,16.663
6042.2,1790.03,0.29625,58.2442,828238.0,81.5036,2559.67,36.0,40.3423,14.587
8632.38,2502.93,0.28994,82.3647,1201196.8,104.746,3790.93,56.0,34.2149,3.298
14585.9,4875.04,0.33422,136.737,2051786.0,197.501,5030.15,70.0,46.5464,2.99
7247.21,2423.23,0.33436,75.6787,999571.06,96.5455,3743.61,29.0,36.0409,2.5
3994.61,1191.92,0.29838,33.3862,545269.7,48.641,1388.51,32.0,44.5417,11.292
10121.5,3261.51,0.32223,94.7792,1446116.4,139.082,4129.78,106.0,31.7817,4.071
14299.9,5184.48,0.36255,200.109,1967045.5,241.345,4690.79,25.0,28.5377,2.554
9865.62,2243.13,0.22736,107.782,1371441.8,130.305,4189.9,62.0,34.1177,1.844
8566.62,2437.87,0.28457,84.2026,1208109.0,127.427,3492.79,18.0,36.4297,2.942
7465.76,2352.87,0.31515,69.3976,1053257.2,108.254,2819.51,46.0,39.0825,18.49
12918.8,4536.95,0.35118,132.8,1837684.5,166.967,4993.86,160.0,28.0335,19.108
8107.84,2158.96,0.26628,89.6619,1111953.4,110.386,3106.1,22.0,38.6927,2.716
8098.5,2298.66,0.28383,98.3864,1143959.5,108.538,3532.78,92.0,36.8797,1.821
18924.0,6662.68,0.35207,155.027,2709393.0,304.704,8924.5,84.0,27.8747,5.515
7436.33,2761.17,0.3713,80.0461,1022140.3,97.3745,3854.93,31.0,35.624,2.085
10463.8,4143.27,0.39596,91.07,1468963.0,151.539,3803.62,7.0,36.005,8.644
8216.61,2570.05,0.31278,80.9034,1121647.9,109.197,4299.51,32.0,36.5885,16.727
11428.6,3045.08,0.26644,163.532,1607863.0,169.333,4499.44,86.0,30.6219,3.947
9556.5,2313.44,0.24208,100.198,1337603.8,133.671,3543.97,113.0,36.1842,2.749
7472.88,2587.61,0.34626,56.9322,1070703.5,94.8205,3342.95,25.0,39.0792,15.259
18626.8,4751.66,0.25509,184.31,2634426.5,223.321,5730.87,227.0,26.1034,6.26
4433.64,778.1,0.17549,38.9226,584357.1,56.9555,2590.55,9.0,43.3365,4.301
7361.68,1353.85,0.1839,76.2262,1019790.6,85.4985,3038.15,21.0,36.5315,16.961
9411.18,3061.21,0.32527,88.6158,1331464.4,148.163,4067.27,74.0,34.5451,9.836
6066.72,1488.64,0.24537,69.4933,841556.06,77.5638,2830.7,78.0,39.5132,8.777
7333.97,1831.98,0.24979,71.172,1072395.1,91.6138,3042.74,17.0,37.9437,1.908
12595.3,3814.2,0.30282,158.679,1777113.8,233.715,4307.21,80.0,30.465,1.697
8270.23,2668.12,0.32261,75.3373,1163097.6,111.294,3355.51,14.0,36.4827,18.94
6517.99,1571.64,0.24112,61.7279,897920.5,89.1967,3262.07,53.0,37.9576,8.136
8559.84,2319.25,0.27094,90.4746,1211814.2,135.451,4029.2,161.0,33.1717,1.242
5995.99,1362.88,0.22729,68.3863,844950.4,75.0265,3056.79,18.0,39.1026,1.439
8229.17,2915.14,0.35424,76.8903,1142952.9,106.576,3243.37,30.0,37.8916,15.658
9187.39,2954.15,0.32154,76.6083,1291395.6,124.364,3949.18,71.0,35.4734,6.522
7507.13,2450.82,0.32646,84.7236,1041985.25,94.9752,3407.67,51.0,37.4627,3.179
14922.1,3778.15,0.25319,208.994,2077291.9,244.825,5039.23,126.0,26.8444,2.341
9538.67,4232.44,0.44371,73.2361,1292419.1,155.197,3226.83,33.0,36.4724,17.199
8504.32,2295.88,0.26996,76.4641,1193072.5,110.249,3306.99,20.0,36.8624,15.587
6032.67,1902.11,0.3153,55.6193,835937.44,90.5902,2732.15,39.0,40.2197,1.427
15102.3,3933.26,0.26044,187.246,2134417.0,215.498,5695.16,68.0,23.015,1.245
15508.4,4544.22,0.29301,206.457,2071950.4,234.256,5873.93,261.0,21.8635,2.467
15120.0,3858.55,0.25519,186.656,2132536.2,214.143,5697.86,68.0,22.9675,1.294
7315.54,1886.87,0.25792,81.7983,1035470.5,93.9903,3817.33,37.0,36.0652,2.454
5201.61,1153.24,0.2217,45.8843,730708.56,63.1043,2695.5,13.0,41.8867,3.591
6695.7,1773.43,0.26486,74.2784,889244.2,99.8888,3447.43,76.0,37.7282,2.685
10028.7,3669.66,0.36591,88.24,1384334.0,139.523,3675.53,100.0,35.3996,18.947
5391.67,1663.16,0.30846,46.7482,747539.1,79.0195,3135.04,56.0,41.7726,12.062
11234.2,2920.25,0.25994,126.496,1547959.2,167.877,4495.81,97.0,31.1431,1.98
13379.9,4544.44,0.33964,162.945,1856253.8,208.42,4982.31,129.0,27.9699,3.692
13483.2,4056.35,0.30084,168.671,1903281.4,212.135,5053.44,197.0,27.6673,2.749
9488.26,3135.55,0.33046,86.4974,1318811.4,131.069,3895.42,88.0,35.8127,14.175
4608.94,1449.86,0.31457,48.8673,657006.7,61.2546,2154.14,29.0,43.0329,6.242
16787.6,7822.98,0.46599,207.956,2210670.5,275.712,6206.26,122.0,21.9456,9.764
11339.0,4252.49,0.37503,99.7549,1595820.1,147.869,4068.41,52.0,35.2606,18.417
7326.45,2482.54,0.33884,60.616,1015947.4,93.5577,3394.77,28.0,37.9674,3.824
9680.5,2779.16,0.28708,107.569,1330392.4,157.286,4184.14,72.0,28.8258,0.889
10828.8,3789.82,0.34997,99.0582,1498039.9,152.435,4269.8,32.0,34.7976,9.394
7833.97,1989.6,0.25397,71.3071,1040801.9,94.2356,3853.09,85.0,37.3888,11.433
9965.16,2988.28,0.29987,100.845,1362244.1,151.349,4088.02,118.0,32.8819,1.933
18377.8,6018.31,0.32747,151.359,2460849.0,322.033,4809.84,190.0,27.271,8.208
9564.06,3377.39,0.35313,114.49,1329040.2,171.891,4251.78,66.0,33.3476,4.758
11341.0,3916.41,0.34533,93.345,1597960.0,141.384,5104.68,100.0,29.9351,15.528
4454.58,1681.59,0.37749,34.856,629000.9,60.2117,1359.61,40.0,42.7187,19.926
8567.33,2369.6,0.27658,94.4059,1212594.1,110.835,3553.23,98.0,36.8277,2.025
12890.6,3891.19,0.30186,159.287,1798420.0,229.99,4421.2,73.0,29.9132,1.713
21319.9,5889.52,0.27624,301.628,2891767.2,316.746,6584.23,292.0,18.6795,1.331
8661.49,2608.55,0.30116,124.107,1256229.8,200.106,4415.24,84.0,32.1354,16.75
4726.33,1669.75,0.35328,35.4724,652176.06,75.1914,1459.67,7.0,43.9705,4.754
11425.8,2081.87,0.1822,145.921,1603078.5,168.878,4635.99,143.0,29.6931,1.58
9121.42,2586.21,0.28353,88.7634,1282335.6,116.055,4513.17,52.0,33.8626,1.425
8581.36,2176.65,0.25364,82.3263,1227129.4,109.752,4133.37,100.0,34.5847,1.405
11260.6,2336.14,0.20746,149.349,1594109.1,168.168,4592.18,50.0,30.0772,0.945
13677.4,4463.05,0.3263,123.725,1956065.0,174.695,5547.99,142.0,28.9607,17.314
19202.4,5050.83,0.26303,231.721,2696616.8,281.57,5730.96,94.0,22.7833,1.549
6758.44,1888.49,0.27942,62.3815,930273.1,88.1857,2820.92,4.0,40.2399,5.259
8156.63,1512.75,0.18546,63.6179,1148491.9,160.977,3564.45,116.0,36.547,14.361
12467.2,3690.46,0.29601,108.294,1759280.4,145.012,4379.35,145.0,30.9583,19.581
7758.51,1883.86,0.24281,67.0067,1067512.5,106.426,3794.07,24.0,36.5362,2.216
15390.8,4493.48,0.29195,204.324,2132166.5,271.551,5071.35,180.0,25.28,3.532
8150.25,3507.46,0.43034,85.0453,1130718.8,128.449,3529.73,58.0,36.5473,14.825
7968.91,2123.78,0.2665,79.5093,1051087.4,111.215,3327.93,30.0,37.9573,13.045
7777.47,1991.45,0.25605,64.7443,1071775.5,108.117,3629.43,24.0,37.2032,1.635
7948.26,1844.76,0.23209,77.3968,1073278.5,105.903,2952.22,66.0,39.7481,12.711
11064.4,2624.82,0.23723,126.972,1577003.4,185.98,4752.28,164.0,46.5464,0.0
8942.22,1867.24,0.20881,89.4745,1260817.2,101.757,4769.86,20.0,32.7804,2.252
9047.04,2317.46,0.25615,99.6796,1290584.2,121.238,3819.52,54.0,35.3496,3.069
11799.4,3661.95,0.31035,126.299,1618749.4,164.199,4989.96,82.0,28.6292,4.181
8162.03,2920.95,0.35787,65.9499,1147789.4,108.361,4603.08,61.0,35.9723,4.359
8400.04,2582.12,0.30739,83.8115,1114144.8,120.699,3554.04,22.0,35.8104,13.4
8468.27,2249.94,0.26569,88.52,1197772.2,124.842,3950.72,161.0,33.5075,1.273
18082.2,7369.11,0.40753,201.981,2541419.0,290.354,5267.28,140.0,25.2842,6.123
9563.17,2549.67,0.26661,82.3961,1364453.5,126.24,3141.95,7.0,36.4302,15.535
7669.93,1954.12,0.25477,81.9035,1074792.4,130.047,3094.82,6.0,37.6864,0.666
7721.92,1996.15,0.2585,78.9432,1088124.2,104.427,4236.38,55.0,34.4776,2.697
15197.1,4698.87,0.30919,170.926,2162511.0,227.983,4826.66,42.0,28.3141,2.742
9782.13,3242.75,0.33149,97.6385,1344985.1,127.819,3373.71,59.0,36.4874,15.104
12287.7,3027.1,0.24635,153.515,1718914.0,187.142,4145.63,64.0,31.9816,2.014
14429.5,5586.66,0.38716,193.505,1950696.0,285.405,5677.02,213.0,23.4235,18.518
5625.35,1656.99,0.29455,46.1919,818021.2,63.5406,2512.43,11.0,40.9694,2.581
10631.4,3211.64,0.30209,107.671,1528939.9,165.301,3839.45,11.0,34.2406,5.9
9449.44,2484.07,0.26288,111.763,1296322.5,155.525,4145.43,78.0,32.6175,0.753
14877.8,5630.43,0.37844,185.242,1933862.6,272.983,5262.54,65.0,25.8541,6.954
14950.3,5564.37,0.37219,96.8911,2033523.6,211.784,5075.08,146.0,27.5508,7.131
7733.38,2019.07,0.26108,80.4819,1104298.9,113.108,3959.13,98.0,35.3736,2.684
23320.4,7967.19,0.34164,265.084,3125131.0,379.596,6506.12,305.0,21.0851,3.093
11307.3,3135.19,0.27727,132.025,1612960.5,167.357,4450.1,76.0,31.4691,2.833
7391.05,3039.65,0.41126,83.2606,1016081.0,115.925,3625.08,33.0,37.337,13.557
11216.6,2846.65,0.25378,133.726,1545195.1,162.82,4460.46,89.0,31.491,1.994
9272.98,2976.64,0.321,100.81,1346713.0,147.933,4262.14,122.0,33.8177,9.944
12342.3,3076.05,0.24922,157.377,1707818.9,194.282,4160.6,60.0,28.8021,1.924
9258.6,4118.2,0.44479,86.8304,1322064.4,141.572,3828.53,54.0,33.9944,15.245
5376.71,1685.68,0.31351,59.939,733240.75,98.8255,2974.13,61.0,38.4498,15.057
9193.89,2955.41,0.32145,77.8429,1258217.2,121.799,3477.93,115.0,36.3645,5.901
7182.12,2432.83,0.33873,69.1573,962726.6,96.968,3137.93,28.0,38.3234,3.175
9382.08,2840.76,0.30278,81.1694,1339550.1,136.298,4089.5,78.0,26.4889,4.808
11782.0,3219.6,0.27326,129.029,1660465.6,179.501,4227.66,45.0,32.5197,1.37
9120.13,3244.46,0.35574,98.5181,1219794.9,144.112,4310.34,102.0,33.0834,2.935
6640.59,2570.52,0.38709,65.4968,910182.8,91.495,3491.81,43.0,39.5583,10.39
10353.4,2896.31,0.27974,127.869,1465737.2,156.673,4512.24,51.0,29.1595,2.798
17311.6,6292.14,0.36346,243.598,2359783.2,261.603,5465.49,136.0,23.502,3.301
7513.51,2003.24,0.26661,64.8035,1091679.6,92.8552,2944.45,46.0,39.2124,15.732
9975.79,3801.6,0.38108,97.3584,1431306.1,158.012,3997.8,90.0,34.1565,15.369
4354.56,886.85,0.20366,40.5904,577998.2,60.09,2565.37,11.0,41.1368,2.187
8768.29,2755.44,0.31425,75.6089,1159764.6,129.123,3180.78,60.0,38.4384,15.341
11862.1,2446.99,0.20628,136.333,1616206.5,200.21,4901.94,141.0,30.1051,0.745
14960.3,4910.43,0.32823,164.255,2119397.5,235.888,4929.92,76.0,29.4921,8.784
12208.5,2560.9,0.20976,153.545,1710473.5,184.176,4688.55,143.0,29.4758,2.013
6714.2,1836.84,0.27357,52.2254,939971.5,79.0555,3410.73,58.0,38.4103,2.248
8840.55,2928.28,0.33123,53.408,1236471.4,126.003,4562.72,16.0,33.6024,18.895
11614.2,4725.37,0.40686,165.997,1585235.5,237.763,4517.11,220.0,30.9137,18.48
8235.41,1572.02,0.19088,76.37,1157427.8,100.827,3809.89,11.0,34.035,2.483
15303.5,3951.65,0.25821,229.085,2082237.4,266.932,4741.27,288.0,27.798,4.415
11739.8,3620.5,0.30839,147.362,1666698.8,210.183,4491.41,152.0,34.7884,17.583
7413.57,2134.79,0.28795,64.3728,989696.8,102.827,3183.42,51.0,39.4942,14.906
8284.44,3349.14,0.40426,75.6861,1147913.1,143.408,3888.29,80.0,35.6679,16.101
5093.26,1502.56,0.295,44.8954,663754.9,70.448,2022.61,35.0,43.1914,13.41
16447.3,6060.13,0.36845,169.834,2314555.8,279.647,4662.56,134.0,28.2439,7.632
10027.0,2823.12,0.28155,99.39,1367827.4,167.61,4263.39,79.0,33.1213,0.786
15792.0,4674.51,0.296,162.066,2173475.8,255.183,5461.32,122.0,25.0354,5.122
9553.88,2606.49,0.27282,109.724,1359473.9,156.964,3894.8,42.0,33.2465,2.193
22638.1,5492.36,0.24261,337.405,3115601.8,400.968,6217.11,155.0,19.8168,1.112
6282.91,1635.39,0.26029,57.63,905990.6,84.4892,2369.0,26.0,40.9094,10.111
8830.61,2068.29,0.23421,98.4156,1253655.6,130.758,3829.93,45.0,33.4223,5.214
7551.08,2511.62,0.33261,64.0272,1048708.0,93.9733,3670.92,14.0,40.5112,16.124
10046.3,2771.42,0.27586,121.709,1381889.0,142.914,4179.21,129.0,32.8269,2.135
22036.8,5438.93,0.24681,336.478,3021069.8,399.019,6227.01,163.0,19.8452,0.952
6241.09,1503.81,0.24095,55.8657,819986.9,73.6941,3256.94,33.0,39.5236,5.039
7829.4,1490.76,0.1904,79.342,1099387.4,103.305,3770.02,15.0,34.3319,1.737
15166.8,4671.61,0.30801,172.641,2137269.5,223.224,5186.25,81.0,26.7669,17.033
6482.62,2098.35,0.32368,61.5782,862383.25,109.339,2732.11,51.0,37.8155,17.361
5389.59,779.16,0.14456,51.8515,741386.0,59.1235,2950.92,20.0,39.7659,3.667
7411.22,3011.74,0.40637,62.8403,1012716.06,124.465,3524.37,62.0,38.0549,4.355
7873.61,1868.55,0.23731,68.7361,1086534.2,102.571,3883.07,25.0,35.9598,2.087
4575.06,915.21,0.20004,44.5545,614769.6,58.4717,2620.96,11.0,43.1924,3.987
10395.0,2585.89,0.24876,126.415,1439150.9,157.86,4636.1,73.0,30.0027,1.68
12186.5,2327.04,0.19095,156.933,1644782.1,214.579,4585.35,106.0,29.8006,2.415
10720.3,2942.93,0.27451,111.614,1509217.9,158.231,4315.8,56.0,33.3465,3.711
7507.78,2683.08,0.35737,84.8918,1016407.94,112.094,3612.52,27.0,36.5072,13.514
6192.08,1821.73,0.2942,62.4966,822339.25,78.621,3121.6,55.0,38.2667,14.528
7217.7,2210.34,0.30623,66.1684,995694.56,99.9755,3135.23,45.0,39.1464,13.609
6692.36,2163.72,0.32331,61.5547,917155.5,84.5796,3292.75,42.0,38.0602,8.968
6015.09,1583.37,0.26323,65.2159,854046.5,90.1313,3083.85,14.0,38.824,11.506
6832.48,2207.89,0.32314,65.4695,917716.9,92.0223,3550.65,76.0,36.4491,9.283
6887.39,2250.87,0.32681,62.6964,974748.9,104.501,3491.55,42.0,37.8358,13.91
11149.0,4234.13,0.37977,97.1709,1589833.0,151.921,4224.18,33.0,33.5619,16.411
5322.61,1537.27,0.28881,55.5978,694495.56,76.4775,3213.96,28.0,46.5464,17.693
9365.32,3472.83,0.37081,127.581,1236226.4,191.842,4332.99,174.0,31.4634,2.175
14181.2,5550.19,0.39137,191.551,1880775.9,263.082,5156.73,68.0,26.1821,6.936
14321.3,6118.53,0.42723,100.041,1993266.9,219.301,9775.23,61.0,36.534,12.793
8666.76,2230.57,0.25737,115.343,1186963.2,133.862,4169.98,61.0,34.0885,1.75
7332.18,2408.09,0.32842,65.5759,990369.44,98.94,3128.92,17.0,40.0643,1.713
9105.16,3504.16,0.38485,84.6091,1221363.2,147.539,3620.86,126.0,34.2272,17.15
7814.84,2118.45,0.27108,62.9271,1075437.5,114.666,3634.11,25.0,32.8241,1.177
5437.65,1360.54,0.2502,53.814,716901.44,82.5136,3544.87,35.0,41.4553,1.941
8840.51,2185.94,0.24726,71.9749,1181975.2,112.127,3638.82,74.0,35.0878,13.396
5782.86,1784.39,0.30856,40.8771,806549.3,75.5094,2911.95,41.0,41.4666,15.715
8663.15,2125.84,0.24538,71.4654,1221715.5,96.4591,3081.28,38.0,38.4885,16.843
11005.6,3747.74,0.34053,99.5956,1541008.0,142.127,4770.49,114.0,30.4456,16.662
12974.3,3005.39,0.23164,126.284,1770148.6,160.1,4093.4,219.0,31.8718,3.164
16325.7,6528.28,0.39987,198.469,2268874.0,269.417,6239.18,197.0,21.5061,20.0
10133.3,2842.07,0.28046,108.827,1433822.4,156.172,4043.87,43.0,32.6739,1.836
11018.4,4434.13,0.40242,115.914,1580802.8,164.993,4277.55,98.0,32.9517,18.314
8000.92,2322.39,0.29026,80.2943,1100856.6,104.529,3470.53,99.0,38.6146,2.371
11268.6,3545.74,0.31465,164.697,1567966.9,172.419,5007.5,53.0,29.1346,11.239
6466.55,1585.62,0.2452,48.8028,914694.94,74.7527,3261.37,56.0,39.2933,1.674
6131.0,1846.4,0.30115,58.2253,831104.25,86.3477,3207.95,42.0,38.7888,8.871
7438.43,2005.69,0.26963,58.4596,1057366.4,93.0305,2648.77,11.0,39.3718,14.506
11980.0,3133.5,0.26156,156.532,1699629.2,198.62,4611.9,105.0,29.8018,2.466
7700.68,2293.53,0.29783,81.9618,1073757.9,119.611,3867.26,48.0,35.3241,2.657
7694.16,3203.88,0.4164,69.6619,1101911.5,117.612,2863.13,70.0,39.2492,14.219
6099.76,2055.8,0.33702,71.4225,846560.25,86.1727,3083.73,35.0,40.104,1.648
23939.5,9035.47,0.37742,244.022,3213174.0,330.175,6827.57,117.0,24.6973,4.82
5888.66,1286.65,0.21849,56.9445,774561.7,71.4025,2945.17,29.0,40.9305,18.284
9519.99,2968.34,0.3118,87.6767,1334509.4,125.438,4614.19,44.0,33.8626,1.425
6903.77,2761.25,0.39996,64.2579,981496.8,96.7155,2375.81,75.0,40.4003,6.408
6087.27,2044.5,0.33586,76.7808,837516.9,91.1165,3541.99,28.0,39.1091,13.654
6515.06,2570.99,0.39462,51.7313,904040.8,97.4302,3053.3,82.0,38.9974,13.187
17886.4,5484.52,0.30663,202.126,2483224.2,317.626,5776.73,232.0,21.1706,8.669
9743.96,3093.82,0.31751,93.456,1382779.6,137.062,4068.44,106.0,33.4861,4.886
10086.8,4232.16,0.41957,86.4611,1387757.5,166.863,3757.46,88.0,34.7422,4.502
10134.3,2322.02,0.22912,99.5608,1412430.6,125.597,3966.15,47.0,34.0703,19.413
4225.87,1733.86,0.41029,35.9377,589556.25,62.038,1878.57,16.0,44.0645,8.621
7423.98,2489.96,0.33539,74.4989,1006602.8,105.881,3546.94,16.0,37.0327,12.889
9143.95,2647.95,0.28958,75.5201,1249936.0,115.236,3673.41,32.0,33.9019,18.782
7124.17,1914.7,0.26876,66.6195,901844.44,99.6297,3120.14,29.0,37.2343,3.73
15531.8,4796.0,0.30878,186.246,2063086.8,218.596,4274.92,103.0,30.7738,2.486
7306.36,2132.05,0.2918,78.5921,986816.8,143.977,3517.57,29.0,37.52,14.708
9511.39,2207.59,0.23209,106.615,1344540.6,151.143,3871.38,11.0,34.1143,0.76
8985.48,2434.35,0.27092,99.9067,1233509.1,118.925,3944.76,20.0,33.7012,2.244
12063.0,3302.82,0.27379,154.433,1687605.9,206.917,4775.98,67.0,26.6784,3.08
14433.8,5089.38,0.3526,102.371,1987451.4,232.18,5097.45,102.0,28.8974,19.832
12029.7,3820.98,0.31762,132.674,1690268.2,159.122,4803.63,135.0,28.5892,15.265
5306.48,1365.71,0.25736,63.733,713522.8,76.5096,2768.14,24.0,40.4682,10.903
5925.69,1760.06,0.29702,56.1626,837425.9,75.461,2519.3,63.0,41.4588,4.441
8459.39,2590.03,0.30617,79.1992,1179294.6,108.971,4183.86,62.0,37.0727,14.139
6628.37,2253.63,0.33999,67.178,881100.2,101.263,3314.71,70.0,39.0272,11.521
5926.61,2034.32,0.34325,55.2346,809213.0,82.8909,3197.92,13.0,39.4498,7.655
4438.76,1721.66,0.38786,40.9235,590788.5,73.3307,1493.68,28.0,43.9893,12.403
9938.54,3431.63,0.34528,113.85,1442611.0,181.601,4049.45,66.0,33.6351,19.982
3743.69,614.81,0.16422,33.781,524626.4,41.9093,1629.74,8.0,45.1904,3.646
5011.53,1033.12,0.20614,53.1901,656832.25,73.2348,3313.67,14.0,40.9718,1.83
4606.92,966.57,0.2098,42.0964,645633.44,59.5171,2609.81,17.0,42.4759,3.707
14407.3,4528.99,0.31435,190.207,1989798.1,261.224,5094.64,96.0,25.4471,7.441
6541.54,1966.06,0.30055,56.3594,951530.25,82.6381,2569.05,57.0,41.527,1.909
10223.5,2839.23,0.27771,104.371,1445513.2,153.767,3997.64,34.0,33.5281,1.72
15693.8,4786.5,0.30499,195.474,2142908.2,266.439,5247.21,93.0,25.8991,6.789
5147.09,1375.92,0.26731,44.6032,713921.5,59.8946,1895.46,17.0,43.6333,3.287
11139.1,2995.9,0.26895,148.071,1579023.9,155.89,4081.81,126.0,32.3952,2.906
8475.03,2935.49,0.34636,97.525,1175383.0,138.585,4147.76,114.0,35.6352,3.219
6172.66,1663.31,0.26946,53.6807,863907.1,75.0279,3340.22,61.0,38.7778,2.308
16681.6,7048.94,0.42255,131.173,2203216.2,269.738,4841.12,93.0,29.8745,18.174
19279.7,4513.88,0.23412,199.842,2750307.0,269.191,20099.61,271.0,21.2007,5.951
7268.22,2372.96,0.32648,67.2726,969044.3,104.488,3971.25,66.0,34.4656,6.149
11012.3,2779.24,0.25237,136.467,1527825.0,167.609,4721.57,172.0,28.8137,0.694
6315.74,1764.87,0.27943,49.1422,872427.3,85.5731,2973.61,15.0,40.1111,9.971
12655.3,2991.11,0.23635,151.118,1750533.6,195.104,4262.58,67.0,28.4172,2.007
16006.3,6303.51,0.39381,189.826,2183636.2,282.426,5265.72,225.0,26.4646,6.05
6386.8,2052.63,0.32138,48.8064,895669.44,79.0884,2564.58,18.0,40.9271,13.49
10770.2,3411.04,0.31671,123.642,1450884.2,169.246,4041.96,47.0,33.7723,1.505
6011.08,1840.55,0.30619,56.299,802013.25,91.8094,2696.42,34.0,41.034,4.449
19293.4,6807.61,0.35284,173.807,2697758.2,312.899,6387.84,157.0,21.0122,2.18
14224.5,4132.42,0.29051,165.826,1961603.6,238.323,4883.07,111.0,28.4474,4.218
5989.45,1378.55,0.23016,65.7851,757645.06,83.5841,3031.11,16.0,39.6256,4.306
8037.38,2193.5,0.27291,92.5127,1104520.2,128.366,4025.32,119.0,34.1511,3.859
6971.03,1928.88,0.27669,52.3603,975858.2,84.2885,3453.1,58.0,38.4074,2.28
8052.0,2707.62,0.33626,59.0413,1099148.2,123.112,3286.69,38.0,37.3109,13.272
14733.2,3504.9,0.23789,198.998,2099465.0,264.136,4989.23,220.0,26.3311,15.083
23633.6,7753.51,0.32807,183.568,3342185.5,350.065,11910.3,215.0,23.9799,8.401
6262.01,1615.77,0.25802,52.0018,875303.06,81.0964,2742.99,55.0,40.763,15.953
9778.36,2422.85,0.24777,100.688,1397274.2,146.013,3897.59,41.0,33.0068,2.293
4226.98,1301.79,0.30797,31.6245,600713.75,51.5964,1157.0,40.0,44.7931,19.563
6294.75,1674.35,0.26599,65.5838,890232.3,67.2769,3318.92,20.0,33.9886,16.682
10022.4,2312.17,0.2307,84.2196,1413005.2,122.747,4690.61,42.0,33.141,2.611
2803.02,788.51,0.2813,23.0985,404619.16,41.9682,1570.69,43.0,47.102,6.608
13246.9,3606.27,0.27223,112.307,1907013.6,158.344,4732.0,84.0,26.6424,15.3
16046.0,4001.56,0.24938,209.163,2213900.5,252.702,5141.38,152.0,25.1045,2.448
9229.23,3462.93,0.37521,84.4282,1322787.9,132.918,4319.34,23.0,35.3375,3.748
11947.9,3231.37,0.27045,107.338,1651787.2,177.682,4583.34,123.0,30.1646,2.925
10173.8,2379.21,0.23385,122.086,1412340.5,167.615,4629.9,72.0,30.0223,1.675
7938.97,2932.05,0.36932,88.1561,1089748.0,123.829,3549.81,37.0,38.603,13.796
6705.95,2263.42,0.33752,58.5692,961192.94,85.7825,2316.97,65.0,40.7548,12.716
15754.3,5707.19,0.36226,161.95,2282316.0,258.292,4682.3,74.0,28.868,4.555
9696.34,3205.34,0.33057,111.448,1308497.0,133.124,4290.88,45.0,33.6234,14.824
8011.91,1643.75,0.20516,77.454,1141770.6,91.069,3595.05,72.0,36.049,3.275
7406.42,2148.12,0.29003,67.2913,1020437.8,94.5456,3100.34,60.0,39.6071,2.124
3894.71,995.28,0.25554,34.735,551112.44,48.9063,1776.19,12.0,44.5309,11.36
5878.82,1897.23,0.32272,46.5687,814615.56,81.1184,3038.13,19.0,40.4154,3.949
8473.31,2468.53,0.29133,94.3906,1164434.1,145.26,3258.67,13.0,36.6231,1.493
6078.17,1619.52,0.26644,50.1178,764164.3,87.2886,2614.7,26.0,42.3502,4.816
17343.2,5083.47,0.29311,192.167,2410398.5,208.292,5893.0,140.0,25.238,20.262
8161.87,2387.46,0.29251,93.9039,1117875.5,95.7063,3340.76,34.0,39.0782,11.798
14614.6,5228.09,0.35773,133.295,2053717.0,198.959,4359.85,120.0,30.9519,20.658
12312.3,4890.8,0.39722,123.937,1769010.4,178.994,4671.88,173.0,31.0346,20.319
5722.53,1468.53,0.25662,52.9061,781948.3,80.7613,2446.88,82.0,41.2854,11.719
7238.8,2715.94,0.37519,80.5399,990955.7,103.596,3296.35,58.0,38.2233,2.134
7638.01,1736.29,0.22732,88.7233,1061829.1,103.598,3843.03,19.0,36.3217,1.741
20008.7,5448.58,0.27231,295.974,2716197.0,316.591,6542.99,278.0,18.683,2.122
5831.68,2049.52,0.35144,72.2644,813512.8,86.2099,3002.65,31.0,40.4064,3.613
6933.05,1676.71,0.24184,75.0677,932890.56,88.2821,3491.31,79.0,37.915,2.301
18774.2,4812.67,0.25634,208.121,2690116.0,268.995,5762.58,289.0,21.1722,9.195
9513.04,2781.48,0.29238,90.8062,1340652.1,136.909,3866.67,1.0,35.1259,2.713
4593.2,1285.22,0.2798,43.9625,628489.9,73.7441,2455.32,49.0,43.3026,8.447
13651.3,4560.19,0.33404,140.382,1903089.6,196.48,4861.21,144.0,27.5856,2.135
11941.1,3933.85,0.32943,108.584,1636010.0,160.518,4622.33,117.0,32.9328,19.643
5716.29,1453.34,0.25424,59.4401,802071.56,80.3096,3064.87,15.0,39.271,1.82
14708.3,4189.98,0.28487,179.331,1963858.9,240.041,5098.2,199.0,26.6247,2.307
7965.65,2346.95,0.29463,98.2849,1077880.9,109.598,3700.13,35.0,35.4119,3.282
7978.57,2698.2,0.33818,86.8422,1143322.0,121.56,3740.39,103.0,35.3953,16.238
10407.0,2554.78,0.24548,98.1753,1438440.4,126.099,4555.51,57.0,31.8817,8.781
16837.9,6516.16,0.38699,197.127,2247334.8,283.806,5426.2,189.0,24.0397,19.101
8472.83,2417.59,0.28533,75.5556,1140808.4,117.274,4008.22,83.0,36.8564,4.394
13670.9,4284.35,0.31339,159.149,1887485.5,208.872,5272.97,205.0,26.9236,1.603
5893.65,2100.21,0.35635,38.4907,799992.8,89.59,1750.25,7.0,42.3766,11.117
21787.0,7782.52,0.3572,150.69,3095325.5,348.76,19086.17,126.0,27.5497,14.171
7590.65,2370.23,0.31225,79.7482,1037124.7,112.664,3325.12,41.0,38.466,18.497
16691.6,4493.94,0.26923,235.077,2387663.8,272.494,5576.93,116.0,21.9656,4.425
13462.5,3781.02,0.28085,149.774,1829682.5,199.32,4615.35,30.0,29.7787,2.163
6517.08,2404.89,0.36901,83.466,899781.5,141.552,3333.37,72.0,38.0561,11.533
10546.9,2933.57,0.27814,184.115,1464188.4,205.21,3901.71,123.0,32.9576,3.657
7338.46,2878.88,0.3923,63.8447,1071102.8,97.6804,3210.96,29.0,38.8758,1.103
10826.7,3169.53,0.29275,114.522,1513055.0,157.006,4239.35,53.0,33.4372,3.87
8835.46,2148.73,0.24319,93.4077,1241000.6,130.933,4081.48,165.0,46.5464,1.337
5611.24,1983.89,0.35355,50.9499,794484.6,76.4455,2424.38,26.0,39.6637,3.628
7300.83,1347.68,0.18459,62.7553,995333.1,91.4662,3406.76,37.0,37.6021,8.436
14788.1,3651.71,0.24693,172.62,2057834.9,241.312,4930.49,102.0,26.8648,5.596
12205.9,3691.25,0.30241,142.74,1738000.5,223.002,4515.1,98.0,30.2762,4.176
8382.86,2073.0,0.24729,83.4761,1182637.2,120.41,3459.07,7.0,36.661,2.271
8308.17,2997.85,0.36083,69.6013,1096413.5,125.652,4620.82,69.0,40.1598,10.902
8142.26,2620.99,0.32189,67.4024,1085109.1,114.492,3308.23,55.0,39.5968,7.508
5480.66,1120.47,0.20444,58.2924,781444.56,61.3377,3403.89,43.0,40.0624,12.37
8363.8,1704.64,0.20381,95.3796,1235468.8,273.19,3432.92,95.0,37.2379,20.294
9680.77,2267.2,0.23419,80.6782,1375121.4,119.826,4678.8,23.0,33.1696,1.741
8457.32,3311.96,0.3916,91.4671,1139536.6,110.704,3745.0,53.0,34.9728,14.522
5219.29,1051.56,0.20147,44.3779,754800.4,60.6026,2187.44,77.0,42.8304,1.11
9108.75,2757.35,0.30271,79.1645,1271459.4,119.403,4307.23,64.0,34.1419,2.665
15205.1,5239.28,0.34457,215.041,2123271.5,256.057,5323.67,290.0,24.6642,1.896
11907.3,2945.83,0.24739,157.947,1699233.2,167.829,4708.23,30.0,27.9368,2.403
7605.65,2011.43,0.26446,83.6089,1064489.5,128.152,3120.97,5.0,36.425,0.697
13958.6,4512.21,0.32325,152.602,1908538.6,215.695,5349.37,16.0,36.661,8.008
8888.98,2323.2,0.26135,95.546,1261331.9,132.222,4029.35,163.0,33.5978,1.38
9402.79,1804.98,0.19196,107.627,1335660.5,123.466,4194.61,49.0,34.08,1.034
7331.6,2352.23,0.32083,76.3654,1007487.56,101.518,3742.2,35.0,36.2137,1.962
23157.9,6886.31,0.29736,301.575,3227720.8,370.235,6304.89,91.0,17.579,3.191
10927.5,2145.67,0.19635,156.302,1538040.4,166.487,4627.62,143.0,29.8758,1.709
12801.5,4069.38,0.31788,177.039,1862753.1,250.71,4848.28,118.0,27.3756,3.775
8103.57,2183.39,0.26943,91.3654,1139185.9,97.8422,4008.14,23.0,35.4017,1.566
7805.66,2173.24,0.27841,67.6337,1035558.75,101.878,3750.92,14.0,35.0415,11.076
7375.03,2660.5,0.36074,79.9907,1040810.94,101.692,3080.06,29.0,38.5881,12.979
5493.96,983.12,0.17894,44.8869,761169.6,75.4343,2897.88,17.0,41.5829,5.576
5228.09,1826.82,0.34942,37.4512,728440.1,67.2662,2316.09,15.0,41.3026,10.499
14799.0,4494.56,0.3037,158.089,2094213.1,225.787,5792.34,74.0,25.3118,1.926
8425.97,2220.96,0.26358,88.9761,1132991.1,99.9673,3534.28,40.0,37.9021,11.832
15657.5,3802.5,0.24285,219.52,2170058.2,279.316,5264.64,229.0,26.5171,4.259
10333.0,3402.91,0.32932,125.536,1392099.0,174.15,4031.02,38.0,33.5716,1.514
4978.46,1736.61,0.34882,49.6151,696637.25,71.65,2177.75,29.0,42.978,1.477
4320.41,917.31,0.21232,38.9629,564783.5,63.1699,2586.47,10.0,43.1345,2.088
6945.58,1771.7,0.25508,62.2192,1005000.6,75.7881,3409.15,42.0,37.5137,13.624
7477.0,2236.38,0.2991,81.3507,1046491.7,114.878,3472.48,8.0,37.4617,15.513
7808.36,3377.74,0.43257,66.346,1094198.0,116.307,2412.56,72.0,40.3593,7.662
17242.7,6113.1,0.35453,212.363,2346789.8,293.825,5392.06,158.0,25.1775,15.065
4088.13,1342.13,0.32829,32.7147,560112.4,51.5476,1393.14,33.0,44.3847,11.923
15053.1,3924.78,0.26072,184.35,2126982.8,215.024,5709.94,67.0,23.0108,1.155
11194.8,3394.59,0.30322,103.214,1541075.0,142.297,3987.18,26.0,33.9585,15.102
8069.95,2868.84,0.35549,44.109,1090090.0,119.816,3869.08,60.0,37.2069,11.446
8175.01,2657.04,0.32501,94.8514,1148764.6,133.54,3542.53,23.0,36.2197,2.634
7861.47,2701.24,0.3436,64.9107,1075450.2,110.292,2963.2,62.0,39.0475,17.399
14176.1,4281.81,0.30204,211.863,1954329.4,268.542,5109.69,159.0,25.2871,3.009
8209.87,2525.44,0.30761,89.8205,1166898.6,102.575,4028.16,29.0,35.4173,2.031
8789.79,2392.46,0.27218,98.1526,1228426.0,108.37,3952.17,107.0,32.9038,4.119
7730.71,2485.84,0.32155,70.3361,1025964.25,119.743,4358.73,69.0,33.4771,11.518
15039.1,5495.93,0.36544,164.209,2146959.2,220.038,6165.5,148.0,24.883,15.749
4154.59,1267.12,0.30499,37.4385,562296.5,52.982,1391.46,32.0,44.4291,11.663
3988.84,1192.39,0.29893,33.5682,543439.0,50.3441,1362.82,32.0,44.3154,11.484
8821.6,2622.15,0.29724,63.3282,1237914.6,103.077,3037.19,51.0,37.3851,14.167
8640.03,3455.1,0.39989,72.3894,1214839.4,117.264,3883.42,32.0,35.8963,16.789
9645.9,3024.31,0.31353,84.1389,1363169.2,142.906,3883.81,3.0,34.9593,2.199
6654.21,1610.42,0.24201,58.9054,924647.4,85.5132,2773.4,25.0,40.8575,1.933
12201.2,3927.14,0.32186,151.935,1700260.6,164.216,5070.04,42.0,27.382,3.995
7694.0,2368.02,0.30777,74.745,1025025.2,100.332,3397.17,83.0,37.3933,3.312
11626.6,3086.5,0.26546,137.749,1601979.0,165.136,4446.68,91.0,31.4761,2.054
11322.9,4792.32,0.42324,93.0421,1605617.5,152.504,4471.25,60.0,35.2102,15.089
8478.73,2559.09,0.30182,81.3552,1179817.4,109.169,4166.55,61.0,34.4952,1.99
5202.61,1655.04,0.31811,46.0994,737524.0,74.7627,1969.19,10.0,42.3332,5.473
14717.2,5831.46,0.39623,156.021,2087174.0,279.536,5222.29,152.0,27.2915,15.515
13276.9,4143.84,0.3121,154.337,1864240.0,165.948,5621.62,24.0,26.5012,15.425
8906.3,2638.6,0.29626,88.5291,1243554.1,98.3313,3599.29,24.0,34.8527,17.154
7390.2,1430.31,0.19354,60.7018,1020260.56,79.8514,2995.77,19.0,38.9947,5.825
6548.04,1752.05,0.26756,68.282,931297.2,79.1964,3157.22,21.0,38.8969,2.114
5442.07,2086.85,0.38346,39.9262,733905.1,87.9954,1631.71,13.0,43.3721,11.042
9883.02,2453.15,0.24821,102.93,1398840.1,158.983,3847.58,15.0,34.0424,0.512
9848.59,2929.76,0.29748,107.935,1328977.2,158.111,4108.2,47.0,33.5398,1.785
5596.31,2196.03,0.3924,50.4394,788342.75,78.1761,2110.05,4.0,41.822,6.763
9249.43,2804.75,0.30323,102.305,1256310.4,147.505,3315.29,10.0,36.2201,2.221
8993.02,3421.63,0.38047,92.0166,1263358.8,131.934,3591.33,38.0,35.8413,4.449
12022.1,3814.91,0.31732,96.3749,1643444.1,179.285,4622.42,149.0,30.9102,3.477
11901.2,3115.58,0.26178,164.461,1655762.5,183.469,4698.34,48.0,29.4493,2.227
4765.2,1093.24,0.22942,45.5833,651002.5,63.5652,2810.05,27.0,41.5929,3.455
9399.69,1709.72,0.18189,92.3482,1318235.4,129.669,3652.77,21.0,34.0652,1.151
9953.41,2580.15,0.25922,88.5759,1419027.4,114.04,4772.79,93.0,33.1989,14.473
7239.18,2107.84,0.29117,64.0296,973407.1,98.7408,2798.14,30.0,40.2473,5.201
8716.09,2969.19,0.34065,36.2741,1201030.9,117.288,3893.67,40.0,37.2038,14.736
9189.01,2591.19,0.28198,98.3016,1261175.1,118.225,3894.49,29.0,32.0875,3.555
4615.38,1801.09,0.39023,45.5732,672957.25,68.1626,2363.97,56.0,42.6462,10.986
15358.1,4835.89,0.31487,182.428,2134674.2,262.998,4622.52,25.0,29.0657,3.087
10549.5,3831.13,0.36315,94.0061,1495083.6,143.287,4494.83,77.0,34.7676,16.916
10828.4,3433.09,0.31704,124.662,1498983.2,171.846,4182.11,43.0,31.0094,2.118
14155.9,4753.67,0.3358,166.32,1974799.1,239.138,4367.86,140.0,31.0591,19.501
18169.4,6805.76,0.37457,188.817,2510047.0,255.145,4394.98,46.0,27.0494,19.812
8087.23,3138.38,0.38806,72.4346,1128475.5,121.281,3791.25,60.0,37.4183,15.302
14410.7,3851.46,0.26726,189.649,2033785.4,209.307,5680.17,68.0,23.0821,1.342
5164.15,1227.84,0.23776,52.3687,687864.06,71.9918,3337.27,25.0,41.2144,5.646
7899.92,2530.7,0.32034,91.3558,1071082.1,124.919,3221.55,84.0,38.7248,2.018
7526.69,2314.46,0.3075,59.7238,1029325.94,104.946,3367.88,37.0,37.3283,6.668
8442.94,2338.14,0.27693,69.3711,1102716.8,101.879,3661.77,37.0,36.7555,13.205
5705.56,1688.71,0.29597,65.4735,791274.94,87.3295,3038.34,30.0,40.2013,1.718
5864.89,1967.34,0.33544,69.1513,814792.06,87.8232,3023.4,37.0,40.2625,1.753
7402.9,2616.83,0.35348,79.2618,1022779.7,93.9847,3825.47,33.0,36.3992,2.011
12546.4,3018.61,0.24059,153.992,1743506.5,186.725,24291.65,88.0,29.9028,2.219
6476.51,1766.84,0.2728,56.1215,848523.2,88.8389,3266.66,52.0,38.1321,14.64
5811.82,1053.23,0.18122,52.5591,799977.1,65.2332,3034.98,24.0,39.7659,4.07
12150.7,2979.13,0.24518,156.408,1731388.8,167.253,4785.97,31.0,28.6236,1.604
11146.7,3890.19,0.34899,108.866,1495458.4,165.28,3891.42,61.0,33.5115,16.319
22931.7,6883.94,0.30019,306.314,3199611.5,353.803,6321.65,102.0,17.7224,4.97
11013.7,3032.22,0.27531,100.836,1509975.5,153.13,4293.43,36.0,33.4413,4.208
7016.2,2485.75,0.35428,66.0263,939938.1,103.982,3511.24,74.0,37.8293,12.761
6087.13,2130.99,0.35008,54.0776,822117.8,79.9666,3071.38,16.0,39.416,7.155
8431.12,3335.49,0.39561,78.3138,1165148.4,134.647,3909.83,34.0,36.4041,9.022
19834.1,6207.48,0.31297,253.575,2768852.8,325.155,5491.65,80.0,23.2091,3.395
8652.97,2244.69,0.25941,84.0529,1221010.8,111.5,4029.46,38.0,34.9534,2.68
9746.76,3335.53,0.34221,92.6066,1356110.1,144.827,3377.25,70.0,46.5464,10.544
10337.7,2578.96,0.24947,102.569,1444306.2,129.347,4975.27,78.0,30.7446,17.505
5921.97,1572.37,0.26551,45.7742,848658.44,60.3392,2551.5,21.0,41.5034,2.938
11668.0,3954.7,0.33893,120.091,1664079.0,154.935,4135.04,71.0,33.6985,4.373
8747.37,1983.61,0.22676,79.323,1188925.8,109.944,3764.29,27.0,35.0085,1.904
4483.99,1093.51,0.24386,47.209,620348.3,54.7943,1836.09,20.0,46.5464,2.852
3873.07,1677.48,0.43311,36.4946,547265.8,78.3946,2009.67,31.0,44.8847,12.621
6220.25,1390.38,0.22352,39.6357,789539.9,97.8845,2714.1,5.0,39.3606,11.177
14651.5,5027.34,0.34312,164.873,2009085.0,205.966,4585.99,41.0,30.9227,20.685
18002.6,6422.46,0.35675,234.044,2466330.5,317.772,5043.92,170.0,25.6055,8.946
17361.5,6298.22,0.36276,182.21,2431787.0,250.407,6006.36,135.0,24.9783,20.703
9163.3,2551.6,0.27845,93.8933,1261174.5,154.976,3272.93,12.0,36.6055,1.346
11103.8,3981.3,0.35855,95.986,1557041.1,144.925,3877.05,84.0,33.6109,8.796
9560.23,2757.18,0.2884,95.3012,1289745.6,132.387,3329.49,70.0,38.3127,2.319
8325.3,2296.53,0.27584,86.2916,1129037.0,119.654,3734.33,56.0,35.3512,11.671
13171.9,3226.02,0.24491,169.387,1856751.2,214.602,4988.31,193.0,27.8468,2.213
8698.74,2678.95,0.30796,101.425,1189539.9,123.614,3875.71,27.0,33.7757,5.248
7861.04,1888.96,0.24029,60.3139,1110162.4,81.5113,3125.87,41.0,38.5955,12.428
19408.4,5235.29,0.26974,202.657,2672475.0,290.876,6280.21,235.0,19.6764,8.837
12953.9,3935.11,0.30377,95.9374,1775047.4,164.092,5210.78,139.0,29.1558,18.775
13741.5,2651.59,0.19296,143.235,1883756.5,183.47,5535.69,103.0,25.7656,6.372
7806.93,2399.45,0.30734,91.9606,1041598.6,120.38,3513.87,68.0,36.8208,14.19
14386.3,4927.14,0.34248,182.5,2011168.0,255.444,4437.53,26.0,30.0363,2.641
16660.9,4795.68,0.28784,159.616,2312255.0,203.967,5345.27,144.0,24.7208,15.147
6220.5,1719.37,0.2764,58.328,902769.0,75.1169,3377.48,43.0,36.8583,13.424
10108.5,2849.89,0.28193,93.7808,1441601.4,131.578,3512.35,91.0,37.1411,16.6
7972.39,2376.56,0.29809,86.6417,1082614.1,133.966,3541.97,40.0,36.1816,4.004
10950.2,3766.43,0.34395,118.514,1523726.9,182.317,3775.55,29.0,31.7204,3.029
15609.3,3921.34,0.25121,214.653,2132184.5,262.726,5123.51,152.0,25.1989,2.758
8536.86,2927.89,0.34297,73.8951,1147771.0,121.369,3809.69,84.0,37.4551,4.872
17447.3,7183.91,0.41174,139.095,2404143.8,275.689,5448.49,104.0,25.9653,20.215
6214.61,1291.43,0.2078,58.2275,867857.4,88.2825,2905.15,6.0,40.9186,8.695
9543.0,3872.69,0.40581,69.7152,1339840.8,132.722,4521.4,40.0,37.2625,17.193
5914.11,2557.43,0.43242,49.1847,807272.1,84.8462,2628.59,36.0,41.0611,12.19
11289.3,2543.23,0.22527,153.93,1595596.9,178.049,4597.71,54.0,30.0359,0.938
8946.0,1845.66,0.20631,100.351,1249833.8,126.982,3645.48,21.0,34.4927,1.49
7446.0,2224.1,0.29869,54.7234,1054631.4,93.5618,3449.87,31.0,38.7025,17.478
12759.6,3472.84,0.27217,149.082,1788080.5,212.22,4885.11,192.0,28.707,2.563
6598.8,2658.08,0.40281,54.9423,914770.44,92.4642,2913.87,50.0,39.9839,7.783
6028.03,1726.69,0.28644,66.3403,857019.94,73.7986,3083.73,10.0,39.1737,2.545
3915.86,1196.4,0.30552,36.6714,531240.06,49.6639,1389.32,32.0,44.3866,11.2
5224.32,1475.27,0.28238,32.171,714978.9,84.3626,2785.74,24.0,41.8207,11.364
9531.63,3418.08,0.3586,87.9297,1278216.9,132.8,3613.63,12.0,35.8071,17.742
9579.98,2404.11,0.25095,95.9516,1331418.4,121.015,4057.13,147.0,34.8865,5.467
4471.96,1454.28,0.32519,34.5502,636178.8,50.3445,1555.5,40.0,43.5416,5.038
5212.66,1187.25,0.22776,41.9342,728310.0,67.23,2702.04,26.0,41.2724,9.408
6781.85,2493.89,0.36773,77.6192,933087.06,93.0725,3240.12,62.0,38.5662,1.272
23193.9,5722.72,0.24673,343.307,3179875.5,397.893,6231.32,142.0,19.8112,1.056
10464.5,3253.25,0.31088,128.648,1423969.5,159.453,4827.54,65.0,28.9384,3.816
9326.38,2020.06,0.21659,101.541,1313053.5,120.408,3973.85,53.0,34.4494,3.308
11172.8,3074.33,0.27516,108.529,1547322.1,140.164,4580.22,103.0,30.5221,18.503
7864.4,2139.04,0.27199,76.7622,1152855.9,100.543,3100.09,26.0,37.5991,1.97
5908.57,1484.87,0.2513,67.4569,830337.4,77.8999,2819.38,74.0,39.5409,7.732
7304.98,2462.51,0.3371,69.1934,1035024.0,99.0696,3733.2,35.0,27.5672,1.921
13553.8,5258.21,0.38795,113.855,1907453.2,190.301,4189.9,164.0,34.015,17.285
6998.22,2018.84,0.28847,65.2704,991921.8,88.0326,3031.19,25.0,40.0676,12.658
8353.92,2219.99,0.26574,85.327,1119292.9,100.802,3518.63,28.0,37.6078,14.257
9134.42,3184.35,0.3486,102.895,1225431.4,129.48,3377.53,75.0,38.0164,2.575
8204.7,2717.22,0.33117,78.0532,1121320.4,103.319,3149.85,9.0,38.629,6.247
5029.93,2016.23,0.40084,45.2866,737400.7,72.5385,2471.97,46.0,42.3195,11.151
4573.76,1056.65,0.23102,40.1897,625179.8,56.9775,2710.44,25.0,42.8546,13.57
4800.58,1519.38,0.31649,42.4004,674679.7,65.6465,1777.24,22.0,43.5467,3.968
10772.4,3747.81,0.3479,108.169,1496005.1,178.063,4596.29,55.0,30.9398,0.0
12850.7,3828.66,0.29793,138.312,1750542.8,164.824,5123.08,73.0,27.0322,11.934
5858.34,1993.52,0.34028,67.3304,813585.2,87.2007,2970.54,32.0,40.5071,1.997
5199.29,1535.09,0.29524,55.6221,719853.06,65.0508,2690.01,44.0,40.8259,11.09
7515.33,2118.93,0.28194,77.4927,1011116.7,106.159,3621.72,73.0,38.1014,5.093
5832.24,1612.22,0.27643,54.1867,813511.75,92.2792,2727.19,87.0,40.2515,2.035
3835.96,1174.01,0.30605,31.4772,519765.97,51.2042,1369.06,32.0,44.5108,10.838
9921.21,2562.6,0.25829,81.322,1411885.0,123.496,4251.12,34.0,34.3329,2.116
7393.37,2442.32,0.33033,59.1023,1050658.6,102.277,3209.2,22.0,39.4466,14.668
8588.0,2153.74,0.25078,81.1389,1215238.0,110.719,3932.66,40.0,35.7441,2.562
5905.16,1429.36,0.24205,53.0204,839475.25,75.0203,2318.56,85.0,42.3315,7.971
11016.7,3875.07,0.35174,86.0575,1576727.0,161.108,5072.03,119.0,28.5371,19.342
6828.43,1601.23,0.23449,70.7276,951389.25,81.9933,3572.61,55.0,36.3518,3.701
8185.46,2288.3,0.27955,84.9976,1131699.1,113.06,3106.87,21.0,37.6554,0.956
11143.6,4186.59,0.37569,102.699,1557764.8,178.827,4446.51,92.0,32.4245,19.723
8466.28,2109.4,0.24915,83.6458,1195736.0,112.658,4014.75,43.0,35.7021,2.711
6253.12,2310.44,0.36948,60.9102,869919.1,89.4148,3583.35,75.0,37.4572,1.9
11228.3,2968.96,0.26441,147.447,1589855.6,160.548,4106.33,128.0,32.4409,2.991
7020.25,1732.64,0.2468,66.0864,961014.75,97.4364,3600.11,24.0,36.9962,2.246
10872.0,2590.97,0.23831,124.864,1475359.6,159.925,3638.07,24.0,34.7357,2.299
11558.0,3142.57,0.27189,132.816,1602185.2,163.131,4471.81,97.0,31.3513,1.787
13496.1,4599.9,0.34083,134.918,1889580.4,177.322,5450.91,76.0,25.5049,18.767
8211.72,4092.42,0.49836,82.8254,1011331.44,150.629,2656.28,75.0,39.1027,19.266
5259.65,2095.83,0.39847,50.3192,732561.9,76.1962,2241.73,26.0,42.7003,2.145
10275.6,3415.32,0.33237,96.1827,1429266.6,149.153,5144.99,36.0,32.272,1.462
5964.12,1653.89,0.2773,60.2537,801064.5,83.5976,3196.87,59.0,39.7045,4.077
5332.76,2361.49,0.44282,46.7416,757120.3,89.7379,2660.07,39.0,40.9689,11.761
12631.0,4578.32,0.36246,189.263,1657790.0,250.568,4944.1,79.0,27.8507,4.773
17622.8,6351.19,0.36039,236.08,2413991.8,275.115,5534.85,135.0,24.881,2.73
14361.7,5124.15,0.35679,67.0876,2068520.1,206.916,2259.53,64.0,44.4713,12.033
14531.7,4672.9,0.32156,183.375,2010291.8,229.299,5409.06,68.0,22.6697,14.246
7884.32,1619.34,0.20538,69.5817,1081965.0,89.7246,3376.91,28.0,37.107,9.768
14910.7,3825.14,0.25653,191.795,2104680.0,213.069,5698.95,65.0,23.0188,1.386
9264.28,2148.46,0.2319,96.8913,1300091.6,142.028,3672.83,17.0,33.9539,1.395
14450.5,4819.85,0.33354,112.726,1990811.4,215.896,5165.33,102.0,27.0481,18.348
5060.49,1722.76,0.34043,40.9637,683840.4,70.4859,1618.74,24.0,42.9082,12.722
6889.01,1714.87,0.24892,77.8161,928484.25,101.04,3312.31,17.0,37.21,15.677
10017.1,3846.99,0.38404,86.774,1410442.0,148.969,3579.24,52.0,33.7086,16.354
18130.4,5232.4,0.28859,243.583,2492027.0,296.192,4885.86,148.0,26.6268,9.936
8280.45,2364.17,0.28551,92.9957,1119137.8,131.388,4003.59,32.0,35.6641,4.848
21107.3,8589.2,0.40693,207.12,2924909.2,330.945,5742.34,133.0,27.3624,19.584
5896.61,1546.4,0.26225,55.5876,779517.4,83.9744,3576.09,18.0,41.1773,13.687
10646.5,3161.3,0.29693,128.606,1458312.8,152.476,4876.91,71.0,29.5147,3.038
7652.32,2283.71,0.29843,61.9096,1059832.6,99.0181,3622.35,60.0,37.6189,3.328
9902.28,3358.52,0.33916,99.1766,1376174.5,146.642,4196.49,51.0,34.5054,2.054
11239.5,4036.87,0.35916,110.114,1629297.2,165.843,4480.47,74.0,31.3672,3.173
7242.15,2598.91,0.35885,74.2389,996804.44,116.64,3805.35,39.0,36.1635,2.389
10316.4,3783.4,0.36673,77.682,1392407.0,146.119,4948.97,94.0,38.6558,12.338
6119.68,1285.4,0.21004,65.8615,863948.0,71.2895,3101.18,13.0,39.0058,1.83
16796.4,5264.87,0.31345,217.233,2328492.8,285.777,4774.1,122.0,27.3905,5.873
6119.31,2602.47,0.42528,54.7779,852526.75,89.8625,2703.51,45.0,40.8469,5.025
10096.9,3193.02,0.31623,104.627,1434435.5,143.135,4049.63,56.0,35.0483,6.131
5871.53,1524.08,0.25957,50.806,762145.56,97.0101,3405.25,15.0,40.4539,1.821
13196.5,3380.54,0.25616,184.703,1806500.6,214.412,4547.66,185.0,28.9679,2.009
12625.3,3151.55,0.24962,149.653,1750241.2,197.252,4241.06,59.0,31.6586,1.853
7614.05,2436.86,0.32004,64.9103,1048276.5,110.057,4198.52,65.0,34.9589,17.266
13055.0,4007.49,0.30696,122.023,1784992.2,165.17,4855.5,79.0,29.3573,12.613
9310.62,2057.73,0.221,110.705,1291985.6,129.836,4218.09,56.0,33.9882,1.541
13823.4,4192.82,0.30331,173.746,1911333.2,217.653,4779.47,119.0,28.7425,5.167
6008.41,2582.67,0.42984,54.0391,791992.75,98.354,2977.9,54.0,39.6234,15.636
6161.79,2060.84,0.33445,41.098,863763.8,84.8407,2842.05,43.0,40.54,14.64
8305.32,1883.24,0.22675,98.1862,1183224.5,111.881,3730.67,48.0,35.626,3.048
5392.34,1292.31,0.23965,41.2084,754121.06,55.2505,1949.04,34.0,43.8913,11.211
14820.0,3438.95,0.23204,176.625,2092363.2,201.604,4050.48,138.0,32.1425,1.571
8132.41,2292.66,0.28191,79.7765,1141625.0,112.99,3821.72,45.0,36.5845,1.225
8811.49,2320.81,0.26338,86.2664,1253603.5,119.513,3977.9,2.0,33.9912,1.756
21015.5,5631.87,0.26798,291.232,2846767.8,315.843,6556.03,287.0,18.6064,1.392
5061.69,1179.83,0.23309,46.3024,636515.7,62.2136,2211.35,22.0,42.9119,2.336
8251.69,2791.65,0.33831,77.5449,1107227.8,113.012,3615.37,22.0,35.8514,11.5
7332.01,2379.13,0.32448,68.8719,991220.4,107.52,3381.68,80.0,35.9847,4.074
12258.0,3338.97,0.27239,146.268,1653411.0,184.991,4738.66,68.0,30.9826,7.498
11269.0,2907.17,0.25797,153.291,1512975.6,163.262,4717.08,68.0,31.3671,3.474
8297.79,2420.12,0.29165,68.4719,1133479.0,116.66,3845.74,31.0,36.1688,2.565
6787.04,1746.81,0.25737,76.9681,929433.94,92.9625,2857.65,11.0,39.7974,5.126
6240.44,1548.0,0.24805,54.0242,861754.5,81.5892,2725.73,56.0,40.6124,9.068
8040.69,2860.42,0.35574,79.0487,1092023.9,112.439,3014.61,12.0,38.9282,15.767
19464.7,6615.64,0.33987,271.249,2624193.2,327.946,5829.32,314.0,20.6335,4.035
8063.38,2789.98,0.346,56.8902,1165231.5,112.595,3827.94,16.0,37.762,16.382
10798.0,3291.6,0.30483,95.5356,1479282.4,144.34,4108.71,37.0,36.1808,2.885
7508.15,1984.27,0.26428,80.97,1055544.1,107.052,3741.33,85.0,35.2573,5.461
10838.5,3171.25,0.29259,128.021,1484221.4,157.369,4870.15,70.0,29.5718,2.803
15201.0,6209.04,0.40846,183.19,2055953.5,284.706,5841.47,196.0,26.1784,7.408
12390.0,4269.6,0.3446,182.855,1638592.5,233.282,4957.75,74.0,27.8574,5.033
9458.4,3085.49,0.32621,80.9269,1336566.4,132.427,3661.21,9.0,36.5835,14.444
4322.35,1478.59,0.34208,33.2698,592324.2,52.3439,2180.57,44.0,43.2674,7.286
9879.77,3127.24,0.31652,86.8322,1390800.5,140.389,4266.92,76.0,35.7357,5.834
12375.7,4186.55,0.33828,113.379,1781593.2,163.499,3972.99,153.0,34.9814,15.803
7750.01,1918.07,0.24749,94.8226,1063186.9,118.246,3230.33,115.0,36.4783,1.332
13887.9,4488.18,0.32317,201.894,1855468.2,246.454,4568.86,33.0,29.0429,1.875
10543.9,3541.85,0.33591,95.0211,1498761.0,138.439,4320.9,111.0,32.5757,17.755
11051.7,2933.75,0.26545,142.904,1572941.2,156.291,4117.31,122.0,32.2487,2.853
15437.7,4571.18,0.2961,206.893,2123939.2,269.631,5107.0,174.0,25.4198,3.726
18537.0,6296.64,0.33967,182.459,2564112.0,264.587,5818.22,103.0,21.8574,14.743
8213.91,3352.16,0.4081,74.5073,1166246.6,139.694,3394.52,88.0,37.1969,13.206
11397.0,2766.62,0.24274,88.9323,1604204.2,144.55,4422.38,155.0,32.0939,3.999
5773.97,1369.53,0.23719,51.2779,753495.5,89.6764,3615.91,19.0,41.6317,10.792
10084.3,2922.33,0.28979,118.9,1422705.4,155.718,4243.11,132.0,29.479,15.637
7397.35,2842.05,0.38419,61.7342,1086343.9,102.755,3321.93,34.0,39.1273,1.188
7328.91,1635.35,0.22313,77.2491,996649.5,92.9697,3113.51,62.0,34.4607,16.337
9179.57,2199.93,0.23965,108.1,1274480.9,127.291,4235.89,52.0,32.8084,2.039
8798.48,3185.92,0.36209,66.4958,1181528.2,122.868,3661.6,69.0,36.0998,17.243
7806.92,1955.79,0.25052,77.6828,1105932.4,118.7,3319.85,36.0,38.1392,3.693
5546.93,1669.01,0.30088,50.3509,781969.7,73.4788,2461.72,98.0,41.4035,11.854
14598.6,5622.27,0.38512,178.558,1992081.0,260.608,5261.65,231.0,27.3538,6.205
9055.69,3141.79,0.34694,101.434,1253574.1,143.577,4171.59,42.0,34.293,1.798
13602.2,4562.58,0.33542,100.303,1890083.6,180.835,5039.26,76.0,28.6713,15.778
13532.8,3769.91,0.27857,133.906,1888428.2,183.278,4807.84,53.0,29.2025,2.771
8271.27,2356.68,0.28492,89.3558,1171606.4,100.451,4075.72,33.0,35.2039,2.452
3471.31,1123.9,0.32376,23.8694,467638.56,40.0887,1348.76,1.0,45.6268,2.974
9248.31,3813.47,0.41234,83.0368,1209848.1,166.165,3263.96,95.0,37.74,18.197
8474.03,2127.58,0.25107,86.1258,1215206.8,111.465,4088.59,101.0,34.7953,1.357
6784.33,2174.42,0.3205,65.8559,889887.94,94.5778,3574.01,67.0,38.1179,4.322
7542.45,2345.26,0.31094,61.9836,1090325.6,87.7462,4800.08,44.0,36.1282,18.273
6218.18,2145.62,0.34505,56.9528,874946.44,90.9795,2643.01,68.0,41.2102,14.303
6954.71,1772.16,0.25481,64.5764,967093.9,86.9801,3545.09,85.0,39.4254,7.217
11542.1,4108.98,0.35599,77.3258,1597148.2,169.963,4949.94,107.0,30.8714,18.468
15250.2,4799.36,0.3147,211.688,2116253.5,253.378,5338.82,289.0,24.7219,1.571
8683.87,2224.11,0.25611,74.7282,1186707.5,107.303,3643.09,54.0,35.7109,16.539
10078.4,2562.51,0.25425,96.1136,1371901.5,129.269,4620.74,43.0,29.2582,11.853
14204.6,4198.66,0.29558,183.174,1993808.5,236.308,4409.91,59.0,30.6557,3.435
4962.12,1499.63,0.30221,44.1839,699087.6,71.987,2331.15,44.0,43.4237,11.165
6656.91,1826.77,0.27441,74.8721,898871.5,106.196,3032.1,78.0,39.0883,1.282
6614.12,1966.32,0.29729,66.3089,903449.7,92.6876,3086.87,47.0,39.4964,2.582
7590.61,1580.32,0.20819,71.5543,1066432.6,82.8546,2934.79,24.0,36.9857,4.4
11015.5,2922.78,0.26533,136.573,1532073.9,169.96,4697.77,173.0,26.4372,0.797
8050.55,1632.32,0.20275,62.6503,1093541.4,96.3631,3831.12,52.0,36.089,12.711
13954.4,4838.13,0.3467,155.471,2004292.6,222.983,5623.16,78.0,25.2809,1.806
4747.85,1155.88,0.24345,46.454,646799.56,71.8516,2665.72,6.0,42.5337,8.401
10808.8,3896.15,0.36046,93.6706,1514060.5,157.797,3788.81,99.0,35.0469,15.012
13872.6,4454.72,0.32111,151.724,1898479.6,210.556,5160.83,14.0,30.6207,9.641
4646.38,1100.4,0.23682,40.722,640582.94,48.0276,1838.87,41.0,44.1615,8.206
6484.67,2483.59,0.38299,52.507,886576.4,104.257,2851.44,87.0,39.5275,14.227
14481.6,3271.05,0.22587,149.239,1995857.5,194.116,3940.77,86.0,32.5886,19.522
14235.0,5169.05,0.36312,196.69,2013640.1,264.095,4434.85,77.0,29.5481,4.407
9973.35,2572.24,0.25791,98.4676,1379642.2,131.709,3704.89,158.0,35.1336,18.237
9537.51,2696.57,0.28273,63.5704,1346889.8,116.602,3741.8,18.0,34.6357,16.124
8924.52,2056.66,0.23045,97.7208,1238477.9,115.389,4328.7,110.0,33.6459,14.243
20132.3,6154.82,0.30571,265.854,2808930.8,306.494,5561.87,229.0,24.0698,6.908
10128.6,2347.79,0.23179,90.0786,1415796.1,123.536,4818.02,27.0,32.3055,4.837
7786.95,3795.46,0.48741,85.6212,965981.56,152.459,2396.04,113.0,40.0325,9.511
13475.4,4814.93,0.35731,168.55,1877843.5,227.605,4644.75,99.0,29.7563,7.19
8701.31,2454.22,0.28205,95.3539,1201289.6,123.828,4026.34,115.0,34.4854,3.385
8762.3,2524.0,0.28805,93.6423,1194882.2,114.99,3750.11,40.0,35.8528,3.827
5364.62,1334.3,0.24872,46.668,759241.94,67.9198,2403.67,11.0,42.134,3.014
4109.78,814.86,0.19827,40.325,550270.8,51.1873,2569.33,21.0,43.8681,8.245
7112.71,1747.52,0.24568,73.4477,983267.06,95.0304,3243.29,29.0,32.9284,10.291
14556.3,4601.22,0.31609,184.829,2016277.2,251.743,4470.57,21.0,29.9216,2.323
16905.8,3929.16,0.23241,209.263,2377062.8,263.749,5539.03,95.0,23.7814,2.138
8739.48,2231.41,0.25532,85.2271,1187293.0,114.478,3740.87,34.0,34.9704,1.898
6901.51,1878.63,0.2722,74.2123,911450.1,99.4556,3534.97,79.0,37.836,1.894
6895.42,1901.77,0.2758,63.8631,944526.75,93.0902,3406.65,36.0,37.5413,11.276
8717.03,2736.24,0.31389,87.3682,1232539.5,127.746,3734.91,12.0,35.5944,2.167
5577.08,1306.35,0.23423,53.9748,797799.56,75.7183,3030.76,32.0,40.0695,14.569
12610.6,4630.44,0.36718,126.474,1772035.5,220.961,4755.59,100.0,28.0628,9.527
12840.7,3457.18,0.26923,136.974,1754700.9,157.045,3947.86,26.0,34.7194,17.874
8559.67,2268.88,0.26506,81.2293,1210528.6,119.669,3331.53,8.0,36.4817,2.232
22248.2,7330.33,0.32947,192.634,3156027.2,348.311,13917.97,89.0,26.7232,3.319
18443.2,6755.78,0.3663,186.151,2603632.8,281.071,5804.52,149.0,22.0987,2.934
10681.5,2964.93,0.27757,112.394,1529968.1,128.49,3890.64,61.0,34.656,1.898
6744.02,1438.51,0.2133,64.491,919397.9,79.9953,3369.23,56.0,38.4591,7.055
8699.23,2246.02,0.25818,86.8853,1204662.9,114.186,3575.38,90.0,35.4163,18.533
6494.81,1765.82,0.27188,58.6625,928929.6,80.638,2434.49,30.0,40.4783,10.261
7234.93,1933.55,0.26725,84.5817,978040.5,118.943,3478.95,41.0,36.2425,2.809
12927.7,2501.28,0.19348,172.029,1756095.5,203.117,4725.02,112.0,28.8439,1.746
14102.6,4183.91,0.29667,147.028,1937955.2,212.475,5445.68,13.0,30.6131,7.265
12471.5,4194.17,0.3363,99.4481,1731505.1,186.054,5333.82,129.0,28.809,19.884
7976.41,2376.28,0.29791,80.7336,1171905.8,89.8918,2912.35,52.0,38.9498,15.201
8330.95,2509.7,0.30125,71.4658,1158221.0,112.987,4128.65,72.0,37.8346,15.143
8453.47,2990.97,0.35381,70.934,1198171.9,121.584,3221.91,86.0,38.4492,15.932
8881.8,3082.32,0.34703,61.5314,1311513.2,122.295,3280.84,85.0,38.127,14.455
14479.2,4766.69,0.3292,156.892,2083592.6,223.068,5707.02,78.0,25.1277,1.785
5821.91,1420.83,0.24404,55.1167,808710.25,75.0869,3310.22,60.0,39.0882,1.711
7902.64,2665.66,0.33731,64.98,1021086.4,118.047,3868.33,71.0,35.8194,15.033
10552.0,4481.19,0.42467,101.659,1489432.9,140.199,3818.52,37.0,34.3188,14.225
8440.04,2605.37,0.30869,91.8442,1200123.9,114.997,4042.29,23.0,36.132,1.826
7086.16,1653.45,0.23333,82.3786,983597.75,107.312,3885.79,31.0,36.1595,1.301
5346.81,1099.98,0.20572,54.3426,690725.0,81.3274,2591.22,9.0,46.5464,15.29
17948.6,5281.85,0.29427,259.264,2437869.0,310.756,5666.84,334.0,21.9376,2.576
13620.6,4067.7,0.29864,147.281,1888187.9,227.557,4809.54,92.0,28.3591,4.041
15611.2,4274.5,0.2738,173.819,2138679.5,222.986,4242.98,144.0,31.1695,18.622
10930.1,3144.28,0.28767,99.1999,1568672.4,158.302,4256.32,92.0,32.0925,18.694
10488.6,2389.16,0.22778,123.716,1431193.8,146.515,3638.58,13.0,34.7684,2.131
18633.4,5949.31,0.31928,257.137,2521658.0,309.115,5698.49,313.0,20.8362,2.658
7341.57,2486.22,0.33864,67.0359,1025120.75,113.29,3352.2,41.0,39.1884,15.424
11783.5,4257.24,0.36128,130.187,1629948.4,177.796,5675.81,98.0,24.9809,4.574
9120.53,2722.33,0.29848,76.7791,1277071.4,118.588,4380.25,59.0,34.862,1.553
9411.18,3061.21,0.32527,88.6158,1331464.4,148.163,4067.27,74.0,34.5451,9.836
13833.1,3874.44,0.28008,167.043,1915370.5,227.956,5392.77,49.0,46.5464,0.0
8893.79,3769.76,0.42386,71.0128,1215301.9,136.849,3780.22,64.0,34.6889,16.582
4097.36,1511.53,0.3689,35.8534,562117.9,52.6747,1461.28,32.0,44.3618,1.531
6567.24,2441.81,0.37181,81.2534,945617.06,124.971,2747.44,51.0,37.7458,14.482
10605.6,2625.61,0.24756,115.851,1410155.0,140.231,4492.68,50.0,31.7637,17.85
11942.4,2985.82,0.25001,133.064,1625250.4,159.495,4033.12,230.0,32.0401,2.511
6631.81,2079.09,0.3135,62.6488,870019.2,96.8175,2912.35,5.0,39.1709,15.221
13590.1,4562.96,0.33575,161.308,1890069.5,211.167,4977.58,138.0,27.9355,4.42
8799.4,2668.38,0.30324,54.9057,1188520.1,117.749,4254.2,33.0,35.1959,16.122
10933.7,2759.44,0.25237,122.756,1494825.8,168.999,3666.19,26.0,34.7726,2.249
7871.0,2625.95,0.33362,75.1755,1096340.5,111.457,3326.93,40.0,37.3163,2.629
7088.06,2401.57,0.33881,76.8309,973758.0,96.9412,3266.92,62.0,38.6352,1.429
6649.45,1842.9,0.27715,62.8271,945217.8,77.4524,3390.79,35.0,40.3146,14.451
6182.72,1979.28,0.32013,57.1938,858953.44,83.2071,2687.58,41.0,40.5427,1.791
9401.77,3691.54,0.39264,78.6343,1299563.4,130.021,3555.0,23.0,36.9396,15.897
8445.53,2608.6,0.30887,58.9932,1205395.5,104.6,2791.09,55.0,37.9438,13.407
6237.84,1767.98,0.28342,68.9692,894891.0,80.8742,3084.8,8.0,38.9391,1.958
17692.2,4931.86,0.27875,185.206,2424939.5,245.435,5043.84,49.0,30.1153,16.726
4088.63,748.01,0.18294,39.5029,535182.8,61.8942,2583.38,11.0,43.4798,2.201
7480.83,3167.39,0.4234,80.0175,1056804.9,116.3,3302.14,44.0,37.9586,2.903
7032.98,1746.2,0.24828,56.3129,984374.06,78.7824,3015.12,34.0,39.9385,12.872
11309.5,2896.18,0.25608,136.734,1562735.8,157.205,4476.7,93.0,31.3241,1.94
8066.03,1874.65,0.23241,84.4612,1136953.0,106.95,4073.37,42.0,36.0442,1.407
9333.45,2210.46,0.23683,101.448,1325883.1,150.038,3802.1,14.0,34.3152,0.455
6241.87,2048.09,0.32812,73.0898,838364.1,93.3617,3205.62,63.0,38.5251,1.714
7565.0,2074.72,0.27425,73.1515,1012893.7,110.442,3693.96,81.0,37.5813,4.92
14515.8,4481.6,0.30873,185.339,2014802.4,206.782,4943.6,98.0,25.514,4.486
6927.64,1652.69,0.23856,73.9709,930403.06,107.105,3286.55,18.0,46.5464,14.27
9975.62,2358.54,0.23643,93.1762,1402138.5,110.137,3874.12,156.0,34.9023,6.144
16095.3,5835.85,0.36258,196.981,2254009.5,274.289,4845.5,112.0,27.641,3.475
19507.7,6641.58,0.34045,270.833,2629608.2,326.636,5829.59,314.0,20.6362,4.042
13357.6,4793.02,0.35882,209.653,1740823.8,166.998,4827.29,87.0,28.2982,4.577
15197.8,5058.97,0.33287,175.251,2120876.2,238.741,5496.06,215.0,27.6396,2.65
18141.1,4946.31,0.27265,174.049,2565482.0,233.664,5507.1,250.0,23.3491,7.7
15989.5,4411.18,0.27587,173.226,2228542.2,199.423,5378.36,72.0,22.9698,16.423
11241.6,2940.43,0.26156,137.328,1546735.5,165.321,4438.25,97.0,31.8781,2.279
8669.86,2191.01,0.25271,100.843,1177842.2,130.298,3474.94,9.0,36.8535,1.426
8391.44,2624.02,0.3127,57.7156,1134585.9,112.003,4447.9,69.0,33.4175,14.035
5318.37,1570.35,0.29526,55.4591,731215.56,71.8894,3102.24,9.0,39.8918,8.187
4962.11,1669.52,0.33645,32.2093,708220.2,59.0348,1273.75,40.0,44.8371,10.88
12592.3,3826.1,0.30384,112.557,1780342.9,138.234,4302.71,153.0,31.0402,20.491
11817.3,3130.53,0.26491,161.398,1659704.6,223.372,4216.18,71.0,31.2455,1.486
7778.81,2919.04,0.37525,89.5488,1070273.8,123.328,3143.57,32.0,37.2062,12.139
6745.45,2096.23,0.31076,65.1025,950363.9,79.0201,3867.35,44.0,39.1794,12.619
9179.39,2778.13,0.30264,91.5632,1299815.2,136.265,3903.4,2.0,35.2011,2.347
7967.98,1814.78,0.22775,56.9772,1120004.9,87.5365,3575.67,19.0,37.8771,8.886
5561.79,2012.97,0.36192,49.811,779613.0,73.7811,2487.02,18.0,41.5854,3.979
4911.06,1849.01,0.37649,40.768,669008.06,69.8636,1507.89,14.0,43.7789,11.192
4620.2,1497.11,0.32403,42.0538,628619.6,62.8531,1885.75,14.0,43.5885,2.038
8890.34,2787.81,0.31357,53.7614,1215562.0,122.649,4157.85,35.0,35.468,14.943
9096.99,3581.74,0.39372,97.9794,1238193.6,152.426,3750.87,91.0,33.3378,16.778
9325.87,3382.0,0.36264,92.827,1323167.5,154.725,3774.22,79.0,36.0509,1.944
17504.1,5787.71,0.33064,185.752,2441581.2,235.848,6140.87,144.0,24.6092,19.88
14466.2,4852.99,0.33547,162.748,2048913.9,179.593,5308.85,42.0,27.2122,17.196
9680.11,2808.65,0.29014,99.9263,1354086.4,128.814,4145.37,25.0,35.5797,3.102
8434.1,3151.85,0.3737,89.2274,1167913.5,125.739,3421.86,24.0,37.6697,0.701
5412.32,2206.13,0.40761,34.6098,765771.7,75.0075,2602.63,35.0,42.3646,3.574
7764.31,2124.1,0.27357,61.519,1057715.0,96.8959,3460.98,28.0,37.2674,11.397
8010.35,2259.71,0.28209,85.5787,1111811.8,111.773,3097.52,21.0,37.7036,0.612
20087.6,5535.96,0.27559,233.829,2787921.2,296.431,5686.67,155.0,23.4972,17.178
8442.03,2519.07,0.29839,80.0867,1138153.9,106.397,4135.14,48.0,46.5464,3.343
13161.2,2711.19,0.20599,150.256,1802924.6,195.391,4761.94,139.0,29.9935,0.748
8128.54,1513.45,0.18618,63.7028,1134463.5,83.3973,3045.82,59.0,39.1372,10.223
10746.9,4023.18,0.37435,93.3755,1541730.0,138.1,4574.81,45.0,46.5464,12.344
9456.79,2581.15,0.27294,94.7218,1342192.6,130.705,3751.85,31.0,35.7001,9.957
7535.43,2445.79,0.32457,75.4048,1058746.8,122.348,3312.96,65.0,37.8716,15.106
7118.1,2308.57,0.32432,60.0147,966738.7,106.222,3088.8,105.0,38.1736,6.403
8860.71,2265.88,0.25572,86.0429,1212873.8,111.287,3714.96,24.0,35.2059,2.037
8042.26,3015.19,0.37491,54.7923,1152509.1,109.229,3733.92,29.0,38.9402,14.122
17269.3,4728.78,0.27382,239.616,2369891.8,293.284,5292.97,207.0,21.2863,4.435
6612.56,1589.03,0.2403,52.4983,929368.94,83.9662,3023.61,6.0,39.7534,10.246
11725.0,3013.81,0.25704,150.455,1672165.4,173.295,4646.13,31.0,29.0191,1.811
13181.3,4080.78,0.30958,139.703,1778391.4,182.085,4674.85,101.0,31.2972,3.454
13683.0,4170.09,0.30476,175.68,1910242.0,236.572,5249.85,71.0,22.5772,10.732
6808.89,1869.66,0.27459,61.5453,944139.8,91.1027,3032.82,96.0,38.3619,1.94
16051.6,5883.18,0.36651,140.628,2288872.8,249.701,5559.39,86.0,24.281,17.174
9720.87,2733.42,0.28119,88.6085,1400846.6,127.91,4134.49,12.0,33.2332,1.8
12577.8,4130.06,0.32836,127.55,1791501.0,165.414,5174.62,147.0,27.0463,12.715
8251.38,2281.5,0.27649,80.062,1132119.5,97.8615,3830.56,65.0,35.727,3.836
4729.56,1589.04,0.33598,46.7921,648039.8,80.5589,2767.98,36.0,41.9493,13.27
4522.3,1322.31,0.29239,34.7423,639050.7,53.264,1970.42,18.0,43.6568,12.404
7947.16,3909.42,0.49192,75.8595,1076046.8,142.865,3654.06,80.0,35.1427,16.511
11035.3,3528.51,0.31974,126.945,1541643.8,167.299,4191.45,46.0,30.6736,2.091
10133.5,3614.54,0.35669,102.647,1402395.6,162.056,4253.2,84.0,33.3265,10.794
9415.08,2433.01,0.25841,80.5496,1351271.0,123.519,4581.61,99.0,32.7393,1.622
11489.7,3706.5,0.32259,119.983,1632244.9,167.566,4389.63,153.0,31.8744,5.209
6270.71,1489.81,0.23758,55.2001,866210.75,78.9013,2588.36,24.0,40.6349,13.154
13592.5,4626.4,0.34036,156.011,1866419.2,204.423,5040.2,75.0,27.589,3.885
6716.3,1537.88,0.22897,56.6184,951482.25,71.2373,3919.39,22.0,39.4699,8.088
6457.71,1921.53,0.29755,56.8537,900511.1,88.046,3448.0,70.0,38.4633,13.573
9219.18,2442.66,0.26495,86.8778,1315892.9,114.527,4150.69,11.0,33.5393,1.864
14918.1,3775.55,0.25308,181.942,2066603.0,242.751,4697.42,48.0,23.293,5.743
9350.45,2292.14,0.24513,95.381,1306074.9,141.128,4327.32,94.0,32.9714,16.897
4782.54,1282.88,0.26824,39.7959,694543.25,65.0418,2508.98,50.0,42.2984,10.277
16702.0,5524.34,0.33075,177.693,2324510.0,253.913,4455.29,138.0,30.4021,13.299
7417.79,2752.63,0.37108,100.608,963883.25,135.371,3646.53,65.0,36.9102,17.211
13311.4,3707.71,0.27853,167.009,1861042.6,209.43,4762.18,138.0,27.4567,4.405
7204.8,2525.39,0.35051,65.3701,977020.8,94.0392,3338.8,26.0,38.0599,3.702
6584.68,1929.07,0.29296,64.2853,891659.4,88.1107,3149.49,35.0,40.0574,2.418
4894.07,1460.8,0.29848,42.8976,676827.94,64.2222,1887.99,14.0,43.6524,1.975
11349.5,4603.83,0.40564,85.8896,1568778.0,175.002,4050.93,94.0,33.2199,6.513
7758.9,2596.98,0.3347,74.7962,1079631.6,100.389,3213.12,50.0,38.3312,12.341
11274.4,4461.53,0.39572,72.6228,1576753.1,180.488,7379.27,0.0,37.0797,20.419
7032.62,2087.92,0.29689,77.5081,958392.75,111.593,3053.07,81.0,39.0273,0.745
7551.61,2598.8,0.34413,70.5408,1046093.2,99.7586,3189.79,16.0,38.2722,2.799
7287.4,2533.6,0.34766,74.8096,1005427.5,112.467,2973.49,105.0,34.5191,12.164
8243.17,2432.34,0.29507,93.4241,1152377.4,104.489,4017.28,20.0,36.749,2.466
7248.51,2525.93,0.34847,62.3257,985985.1,112.706,3206.39,68.0,38.7725,14.612
9172.64,3488.86,0.38035,85.1644,1220643.1,124.388,3681.9,23.0,35.6303,16.654
18503.5,6929.61,0.3745,184.191,2542994.8,317.335,6029.43,224.0,25.0526,5.685
5025.64,1539.07,0.30624,49.5535,638380.75,72.8374,2126.68,23.0,42.9393,3.225
10270.8,4507.56,0.43887,109.158,1350133.8,170.175,4191.28,113.0,33.8764,19.183
7956.32,1953.12,0.24548,72.3657,1079436.9,105.936,3971.32,41.0,36.8632,5.708
5546.04,1881.53,0.33925,55.1713,723524.0,88.8274,2759.81,58.0,40.5572,8.093
5905.23,2166.09,0.3668,48.3387,844541.0,80.2882,2774.44,44.0,43.1641,12.273
5625.35,1656.99,0.29455,46.1919,818021.2,63.5406,2512.43,11.0,41.4839,2.581
16698.2,6445.74,0.38601,168.884,2338364.0,289.078,5787.58,115.0,25.7562,10.619
13348.8,6237.96,0.4673,86.4322,1857998.5,221.542,4840.71,8.0,34.3343,19.221
10043.1,3348.19,0.33338,106.126,1398150.1,150.568,4953.77,47.0,32.834,2.54
4654.86,816.63,0.17543,43.3752,630128.44,57.3891,2622.26,16.0,42.6253,4.855
7167.64,1714.28,0.23916,64.8892,1007300.3,84.6,2840.57,23.0,39.9984,13.579
10043.5,4033.28,0.40158,138.414,1340993.1,196.023,4429.59,169.0,30.8378,1.764
7913.25,2441.92,0.30858,58.5519,1091362.5,98.9464,3271.48,29.0,38.1236,11.594
10950.6,2601.65,0.23758,142.516,1524172.8,172.834,4720.13,179.0,27.1937,0.699
7596.02,1896.72,0.24969,71.0935,1106512.9,96.9946,3029.11,14.0,34.5559,1.82
7601.31,2719.77,0.3578,78.6805,1033847.94,114.779,2932.78,111.0,38.4484,1.869
15944.3,6852.12,0.42975,156.721,2257045.5,232.551,5490.99,54.0,23.8011,17.744
10241.1,3263.8,0.31869,105.234,1428088.0,152.863,4084.8,18.0,32.2893,5.548
8267.83,2573.85,0.3113,87.6897,1115305.4,131.561,3934.46,38.0,35.9109,3.765
7917.52,3277.11,0.4139,80.6365,1122584.6,121.752,3302.89,45.0,37.7346,2.971
10793.1,2890.34,0.26779,127.579,1516092.0,174.234,4260.71,49.0,32.3734,1.38
9320.36,2779.64,0.29823,89.8136,1297387.8,121.828,3601.02,57.0,35.011,9.192
14083.8,5250.78,0.37282,122.798,1928554.2,229.754,4527.97,69.0,30.6655,19.146
5796.45,1449.38,0.25004,52.3474,790195.75,84.8395,2915.52,72.0,40.5465,11.435
10319.7,3910.38,0.37892,68.641,1399474.8,147.508,3709.88,44.0,34.8651,4.162
8444.93,2828.47,0.33493,69.2822,1211701.4,112.275,3334.66,68.0,37.2269,18.082
6174.66,1632.27,0.26434,67.8244,848277.56,93.3424,3115.7,65.0,39.5672,13.15
7590.98,2888.36,0.38049,78.5272,1005962.56,131.665,3390.67,45.0,36.9186,10.015
7388.25,2502.73,0.33874,60.7777,1011433.5,98.08,3222.37,58.0,41.165,14.453
12589.1,2639.78,0.20968,139.753,1731184.6,208.059,4885.04,142.0,30.1142,0.719
12576.6,3509.63,0.27906,144.477,1728734.0,168.205,4514.03,89.0,30.965,2.222
13840.3,4692.22,0.33902,158.536,1921349.5,205.154,5078.15,146.0,27.1518,9.431
9603.22,3211.77,0.33444,105.688,1342213.0,121.711,3345.54,46.0,36.0036,11.523
14027.5,4973.04,0.35452,158.359,1966758.5,216.96,5042.3,82.0,27.1969,5.416
17242.9,7706.72,0.44695,199.558,2324615.2,305.786,5849.12,128.0,26.602,14.6
5163.41,1373.68,0.26604,43.1359,721582.7,66.0649,2159.84,23.0,41.8847,1.709
5055.81,1157.33,0.22891,51.7397,659503.9,78.4054,3319.63,10.0,42.085,13.085
14428.2,3350.79,0.23223,185.016,2027861.6,213.847,5142.77,208.0,25.1004,12.517
7014.59,1437.32,0.2049,74.9661,981115.25,82.5848,3164.23,28.0,38.5201,14.558
5826.63,1910.73,0.32793,55.1947,798450.4,79.4032,3204.37,10.0,39.4666,7.713
4066.05,1344.95,0.33077,37.0284,555515.5,51.6348,1395.61,16.0,44.2956,2.291
20601.6,6424.36,0.31183,302.148,2889345.0,367.772,6142.53,144.0,17.4567,4.055
9959.76,3171.74,0.31845,95.8682,1409447.0,134.661,3670.09,10.0,35.149,3.718
11231.3,4504.78,0.40109,84.8033,1524000.2,157.916,4920.98,47.0,34.5574,12.885
17871.0,7216.64,0.40381,193.868,2506332.2,262.923,5216.9,119.0,26.8505,16.459
8711.96,2639.63,0.30298,75.2738,1208364.0,112.939,4289.92,61.0,33.9987,2.072
14435.0,4083.82,0.28291,135.146,2037193.8,218.147,4999.74,58.0,28.5614,4.692
9118.55,2727.33,0.29909,41.5978,1272678.6,101.21,4061.34,100.0,34.5168,4.616
5780.08,1936.86,0.33509,69.3264,799000.0,87.1553,2979.17,31.0,40.0144,2.046
6942.37,1638.28,0.23598,71.1896,915798.4,93.6392,3396.46,79.0,38.6287,3.173
5263.35,1126.95,0.21411,38.8223,739739.6,56.5658,2037.26,43.0,43.6414,10.332
4852.77,2022.05,0.41667,47.7938,700134.06,70.1757,2455.64,44.0,42.9765,11.792
9077.95,2821.81,0.31084,39.1198,1259527.2,115.993,3384.7,38.0,37.599,11.526
8419.09,2511.15,0.29826,84.9528,1192108.2,113.979,3221.03,56.0,37.3573,14.058
18816.9,6800.16,0.36138,200.41,2716364.2,321.939,5404.25,242.0,22.0247,6.678
7452.96,1975.94,0.26512,72.109,1050079.2,99.5034,2928.18,21.0,39.8118,15.8
8462.17,2242.48,0.265,87.6112,1184133.8,110.012,3813.53,34.0,35.1601,1.672
5201.77,2112.7,0.40615,34.9168,737209.2,69.4253,2593.12,39.0,42.7732,2.772
9563.48,3241.59,0.33895,89.3633,1361674.1,136.41,3575.53,11.0,35.4004,2.963
12488.8,4041.28,0.32359,117.986,1677721.4,161.42,5160.26,64.0,33.2032,19.547
7995.72,3424.38,0.42827,50.1021,1080596.8,128.927,3217.69,41.0,37.7449,16.334
11523.5,2997.38,0.26011,100.29,1673016.0,145.723,4837.33,90.0,25.0377,17.34
16729.4,3693.92,0.2208,211.788,2356243.5,257.72,5538.96,84.0,23.7918,2.247
15855.5,4979.07,0.31402,202.785,2080881.0,255.916,6113.48,257.0,21.8697,2.339
8349.02,3407.01,0.40807,90.1166,1205975.4,116.199,3635.73,62.0,33.4251,7.047
5985.26,1878.52,0.31385,66.7414,803737.3,95.7588,3103.34,57.0,39.0502,15.014
5879.17,1834.85,0.31209,54.7437,804905.25,78.6281,3202.8,13.0,39.5762,7.78
4090.79,798.04,0.19508,34.8888,577472.44,38.9974,1788.33,12.0,44.845,3.737
8018.58,1991.35,0.24834,70.1126,1160046.0,104.052,3018.5,25.0,37.6978,2.165
7131.16,1379.69,0.19347,66.4864,997145.6,74.5143,2720.37,106.0,39.4488,10.708
6034.75,1841.56,0.30515,70.6464,837426.9,86.1484,3068.62,36.0,40.2442,1.905
15648.9,5749.54,0.3674,186.822,2209604.0,259.123,5541.31,160.0,23.7396,2.094
6941.19,1615.52,0.23274,95.45,972672.44,89.754,2995.19,24.0,38.4503,11.33
6702.45,2672.24,0.39869,71.0416,914401.0,102.201,3291.99,44.0,39.1626,6.244
5842.99,1676.27,0.28688,59.5386,753791.8,85.6186,2678.71,59.0,40.6251,18.947
16273.5,5308.29,0.32619,166.519,2334696.8,246.149,4817.0,61.0,29.8035,3.253
9777.85,1979.04,0.2024,97.016,1351705.6,122.78,4003.52,51.0,33.9494,14.951
5990.98,1768.91,0.29526,60.4025,827790.4,80.9112,2663.93,45.0,40.7178,2.077
8477.29,3544.73,0.41814,83.2115,1141665.8,134.732,3895.39,48.0,35.7686,16.314
9015.08,2714.83,0.30114,97.3144,1241321.5,123.865,3972.69,97.0,36.2987,16.526
10064.0,2115.31,0.21018,92.9255,1383908.1,123.398,3823.88,150.0,46.5464,4.923
8992.14,3124.28,0.34744,33.4488,1268557.2,118.678,3653.72,82.0,32.9668,11.556
16435.4,5237.33,0.31866,177.799,2394158.2,215.673,5118.2,51.0,25.859,15.879
18639.0,4731.7,0.25386,185.968,2569970.2,239.899,5367.23,68.0,24.7477,17.906
7533.03,2570.62,0.34124,56.9799,1063618.9,94.8094,2865.13,47.0,39.7771,10.264
4119.53,1078.68,0.26184,29.9103,576107.56,46.1489,2077.77,49.0,44.0985,7.851
9355.95,3665.0,0.39172,83.5205,1242869.9,140.291,3960.82,45.0,37.2619,15.913
8399.72,2476.24,0.2948,92.2847,1146798.1,122.685,3242.24,84.0,38.6197,1.67
13802.8,4391.11,0.31813,115.632,1925369.8,205.67,6414.54,80.0,30.0404,10.873
6110.64,1623.71,0.26571,55.0167,830554.56,84.0355,2424.3,33.0,40.3548,4.471
8127.48,2222.2,0.27341,74.8135,1146074.6,98.3161,3641.44,11.0,36.24,14.639
8991.83,2367.51,0.26329,111.703,1232339.9,149.929,4140.41,80.0,33.2777,0.84
10099.4,4378.09,0.4335,95.8955,1471098.8,142.392,4008.35,30.0,33.9199,17.659
7102.52,2220.17,0.31258,75.3728,966656.44,106.561,3360.16,43.0,37.0555,8.304
9513.85,2907.41,0.30559,101.196,1335242.9,132.105,3700.88,130.0,35.4514,2.044
5011.16,1205.04,0.24047,49.8648,646250.9,57.0972,2082.19,18.0,42.7831,3.627
6024.44,2711.77,0.45012,57.1385,848856.1,104.45,2667.2,97.0,40.9414,12.903
8661.32,3359.39,0.38786,74.9408,1195985.2,136.03,3260.9,22.0,35.4669,15.705
15135.3,5831.18,0.38527,158.751,2125565.0,207.291,5240.87,37.0,29.162,1.89
6904.03,2282.55,0.33061,67.5586,981764.75,94.4121,3248.44,21.0,38.9012,2.539
5133.79,1879.72,0.36614,37.4123,699273.75,78.3548,1571.82,7.0,43.7834,9.952
8559.95,2559.97,0.29906,94.5158,1169408.2,97.8346,3433.07,30.0,35.1603,20.868
14830.8,5100.6,0.34391,197.584,2013446.5,252.349,4697.28,34.0,28.7077,2.022
18755.6,4129.92,0.22019,228.956,2631818.5,280.916,5540.13,112.0,23.7007,2.395
7691.12,2412.01,0.3136,89.8882,1050230.8,124.748,3232.13,65.0,38.6871,4.263
18660.0,7626.16,0.40869,208.54,2590274.2,288.214,5416.93,156.0,25.2929,13.172
10082.2,3068.69,0.30436,105.148,1475755.5,155.546,4114.24,82.0,34.4688,19.75
4263.64,989.16,0.23199,36.1743,590018.4,56.5212,1734.96,11.0,44.0221,12.054
7124.23,2116.96,0.29714,70.1509,1033651.06,92.8298,2603.18,33.0,40.2333,6.722
8393.68,2623.51,0.31255,98.0713,1190291.1,115.297,3551.36,90.0,36.9139,2.182
7536.13,2315.89,0.3073,74.3166,1024911.8,95.0874,4331.75,81.0,37.7366,12.789
9172.65,1716.88,0.18717,75.299,1289249.0,103.109,3706.85,70.0,37.0994,15.626
12555.1,3842.8,0.30607,126.491,1786264.5,178.631,4675.93,97.0,28.1439,17.723
6379.16,1555.33,0.24381,55.372,869814.94,82.2589,2523.05,32.0,40.4379,14.976
15100.4,5011.71,0.33189,145.113,2089933.4,226.921,4025.51,83.0,32.0779,19.343
15820.4,5326.92,0.33671,186.903,2194460.8,251.423,5550.21,164.0,23.3938,2.354
8487.57,3121.02,0.36771,81.8754,1140721.6,114.217,3861.24,17.0,36.3922,12.438
8814.64,4582.34,0.51985,87.8445,1097559.1,171.81,2390.23,74.0,40.44,18.147
8650.41,3195.21,0.36937,77.3176,1193349.0,123.528,4192.88,108.0,33.3113,18.477
5768.89,1635.91,0.28357,64.3121,769504.4,82.4737,2789.57,27.0,40.8005,3.876
9110.75,2865.13,0.31447,89.6537,1237168.6,121.745,3836.15,39.0,35.3924,1.943
18764.8,5429.78,0.28935,176.427,2668148.2,257.892,5640.74,204.0,23.4936,11.7
6119.38,1491.44,0.24372,67.1201,845706.25,84.6932,3247.6,41.0,38.5551,12.203
17368.4,5252.89,0.30243,259.537,2378702.0,275.489,4909.86,281.0,26.8916,4.542
13932.0,4978.56,0.35734,159.946,1920154.0,215.9,4989.33,133.0,27.5711,7.691
7542.45,2345.26,0.31094,61.9836,1090325.6,87.7462,4800.08,44.0,37.4518,18.273
7628.29,2581.27,0.33838,65.2824,1045981.3,100.777,3527.11,27.0,37.4877,6.161
7008.58,1739.84,0.24824,71.9907,1014744.1,102.531,4234.77,30.0,36.2091,3.182
19805.5,6046.24,0.30528,247.267,2741669.2,322.69,5528.95,85.0,23.3406,3.361
6648.6,1265.75,0.19037,55.582,875277.44,72.5023,3230.13,44.0,39.757,4.402
3753.21,1359.58,0.36224,26.3363,513349.66,49.944,1446.58,1.0,45.1076,2.36
21475.1,7239.83,0.33712,181.526,3038499.0,355.258,15902.06,99.0,22.8932,3.221
8689.17,2483.69,0.28583,97.4455,1233625.5,112.27,4043.98,121.0,29.4591,13.406
6703.58,1377.39,0.20547,68.6825,948556.2,75.228,3283.63,25.0,30.8459,15.678
6633.57,2115.56,0.31891,61.9095,870366.3,104.325,2661.84,27.0,39.4995,2.631
7011.99,2171.57,0.30969,55.5362,958769.94,102.765,2692.99,26.0,40.7422,11.932
6471.49,1814.26,0.28034,70.2687,922606.25,72.3116,3116.76,17.0,38.9391,1.958
11132.1,3681.81,0.33073,115.534,1541002.4,160.221,4287.0,77.0,32.8044,4.646
7211.26,2795.88,0.38771,77.7981,1020460.8,132.806,2831.97,45.0,38.5815,13.11
8462.66,2163.71,0.25567,87.6591,1193447.4,101.547,4281.43,35.0,34.4213,1.741
6733.67,1473.99,0.21889,64.4759,916901.9,71.4413,3317.78,46.0,38.8529,4.583
25375.9,9150.51,0.36059,341.627,3419331.5,451.961,6550.97,236.0,17.718,18.407
6545.07,2312.66,0.35334,64.5866,907372.7,90.0857,3857.25,63.0,38.7761,4.154
6331.28,1863.41,0.29431,58.8703,828313.1,84.4116,2642.24,37.0,39.3129,3.079
9907.49,3977.94,0.4015,79.0427,1346308.9,156.049,3712.3,103.0,32.9882,18.278
4597.46,917.22,0.1995,45.1513,626129.6,63.03,2659.64,14.0,42.7054,2.036
7837.7,2912.4,0.37158,59.0536,1099527.9,124.452,3785.48,58.0,36.1393,16.744
10138.1,4168.28,0.41115,77.3967,1414962.2,152.234,4144.19,80.0,33.935,16.125
13422.7,3497.7,0.26058,189.171,1824961.8,220.643,4553.91,167.0,28.9789,1.992
5296.29,1886.2,0.35613,42.1141,769814.44,81.7175,2387.65,45.0,42.8773,10.878
7491.03,2265.38,0.30241,76.1958,1085991.0,106.257,3089.9,23.0,37.7231,2.045
7700.07,2229.21,0.2895,66.8724,1054530.4,105.696,3418.99,50.0,38.0982,9.087
6659.33,1327.73,0.19937,57.9163,951438.25,72.5212,3095.79,53.0,39.0799,17.187
6774.26,2655.17,0.39194,52.4076,931819.94,108.562,2973.93,73.0,39.3762,15.608
9233.4,2242.62,0.24288,117.854,1287697.4,158.124,3852.71,14.0,34.2534,1.88
6938.1,2836.2,0.40878,57.8204,965280.5,106.193,4293.29,19.0,41.0679,20.467
6909.14,2137.17,0.30932,50.0004,891719.2,116.176,4609.27,22.0,40.8493,1.87
10116.9,2028.24,0.20048,99.6177,1424569.9,121.94,3789.76,139.0,35.0574,4.168
5654.65,1240.2,0.21932,54.8989,816060.6,65.2415,2772.47,25.0,39.6827,3.862
7636.49,2374.21,0.3109,95.7178,1033221.7,117.141,3269.19,79.0,38.5342,1.839
9505.34,3298.96,0.34706,88.4624,1276381.2,142.709,4172.61,18.0,32.9188,18.385
7557.4,2505.87,0.33157,67.8921,1035007.3,102.589,3302.27,36.0,38.239,6.016
17009.8,5405.59,0.31779,170.838,2320307.0,222.433,5576.75,120.0,24.5892,9.4
5694.5,1841.75,0.32342,36.9255,787251.2,79.7432,2240.22,14.0,42.2148,18.002
6699.71,1798.92,0.2685,67.3733,900518.2,90.7537,2990.34,20.0,39.0613,1.951
5492.94,1871.26,0.34066,44.747,732607.7,95.1872,3115.94,61.0,36.8979,14.14
11978.8,3264.59,0.27253,148.947,1714592.5,165.169,4672.73,27.0,28.6162,1.625
16026.9,5419.24,0.33813,180.598,2216429.0,251.159,5280.98,110.0,23.5277,10.591
14601.9,5280.8,0.36165,128.082,2090178.1,188.804,5730.8,144.0,24.0969,20.211
6433.75,1494.59,0.2323,51.7757,873548.5,82.2352,2545.31,24.0,41.4507,13.353
5277.98,2632.28,0.49872,47.9382,744351.94,111.379,2195.72,93.0,42.6491,11.426
8251.0,2496.8,0.3026,89.7098,1116412.0,118.171,3236.45,81.0,38.6583,1.728
8161.27,3016.12,0.36956,85.1075,1160662.2,136.157,3508.2,48.0,35.4849,3.125
11978.5,3288.57,0.27453,164.921,1692287.2,194.825,4649.08,108.0,29.5772,2.357
9285.54,3491.73,0.37603,79.685,1259160.8,139.032,3590.31,73.0,37.2438,13.858
14873.4,5642.43,0.37936,194.117,2071954.8,232.512,5516.38,109.0,25.787,19.088
9824.5,2981.1,0.30343,100.927,1385299.2,132.896,4068.88,32.0,34.2631,2.945
7992.98,3078.29,0.38512,54.906,1104375.2,122.208,4930.05,34.0,39.4052,7.78
7954.69,1729.75,0.21745,76.1936,1138089.5,110.277,4044.42,104.0,34.9189,1.057
15159.8,4000.33,0.26387,158.536,2106577.5,167.984,5377.14,33.0,26.3704,17.925
10212.9,3657.27,0.3581,96.3711,1424029.4,129.623,3735.34,47.0,34.6885,13.107
15442.5,4929.37,0.3192,173.648,2146637.0,244.252,5354.54,125.0,22.6945,3.889
7456.72,2152.95,0.28872,78.5126,1021039.4,118.49,3088.6,76.0,39.0749,1.197
4628.01,1020.9,0.22059,44.9497,653029.06,61.0526,2600.42,18.0,42.356,3.531
8282.61,2693.57,0.3252,69.1346,1119148.9,116.812,4509.17,60.0,35.2959,5.116
10902.0,3160.87,0.28993,99.3936,1494942.4,135.808,5686.68,39.0,30.0043,15.274
15564.3,4183.32,0.26877,203.795,2146262.8,245.283,5099.94,123.0,26.5985,2.31
10484.2,3507.94,0.33459,94.6619,1454764.9,142.52,3940.58,16.0,34.5297,3.466
13727.4,4084.48,0.29754,149.017,1877039.8,204.568,4564.93,32.0,29.9415,2.047
6343.91,2103.84,0.33163,66.5725,850755.94,100.347,3038.08,82.0,39.5893,16.689
11867.3,3541.56,0.29843,87.8858,1679301.4,174.812,6252.06,77.0,30.4411,8.378
16070.1,6056.7,0.37689,194.985,2172645.8,248.191,5187.61,117.0,25.8247,10.08
6560.93,1594.23,0.24298,71.7081,907848.4,94.4751,3168.51,68.0,39.0219,13.313
4978.3,989.0,0.19866,48.7099,638429.06,65.4137,1983.99,35.0,43.1952,14.386
15328.8,4164.15,0.27165,154.35,2214200.8,226.24,5130.26,230.0,23.9628,20.666
12968.0,4408.72,0.33996,143.622,1833626.4,209.356,4956.87,147.0,28.43,2.552
6558.85,1398.75,0.21326,54.2886,913903.2,88.1029,2818.69,18.0,40.4997,0.997
6180.34,1914.75,0.30981,61.3138,824793.9,93.6569,3250.42,65.0,39.2921,11.73
5052.11,1928.39,0.38169,42.8178,691021.7,73.4826,1660.53,16.0,42.5867,12.325
14063.8,3923.67,0.27899,168.829,1925335.5,202.862,5172.54,192.0,28.7347,2.054
16831.7,6779.06,0.40275,176.929,2254341.5,320.0,6045.48,215.0,25.4101,5.521
8363.47,2139.94,0.25586,67.2692,1211227.4,93.3226,3062.74,69.0,39.2502,19.321
7990.32,3399.83,0.42549,73.3823,1086886.2,124.568,3875.05,37.0,38.6417,11.569
7607.18,1717.07,0.22571,77.1695,1027175.3,117.348,3513.54,39.0,36.2061,1.542
9274.96,3101.66,0.33441,74.8449,1285059.4,126.585,4225.56,18.0,33.3394,10.479
6130.72,1647.52,0.26873,41.2787,842320.0,93.6756,3359.67,23.0,41.3491,12.054
10069.2,3492.48,0.34684,116.901,1370513.5,170.561,3777.82,28.0,31.0011,3.28
19202.4,5050.83,0.26303,231.721,2696616.8,281.57,5730.96,94.0,22.7833,1.549
7822.25,2355.08,0.30107,60.3789,1064283.9,109.842,3066.43,18.0,38.5158,9.917
4172.46,1300.37,0.31165,34.7302,573739.0,51.5685,1388.62,32.0,44.2976,11.423
13401.8,4825.53,0.36006,153.221,1851462.9,226.597,4783.52,83.0,28.9638,3.976
9759.01,2953.09,0.3026,99.978,1340041.6,160.52,4165.36,69.0,33.1268,0.841
7482.22,2009.49,0.26856,69.422,1067796.9,104.692,3766.23,11.0,36.2425,9.216
6572.82,1595.3,0.24271,68.4371,923095.3,74.1376,3473.56,19.0,34.1118,1.606
9336.17,2807.78,0.30074,100.251,1297358.6,130.756,3639.81,8.0,35.2103,1.931
19280.7,4954.66,0.25697,236.084,2712239.5,284.371,5709.89,89.0,22.8924,1.529
8668.05,2372.2,0.27367,95.1463,1194340.2,126.342,4035.55,115.0,33.2426,11.448
9737.62,3011.51,0.30926,95.1059,1350547.8,135.596,3966.14,97.0,34.2861,12.474
10850.8,3622.07,0.3338,113.241,1541585.5,140.81,3947.68,52.0,34.4369,2.082
5839.42,1582.69,0.27103,64.904,783942.94,76.3867,3296.51,52.0,37.8175,12.875
6268.25,1593.42,0.2542,56.6893,849078.3,80.7565,3077.74,36.0,39.4158,5.258
5576.24,1425.32,0.2556,65.5796,696602.7,86.2414,3067.63,19.0,39.487,4.582
8711.72,1520.98,0.17459,71.1336,1248916.5,75.9427,3499.0,67.0,37.7352,17.457
22231.8,7440.69,0.33468,161.041,3105004.2,348.892,10905.37,81.0,24.1413,19.496
14090.5,3436.01,0.24385,162.847,2046347.8,216.522,4764.69,180.0,28.2411,17.842
9875.93,3518.37,0.35625,105.409,1390542.4,135.48,3684.22,14.0,35.0138,2.62
8216.16,1975.56,0.24044,73.802,1103156.4,107.016,3814.21,87.0,36.7146,13.79
5448.52,1686.27,0.30949,55.0525,745541.94,76.4563,3150.05,12.0,38.5684,7.93
6661.9,2392.75,0.35916,81.2465,908240.56,93.6353,3133.29,55.0,39.126,1.696
4999.46,1107.05,0.22143,48.5922,700689.06,81.197,2697.64,5.0,41.0634,12.302
7645.91,2228.48,0.29146,91.6169,1032431.3,113.359,3206.26,82.0,38.7376,1.773
9268.59,2203.07,0.23769,112.183,1254261.1,116.944,4104.77,33.0,34.7105,6.094
18636.1,5444.06,0.29212,257.675,2538316.8,309.644,5737.57,333.0,21.2279,2.671
3871.19,716.33,0.18504,42.2673,531824.56,47.6604,2164.67,28.0,44.5657,15.606
6921.5,2250.92,0.3252,55.1125,942829.56,92.6792,2777.92,31.0,40.7332,10.133
6253.27,2136.23,0.34161,66.5119,842949.06,104.387,2992.81,81.0,39.8262,16.518
16354.4,4841.42,0.29603,169.037,2343982.0,203.565,5737.15,71.0,24.2582,20.954
8866.25,2691.36,0.30355,98.1846,1224806.9,143.022,3280.06,15.0,36.4329,1.905
8670.71,2531.46,0.29195,93.3818,1187992.5,118.718,3827.85,41.0,35.0973,2.323
15106.3,3712.09,0.24573,180.629,2139431.0,214.075,5703.25,70.0,23.0152,1.486
13216.5,4236.12,0.32051,155.82,1826980.5,186.272,4732.14,33.0,46.5464,4.793
13416.9,4228.54,0.31516,153.467,1903799.4,195.109,5833.04,69.0,25.0715,1.735
11343.3,3096.16,0.27295,140.949,1592702.1,172.906,4703.42,169.0,28.6318,0.852
10151.9,4327.18,0.42624,102.144,1453676.5,143.696,4033.05,31.0,36.4171,13.801
9075.23,2616.86,0.28835,84.3653,1266909.8,122.202,4091.53,76.0,33.4984,6.404
4771.7,895.77,0.18772,46.4056,686412.44,55.3261,2196.66,79.0,42.7651,0.614
6751.78,1683.65,0.24936,85.5853,927848.56,107.428,3870.7,21.0,36.2246,1.285
15119.0,3306.0,0.21866,209.537,2078196.6,252.221,5094.4,148.0,25.5956,2.253
14769.5,4913.89,0.3327,160.541,2034981.0,213.414,4937.75,145.0,28.246,5.182
14077.7,4176.45,0.29667,203.933,1858199.0,238.591,5594.82,255.0,23.7643,3.145
8030.51,2927.73,0.36457,81.3331,1149538.0,116.695,3115.11,13.0,38.051,17.763
5184.04,1361.0,0.26253,30.4799,719992.56,79.3715,2766.88,24.0,40.5229,11.357
6769.85,1928.27,0.28483,63.3758,895383.75,87.674,3364.86,73.0,38.4799,14.49
7731.19,1997.42,0.25835,85.5684,1064638.0,112.497,3100.91,21.0,37.6996,0.553
8421.81,1834.31,0.2178,78.038,1176469.8,108.48,3788.68,17.0,34.308,3.105
10781.5,3247.73,0.30123,132.54,1524089.1,175.541,4229.84,56.0,32.5793,1.518
12052.5,4195.91,0.34813,149.689,1684163.5,158.244,5181.11,37.0,27.7287,6.081
16447.7,6581.47,0.40014,95.546,2319893.8,260.362,19115.08,94.0,31.7817,4.262
9758.79,3508.62,0.35953,102.003,1370679.6,129.086,3528.74,43.0,37.0069,14.163
8371.58,2695.34,0.32196,74.6901,1170015.2,103.231,4018.2,25.0,39.7432,6.905
5284.64,1777.98,0.33644,43.5255,700868.75,71.6858,3611.34,23.0,43.2764,12.748
8164.44,2611.17,0.31982,75.6317,1122747.1,116.504,3956.75,88.0,37.756,4.831
15637.2,5323.35,0.34042,184.596,2177519.2,263.074,5437.02,173.0,23.8286,2.327
4679.75,1026.25,0.21929,42.6317,652480.6,59.9503,1974.09,2.0,42.6059,2.078
8847.88,2069.87,0.23393,68.7613,1259234.9,85.6785,3629.44,78.0,37.4976,14.385
4862.89,1184.65,0.24361,37.1685,663504.9,54.5686,1504.52,11.0,41.8562,8.324
6514.76,1698.16,0.26066,65.3632,897397.0,90.0044,3199.33,50.0,38.8147,5.071
9365.55,3739.09,0.39923,86.9882,1299339.0,154.867,3784.32,18.0,35.9567,15.491
15643.2,4950.31,0.31645,178.697,2208497.0,246.325,5075.8,92.0,26.3876,6.464
4865.47,1544.85,0.31751,33.8721,698665.94,54.6284,1571.19,36.0,44.8429,5.993
10414.0,3444.75,0.33078,123.458,1434758.5,178.399,3838.76,33.0,32.7313,3.52
11855.8,3650.95,0.30794,138.176,1623995.0,190.89,4182.59,70.0,33.0208,1.907
10185.6,3123.14,0.30662,102.215,1461584.9,139.131,3781.13,12.0,36.2192,16.031
8098.87,2804.44,0.34627,76.2925,1094046.2,111.303,3671.17,82.0,36.7556,3.763
5498.88,2075.47,0.37743,50.4489,775713.2,71.3567,2132.33,27.0,41.7618,6.179
11347.8,4749.9,0.41857,90.1502,1526682.8,187.284,3999.4,77.0,33.3084,14.514
5896.37,1556.61,0.26399,43.6091,813120.9,89.1328,2805.29,39.0,40.8497,14.262
7222.87,2878.52,0.39852,62.8152,1064177.4,96.6136,3217.36,30.0,38.8583,1.308
9707.47,2796.73,0.2881,91.6433,1373465.5,130.365,4012.6,100.0,30.8854,3.796
11910.3,5104.97,0.42861,94.5052,1705043.6,162.954,4231.16,30.0,32.1655,19.757
11276.8,2974.17,0.26374,134.7,1548205.8,163.766,4438.29,91.0,31.6594,2.123
9366.42,2712.48,0.28959,86.7729,1343104.9,123.054,3967.83,3.0,34.0582,1.883
8440.68,2475.63,0.29329,72.3716,1195635.2,99.5009,3298.4,27.0,36.6055,14.103
12468.4,3604.46,0.28908,173.032,1751936.4,206.743,4681.52,112.0,29.2784,2.377
5459.8,1564.78,0.2866,55.0185,747248.3,78.9633,2351.98,53.0,41.3161,16.155
15846.4,6509.27,0.41077,189.825,2161586.0,253.967,4108.99,116.0,25.2047,20.616
11648.2,3811.11,0.32718,114.47,1671259.6,165.424,5031.75,78.0,34.9778,15.188
5362.09,1728.47,0.32235,53.8637,733769.6,78.8417,3060.99,13.0,39.3423,7.958
8334.41,2150.84,0.25806,80.5478,1169196.8,113.932,3316.81,9.0,36.5736,2.2
11591.1,2102.74,0.1814,149.155,1640501.0,168.345,4628.02,146.0,29.8561,1.761
12509.1,3558.0,0.28443,112.395,1792212.8,143.501,4833.33,140.0,29.3049,20.409
7896.61,1748.82,0.22146,75.5476,1101852.4,96.1517,3229.39,24.0,37.587,17.938
11368.1,3755.75,0.33037,94.9973,1582754.1,154.971,5621.65,134.0,31.3415,17.655
15596.8,5129.37,0.32887,185.022,2149857.5,240.203,5769.52,138.0,27.2555,14.883
13436.0,4615.66,0.34352,119.514,1800311.4,189.805,5257.23,64.0,29.2573,13.929
7634.83,1896.59,0.24841,56.2524,1079377.4,80.5089,3402.91,20.0,38.2233,12.084
17163.9,5819.29,0.33904,234.016,2349537.8,301.556,4975.8,152.0,26.0715,7.159
13514.6,3656.41,0.27055,184.755,1857540.6,216.044,4566.84,176.0,28.9633,1.901
9124.11,2655.36,0.29102,88.9651,1234396.8,125.159,3834.43,30.0,34.9303,1.944
7077.18,2383.32,0.33676,59.9611,982115.9,104.144,3786.83,74.0,38.2116,1.834
8845.62,2672.26,0.30209,81.9142,1234347.5,112.994,4275.77,59.0,35.9972,1.165
8194.09,3390.67,0.41379,80.7531,1145395.1,120.889,3289.44,52.0,37.409,6.231
10875.6,3074.74,0.28271,126.619,1511023.9,156.048,4884.99,66.0,29.4563,14.917
4271.6,1346.13,0.31513,37.2208,577515.5,51.2062,1437.52,17.0,44.2087,1.706
8385.93,3225.03,0.38457,54.847,1202022.8,120.37,4942.35,30.0,38.916,20.681
11561.1,4488.71,0.38825,91.7991,1594813.6,160.396,4874.74,32.0,32.5982,19.445
8117.47,2574.31,0.31713,88.109,1119458.6,115.745,3147.61,27.0,37.7211,2.593
7318.25,3309.39,0.45221,65.4976,1044550.75,104.478,2560.82,81.0,39.396,17.368
9504.07,1717.25,0.18068,85.3765,1338008.9,107.206,4489.02,33.0,46.5464,0.0
7886.68,2112.19,0.26781,57.056,1151700.4,101.393,2606.88,72.0,41.2422,7.991
8309.33,1924.75,0.23163,81.4836,1178883.0,106.565,3776.93,26.0,35.3161,3.54
9494.25,3485.14,0.36707,91.9879,1367463.5,116.154,3757.24,50.0,35.3561,14.027
10348.1,2360.51,0.22811,123.631,1428222.1,164.322,4629.69,71.0,30.0194,1.708
11259.4,2522.54,0.22403,147.885,1554092.6,182.029,4150.85,60.0,31.7107,2.144
10137.1,2250.54,0.22201,93.1634,1419138.0,110.873,4691.56,31.0,32.2821,4.349
7086.21,1440.73,0.20331,58.407,976998.8,94.0665,3380.98,51.0,37.8257,10.416
8234.12,2143.51,0.26032,95.4872,1115049.0,127.671,3472.12,11.0,32.1251,1.6
6282.55,1959.59,0.3119,62.3981,845415.94,93.3144,3292.16,56.0,38.4499,15.22
13165.6,4323.01,0.32835,157.231,1868367.0,170.773,5601.98,62.0,25.6304,16.22
23535.5,5680.47,0.24135,315.901,3226548.5,411.178,6228.15,127.0,19.8262,1.137
11964.1,2196.66,0.1836,142.33,1623811.6,190.588,4887.75,141.0,29.8508,0.537
8803.25,3483.03,0.39565,75.41,1207872.8,131.252,3829.99,23.0,35.3965,15.993
14462.0,4434.91,0.30665,171.145,2086267.5,264.157,4921.95,85.0,27.1719,3.287
12844.1,3285.37,0.25578,170.929,1809534.1,207.503,4949.35,200.0,28.0508,2.337
10401.4,4458.67,0.42866,82.597,1452881.6,174.68,5242.84,104.0,33.79,4.516
6946.78,1237.42,0.17812,70.2842,946020.8,76.4273,3035.79,47.0,37.8959,9.076
5507.73,1596.91,0.28993,36.6872,754452.2,70.6394,2264.05,18.0,43.4848,14.631
10758.9,3298.69,0.3066,131.054,1495507.0,158.872,4686.46,73.0,30.1619,7.161
7078.42,2351.44,0.33219,65.8981,983329.44,98.1999,3342.08,19.0,38.4611,17.588
7024.8,1472.5,0.20961,62.5136,944316.7,93.7597,3240.37,48.0,39.2057,11.211
9354.68,2722.99,0.29108,92.9473,1290969.4,108.774,3476.65,20.0,35.3361,13.184
14160.1,6499.13,0.45897,96.1229,1991724.8,218.426,5031.7,84.0,29.9971,13.754
5852.76,1180.78,0.20174,49.8262,829033.0,68.1753,2861.43,9.0,41.8521,9.769
7636.28,2798.24,0.36644,78.6459,1052277.8,135.375,3488.42,21.0,36.7955,17.002
7238.4,2426.99,0.33529,58.8453,1000775.7,104.722,3943.44,73.0,38.8146,1.862
6121.76,2150.24,0.35124,37.8651,840457.6,80.9762,2538.66,43.0,42.0552,13.765
4088.51,1273.9,0.31158,33.9272,557897.25,51.3207,1440.59,16.0,44.0396,1.58
6859.62,1687.16,0.24595,55.0944,932221.06,85.4669,2493.07,28.0,39.9541,13.37
8480.16,3055.01,0.36025,94.026,1161976.9,137.953,3232.76,78.0,38.5501,2.764
5813.62,2047.94,0.35226,70.9448,805989.4,86.9085,2993.87,38.0,39.7321,2.006
13436.5,4659.28,0.34676,130.515,1839530.4,211.506,4013.3,152.0,32.2843,13.801
13440.5,4364.26,0.3247,181.041,1847138.1,249.902,4463.57,30.0,29.009,1.965
8605.42,1967.89,0.22868,62.6548,1254158.1,89.0824,3082.52,31.0,38.0895,6.025
8001.13,2609.23,0.3261,70.1534,1079526.4,120.112,3472.56,77.0,37.0619,3.892
8771.17,2957.02,0.33712,62.84,1243737.2,118.495,5008.31,62.0,36.3288,15.954
18674.0,5659.86,0.30308,270.97,2544385.2,300.464,5716.92,323.0,21.315,2.546
6266.69,1835.63,0.29291,79.9854,850375.5,99.0999,3475.64,28.0,38.4029,6.636
6485.91,1718.84,0.26501,71.388,860484.1,97.21,3442.39,76.0,37.9775,1.499
13207.9,3269.23,0.24752,168.642,1820856.5,208.35,4728.36,110.0,29.1715,3.917
8617.18,2259.63,0.26222,62.2229,1197779.2,112.298,3393.04,35.0,37.6643,12.835
4152.09,1285.5,0.3096,35.8616,566627.94,49.7412,1431.53,17.0,44.1698,1.724
7509.16,2635.97,0.35103,63.4331,1071421.6,107.099,4205.46,43.0,38.0434,16.384
11875.8,4459.82,0.37553,145.374,1716944.2,190.334,4649.56,148.0,29.467,18.748
12547.4,4789.37,0.3817,95.5433,1762438.1,199.062,5875.19,100.0,34.3248,12.811
8759.2,2863.61,0.32692,69.6908,1158040.0,136.743,4444.72,70.0,33.0373,5.267
8230.31,2839.75,0.34503,66.4787,1111369.5,126.741,4215.99,71.0,35.8779,6.576
8739.84,2088.79,0.23899,80.7194,1269026.2,100.704,3683.32,17.0,35.8352,8.811
11646.8,3191.21,0.27399,165.4,1635323.8,184.013,4491.05,82.0,30.7001,4.017
7071.6,2408.98,0.34065,58.8192,1018899.5,94.1086,4298.14,25.0,36.224,13.165
9456.08,3075.65,0.32525,97.0906,1334812.9,122.231,3495.85,81.0,36.504,13.149
7432.18,2015.22,0.27114,71.0693,1009577.9,100.456,3388.64,77.0,36.7053,3.114
15757.1,3524.41,0.22367,171.874,2229266.2,230.701,4908.13,74.0,27.1593,3.564
5152.91,1697.1,0.32934,50.0819,667835.7,73.5981,2332.85,28.0,42.6675,7.556
18013.5,5100.02,0.28312,224.368,2494555.5,278.709,5803.82,191.0,21.5896,2.473
6514.3,1687.77,0.25908,66.9102,886632.2,79.4199,3252.6,48.0,39.0651,11.394
11983.3,3125.42,0.26081,135.642,1672207.6,164.853,4230.46,37.0,31.0633,17.992
14111.4,4929.1,0.34929,195.83,1918347.4,248.117,4591.77,26.0,28.6845,2.657
12886.7,4500.99,0.34927,162.708,1788152.5,220.542,4802.51,121.0,28.5195,3.558
7381.15,1870.32,0.25339,65.1234,1032550.25,85.86,3027.11,96.0,38.17,2.584
11954.6,4363.74,0.36502,148.568,1729995.5,211.62,4706.56,160.0,29.3772,11.289
10373.3,3029.93,0.29208,116.723,1472977.1,149.834,3786.88,86.0,35.214,2.889
5520.14,1870.74,0.33889,59.8661,704126.9,92.8661,2690.04,37.0,39.2301,11.749
9214.18,2987.15,0.32419,88.0197,1292243.4,123.46,4088.24,45.0,35.8874,2.795
14715.7,5162.75,0.35083,176.7,2156006.0,277.724,4955.15,59.0,26.4771,2.023
6777.7,2734.62,0.40347,52.9357,957983.5,101.943,2611.02,85.0,40.5474,13.699
4131.6,1245.18,0.30137,37.0843,562412.44,51.7981,1400.41,17.0,44.2935,1.723
11436.8,3464.04,0.30288,101.925,1573722.6,166.959,6444.62,122.0,34.1169,2.547
8121.54,2879.15,0.3545,84.5048,1146600.4,130.758,3305.93,2.0,36.3839,15.342
8246.61,2784.05,0.33759,67.9317,1095820.0,121.509,4542.32,61.0,33.6206,4.762
11683.0,3787.61,0.32419,136.113,1678817.8,182.768,4471.09,45.0,31.1827,4.167
9701.53,3646.99,0.37591,137.074,1280327.6,178.391,4419.86,168.0,30.8024,2.564
13422.4,4209.61,0.31362,154.293,1858527.1,230.864,4665.66,79.0,29.2552,4.571
10705.4,2636.78,0.2463,132.99,1490159.0,169.838,4661.28,173.0,28.9403,0.747
15493.9,5679.89,0.36658,161.866,2213923.2,248.825,6447.32,57.0,21.2649,20.025
6835.18,2431.52,0.35573,63.9104,897936.5,112.666,3356.22,72.0,39.4354,13.194
4443.05,1539.28,0.34644,32.3058,634150.5,55.2712,1559.88,35.0,43.77,4.988
19384.9,6832.63,0.35247,192.419,2679914.2,270.866,6267.02,131.0,21.2153,20.535
13031.8,3253.04,0.24962,155.63,1860499.9,213.697,4930.86,207.0,28.0316,1.738
14017.2,3589.09,0.25604,167.296,1905040.4,214.976,4847.56,127.0,27.5328,4.272
10019.9,3492.17,0.34852,108.963,1425535.9,145.94,3934.37,132.0,35.1097,14.48
9567.6,2274.58,0.23773,96.7972,1347223.4,107.589,3893.58,45.0,34.7804,16.605
6775.54,2192.25,0.32355,65.8399,888122.9,96.7915,3574.02,67.0,38.1176,4.223
4478.25,1189.1,0.26552,45.8409,603704.7,64.9879,2692.83,15.0,42.9329,2.436
17993.1,6067.45,0.3372,160.524,2577105.0,267.126,6351.73,145.0,23.0817,12.325
6891.42,1968.93,0.2857,60.3899,955088.94,88.2688,2654.93,25.0,40.0484,3.003
5883.51,1393.55,0.23685,67.3027,815252.3,78.8968,2761.41,82.0,39.7258,8.52
7892.01,2029.97,0.25721,82.4153,1041470.4,119.607,3413.01,17.0,36.2079,16.286
14676.0,4923.12,0.33545,167.434,2038047.8,254.555,5492.25,222.0,27.6717,3.966
10052.6,4360.53,0.43377,91.6814,1404579.0,164.898,5307.55,86.0,30.1958,20.11
15731.0,3080.47,0.19582,195.612,2155452.2,246.68,5165.0,165.0,25.4162,2.589
7334.93,1815.21,0.24747,67.3003,1069631.9,79.2714,2617.43,31.0,40.1323,4.34
15136.7,4876.79,0.32218,158.069,2146396.0,211.044,5781.46,160.0,25.2716,13.545
10613.5,2646.74,0.24937,145.317,1494370.2,152.576,4101.71,138.0,32.4526,2.842
9497.21,2287.73,0.24088,108.386,1299239.6,142.903,4038.2,43.0,30.2688,2.352
5598.07,1980.17,0.35372,55.2333,778813.6,92.1505,2643.5,46.0,40.5356,16.884
7036.05,1705.42,0.24238,75.8096,953375.44,91.4481,3346.91,31.0,33.0085,7.846
8854.24,3230.08,0.3648,79.3354,1266275.2,143.96,3524.57,61.0,35.8312,5.143
14185.9,4391.91,0.30959,177.768,1960618.5,241.491,4341.08,37.0,30.0177,5.248
13392.3,4765.85,0.35586,132.206,1832818.2,193.621,4103.31,55.0,33.9633,18.967
9346.48,3398.08,0.36356,95.8525,1223129.8,144.317,4292.5,66.0,36.3285,16.907
7238.47,2481.05,0.34275,69.2521,1016559.06,94.8295,3250.23,38.0,36.1639,15.025
16294.4,5038.96,0.30924,180.465,2229125.8,292.626,5346.85,92.0,24.6357,6.383
14938.4,4941.64,0.3308,116.022,2099844.0,221.323,9723.09,89.0,31.0664,8.752
6026.52,1939.91,0.32189,58.3368,828291.06,85.518,2785.23,48.0,40.2528,1.527
12496.6,4702.82,0.37632,128.315,1782629.6,181.347,5226.98,141.0,31.5437,15.094
9639.39,2510.49,0.26044,117.795,1332935.9,136.86,4170.87,132.0,32.9489,1.935
6326.0,1793.97,0.28358,68.1745,907943.9,81.5064,3076.6,14.0,38.4354,2.189
6756.78,2057.55,0.30451,64.5735,932471.75,91.4369,3118.55,49.0,41.0401,2.477
14324.6,4574.93,0.31937,157.187,1992044.6,219.777,5222.78,174.0,29.7842,1.742
10813.8,4145.19,0.38332,92.4878,1457140.0,185.021,4290.73,57.0,32.4781,17.081
7806.42,3093.32,0.39625,88.4474,1036558.2,122.17,3484.86,32.0,37.6292,13.84
29107.3,11322.6,0.38899,268.668,4027583.5,399.135,7613.7,144.0,23.4881,6.953
8281.84,1601.36,0.19335,75.4918,1185280.5,108.423,4055.67,103.0,34.882,1.099
8012.87,2493.62,0.3112,94.8372,1083942.0,129.607,3867.43,38.0,35.4204,5.115
7654.9,1927.23,0.25176,67.0177,1054524.4,106.102,3666.11,22.0,37.7869,1.197
7669.17,2261.21,0.29484,84.8223,1028844.25,128.885,3579.27,48.0,36.2455,6.302
9336.46,2594.7,0.27791,92.5712,1290766.8,126.041,3808.21,41.0,35.1028,2.842
7975.41,2624.32,0.32905,71.3522,1113802.2,108.393,3331.18,40.0,37.293,4.955
4810.73,1336.85,0.27788,45.0494,690115.56,61.8556,2547.21,47.0,42.2892,9.614
8267.93,3073.71,0.37176,67.5564,1173726.9,118.729,3182.61,30.0,39.3057,13.465
7607.19,2373.6,0.31202,56.4667,1070719.8,89.7582,3392.4,22.0,38.6668,13.146
10247.0,2628.75,0.25653,97.1718,1402202.9,131.682,4641.6,41.0,29.4039,11.984
6011.67,1895.93,0.31537,62.2378,858362.25,77.7676,3840.1,61.0,33.7178,13.654
8076.09,2447.84,0.30309,58.0465,1105531.5,112.87,3239.59,20.0,38.1296,9.791
8387.19,2278.04,0.2716,91.7564,1178104.0,109.957,4083.76,125.0,34.6103,4.951
11196.3,3469.4,0.30987,127.498,1586015.2,180.209,4448.41,40.0,30.8418,3.077
12436.1,3890.94,0.31287,118.526,1671191.6,154.727,5071.0,68.0,27.7405,16.365
6450.68,2086.91,0.32351,58.3739,921681.1,89.4879,2610.43,61.0,41.3954,6.094
6750.11,1856.46,0.27502,40.2943,929992.8,100.569,4167.66,27.0,40.9365,18.548
6075.27,788.09,0.12972,45.9984,861058.44,71.5907,2698.7,2.0,42.1892,0.544
11090.9,2752.17,0.24814,128.132,1574522.4,154.568,4635.92,54.0,31.7938,2.037
4850.75,1243.3,0.25631,46.4326,674089.56,56.4712,1917.07,15.0,43.8404,1.828
6157.34,1969.37,0.31984,33.8768,851522.94,84.1515,2218.28,30.0,41.94,14.485
12169.5,2739.98,0.22515,138.028,1691280.4,150.54,4462.35,59.0,30.6054,2.62
14384.4,3325.47,0.23118,176.452,2011888.0,207.017,4122.26,139.0,31.7446,1.517
13754.1,4562.52,0.33172,124.433,1946334.0,182.277,5033.94,54.0,37.3224,18.304
6304.02,1691.38,0.2683,62.8686,855431.4,84.1268,3066.48,35.0,40.3614,2.763
5303.35,786.77,0.14835,50.7952,730662.44,56.9614,2953.01,20.0,40.0212,3.53
18459.3,5954.04,0.32254,205.815,2560465.5,297.301,6045.44,229.0,21.5676,10.348
4002.84,1268.1,0.3168,34.5932,548015.06,53.2309,1373.37,32.0,44.4262,11.813
13441.0,2799.25,0.20826,167.028,1892529.6,199.133,4038.72,144.0,32.1674,1.433
8807.13,3514.27,0.39902,87.834,1232606.5,141.526,3234.3,63.0,35.3143,15.285
21107.9,7985.23,0.3783,175.651,2899990.2,360.272,14631.78,111.0,28.7575,5.401
5147.06,1986.24,0.38589,35.037,728727.3,65.2303,2563.63,35.0,42.6234,2.206
9998.91,4067.53,0.40679,107.796,1375865.6,156.015,4387.34,81.0,33.2398,16.713
18341.5,5054.17,0.27555,246.161,2525941.0,308.767,5268.13,207.0,25.4882,4.037
5272.17,2043.82,0.38766,45.1782,770427.1,81.6229,2673.23,48.0,41.5352,11.516
11871.0,4894.15,0.41227,116.442,1609505.4,193.225,4626.01,96.0,29.5313,14.433
4921.62,1248.42,0.25366,54.4717,676397.0,75.3284,2253.4,14.0,46.5464,2.803
7803.2,2821.01,0.36151,57.5786,1118297.6,111.201,4809.69,20.0,40.2415,14.07
5907.4,1439.02,0.24359,53.3647,771279.0,77.6151,3093.38,28.0,40.1857,13.317
9108.18,3113.17,0.34179,105.928,1274833.6,128.323,3664.99,8.0,35.1733,2.306
7514.27,1980.04,0.2635,83.2056,1014308.6,124.093,3468.34,38.0,36.5383,1.625
13823.4,4192.82,0.30331,173.746,1911333.2,217.653,4779.47,119.0,28.7425,5.167
12889.5,3567.46,0.27677,144.697,1844249.8,195.57,5309.65,34.0,28.9193,15.155
8054.33,2262.44,0.28089,79.7175,1107306.4,100.231,3683.08,78.0,37.7689,5.491
10260.3,3166.03,0.30857,90.568,1451921.8,134.12,4246.39,98.0,33.3255,3.785
8499.89,2176.72,0.25608,72.463,1165090.6,101.457,3762.9,42.0,38.0931,12.475
9128.9,3280.73,0.35937,68.6833,1270437.2,129.124,3370.55,61.0,36.5612,13.599
4048.4,724.46,0.17894,39.4545,532020.06,59.399,2571.58,11.0,43.4466,2.141
7587.05,3897.46,0.51369,90.6485,937839.5,146.635,2139.11,93.0,41.2956,17.443
8229.15,2740.89,0.33307,71.466,1172160.6,118.133,3361.8,75.0,38.796,11.478
15439.6,3809.19,0.24671,245.197,2104556.5,261.674,4769.76,298.0,27.649,4.414
3795.1,1143.0,0.30117,34.8686,518366.5,46.6947,1397.18,17.0,44.3424,1.59
6485.18,2903.78,0.44775,54.5005,859672.44,111.155,3125.43,52.0,38.8692,16.336
9271.21,1924.09,0.20753,100.063,1290695.5,134.714,3655.13,26.0,34.0844,1.305
9121.22,2870.63,0.31471,99.0754,1247000.5,136.337,3524.16,121.0,46.5464,1.748
7923.76,3161.08,0.39893,81.4845,1132731.1,113.133,3265.26,39.0,38.0514,2.977
7107.87,2079.9,0.29261,66.1888,1032958.3,89.7315,2718.15,33.0,39.576,15.31
6139.47,1752.9,0.28551,46.658,832319.0,98.1572,3049.44,63.0,37.7461,16.624
9333.58,3832.56,0.41062,88.6306,1289678.2,137.558,3756.81,121.0,34.7619,3.898
15177.7,3723.08,0.24529,208.248,2085452.6,261.379,5123.99,157.0,25.1494,2.781
8709.68,3190.43,0.3663,77.3104,1178148.6,136.515,3526.56,74.0,37.2184,16.371
15228.3,4168.71,0.27374,209.307,2084751.9,264.551,5105.5,170.0,19.0665,2.884
9358.7,2712.75,0.28986,110.123,1306104.0,101.241,4206.38,160.0,32.7943,14.091
7239.93,2735.28,0.3778,63.8086,1057336.0,97.7676,3217.66,30.0,35.0302,1.391
8482.51,2314.7,0.27287,82.7386,1158688.0,120.245,3285.05,83.0,38.4245,1.68
3401.12,985.09,0.28963,26.3388,470331.12,37.9472,1398.61,8.0,45.3546,6.512
10954.8,4067.09,0.37126,97.6749,1504771.9,172.742,3841.74,97.0,34.705,18.244
20418.4,5889.62,0.28844,250.732,2787727.5,311.475,5586.9,207.0,23.7267,4.911
5095.97,1243.03,0.24392,47.8059,714883.6,66.8211,2745.89,14.0,40.3165,3.679
12794.9,2565.96,0.20054,157.669,1746937.5,186.367,4811.64,147.0,29.8754,0.739
10823.0,2331.39,0.21541,139.149,1471258.9,145.773,4426.18,104.0,31.2838,2.246
5120.12,856.29,0.16724,44.367,706898.4,70.3738,2489.52,33.0,41.3653,12.872
9635.51,3889.76,0.40369,74.6919,1292383.5,142.675,3880.55,38.0,35.9171,17.846
13088.4,4060.45,0.31023,167.563,1775008.0,215.647,4772.95,109.0,28.7605,4.673
11197.5,4631.85,0.41365,92.1336,1573974.5,165.152,4074.99,19.0,36.5404,13.56
7047.81,2730.3,0.38739,73.4515,985187.5,113.548,3508.49,80.0,36.8884,13.596
9872.71,3171.2,0.3212,86.2993,1390695.1,139.195,3731.77,33.0,36.4587,13.14
7835.48,2011.44,0.2567,70.1736,1140658.2,97.7335,3069.97,17.0,37.775,2.395
7551.45,1508.24,0.19972,74.0699,1082363.0,68.8221,3068.87,15.0,34.9102,9.891
9356.84,3823.36,0.40861,93.3065,1359623.8,123.059,4553.55,32.0,32.5971,16.596
12827.6,3274.14,0.25524,171.458,1783430.2,194.441,5099.09,69.0,26.6764,2.283
13212.1,4679.17,0.35415,148.536,1855876.9,210.435,3962.48,132.0,32.5938,20.757
7342.36,2427.17,0.33057,77.2386,1012712.7,93.0429,3734.16,36.0,36.678,1.529
6394.88,2428.34,0.37973,38.3938,868651.0,99.1278,1863.88,7.0,44.1088,5.293
7553.22,2641.12,0.34966,81.1081,1028885.06,106.91,3420.82,20.0,37.3621,12.637
11784.8,3208.96,0.27229,150.413,1677076.6,170.096,4652.99,27.0,29.1008,1.636
5294.18,985.92,0.18622,49.9059,760654.9,65.0772,2843.68,57.0,40.1381,1.384
13480.2,3389.91,0.25147,163.019,1897071.9,199.624,5064.39,198.0,27.5167,2.156
4931.37,957.4,0.19414,41.5017,706832.56,59.1308,2184.27,80.0,42.439,0.714
9269.54,2533.38,0.2733,87.0666,1312838.1,115.567,4247.12,72.0,32.8683,5.631
7818.38,2024.54,0.25894,68.8357,1100425.4,84.9021,3526.7,30.0,34.3095,13.55
7608.15,2005.57,0.2636,78.1853,1013037.7,99.8844,3393.39,28.0,37.4369,13.407
10062.3,2642.29,0.26259,115.58,1416714.6,156.047,4212.0,55.0,33.0874,3.221
8013.23,2993.65,0.37358,74.6595,1099766.0,111.757,3301.28,26.0,37.8982,3.28
22506.0,8762.21,0.38932,196.27,3000209.2,360.386,6349.05,152.0,20.2814,18.434
9231.85,2749.76,0.29785,67.3908,1238022.0,117.314,4125.54,19.0,34.5803,8.872
14763.8,3770.85,0.25541,186.667,2077502.4,210.394,5708.65,66.0,23.0552,1.163
12500.9,3935.29,0.3148,124.175,1781361.8,179.924,4416.85,89.0,31.1546,14.988
6894.15,2011.2,0.29172,62.8154,914230.75,93.3319,3554.76,64.0,38.0451,4.588
7239.83,2186.62,0.30202,62.6393,1037094.56,88.2825,3487.86,48.0,39.1165,10.957
5499.2,2455.9,0.44659,62.5763,739458.44,104.501,3223.73,38.0,38.5287,10.094
8732.18,1830.68,0.20964,80.7812,1264674.8,101.775,3894.85,10.0,35.0607,1.454
7644.44,1884.58,0.24652,65.7946,1123913.5,94.6553,3041.14,18.0,37.9748,1.811
6516.99,2488.44,0.38183,75.4244,886349.4,87.8138,3219.18,32.0,39.4456,1.918
9596.25,2519.34,0.26253,98.2927,1344841.9,126.465,4338.84,38.0,33.1645,2.631
11837.3,5049.76,0.42659,96.3511,1691186.6,160.48,5165.75,49.0,37.2482,15.663
9060.33,3194.19,0.35254,93.2377,1251254.8,114.531,3958.01,20.0,35.6881,14.37
18154.1,7162.0,0.39451,172.096,2494098.2,254.602,5476.76,92.0,25.1889,19.615
12499.4,3176.54,0.25413,160.987,1737660.2,197.24,4814.21,71.0,28.6699,2.839
6382.58,2498.16,0.3914,73.3037,875886.2,86.7365,3222.48,32.0,40.467,2.861
6824.03,2057.2,0.30146,65.8284,940198.0,93.0453,3107.52,56.0,39.5164,3.066
18943.7,5464.26,0.28844,252.115,2556068.5,315.18,5780.67,334.0,21.5374,2.584
8664.35,2497.63,0.28826,86.1552,1226725.0,121.116,3972.97,39.0,35.1407,2.795
7502.94,2620.51,0.34926,55.2043,1059836.1,107.697,3758.92,17.0,37.0331,12.577
24405.0,7572.69,0.31029,178.088,3480319.0,349.187,11677.59,218.0,23.4384,5.889
16781.6,4494.24,0.2678,256.523,2287113.5,264.071,4936.37,270.0,27.2453,4.738
6440.3,1735.99,0.26955,66.2447,867834.7,91.4569,3337.46,60.0,38.7456,8.069
11913.0,3233.01,0.27138,151.776,1705110.8,168.394,4687.37,26.0,28.9186,1.877
9380.99,2781.09,0.29646,101.184,1275116.9,129.862,3937.27,28.0,34.5367,3.099
16596.9,6247.76,0.37644,193.554,2345485.2,268.226,4847.13,168.0,22.5052,19.786
11166.5,3825.25,0.34256,132.795,1541201.6,196.725,4312.41,81.0,32.4425,2.474
5565.15,1536.23,0.27604,66.5433,696771.3,86.2243,3089.63,18.0,39.326,2.295
19730.0,6408.12,0.32479,244.192,2749010.5,341.126,5802.46,213.0,24.5675,5.899
8153.78,3424.57,0.41999,79.2038,1102310.4,130.023,3970.53,47.0,35.8806,16.143
6993.54,2133.14,0.30501,83.5416,945808.06,109.5,3105.75,70.0,39.16,1.565
6103.8,2008.12,0.32899,55.6102,838830.7,84.6351,3221.99,15.0,39.3742,8.413
16865.5,3987.03,0.2364,213.462,2371945.5,257.303,5673.42,87.0,23.0489,1.61
15833.6,5848.4,0.36936,189.688,2213916.5,253.752,5129.48,19.0,25.9629,1.907
5656.26,869.84,0.15378,69.686,793589.1,72.3516,2948.51,64.0,40.8501,13.393
8744.56,2225.77,0.25453,80.7749,1237125.9,110.812,4030.59,38.0,34.7233,2.225
8798.85,2680.5,0.30464,100.771,1235146.0,140.826,4181.7,82.0,33.4164,17.618
9419.72,3610.48,0.38328,86.2789,1331502.4,136.351,3804.29,108.0,34.2813,3.49
15146.5,4452.99,0.29399,181.812,2064402.0,222.896,5135.73,88.0,26.0427,4.886
9622.81,2792.54,0.2902,99.9611,1354266.9,134.232,3687.92,119.0,35.4881,2.108
8386.08,2347.1,0.27988,94.4461,1189594.0,118.61,3861.15,3.0,34.9189,1.632
23327.8,7244.06,0.31053,312.939,3212980.0,374.972,6422.83,123.0,17.7193,4.12
25566.9,8773.52,0.34315,249.227,3576344.5,405.232,28900.49,182.0,24.4116,5.186
12126.0,3660.1,0.30183,96.4283,1664635.6,174.86,4077.36,134.0,33.308,17.297
10347.1,2409.65,0.23288,91.9346,1447254.9,140.677,3716.34,126.0,34.7249,2.994
15921.2,5557.87,0.34908,107.555,2286300.2,214.886,5996.98,73.0,31.43,16.665
7521.6,1528.87,0.20326,81.1435,1069476.6,96.5102,3707.48,52.0,32.7556,1.863
9849.13,3480.44,0.35337,103.676,1385134.8,153.108,4069.27,109.0,27.6927,17.569
15236.0,3910.15,0.25663,165.312,2179343.0,205.623,4966.5,35.0,25.8334,2.746
13028.3,4882.72,0.37477,121.971,1908563.8,187.183,4568.86,136.0,30.9225,5.307
13145.9,3279.02,0.24943,145.817,1806396.1,206.389,4786.8,55.0,31.8344,2.064
6311.58,2266.12,0.35904,57.4272,868586.5,102.517,3003.84,58.0,39.5234,3.275
8851.92,3296.74,0.37243,89.0836,1213460.2,117.311,3490.44,36.0,38.1634,14.464
12114.4,2969.88,0.24515,104.58,1706981.2,155.06,4642.89,55.0,33.2854,1.609
6852.99,1319.78,0.19258,62.175,933097.1,87.2307,3200.14,32.0,38.3671,4.349
7748.87,3179.66,0.41033,75.365,1078809.8,128.09,3784.97,58.0,35.7422,16.428
5340.8,1791.79,0.33549,54.3407,749023.06,83.9311,2626.7,47.0,40.7326,16.116
6638.64,2268.87,0.34176,84.272,900521.56,104.475,3667.24,23.0,36.5092,4.266
21725.0,6171.66,0.28408,295.066,2951854.2,317.277,6604.48,295.0,18.5964,1.497
7828.31,2659.68,0.33975,70.9825,1046815.5,116.767,4440.29,72.0,33.3119,3.009
5102.42,1902.03,0.37277,48.9837,728186.56,71.0944,2562.94,60.0,42.7299,10.058
8454.12,2264.38,0.26784,89.4224,1188617.2,118.757,3280.27,5.0,36.7906,2.312
8523.71,1851.99,0.21727,96.1741,1180966.4,138.326,4010.7,170.0,33.7291,2.095
20601.6,6424.36,0.31183,302.148,2889345.0,367.772,6142.53,144.0,17.6131,4.055
4848.11,1024.69,0.21135,48.9198,615234.8,59.4068,1992.44,30.0,43.3669,6.655
13667.9,3069.98,0.22461,174.95,1935575.0,221.345,4809.83,86.0,27.8265,3.981
6792.65,2668.33,0.39282,56.9178,934109.5,103.324,3723.01,23.0,39.4405,9.734
8919.08,2712.31,0.3041,75.6559,1249328.5,114.946,4307.54,61.0,34.2448,2.48
9335.18,3437.49,0.36822,84.0985,1295463.1,133.217,3766.92,121.0,34.6888,2.676
6988.39,1862.25,0.26647,41.4491,955848.5,109.735,3544.68,27.0,42.5377,14.403
10356.5,3042.25,0.29375,97.7601,1445567.0,158.083,3579.46,109.0,35.8011,5.8
8164.75,2970.24,0.36378,64.1406,1109350.0,109.622,3286.52,37.0,38.6019,15.218
10947.1,3075.61,0.28095,104.87,1518248.8,139.412,3962.01,9.0,33.8978,18.136
10888.0,3855.29,0.35408,78.1879,1500932.2,145.977,3531.34,90.0,46.5464,2.441
5660.49,1499.04,0.26482,51.7207,783246.0,73.9367,2847.64,5.0,46.5464,12.132
11780.6,3233.77,0.27449,148.707,1677536.1,167.978,4713.46,27.0,29.6124,1.56
5055.7,1074.89,0.2126,44.7897,690493.06,69.0752,2828.12,15.0,43.0696,2.193
23804.9,7319.87,0.30749,314.41,3303012.5,367.798,6354.97,94.0,17.7342,3.807
7269.74,2197.48,0.30227,63.2929,998476.9,99.7769,3070.91,28.0,36.9664,8.269
9936.25,2123.67,0.21372,91.9643,1381568.0,115.613,3700.65,39.0,37.0885,15.967
13662.2,3598.15,0.26336,155.656,1902069.2,220.569,5411.36,212.0,25.7703,3.249
11884.0,3691.16,0.31059,147.442,1703112.1,203.88,4825.81,55.0,29.7919,1.204
13520.8,4454.98,0.32949,138.619,1870598.9,209.021,4060.35,105.0,31.8746,18.515
5736.94,1543.24,0.269,58.6267,775913.25,77.9264,2949.47,36.0,40.2138,10.109
7728.19,2462.77,0.31867,76.686,1085331.8,102.971,3638.54,30.0,33.6094,14.498
10257.6,4395.57,0.42851,89.7582,1474458.4,145.977,3926.84,62.0,34.8378,13.016
8597.19,2266.9,0.26367,98.8984,1202135.5,126.658,3264.48,4.0,37.0083,0.62
13376.7,5206.96,0.38925,144.126,1838447.9,211.999,4845.4,118.0,29.8025,13.177
6541.12,1373.49,0.20997,65.2052,904977.6,86.0645,2661.88,46.0,40.5652,2.703
11601.5,3496.95,0.30142,102.064,1592569.9,169.788,6363.78,122.0,34.2328,1.655
8458.65,2463.57,0.29124,92.9328,1181808.8,120.998,3628.98,93.0,30.6827,2.249
18288.3,6000.11,0.32808,238.609,2502139.0,247.705,5635.58,135.0,24.8734,2.256
18695.5,5059.4,0.27062,254.656,2583542.8,299.118,5346.67,210.0,24.8941,4.881
9662.84,3038.71,0.31447,94.9145,1377038.4,129.64,4204.83,90.0,31.6174,7.698
7670.47,2340.52,0.30513,80.5905,1100405.1,105.903,3414.55,60.0,34.0486,6.934
15433.7,5005.07,0.32429,184.724,2129995.0,247.892,5239.5,218.0,27.7687,5.096
5236.25,1682.41,0.3213,54.356,717720.2,74.584,3027.59,18.0,40.13,8.094
10079.2,4190.84,0.41579,99.4358,1417054.5,144.474,3604.37,133.0,36.7525,17.932
7804.05,2416.48,0.30964,63.0339,980891.9,110.833,3218.62,33.0,39.7217,2.862
8190.53,2396.38,0.29257,67.7063,1096160.0,99.5279,3571.56,22.0,36.7807,5.468
9117.81,2215.01,0.24293,60.4941,1285582.1,94.4154,3725.73,34.0,35.9048,15.699
5910.75,1306.88,0.2211,65.8444,830062.44,74.4181,3050.2,19.0,39.1248,1.63
7154.14,2454.06,0.34302,67.8282,1001531.56,93.5982,3231.45,80.0,36.8044,12.031
9257.79,1949.78,0.2106,96.1528,1292427.0,133.807,3650.62,16.0,33.9973,1.875
4049.15,1189.58,0.29378,34.8915,551675.4,51.3494,1389.8,30.0,44.456,11.323
5949.78,1538.75,0.25862,51.1583,772811.44,97.9423,3424.14,15.0,39.7314,1.684
7439.79,2923.08,0.39289,64.8899,1046345.3,106.307,3892.38,70.0,37.5184,4.741
8782.66,3158.86,0.35967,106.301,1207222.1,142.775,3727.06,43.0,34.7651,10.163
6851.09,2195.18,0.32041,72.8283,948446.7,97.1881,3688.57,40.0,36.3481,1.709
5231.5,2094.15,0.40029,34.5466,738055.44,69.5528,2308.72,38.0,42.6357,7.202
7800.74,2743.05,0.35163,78.867,1103615.2,113.935,3332.12,54.0,37.6726,3.453
9467.27,3038.17,0.32091,85.1047,1338662.9,134.827,4142.2,68.0,33.5404,11.692
6951.26,1612.81,0.23201,62.1697,921053.4,86.8301,3314.96,19.0,38.2242,13.88
9426.62,2699.7,0.28639,73.5733,1263248.2,133.612,3280.24,55.0,37.6743,17.182
16106.9,5757.3,0.35744,187.328,2119996.0,235.477,4347.61,117.0,30.4082,3.001
6127.89,2035.37,0.33214,64.6332,865166.7,83.5863,2284.25,88.0,40.5857,12.534
15525.6,6594.4,0.42474,122.192,2112473.8,258.313,5694.21,101.0,27.8012,17.957
6834.47,1798.92,0.26321,62.1528,946397.44,78.9189,3240.57,43.0,38.3017,12.583
5318.71,1391.89,0.26169,36.0608,727212.4,68.4684,1999.8,22.0,42.5937,14.19
4585.73,1429.37,0.31169,47.5172,575671.7,78.4349,2129.97,24.0,43.6876,12.775
15232.8,5652.04,0.37104,139.872,2133212.2,229.292,4777.44,120.0,27.7238,19.169
9533.3,2208.5,0.23166,111.873,1308719.4,148.921,4011.92,39.0,34.0551,1.9
5269.46,1095.61,0.20791,45.3173,738941.94,66.0204,2645.64,16.0,42.1254,3.274
8730.17,2502.75,0.28667,78.6909,1206961.0,108.862,3676.23,55.0,37.3659,12.696
5672.79,1181.66,0.2083,49.5719,816378.1,71.2834,2856.59,59.0,40.3632,1.429
6023.13,1677.56,0.27851,49.5778,823809.6,91.2865,2731.29,60.0,37.3337,14.4
6057.99,1551.57,0.25611,60.5039,824952.6,79.4327,2547.3,13.0,40.3647,3.456
10281.2,3621.88,0.35228,105.286,1449569.2,137.283,3725.22,8.0,34.935,2.704
8358.47,2435.53,0.29138,94.9279,1096145.1,129.947,3783.27,31.0,36.3449,4.66
6179.93,1359.71,0.22002,57.1514,860713.9,80.2979,2455.74,16.0,40.023,11.424
8445.26,3511.91,0.41584,91.8346,1218754.1,124.493,3634.65,20.0,35.9482,16.358
5042.65,1126.42,0.22337,45.8829,706891.06,64.9432,2678.15,21.0,41.9942,2.895
8182.24,2144.57,0.2621,94.3662,1077054.1,117.493,3818.32,37.0,36.6233,5.321
5691.59,1743.17,0.30627,57.4601,750565.06,87.5922,2676.32,26.0,41.0816,4.201
5853.07,1468.68,0.25092,45.0171,830812.75,63.1342,2462.35,10.0,41.5296,2.33
12239.1,4393.14,0.35894,127.566,1701452.8,183.727,6322.57,70.0,24.3292,3.653
10183.2,3438.28,0.33764,88.0063,1435079.2,146.226,4107.37,108.0,33.0612,4.466
14265.9,5223.62,0.36616,126.098,2037739.0,221.804,5157.04,122.0,26.5407,20.226
14837.7,3863.46,0.26038,200.347,2047092.0,255.383,5084.22,182.0,25.5989,3.276
6270.61,1682.54,0.26832,52.8985,881756.94,76.1243,3350.46,57.0,38.7139,2.393
6082.64,1996.26,0.32818,73.5855,827976.75,86.8078,3202.67,55.0,38.7653,1.87
13783.6,3907.06,0.28345,188.324,1900269.1,219.248,5567.34,134.0,23.1614,1.067
9739.45,3582.45,0.36782,65.4703,1300173.0,147.169,3755.54,60.0,36.4319,11.492
15027.0,3443.28,0.22913,174.198,2111478.2,238.112,4870.25,83.0,27.6098,3.818
8549.41,1368.09,0.16002,78.0855,1139809.8,102.777,3749.37,31.0,36.947,15.463
9165.17,2529.06,0.27594,90.0892,1281170.1,108.652,3339.58,46.0,36.7603,14.601
8219.87,2638.6,0.321,79.5317,1149381.2,121.433,3337.98,42.0,37.4905,3.089
4432.8,907.31,0.20468,42.1952,599331.75,65.0719,2634.16,13.0,42.8982,2.388
7744.55,2701.53,0.34882,78.1481,1059284.4,122.675,3899.88,93.0,35.3123,15.652
7222.97,2147.86,0.29736,57.3054,1038337.4,87.8953,2673.7,58.0,40.9529,4.006
16581.9,4171.42,0.25156,230.022,2322603.0,272.993,5590.74,112.0,21.8897,3.239
11580.2,4676.23,0.40381,136.984,1544965.5,188.123,4111.32,44.0,33.0172,5.251
8245.27,2437.73,0.29565,83.7021,1181489.0,113.64,3903.55,42.0,35.6526,2.702
12704.6,4397.84,0.34616,156.067,1743455.5,237.382,4765.84,157.0,28.6222,11.66
9252.67,3104.5,0.33552,75.0326,1296838.6,126.472,4233.61,18.0,33.2758,10.453
7739.17,1979.66,0.25579,88.0217,1087290.0,109.093,3884.18,20.0,36.3043,1.853
6801.17,2373.49,0.34898,63.5894,944260.44,101.778,3893.3,74.0,35.802,1.49
7213.84,1346.43,0.18664,89.3513,951194.2,104.739,3810.68,32.0,36.3792,3.473
4985.18,1162.65,0.23322,49.4358,636013.44,61.8697,2115.04,41.0,42.9391,2.825
4314.97,1194.85,0.2769,33.1446,609028.1,55.0728,1862.27,22.0,44.4382,9.389
9330.25,3885.62,0.41645,86.5663,1329311.1,164.019,4120.03,80.0,33.3293,14.65
7171.97,2374.6,0.33109,52.3333,1008420.06,109.473,3240.74,10.0,40.8515,10.762
8392.09,3236.17,0.38562,92.0892,1186567.6,109.684,3610.23,42.0,35.6459,17.441
8000.25,1822.13,0.22775,74.2628,1138881.1,96.1123,3482.46,54.0,36.3523,12.293
6187.01,2159.86,0.34909,71.0376,856155.9,89.0378,3044.03,32.0,39.9123,3.961
14063.4,2916.61,0.20739,163.362,1905902.9,214.123,4851.73,94.0,27.8716,2.508
5041.06,1080.01,0.21424,42.9535,721546.4,63.1305,2715.65,15.0,40.2961,2.384
13265.8,3867.94,0.29157,169.43,1839331.0,218.361,4732.76,116.0,28.4681,4.645
10960.3,3547.59,0.32367,106.808,1572303.0,178.337,3777.53,31.0,34.4832,4.326
6772.11,2469.43,0.36464,75.7663,916023.8,107.354,3279.19,29.0,39.2854,13.351
8792.26,3651.98,0.41536,75.7287,1197620.2,128.332,3481.04,95.0,35.9842,16.176
6517.61,1655.63,0.25402,73.7602,856640.4,93.6179,3444.62,76.0,37.915,1.33
21084.0,6310.08,0.29928,251.429,2938841.2,318.06,5776.42,204.0,21.9962,4.976
6726.58,3142.44,0.46716,77.5475,857199.9,144.589,1945.41,84.0,42.3415,12.98
14366.4,3622.07,0.25212,213.311,1981784.0,246.667,4971.68,137.0,26.5837,3.026
11700.9,4159.69,0.3555,155.287,1625202.1,206.024,3970.84,122.0,32.6116,20.773
15332.5,4730.85,0.30855,166.771,2179957.2,231.037,4830.14,41.0,28.3709,2.759
4563.39,835.75,0.18314,42.8945,636413.75,66.4885,2455.13,20.0,41.8242,13.922
16556.2,5891.11,0.35582,190.852,2363436.8,247.187,4966.9,59.0,26.206,6.508
8757.63,2207.99,0.25212,82.5539,1264452.1,117.445,4103.53,122.0,35.3553,15.125
5853.15,1121.66,0.19163,54.0807,787121.7,75.9177,2504.75,30.0,40.8579,12.26
15374.7,4188.47,0.27242,204.911,2139753.2,253.883,5037.24,129.0,26.1818,2.398
10607.5,3121.67,0.29428,95.3697,1502226.5,138.414,4325.66,110.0,31.7817,4.262
14769.5,5837.23,0.39522,216.513,2130563.8,248.38,4899.14,83.0,46.5464,3.634
7409.21,1411.8,0.19054,55.4284,980732.0,82.8367,3129.83,53.0,38.6795,5.03
20092.8,5935.08,0.29538,244.933,2784665.5,326.865,5533.54,82.0,23.3408,3.285
5079.37,1577.3,0.31053,45.0426,705438.1,62.8305,2021.43,22.0,43.5391,2.218
16000.4,4413.72,0.27585,185.852,2259135.2,222.298,5724.18,69.0,22.7561,1.488
8919.25,2138.62,0.23977,103.379,1220792.1,141.815,3991.32,31.0,34.1495,1.971
6231.45,1354.76,0.2174,55.8198,860226.56,73.3417,2515.38,16.0,40.5392,2.436
9004.85,3401.09,0.37769,71.4541,1197291.4,151.287,4143.78,73.0,32.5826,18.939
5924.27,2445.46,0.41278,56.5871,837315.94,81.4286,2495.15,111.0,41.0368,12.719
9797.61,4215.77,0.43028,93.8135,1362903.2,165.272,4274.36,80.0,33.4223,17.033
5045.18,1812.96,0.35934,50.4621,700726.5,73.0414,2255.07,21.0,42.4523,1.922
9277.72,3768.48,0.40618,93.0378,1274700.1,138.343,3817.82,69.0,36.1336,16.207
14428.4,4212.92,0.29198,200.148,1907714.0,244.622,5585.06,255.0,23.8479,3.156
12078.9,5393.13,0.44649,91.8557,1684034.4,183.6,4684.31,82.0,30.3922,17.31
7260.5,1993.96,0.27463,81.8434,998805.2,105.361,3053.38,16.0,37.6365,0.71
12977.4,3920.52,0.3021,162.15,1795555.2,212.009,4859.63,80.0,28.0105,3.402
6992.28,2223.68,0.31801,52.841,946747.75,93.6391,2721.96,15.0,40.3696,6.605
23470.2,7193.56,0.30649,300.766,3269017.2,387.7,6382.79,105.0,17.7532,3.753
8341.5,2622.06,0.31433,84.1315,1126317.8,121.341,3870.63,27.0,35.5556,15.83
14336.2,2737.4,0.19094,178.598,1988992.6,225.806,4692.64,26.0,28.2451,1.261
9890.51,3803.45,0.38455,118.862,1361582.9,183.816,3792.53,30.0,32.8718,3.484
15358.1,3872.59,0.25215,179.265,2162613.2,220.197,5695.17,146.0,23.0363,1.21
15936.2,5747.11,0.36063,188.636,2231287.0,257.433,4501.03,35.0,26.3187,1.912
10517.3,2401.54,0.22834,59.8989,1478673.2,113.396,4153.15,71.0,34.0781,15.426
5757.26,1424.0,0.24733,50.6771,743206.3,92.1425,3365.93,19.0,41.3264,2.075
7379.15,2388.1,0.32362,56.4118,1003781.75,115.179,3371.66,24.0,38.6982,5.991
9341.94,3942.8,0.42205,80.991,1301391.5,145.366,3788.87,118.0,34.4568,2.94
11710.8,3815.52,0.32581,108.311,1646335.0,152.377,4662.24,95.0,33.0284,17.19
10030.3,2638.1,0.26301,95.352,1368765.6,130.068,4630.66,41.0,28.9231,11.997
7026.75,2662.68,0.37893,66.8202,999347.06,104.77,3600.48,65.0,38.4598,12.07
11374.2,3055.1,0.26859,91.4366,1552262.2,146.705,4345.97,62.0,33.9502,15.608
15299.6,3936.95,0.25732,183.871,2166325.2,216.391,5708.49,66.0,24.4316,14.697
6917.86,2601.19,0.37601,65.5444,998375.94,93.5986,2288.21,89.0,40.4262,11.387
21664.5,6213.37,0.28679,308.088,2967712.2,310.028,6589.69,285.0,18.6529,1.376
6341.81,1511.7,0.23837,71.1012,890176.6,73.979,2861.37,80.0,39.2243,7.16
8749.29,2789.08,0.31877,67.3103,1172128.0,130.95,5343.53,64.0,32.5725,3.849
9025.31,2608.97,0.28907,100.595,1229790.5,125.472,3593.05,120.0,35.1067,1.628
6202.78,1677.16,0.27038,67.5651,882723.0,77.2257,3117.67,14.0,38.6958,1.75
10483.4,4130.05,0.39396,121.702,1438162.1,195.91,4529.74,80.0,31.5755,10.155
9286.4,1973.48,0.21251,92.7215,1299052.6,120.727,4154.38,37.0,34.1534,1.872
7716.31,2162.65,0.28026,64.8714,1079864.6,93.2323,3236.68,12.0,39.2761,14.482
7091.16,2363.57,0.33331,79.3873,971434.3,109.456,3844.0,95.0,35.6875,15.998
15248.6,5754.77,0.37739,197.371,2028088.1,251.533,5310.34,99.0,25.1252,8.005
8534.16,2590.05,0.30349,75.0951,1193836.4,119.124,4068.1,22.0,33.5756,8.249
13207.2,2551.75,0.1932,168.343,1789050.9,211.947,4709.22,104.0,28.8842,1.786
4074.87,708.8,0.17394,39.8429,537119.5,60.1525,2562.83,11.0,43.4461,2.055
5283.99,880.18,0.16657,50.2804,724070.06,55.9611,2966.3,18.0,39.8923,3.863
8356.54,2298.2,0.27501,94.7894,1185849.5,115.743,3550.98,94.0,36.8969,2.147
7627.26,2616.89,0.34309,68.7657,1041056.3,112.757,4912.99,86.0,31.067,20.342
8206.88,2650.62,0.32297,81.1525,1120926.8,108.142,3756.84,3.0,36.2897,7.401
14435.3,4153.72,0.28774,188.968,2010669.6,223.099,5567.01,140.0,22.9663,0.897
8743.71,2245.11,0.25676,100.348,1227430.4,126.524,3233.0,4.0,37.0581,0.61
6771.79,2290.89,0.33829,70.7698,976251.56,102.457,3314.65,18.0,36.4909,13.7
7655.11,2910.88,0.38025,57.0863,1035424.94,116.762,3506.49,65.0,38.6743,18.777
4732.98,1317.05,0.27827,45.5849,673099.5,60.7314,2285.69,47.0,42.3545,12.253
7908.45,1938.32,0.24509,95.8701,1063505.5,121.776,3859.74,27.0,34.6416,3.559
8274.86,2760.1,0.33355,93.894,1112787.6,120.816,4314.01,110.0,33.2797,3.033
13328.4,4383.96,0.32891,164.973,1826007.4,195.137,4913.68,67.0,28.2062,3.454
6524.68,1100.17,0.16861,54.4803,868801.56,68.2865,3370.58,19.0,39.0398,15.882
5942.11,2702.37,0.45478,58.6255,844787.2,103.937,2435.78,76.0,40.9494,15.403
8425.29,3124.23,0.37081,94.1101,1210247.0,125.056,3620.6,31.0,35.7538,12.367
9762.23,2528.9,0.25904,95.2434,1344463.1,126.659,4406.92,44.0,32.81,13.715
14536.8,5351.79,0.36815,94.3553,1935504.5,218.258,4933.72,114.0,30.4753,12.886
8110.91,2322.53,0.28634,78.8974,1136881.4,108.455,3446.85,34.0,37.743,5.345
10897.8,4426.44,0.40617,106.024,1490288.9,174.507,3817.46,54.0,37.5138,16.531
12552.7,3543.63,0.2823,157.839,1759662.0,205.019,4780.54,72.0,28.1028,3.271
8290.56,2506.02,0.30227,92.6042,1174625.2,116.145,3556.49,84.0,36.7808,2.393
15084.7,4644.06,0.30786,210.412,1997619.9,244.849,5765.07,247.0,22.3759,3.176
7054.52,1740.59,0.24673,75.0184,983150.25,92.6849,3328.75,44.0,33.1923,13.372
5885.39,1826.81,0.31039,70.3904,821577.7,84.6113,3043.76,34.0,40.2294,1.657
6970.93,1930.91,0.27699,52.368,975857.2,84.2618,3453.24,58.0,39.171,2.298
23508.6,7657.9,0.32574,300.981,3290890.0,395.677,6306.63,95.0,17.8646,3.404
11701.1,2701.98,0.23091,89.7531,1633554.4,145.5,4437.49,150.0,32.8685,4.091
9269.72,2076.97,0.22405,71.8959,1298804.9,109.664,3967.44,31.0,35.3234,15.2
10355.0,4737.19,0.45747,90.5143,1463273.0,159.557,4236.73,35.0,34.8212,17.112
9748.6,3404.22,0.3492,67.1646,1423391.6,121.482,3105.75,62.0,37.7114,17.322
13157.3,4132.24,0.31406,161.678,1819680.6,190.678,4894.71,78.0,28.3629,2.983
8051.68,2224.69,0.2763,80.4824,1129377.9,95.6095,4230.53,58.0,34.2253,3.536
11714.4,4576.44,0.39066,115.607,1593348.5,179.653,4502.8,97.0,32.7578,13.707
5212.07,1390.64,0.26681,69.3228,675995.8,82.065,2574.65,39.0,41.7088,3.788
9919.71,3203.88,0.32298,105.255,1392375.6,128.038,3606.57,19.0,35.474,2.536
8612.04,3084.12,0.35811,76.9897,1165909.6,132.318,4946.43,66.0,34.2174,16.817
8132.53,2195.95,0.27002,87.8278,1084623.2,129.496,3817.86,34.0,32.9287,15.965
15698.8,4610.25,0.29366,174.303,2233577.0,326.158,4999.98,212.0,27.7288,8.568
6012.46,1281.47,0.21313,64.3709,820809.4,77.8739,3239.48,45.0,39.0024,3.688
6878.04,2207.65,0.32097,69.1325,933228.4,89.0597,2888.88,63.0,39.2964,9.294
16198.6,4897.63,0.30234,166.924,2286566.5,220.062,5621.49,154.0,25.8619,9.511
9000.35,2330.94,0.25898,110.842,1225187.0,151.433,4041.3,41.0,34.0294,5.855
7832.37,2435.06,0.31089,76.7693,1058227.4,110.774,3133.23,116.0,36.7179,2.133
7526.57,2359.18,0.31344,70.8699,1041076.9,107.268,3225.46,61.0,38.2103,15.206
8839.15,2270.35,0.25685,103.629,1211857.5,118.027,3649.33,114.0,34.7958,1.443
22887.8,8059.5,0.35213,226.924,3096403.5,396.541,5864.53,276.0,21.2208,7.452
9484.81,2215.93,0.23362,106.22,1303058.6,145.37,4008.58,39.0,34.0834,1.926
5182.23,1084.38,0.20924,39.7279,726936.3,58.5442,2389.61,11.0,41.915,3.361
7434.2,2485.26,0.3343,92.9427,1096021.1,172.07,3512.71,75.0,24.8328,19.582
12138.2,4678.62,0.38544,103.159,1688798.5,178.922,5206.72,78.0,24.7357,18.118
7086.14,1844.12,0.26024,64.4688,976206.1,88.747,3081.06,52.0,39.5006,2.144
13216.7,4043.71,0.30595,128.247,1859997.1,160.59,5092.27,151.0,28.2768,15.419
6361.62,1785.47,0.28066,58.0739,862710.3,75.3001,3353.26,23.0,46.5464,0.0
8330.99,3113.0,0.37366,88.4349,1176478.0,111.501,3560.36,51.0,39.0718,14.924
7167.44,2171.66,0.30298,66.6546,994071.8,94.6073,3149.89,52.0,39.2259,2.442
16901.5,5372.35,0.31786,199.762,2237234.5,273.828,6504.98,257.0,22.7974,2.447
11992.3,3195.16,0.26643,113.868,1725109.6,160.971,4290.89,145.0,34.2054,15.258
5538.64,1497.37,0.27034,57.2174,736162.0,80.1405,3056.28,39.0,40.1739,11.831
12609.8,3766.22,0.29867,117.206,1784273.8,174.608,4655.01,87.0,29.9455,7.944
11901.9,2072.74,0.17415,149.263,1670740.2,169.226,4664.38,149.0,24.3923,18.549
8810.18,2374.91,0.26956,97.0024,1253277.1,131.329,3936.86,163.0,34.0831,1.282
10243.0,4134.2,0.40361,81.5851,1391340.2,164.394,3952.29,107.0,34.2962,16.553
6351.63,1614.71,0.25421,68.1485,852519.75,87.4559,3732.62,71.0,36.92,2.567
8508.79,2060.42,0.24215,104.372,1162283.5,130.232,3571.99,36.0,35.5,3.509
10024.6,3162.98,0.31552,97.899,1382610.0,130.11,3489.94,14.0,36.0628,3.94
11512.8,3650.35,0.31706,145.759,1660690.8,206.503,4761.72,59.0,29.8852,1.261
17836.1,5278.61,0.29595,158.42,2512040.5,253.024,5574.37,196.0,22.1107,3.693
14939.7,4716.58,0.3157,152.885,2071485.2,231.278,5358.54,194.0,26.3754,1.303
10057.3,4664.8,0.46382,81.6252,1422606.9,178.286,3430.42,36.0,35.2059,17.403
8310.98,2347.35,0.28243,55.54,1162215.5,101.001,3209.85,63.0,39.1348,14.729
14711.8,2925.86,0.19887,166.806,2079239.2,201.349,4115.5,142.0,31.7388,1.484
9797.95,2717.14,0.27731,121.234,1342515.6,146.648,4165.79,130.0,32.8448,2.061
7889.79,3039.96,0.3853,92.6081,1113088.5,122.863,3527.81,27.0,35.7423,17.73
7474.45,2428.54,0.32491,70.6716,1002333.9,115.414,3417.86,73.0,38.0135,4.25
6548.34,2099.72,0.32064,67.0342,932181.75,97.8658,2809.54,80.0,38.2842,14.092
5957.9,1822.24,0.30585,58.9873,823812.44,85.6755,2858.19,34.0,39.7317,2.545
8303.25,1699.66,0.20469,87.8518,1137518.6,120.147,4039.28,46.0,34.5708,6.514
10169.0,2965.23,0.29159,94.9434,1410314.4,131.902,3920.64,136.0,34.1063,17.219
13008.1,3440.9,0.26451,164.012,1843601.2,195.534,4704.06,76.0,30.3012,1.882
15025.0,5554.7,0.36969,185.266,2102213.5,242.32,4477.66,39.0,28.5161,2.167
9588.21,2787.46,0.29071,89.6831,1342775.9,120.319,4535.0,41.0,33.5184,1.803
6093.13,2003.33,0.32878,54.7366,834543.5,86.064,3186.31,12.0,39.4601,7.778
8765.7,3827.59,0.43665,84.4306,1211109.5,139.349,3651.76,126.0,35.3456,3.22
19881.8,8109.93,0.4079,209.903,2762807.8,332.757,6006.86,151.0,22.348,16.531
10410.8,2938.12,0.28221,103.449,1397139.1,132.103,4821.08,32.0,31.1173,11.592
5791.02,2469.65,0.42646,52.6563,794920.7,94.8544,2504.56,79.0,41.1033,14.227
9578.66,1968.68,0.20552,112.741,1333889.1,122.688,4168.14,58.0,34.1784,1.7
12037.9,2552.59,0.21204,146.509,1637222.9,195.192,4878.09,140.0,29.9839,0.647
8189.78,1605.76,0.19606,80.0987,1183583.0,97.4009,3916.87,9.0,34.8896,1.318
16995.7,5173.57,0.3044,185.615,2355605.5,276.122,5637.63,91.0,24.1085,7.313
9467.02,3175.58,0.33543,70.7285,1366557.6,120.114,3496.97,96.0,36.6985,18.45
7707.34,2430.5,0.31534,69.4935,1082361.0,99.8456,3367.66,43.0,35.3932,4.988
4352.55,960.37,0.22064,43.0837,591211.4,68.3233,2579.39,12.0,43.1165,2.278
6739.15,1580.44,0.23451,89.3353,884477.8,94.5095,3284.79,47.0,38.6557,11.607
12344.0,2669.12,0.21622,148.753,1716599.2,190.256,4142.91,72.0,27.2586,18.702
15090.7,4866.3,0.32247,189.877,1977750.0,225.461,4356.03,112.0,30.3524,2.199
8960.86,3652.15,0.40756,85.3213,1248294.1,124.757,3766.51,118.0,34.7167,3.046
6574.86,1876.75,0.28544,63.9989,891750.3,92.9272,3319.31,63.0,38.9576,8.49
5724.96,996.52,0.17406,52.7105,786776.9,62.246,3029.59,23.0,39.7008,3.777
7562.64,2395.72,0.31678,76.0967,1048496.75,96.7766,3774.18,30.0,36.3175,1.576
4917.8,1443.9,0.2936,35.0669,684691.5,56.9283,1987.69,55.0,43.3774,11.409
16308.9,5749.31,0.35252,195.913,2349784.0,270.622,5141.13,109.0,25.2926,5.659
11931.5,4195.92,0.35166,124.508,1658594.2,196.35,4220.47,38.0,30.5766,1.967
14776.7,4495.16,0.3042,179.026,2070578.9,238.053,4449.31,16.0,29.8758,2.627
3602.45,1342.62,0.37269,24.5773,487821.62,45.5028,1446.26,9.0,45.2074,7.099
4847.03,1041.79,0.21493,36.258,668353.25,53.1271,2812.92,57.0,41.1515,13.114
13685.8,3727.0,0.27232,161.335,1889956.2,207.731,5014.88,155.0,29.7419,1.314
9434.08,2484.44,0.26334,133.983,1327717.1,151.4,4375.93,39.0,31.9257,2.933
8136.57,2505.61,0.30794,57.1307,1170433.6,106.177,2905.51,77.0,40.206,11.883
6745.23,2055.55,0.30474,52.8193,965793.06,89.08,2430.66,83.0,41.1216,11.707
9780.45,3142.77,0.32133,97.0282,1359594.0,147.875,4406.46,34.0,33.6988,1.352
5781.29,981.43,0.16975,51.1259,796287.56,64.5264,3037.85,23.0,39.6579,3.911
10165.4,2587.45,0.25453,143.02,1433866.0,155.279,4083.52,125.0,32.5379,2.905
10238.1,3382.9,0.33042,112.295,1430351.2,136.687,4268.27,106.0,29.1375,17.619
13874.4,4159.59,0.2998,157.335,1940054.2,245.812,4465.81,85.0,30.7289,1.573
9741.23,4104.68,0.42137,84.6148,1347428.6,149.805,5285.11,49.0,35.1763,18.089
4579.68,1353.93,0.29563,37.1925,653318.25,53.6822,2096.0,10.0,44.49,2.951
12475.3,5137.0,0.41177,149.382,1728218.1,243.154,5692.21,70.0,25.0579,2.916
8942.65,3766.83,0.42122,109.655,1179283.0,118.975,4818.45,117.0,34.7372,17.63
3794.7,1017.23,0.26806,35.4399,541126.56,44.3687,1806.03,7.0,44.4981,2.112
8120.53,2270.15,0.27955,65.6664,1160956.6,104.025,3261.58,50.0,38.2286,15.707
13914.2,4927.48,0.35413,79.4804,1905052.9,176.941,4879.81,130.0,28.4329,19.467
8165.78,2618.34,0.32064,65.1488,1121725.9,116.804,3671.19,55.0,36.8369,1.983
16165.3,6139.51,0.37979,109.724,2259077.5,239.928,4953.83,23.0,33.3873,17.835
5910.22,1467.22,0.24825,51.7424,770724.0,93.1418,3509.26,15.0,40.5868,1.764
7371.92,2431.48,0.32982,73.0877,1007464.2,100.993,3751.89,50.0,35.6575,2.481
11979.6,3409.53,0.28461,131.652,1628828.8,168.704,4476.07,95.0,31.4974,2.927
16911.1,7062.75,0.41763,188.683,2340487.0,296.542,5392.42,109.0,26.5008,15.926
6645.1,1785.91,0.26875,58.9029,926752.4,94.5051,2738.01,42.0,39.6634,16.805
9851.81,2690.08,0.27305,111.399,1381311.4,142.919,4289.23,75.0,33.5083,3.05
10316.4,3783.4,0.36673,77.682,1392407.0,146.119,4948.97,94.0,38.6558,12.338
14967.3,6695.0,0.4473,164.923,2072563.2,287.123,5080.23,120.0,22.7924,19.445
13656.7,3413.84,0.24997,138.239,1874890.8,213.019,3663.47,119.0,34.3951,16.203
8204.3,2837.17,0.34581,83.889,1138354.9,121.532,3842.22,30.0,36.0791,4.832
8326.11,2492.12,0.29931,81.5371,1197439.5,117.447,3480.76,21.0,37.1114,3.723
7874.63,1950.66,0.24771,71.977,1047567.25,98.7366,3575.61,90.0,38.2514,12.01
16923.2,5321.88,0.31447,157.227,2430991.8,224.162,6389.58,167.0,27.4148,12.659
7529.2,1439.99,0.19125,66.1373,1040549.4,101.59,3426.59,73.0,37.1526,13.636
14907.5,3728.7,0.25012,208.188,2083174.6,257.572,4943.12,143.0,26.6261,2.62
10067.2,2508.87,0.24921,116.048,1421050.1,157.612,4173.45,59.0,33.5782,3.316
9886.98,3169.27,0.32054,118.569,1371861.2,160.143,4182.51,55.0,30.9946,18.116
11267.6,3320.62,0.2947,113.208,1627820.2,176.892,4415.26,52.0,27.0166,13.433
9381.3,3739.6,0.39862,63.2574,1303946.5,146.294,3905.7,28.0,37.5571,15.249
16069.1,5117.66,0.31847,181.778,2203471.8,287.717,5385.88,93.0,24.8858,6.956
17036.5,5734.81,0.33661,136.886,2317084.5,239.523,5538.53,87.0,25.6485,18.287
14450.9,3165.07,0.21902,178.494,2053674.8,226.572,4832.51,77.0,27.8144,3.006
20811.5,5643.77,0.27118,295.381,2821017.0,326.957,60249.36,217.0,18.6346,1.569
7639.19,2483.91,0.32515,55.5425,1111175.8,96.9899,3203.91,6.0,37.2424,15.362
16010.6,6746.2,0.42135,154.503,2222721.2,237.677,6145.86,45.0,25.2336,20.226
13542.8,3997.97,0.29521,149.2,1866390.5,202.012,4647.8,31.0,29.6775,2.876
12819.5,4294.36,0.33498,151.261,1793526.0,165.852,5220.8,41.0,28.0521,3.861
16369.6,5422.22,0.33123,196.587,2289162.5,241.918,5415.62,170.0,24.4922,1.883
6505.27,2213.69,0.34029,62.3101,923611.44,83.7198,2807.1,51.0,39.9143,1.814
11793.1,2863.84,0.24284,88.3304,1653929.4,147.309,4606.51,150.0,32.0183,4.103
13369.5,3843.51,0.28748,168.025,1835109.5,222.408,4751.98,123.0,28.7481,4.263
9856.16,2555.0,0.25922,116.328,1353113.9,138.614,4183.21,127.0,32.974,2.061
4936.02,1671.34,0.3386,49.6469,697286.94,66.1511,2155.74,32.0,43.0139,2.086
5091.74,1985.21,0.38988,34.5833,721001.0,65.1831,2510.7,38.0,42.7065,4.235
9790.06,3561.8,0.36381,96.3529,1383370.1,124.393,3376.91,30.0,32.091,14.246
10574.0,2757.18,0.26075,92.9895,1454712.9,143.942,3670.16,21.0,37.27,2.982
7573.46,2394.5,0.31616,69.598,1019863.94,101.857,3459.36,83.0,36.4327,15.575
11953.8,3913.21,0.32736,119.462,1685094.4,177.737,4670.6,56.0,28.6163,8.642
18409.9,5826.56,0.31649,175.412,2486835.2,268.936,5403.96,145.0,21.5441,20.75
10438.9,2860.69,0.27404,105.602,1480817.0,157.375,4022.69,40.0,33.1241,1.747
11121.8,3019.0,0.27144,142.981,1563994.0,151.574,4155.36,134.0,28.4153,2.717
5193.0,1167.0,0.22472,44.6089,710239.3,74.4412,2799.01,15.0,43.0186,2.318
4854.87,1750.66,0.36059,36.3789,663343.6,66.4703,1715.55,23.0,43.0711,2.033
6873.24,1940.63,0.28234,68.2094,948331.56,94.7766,2846.58,29.0,39.6532,13.61
5209.73,1276.31,0.24498,61.7156,735856.2,92.0556,2606.59,40.0,42.3791,11.211
8075.13,2778.51,0.34408,75.4694,1091763.0,112.152,3655.19,79.0,36.0429,3.809
7472.35,2237.51,0.29943,63.09,1038009.7,102.8,3516.36,33.0,37.0878,12.693
8799.96,2366.63,0.26893,78.0737,1222300.4,104.005,4046.5,59.0,35.1212,3.4
12102.9,4180.05,0.34537,117.489,1697940.9,170.59,4618.87,76.0,31.3828,3.659
12532.2,4246.85,0.33887,146.756,1720063.6,264.21,4630.51,90.0,29.7097,12.792
12154.9,3322.85,0.27337,126.732,1659277.0,181.08,4106.01,58.0,31.9834,4.508
6937.9,3102.51,0.44718,81.6421,948186.75,125.103,3864.34,84.0,35.8811,17.51
6849.61,1788.4,0.26109,67.8302,916945.56,96.3305,3026.92,22.0,38.8635,1.868
15675.8,5893.42,0.37595,170.557,2182464.5,265.207,4793.0,149.0,30.0442,14.193
15657.5,4626.15,0.29545,174.801,2157972.5,257.12,5332.24,85.0,24.4516,6.362
12433.7,2441.73,0.19637,149.779,1686950.6,197.507,4880.01,139.0,29.7538,0.759
10126.1,2980.47,0.29433,101.018,1388636.5,153.33,4034.37,118.0,32.8925,2.976
14252.8,4499.77,0.31571,164.947,1969733.9,217.084,5068.37,190.0,27.1687,1.882
11710.9,1967.35,0.16799,148.489,1636120.9,157.1,4653.5,149.0,29.6624,1.565
7876.94,2150.19,0.27297,62.0672,1108429.5,88.9846,3075.67,21.0,38.4289,6.522
11237.3,4805.21,0.42761,126.553,1609727.4,192.613,4750.72,108.0,29.6666,17.93
9455.96,3175.33,0.3358,47.8018,1301412.9,133.111,3789.79,22.0,34.2754,14.528
17156.4,5714.72,0.33309,235.628,2355247.8,264.904,5512.85,131.0,23.5338,2.834
8006.85,2734.25,0.34148,91.4739,1103542.8,110.031,3614.95,28.0,35.7389,10.321
8116.33,2206.39,0.27184,93.6104,1094302.8,133.171,3955.42,32.0,35.032,4.728
18056.7,4442.44,0.24602,215.826,2469660.2,262.535,5854.92,221.0,20.9916,8.099
7644.44,1884.58,0.24652,65.7946,1123913.5,94.6553,3041.14,18.0,37.9748,1.811
5979.11,2014.1,0.33685,54.7592,810732.94,81.925,2709.11,39.0,41.7404,13.302
14314.0,4145.55,0.28961,177.611,2012130.1,234.129,5229.53,174.0,25.6412,1.78
6065.29,2912.21,0.48014,53.1306,834391.1,107.835,2556.82,73.0,40.364,14.484
7669.52,2262.7,0.29502,81.4703,1040232.1,118.719,3159.38,78.0,38.1625,1.426
17861.8,6600.45,0.36952,130.478,2542999.8,265.098,7588.02,78.0,26.2646,10.083
15210.6,5452.81,0.35848,137.471,2130974.0,203.448,5941.79,74.0,27.8239,20.664
9766.26,2858.48,0.29268,91.4938,1395697.0,137.128,4083.77,105.0,33.4959,4.144
10692.0,3488.4,0.32626,131.526,1492029.2,167.801,4048.53,39.0,30.9184,1.986
12981.9,4039.97,0.3112,166.345,1794392.2,199.965,4587.22,88.0,30.0189,5.187
8257.54,1682.44,0.20374,57.4816,1166852.1,80.4356,3448.26,32.0,34.4683,15.2
8690.77,2711.37,0.31198,60.127,1231903.4,109.576,2952.59,20.0,37.6142,11.92
9389.75,2156.41,0.22965,114.04,1306068.5,128.46,4221.14,51.0,34.1424,2.849
17196.4,5610.5,0.32626,208.935,2261408.8,269.351,6211.6,251.0,26.2679,2.563
6157.1,1643.35,0.2669,67.292,827365.56,87.9668,3317.27,47.0,38.7201,11.413
15354.4,6100.86,0.39733,198.315,2131673.5,276.274,4635.62,153.0,28.3053,8.899
14654.8,5308.68,0.36224,203.568,2002291.5,249.928,4754.25,29.0,27.8806,2.713
8801.22,2817.18,0.32008,73.8046,1265566.8,102.869,3407.22,29.0,34.7049,13.947
10584.8,2118.4,0.20013,148.605,1481683.5,167.634,4624.99,147.0,29.8669,1.683
9337.75,2294.71,0.24574,99.4069,1280447.2,130.913,3611.01,12.0,35.8489,3.181
12046.7,2261.87,0.18775,146.926,1633459.4,191.186,4885.89,142.0,29.8433,0.56
9592.64,3117.73,0.32501,105.883,1319675.0,129.812,4046.15,11.0,33.2816,1.866
10471.2,3081.5,0.29428,72.5213,1395334.4,144.165,4398.76,64.0,33.7542,19.979
8645.63,3394.25,0.39259,85.4356,1237841.5,135.74,3585.05,78.0,36.9775,12.771
8550.05,2235.16,0.26142,98.9789,1163828.1,122.68,3540.2,119.0,35.6888,1.556
8454.4,2846.71,0.33671,93.138,1160285.5,128.751,3225.92,82.0,38.6534,2.521
8104.91,2795.62,0.34492,60.346,1083005.1,117.567,3280.64,30.0,41.5239,14.655
5247.16,1414.62,0.26959,42.5965,736410.3,73.5823,2812.38,16.0,41.1565,3.425
6984.91,2305.57,0.33007,65.3999,988835.6,83.8363,3961.27,50.0,37.5035,4.364
15158.5,3559.47,0.23481,182.179,2128071.2,223.107,4742.51,30.0,28.2509,1.502
5408.97,1989.97,0.3679,48.2018,779920.9,80.7793,2354.22,79.0,42.2332,7.799
5228.71,1463.53,0.2799,48.8469,723284.1,75.9926,2348.27,92.0,41.8401,14.894
12569.0,3202.18,0.25476,133.421,1753699.9,169.825,4524.31,49.0,30.4842,2.859
13451.5,4996.05,0.37141,128.874,1891093.2,207.064,4304.1,59.0,29.6165,2.715
8502.67,3261.95,0.38363,72.6748,1152859.9,131.786,4292.29,66.0,34.897,17.517
7277.06,2204.48,0.30293,74.5599,985389.44,119.04,3078.15,79.0,38.9698,0.747
15514.0,5671.4,0.36556,187.004,2181720.8,261.675,4662.64,38.0,26.0488,1.89
6750.11,1856.46,0.27502,40.2943,929992.8,100.569,4167.66,27.0,36.8109,18.548
13951.2,4798.04,0.34391,180.786,1927585.4,226.648,4125.37,38.0,25.7745,2.863
8608.64,2082.15,0.24186,77.5177,1228363.6,113.877,3837.61,22.0,35.1453,3.244
23498.1,6796.71,0.28924,306.123,3269934.8,377.509,6379.67,105.0,17.4159,3.877
10371.8,4614.31,0.44488,107.11,1254871.0,182.554,4953.2,76.0,41.024,14.256
13625.3,5460.48,0.40076,166.392,1870062.0,272.135,5055.43,114.0,27.1975,12.298
7806.93,3084.7,0.39512,71.9792,1104824.2,114.019,3170.58,43.0,37.7961,15.404
19206.8,6204.77,0.32305,264.764,2613629.8,323.4,5824.63,327.0,20.992,2.795
9205.7,3051.63,0.33149,93.4839,1297779.8,116.392,3556.72,30.0,36.4873,14.059
11970.5,3319.46,0.2773,173.646,1662957.1,195.721,4768.29,62.0,26.3102,3.739
10622.7,3121.63,0.29386,76.4976,1450415.9,131.041,5486.87,56.0,37.9478,20.47
5466.24,967.71,0.17703,52.8492,751756.3,61.0394,2925.88,24.0,40.0796,4.439
7625.46,1974.49,0.25893,86.5529,1025164.94,114.218,3470.5,33.0,36.7912,3.534
7062.13,2301.68,0.32591,73.0301,1006701.0,107.485,3275.47,11.0,35.753,14.571
7307.73,2658.48,0.36379,60.8779,1051915.9,98.0279,4799.57,25.0,39.5552,19.459
13669.0,5042.81,0.36892,133.073,1876010.2,208.47,4247.7,65.0,33.3491,19.914
17359.9,5338.9,0.30754,222.911,2409730.8,271.933,5253.12,179.0,24.7264,2.57
5889.21,1924.69,0.32681,56.0572,812109.4,82.2289,3175.28,17.0,36.7287,8.209
13381.8,4373.63,0.32683,122.941,1812082.2,175.706,5059.97,69.0,46.5464,1.141
4914.2,1260.66,0.25653,38.8667,685536.7,58.6129,1894.31,29.0,43.3704,12.135
8084.75,1753.1,0.21684,93.2695,1090906.5,126.526,3372.01,5.0,35.1998,1.284
11916.0,2804.63,0.23536,143.787,1652042.8,192.106,4147.9,66.0,32.2986,2.042
10786.3,3611.68,0.33483,116.693,1516389.9,162.406,4460.65,64.0,33.0667,5.008
14343.1,4082.57,0.28463,179.515,1987931.5,221.302,4867.71,112.0,24.4147,8.991
11315.9,4342.97,0.38379,136.224,1615225.5,209.755,4177.8,114.0,31.6478,20.629
8447.15,1726.39,0.20437,87.0628,1131755.8,124.194,3903.15,75.0,32.8656,13.181
7824.1,1725.93,0.22059,76.1947,1120635.2,110.75,4035.67,106.0,34.9557,1.058
7263.92,2541.26,0.34984,60.0406,948770.44,115.613,2996.79,29.0,38.5783,11.55
6931.26,1562.74,0.22546,67.5006,916856.06,93.5877,3360.48,80.0,37.0346,3.062
12066.7,2378.2,0.19708,132.635,1643114.2,196.85,4847.92,145.0,30.0964,0.675
6118.66,1040.86,0.17011,55.1263,830746.44,76.1895,2537.04,22.0,38.2342,14.883
15288.2,4930.65,0.32251,207.438,2135920.8,262.544,5277.63,287.0,21.3919,2.427
5996.17,1591.52,0.26542,45.8778,845604.56,60.1936,2481.23,14.0,42.0167,9.567
14851.9,3486.0,0.23471,212.809,2053400.6,244.054,5101.51,148.0,25.3752,4.019
9113.95,1708.64,0.18747,83.2745,1281919.8,110.178,3988.3,65.0,34.483,4.085
14516.6,5099.7,0.3513,173.868,2028592.4,234.353,5665.35,222.0,27.3149,2.334
5766.57,1541.52,0.26732,61.7259,730243.3,88.5551,3080.04,16.0,39.4637,2.088
10241.4,3472.91,0.3391,95.5002,1447843.0,148.631,4167.52,82.0,33.5207,9.547
13573.0,4639.04,0.34178,201.844,1839343.9,245.432,4512.82,49.0,29.2252,2.182
6595.34,1577.55,0.23919,74.8079,898308.6,87.9187,3026.61,33.0,38.1199,3.647
20499.6,7048.52,0.34383,206.147,2839220.8,342.57,6120.41,212.0,19.9603,10.882
6681.92,2194.07,0.32835,40.0318,942722.0,92.1906,3366.72,36.0,41.9072,15.625
8111.38,2196.69,0.27081,90.5138,1120188.6,115.218,3085.8,29.0,37.3126,1.143
7094.19,1694.38,0.23884,71.2656,943032.06,101.436,3560.52,69.0,37.302,1.824
9642.3,2966.69,0.30767,93.0263,1318016.4,109.405,3653.94,86.0,30.6988,19.826
9090.2,3083.75,0.33923,71.0732,1221126.1,120.853,4235.94,62.0,36.1468,7.941
8387.19,2278.04,0.2716,91.7564,1178104.0,109.957,4083.76,125.0,34.6103,4.951
8623.84,2945.07,0.3415,90.9065,1212781.2,128.235,3718.89,14.0,35.2932,4.103
9305.03,2987.17,0.32102,88.3375,1303299.4,129.763,3308.55,36.0,37.7603,13.799
8036.62,1724.39,0.21456,75.6628,1149108.5,107.232,4047.35,102.0,34.8817,0.985
6831.59,2406.18,0.35221,63.2411,979654.06,88.1841,3529.34,75.0,37.9693,14.483
13102.3,4176.06,0.31872,112.625,1917874.6,153.217,4665.73,76.0,30.5056,15.518
12992.1,4733.59,0.36434,139.589,1894418.6,229.014,4552.78,107.0,27.8141,12.147
4818.38,942.44,0.19559,44.7668,692552.2,57.0244,2186.89,79.0,42.8386,0.701
21569.5,6338.39,0.29385,298.187,2940952.2,313.632,6622.05,290.0,22.8084,1.54
6312.65,1389.93,0.22018,58.0627,870205.4,81.5519,2899.09,19.0,39.9207,1.656
8126.67,2793.85,0.34378,71.164,1152462.9,106.961,3256.83,45.0,37.3677,14.351
8196.97,2323.44,0.28345,93.7784,1150818.6,112.873,4591.82,34.0,33.5188,3.421
17500.0,5245.88,0.29976,175.512,2401407.0,225.668,5517.77,72.0,24.9631,16.944
24425.0,8022.33,0.32844,178.935,3474627.8,347.242,11954.89,218.0,24.1415,10.286
14216.8,5934.44,0.41742,182.848,1896556.1,275.763,5171.38,71.0,25.8644,5.969
7606.81,2250.76,0.29588,57.1151,1000563.0,107.364,3167.61,48.0,38.1107,5.488
9994.46,2652.63,0.26541,115.385,1392249.0,150.979,4347.93,66.0,33.3248,12.644
6670.62,2437.53,0.36541,77.5187,905919.7,94.6686,3318.76,54.0,38.9515,1.324
4561.48,823.51,0.18053,40.9729,619068.56,58.1269,2651.75,12.0,42.7527,1.865
10448.6,2936.99,0.28108,112.053,1472091.0,160.306,4249.11,65.0,33.4439,3.431
7757.58,1575.45,0.20308,71.3518,1094799.8,86.6992,2942.88,45.0,39.8242,15.329
7994.53,2769.54,0.34642,86.7855,1076053.4,138.377,3027.39,74.0,39.7108,11.609
20376.1,6844.79,0.33592,208.009,2811883.8,331.163,5689.8,245.0,18.6534,18.859
5764.47,1810.17,0.31402,54.5444,787775.3,78.4396,3188.86,13.0,39.5184,7.71
9907.38,3227.66,0.32578,66.7513,1338742.1,143.671,4552.07,73.0,39.219,17.033
14905.2,5404.14,0.36256,197.45,1969552.4,252.049,5269.01,134.0,25.1847,10.893
20685.3,6852.61,0.33127,252.377,2888021.2,354.858,5913.64,214.0,19.0722,6.235
7330.66,2308.54,0.31491,64.6087,1048675.5,90.7514,3897.27,47.0,39.5179,7.02
16927.2,4181.91,0.24705,210.102,2345460.8,265.248,5143.34,123.0,25.7199,2.66
15153.1,4535.21,0.29929,177.66,2086146.8,210.053,5201.44,206.0,27.6274,1.833
5224.6,1340.13,0.2565,49.3527,664015.25,74.7739,2302.05,21.0,42.2595,4.972
5661.38,1172.18,0.20704,51.4305,794855.94,66.7099,2901.65,35.0,40.2149,3.719
16783.1,4670.13,0.27826,182.172,2321448.5,257.269,5481.9,100.0,24.3329,7.623
20177.1,6528.08,0.32353,264.271,2721895.8,329.41,5815.22,312.0,20.7464,2.603
10070.7,3100.07,0.30783,73.0097,1394704.5,135.429,3855.35,35.0,34.8488,14.07
14051.7,4603.0,0.32757,187.25,1961237.5,244.902,4338.2,22.0,27.0253,3.266
7763.56,2575.68,0.33176,72.8736,1060299.5,110.798,3485.44,82.0,36.6681,3.945
8440.05,3518.5,0.41688,83.5264,1157840.8,148.898,3680.04,73.0,35.8957,17.296
3808.99,957.26,0.25131,32.5373,521868.72,43.9738,1895.58,38.0,44.6766,4.908
6209.83,2059.9,0.33171,59.6476,862426.6,89.8761,2685.9,42.0,40.5673,2.211
7132.37,1962.58,0.27516,68.2223,996822.94,84.9675,3014.25,54.0,39.2259,14.83
7362.35,2652.15,0.36023,56.1126,1054543.8,98.2655,4304.9,13.0,36.4045,16.835
13958.6,5785.73,0.41449,94.8738,1960013.8,209.266,4528.22,111.0,31.4302,18.54
13186.0,4706.29,0.35691,156.934,1854959.1,233.425,4647.62,127.0,29.7105,13.729
5539.72,1058.89,0.19114,46.5073,791459.4,73.5868,2850.81,54.0,46.5464,1.41
13582.4,4296.74,0.31634,158.043,1883548.0,213.257,4445.14,88.0,29.3162,18.994
5255.69,1763.75,0.33558,49.0329,737847.7,71.9641,2363.92,17.0,41.849,1.821
6494.75,1703.54,0.26229,62.538,942739.75,91.2591,2772.81,82.0,38.9535,15.104
10191.7,4999.0,0.49049,85.5311,1465582.0,168.915,3422.0,76.0,36.3461,13.335
9256.37,2640.47,0.28525,107.199,1274784.0,157.582,4130.51,76.0,33.5052,0.903
8062.31,2995.83,0.37158,92.5668,1128167.9,121.01,3141.84,41.0,37.253,5.678
13052.8,4593.32,0.3519,118.522,1798000.8,214.109,4183.3,31.0,31.3081,2.736
12189.2,3125.0,0.25637,130.098,1725083.9,168.227,4554.07,47.0,29.2313,3.553
8290.45,1984.72,0.23939,79.8847,1141229.4,88.3367,3668.54,59.0,36.6704,13.276
8070.57,2259.41,0.27995,101.845,1077550.9,116.532,3182.2,76.0,38.8813,2.679
5417.71,1416.12,0.26138,45.2537,740315.06,83.4451,2349.84,67.0,41.9281,14.449
6811.61,1494.71,0.21943,79.1672,947349.3,69.6274,3404.14,28.0,37.5778,8.559
19720.3,6520.19,0.33063,207.958,2717976.5,308.197,5791.95,149.0,20.0954,20.65
11778.1,3184.34,0.27036,98.9788,1658891.1,133.457,5344.32,32.0,31.465,14.201
6733.13,2014.83,0.29924,76.6719,891342.5,98.112,3550.92,78.0,37.2847,1.797
7500.07,2483.5,0.33113,75.3293,1021247.9,108.437,3566.11,14.0,36.9655,13.038
8669.04,3058.34,0.35278,69.2417,1215666.5,118.732,3365.86,33.0,36.6886,15.156
6537.25,1994.98,0.30517,63.5664,894511.6,85.3632,3077.04,55.0,38.2183,2.558
8700.53,1965.29,0.22588,102.304,1240026.1,118.392,3842.47,52.0,34.9867,3.264
13667.3,3361.86,0.24597,197.564,1868095.5,200.057,4560.21,173.0,29.1349,1.495
15957.9,3875.63,0.24286,171.157,2258455.5,205.799,4726.64,96.0,28.5537,14.613
13493.9,4342.14,0.32178,140.916,1858654.5,175.984,4931.38,77.0,29.1602,15.189
23061.7,8128.46,0.35246,265.462,3100797.8,383.841,6275.97,317.0,19.3703,3.267
7911.82,2651.2,0.33509,91.0554,1120093.1,120.366,3139.86,22.0,38.075,2.455
14724.7,4649.62,0.31577,161.195,2034741.6,232.851,5237.73,165.0,27.1986,2.069
16497.2,5297.64,0.32112,212.464,2175613.0,253.339,6195.44,255.0,21.4612,2.511
6382.18,1936.74,0.30346,50.5633,917724.8,90.0839,3167.49,9.0,40.7692,8.121
4435.9,1794.94,0.40463,23.9298,603382.75,63.9071,1893.12,32.0,43.2333,12.986
12206.9,2724.91,0.22322,131.491,1739477.5,168.749,4399.59,56.0,31.1836,2.955
3800.41,1126.8,0.29649,33.5676,518601.7,47.4118,1405.68,17.0,44.2604,1.496
9025.33,3709.3,0.41098,119.971,1208587.1,143.939,3930.08,71.0,35.2537,15.917
4665.84,1642.44,0.35201,39.1606,630574.8,66.3675,1497.01,22.0,42.9186,12.542
5322.04,1132.79,0.21284,45.4057,761312.3,69.381,2854.22,58.0,35.3398,1.142
8664.06,2203.11,0.25428,84.1502,1215859.8,112.562,3049.76,16.0,37.0434,15.026
7050.05,1834.06,0.26014,67.2991,952111.44,89.3071,2995.73,20.0,39.0324,1.993
13703.2,3322.04,0.24242,137.775,1900299.0,168.73,4644.73,52.0,29.1334,9.651
11696.1,3456.0,0.29548,108.135,1681329.0,141.84,4873.62,87.0,30.1253,19.064
8689.17,2483.69,0.28583,97.4455,1233625.5,112.27,4043.98,121.0,34.4446,13.406
11389.4,3230.66,0.28365,147.773,1562831.6,220.365,5024.05,128.0,26.9374,6.209
18551.7,6187.25,0.33351,184.626,2506014.5,274.101,4957.65,40.0,29.4419,18.656
17002.1,7707.38,0.45331,194.534,2292873.8,302.509,5874.69,122.0,26.4709,14.968
9387.91,4103.06,0.43705,91.6756,1345078.9,161.296,4217.45,85.0,34.6616,15.793
9580.49,3473.25,0.36253,84.5265,1301641.2,159.104,4259.79,36.0,32.433,18.807
4376.73,1458.19,0.33316,35.0345,601933.5,54.6771,1441.18,19.0,44.3122,1.66
8144.99,2347.9,0.28826,94.4201,1106670.1,98.6531,3421.25,30.0,35.1392,20.629
8082.96,2565.74,0.31742,65.8673,1110177.5,92.6098,3548.21,108.0,35.987,16.894
5755.51,2106.23,0.36595,64.426,810060.9,104.551,2867.71,19.0,46.5464,14.632
7791.67,1926.16,0.2472,70.4626,1059169.5,98.7184,3390.25,47.0,35.4473,6.859
9536.85,1767.34,0.18531,93.9896,1358080.4,130.969,99211.81,41.0,34.1227,0.729
7895.71,2450.08,0.3103,63.7585,1065911.8,108.371,4346.55,22.0,36.1738,18.697
6933.23,1807.05,0.26063,90.5168,994307.6,94.7988,2895.81,47.0,38.4907,14.51
15273.0,4550.41,0.29793,159.229,2166012.0,208.397,5498.13,91.0,25.8701,5.237
9064.29,2719.1,0.29997,94.1925,1217504.8,127.573,3998.8,44.0,33.9938,15.961
4629.39,1119.9,0.24191,40.7789,640822.9,57.8383,2563.01,27.0,42.1614,9.693
9725.02,3009.04,0.30941,125.441,1336183.9,171.793,3620.57,19.0,33.8407,2.579
7796.47,2363.3,0.30312,111.793,1057660.2,129.514,3931.19,73.0,35.2542,14.394
14505.0,2887.85,0.19909,177.942,2028021.4,214.637,4896.89,73.0,27.2344,3.035
20324.2,5886.84,0.28964,251.071,2773627.0,309.725,5596.81,207.0,23.6488,4.801
7666.04,1962.54,0.256,96.6183,1037874.25,128.169,3292.31,19.0,46.5464,2.07
7433.66,2203.75,0.29645,69.5579,1014690.4,107.776,3354.48,77.0,37.1877,3.428
8811.14,3679.06,0.41754,64.3827,1261101.4,132.01,4451.84,76.0,34.9782,16.25
10151.2,2744.38,0.27035,74.2332,1423456.4,128.191,4203.08,10.0,33.3514,17.667
5462.1,2111.79,0.38662,33.447,775299.3,72.4205,2593.11,38.0,44.9336,3.273
15272.7,5713.12,0.37407,179.295,2081592.4,252.997,5421.32,214.0,26.4235,5.222
8423.28,2613.83,0.31031,97.1587,1156527.4,144.861,3249.38,13.0,36.4711,1.484
7789.69,1998.98,0.25661,65.9842,1078488.4,101.451,3414.59,86.0,36.7803,1.717
4079.93,1186.52,0.29081,33.4065,555276.1,50.9626,1399.62,32.0,44.4197,11.391
3772.23,923.55,0.24482,34.041,537719.06,45.9452,1783.87,8.0,44.505,2.418
9127.69,2787.91,0.30543,53.2054,1230563.0,126.566,4715.47,26.0,34.7297,16.588
13787.1,3932.24,0.28521,158.387,1938986.2,187.457,4628.03,63.0,30.6954,16.196
8397.92,1904.49,0.22678,73.3538,1121088.8,98.9314,4088.07,95.0,36.6948,13.215
6470.77,1723.0,0.26627,54.2367,906393.25,73.521,3346.06,60.0,38.837,2.258
6779.83,2180.77,0.32165,75.1377,919459.06,99.9768,2889.4,99.0,39.0274,1.914
9444.95,1685.54,0.17845,97.1396,1340217.4,128.429,4180.86,47.0,33.6107,0.953
9188.08,3418.13,0.37201,135.572,1209958.9,174.816,4355.24,184.0,30.7706,2.885
10666.6,3224.39,0.30228,91.8482,1506925.6,142.581,4268.63,111.0,32.5058,4.126
16701.0,5512.97,0.33009,186.096,2306319.2,277.373,5415.65,106.0,24.6634,7.491
12352.8,2346.57,0.18996,140.494,1731913.0,179.11,4695.15,153.0,29.647,1.589
13799.6,4687.3,0.33966,175.829,1959073.8,244.406,5137.84,66.0,25.5359,15.139
3265.7,968.21,0.29647,23.4498,443957.56,35.9819,1316.89,1.0,44.0395,2.599
9125.48,1932.35,0.21175,107.102,1242161.1,135.447,4041.8,41.0,34.2011,2.091
15967.2,5302.49,0.33208,171.371,2272880.2,277.291,4948.76,237.0,27.439,19.853
9297.16,2397.78,0.2579,114.057,1298080.8,136.747,4200.62,70.0,34.1512,3.245
16540.2,5071.12,0.30659,211.864,2173631.5,257.197,6306.32,254.0,22.5553,2.614
13625.2,3010.86,0.22097,171.125,1853777.4,209.559,4716.13,25.0,28.7758,3.086
11999.7,2199.79,0.18332,151.173,1694781.0,163.237,4660.97,145.0,29.7156,1.591
15764.7,6621.84,0.42004,194.918,2223815.0,287.021,4603.74,94.0,28.7156,7.439
7520.66,2625.86,0.34915,72.7482,1063350.8,107.748,3106.8,32.0,38.4973,10.221
9480.08,3056.19,0.32238,90.0217,1358792.9,139.886,3499.36,11.0,36.6384,3.29
6292.01,1676.68,0.26647,56.0901,903239.25,74.528,2573.75,65.0,41.2364,3.166
11859.7,3162.65,0.26667,149.541,1693637.5,178.959,4678.15,24.0,28.9805,1.736
6859.16,1714.61,0.24997,63.3956,967197.25,86.0844,3575.37,29.0,36.9931,1.96
7326.09,2841.39,0.38784,65.2759,1068116.6,102.448,3226.41,34.0,38.8806,1.283
5439.13,1074.28,0.1975,51.6817,768417.56,60.972,2846.72,13.0,40.6514,6.714
13052.2,3649.92,0.27964,174.029,1737447.5,228.902,4617.0,19.0,28.9663,0.0
12193.4,4041.69,0.33146,154.904,1715674.8,155.5,5144.17,31.0,27.6198,4.371
8367.68,2343.99,0.28012,95.5443,1144847.1,132.359,3383.41,129.0,35.8158,1.65
12048.0,3047.68,0.25296,148.668,1720678.0,168.341,4680.27,30.0,29.1111,1.669
8875.04,2782.66,0.31353,41.9684,1240200.9,112.291,3420.6,64.0,37.2158,12.36
7613.42,1726.49,0.22676,82.3516,1062114.2,117.762,3749.28,100.0,37.7582,15.403
4763.75,922.09,0.19356,45.2889,685553.0,53.6851,2191.46,79.0,42.7875,0.66
11469.2,2932.74,0.2557,103.84,1620194.5,146.608,4622.02,54.0,33.3957,1.872
5484.05,2063.86,0.37633,40.4153,737624.8,86.6733,1709.57,3.0,43.8118,12.888
7002.19,1673.05,0.23893,62.3345,978690.2,83.9376,3628.54,35.0,37.6337,1.748
6607.49,1505.95,0.22791,54.8005,919545.94,84.7121,2854.66,40.0,40.363,15.992
11613.0,4909.05,0.42272,128.136,1674068.6,183.425,4748.8,123.0,24.5649,18.059
10108.7,2916.31,0.28849,120.821,1396566.0,143.546,4173.81,131.0,32.6746,2.235
8926.87,3284.55,0.36793,90.9285,1211209.6,136.998,4422.79,106.0,32.5497,5.297
10265.0,4015.97,0.39122,135.289,1380578.2,195.832,4459.35,171.0,31.2078,1.548
6104.82,1590.39,0.26051,50.6562,794158.2,100.84,3556.17,20.0,39.7268,1.897
4611.9,1350.54,0.29283,52.1631,673654.3,118.017,2650.11,79.0,43.5554,15.46
21746.0,7875.61,0.36216,191.312,3020612.2,364.731,18025.88,146.0,22.7733,3.091
14889.8,4777.9,0.32088,188.474,1973013.8,218.616,4176.06,111.0,31.2244,2.682
4251.15,706.87,0.16627,40.4446,560971.25,59.0282,2547.98,13.0,43.5761,1.968
5831.29,1899.82,0.32579,59.3399,808302.5,83.371,2672.74,42.0,40.6519,1.685
13795.4,3600.24,0.26097,149.004,1935946.2,213.588,5109.77,199.0,28.2246,1.78
7275.19,2335.83,0.32106,52.7966,1036043.7,88.7802,3574.75,49.0,39.5279,13.252
8945.52,2196.97,0.24559,97.2102,1260694.4,131.27,3563.22,119.0,36.2764,2.076
8627.77,2859.25,0.3314,95.7957,1212815.8,133.347,3599.14,79.0,36.6244,5.106
14104.3,4524.21,0.32076,169.057,2037233.4,250.531,4940.02,96.0,26.7893,4.485
9878.82,3504.87,0.35478,89.8378,1387526.2,127.091,3449.51,55.0,36.6259,16.343
24110.5,6506.38,0.26985,334.36,3224861.5,396.55,6214.9,300.0,19.5649,20.539
23294.2,7577.27,0.32528,299.914,3235315.2,397.5,6411.54,111.0,17.6748,5.291
7772.72,3285.72,0.42272,72.5915,1091750.4,109.758,3940.8,101.0,36.0856,15.67
5130.66,1885.51,0.36749,47.175,717977.25,79.4387,2625.34,45.0,42.2972,10.462
16593.1,6642.44,0.40031,188.99,2266649.2,283.527,5431.75,200.0,26.1485,6.001
15719.0,4665.68,0.29681,155.972,2228447.2,202.155,5690.57,148.0,25.3001,10.345
18775.1,5379.74,0.28653,253.378,2543981.0,316.588,5729.45,326.0,21.4332,2.555
7509.47,2182.31,0.2906,63.1083,1060270.9,98.4496,2991.28,25.0,38.8152,13.164
4809.08,1610.32,0.33484,37.4341,688632.06,58.1736,2197.83,12.0,43.044,1.596
14354.0,4271.24,0.29756,158.29,1990676.9,246.703,4762.42,30.0,28.6193,3.509
8923.81,2715.23,0.30426,93.7186,1267827.4,122.572,3615.63,89.0,36.5222,2.332
7903.85,2642.39,0.33431,67.0613,1139562.1,99.7071,3243.3,48.0,40.0129,17.093
14559.8,5335.04,0.36642,133.528,2123508.8,223.55,4819.91,90.0,28.4017,17.449
13319.2,4736.65,0.35562,157.951,1886798.9,223.205,5563.2,75.0,25.4717,2.443
14386.8,3075.02,0.21373,176.835,2014797.1,214.12,4852.77,79.0,27.5176,2.674
13475.4,4814.93,0.35731,168.55,1877843.5,227.605,4644.75,99.0,29.7563,7.19
10381.1,2795.93,0.26932,120.441,1465745.5,162.289,4324.52,49.0,32.2601,2.429
6438.01,1466.95,0.22785,59.7829,909378.7,73.5446,3443.29,32.0,39.2377,13.666
9383.46,2630.7,0.28035,119.272,1267126.6,167.743,3715.16,15.0,46.5464,2.926
11081.8,2906.93,0.26231,141.081,1553883.0,175.439,4201.38,64.0,32.7791,2.071
12300.3,5522.89,0.449,83.2169,1691393.9,203.584,4053.34,12.0,37.501,17.183
14027.0,6100.06,0.43487,90.1591,1979752.4,217.948,13004.15,57.0,33.4779,13.857
7332.93,1921.06,0.26197,68.4368,1015218.75,97.675,3184.36,38.0,37.8357,5.628
9178.24,2592.09,0.28241,94.8819,1297715.0,135.944,3757.6,28.0,35.3556,3.943
10521.3,4614.84,0.43861,113.045,1465542.5,186.526,4205.6,113.0,32.5759,19.567
8465.78,4099.99,0.4843,84.1988,1186263.6,138.837,3495.27,89.0,36.345,15.137
16711.9,5161.42,0.30884,206.974,2191912.5,264.359,6023.09,249.0,22.2287,2.556
15920.7,5235.62,0.32885,194.028,2120285.5,256.674,5298.37,226.0,24.9502,3.185
11561.0,3846.46,0.3327,92.9675,1647090.6,141.976,5280.12,102.0,31.0622,12.213
6413.8,1369.37,0.2135,54.9664,886798.1,84.0334,2807.9,17.0,40.3051,1.091
17462.9,6051.69,0.34654,172.987,2420356.2,256.784,7047.15,146.0,23.5861,20.616
6405.36,2182.59,0.34074,72.0344,883603.9,92.7146,3203.0,37.0,40.2693,1.661
12823.3,4043.93,0.31535,137.426,1804456.9,169.696,4456.99,47.0,30.8978,5.35
7242.83,1836.05,0.25349,61.6751,1022965.0,82.7398,3724.32,46.0,39.4602,15.874
13126.5,4166.32,0.31739,156.45,1838419.4,171.484,5162.95,43.0,29.4558,5.905
10121.0,4283.37,0.42321,88.5567,1248281.4,171.472,2871.44,119.0,38.7854,16.353
9644.38,2486.4,0.2578,81.0892,1375887.6,115.113,4294.34,92.0,33.7464,2.056
8276.51,1859.66,0.22469,79.464,1157325.5,105.707,3855.93,14.0,33.07,1.987
14673.5,4379.52,0.29846,180.531,2025725.5,241.215,5313.36,173.0,25.0133,1.737
12796.6,4444.33,0.3473,124.268,1784696.8,195.521,6210.97,84.0,29.4465,18.099
7083.83,2052.26,0.28971,63.8992,971501.06,83.2811,2605.8,9.0,40.2435,4.652
8378.29,2134.55,0.25477,63.276,1215547.4,91.5233,2745.37,38.0,39.4971,14.505
11398.2,4023.77,0.35301,135.343,1573837.9,162.29,4886.32,83.0,29.0248,3.73
6657.22,2014.34,0.30257,66.6435,904807.4,86.4788,2889.97,54.0,39.8119,14.802
15749.6,4670.17,0.29652,190.368,2181580.2,226.726,5671.02,140.0,22.4758,0.907
7653.59,2288.86,0.29905,65.3362,1054741.9,110.73,3159.27,32.0,37.7011,11.314
10580.5,2523.63,0.23851,93.434,1502975.1,140.06,3644.41,126.0,36.0316,2.697
10081.9,3880.85,0.38493,94.8177,1433921.0,134.187,3724.18,91.0,33.9329,15.765
5244.74,1234.14,0.23531,42.4154,734135.9,67.4942,2708.4,26.0,41.208,9.351
10310.1,2652.64,0.25728,102.825,1436546.0,152.327,3825.05,16.0,33.045,1.438
13929.0,3169.31,0.22753,188.29,1926202.4,244.276,4923.89,127.0,26.9188,3.065
9764.89,3870.83,0.3964,87.4984,1351435.4,145.572,3874.81,113.0,34.1995,5.987
6554.46,1772.15,0.27037,68.0648,885966.75,86.1002,2955.78,18.0,39.1936,2.012
16151.3,5475.72,0.33902,157.816,2330997.5,259.582,6688.76,82.0,25.5831,2.676
6580.44,2462.97,0.37428,82.243,888782.2,97.6395,3188.5,67.0,39.3328,1.944
4204.62,746.77,0.1776,41.6119,548985.8,61.9791,2571.77,11.0,43.6362,2.13
13827.6,3684.42,0.26645,198.198,1890466.4,207.486,4577.16,174.0,29.2725,1.808
5670.34,1505.48,0.2655,46.8522,808418.25,62.1669,2559.38,18.0,41.3304,2.831
3975.97,1333.71,0.33544,39.8038,554382.56,66.5472,2017.88,32.0,43.5887,2.13
10123.1,2541.39,0.25104,61.5967,1355047.1,147.906,3705.48,47.0,31.9451,16.022
8864.66,3796.22,0.42824,67.4402,1236225.5,128.812,3340.62,57.0,38.3835,19.095
13984.9,4158.79,0.29737,170.149,1914784.2,227.083,4760.31,114.0,28.6737,4.862
5828.8,1261.81,0.21647,64.3224,822962.8,55.0831,3520.61,45.0,40.0431,11.9
7622.95,1643.19,0.21555,77.3602,1025224.94,120.76,3558.21,35.0,36.8048,1.443
8848.65,2517.2,0.28447,72.5002,1222344.9,111.409,3633.81,62.0,36.4014,16.836
9139.61,2393.44,0.26187,94.59,1239691.4,118.819,3940.07,136.0,36.9899,17.742
6207.64,1716.58,0.27652,54.7627,801016.6,108.792,3720.16,18.0,40.084,11.011
9472.35,2695.82,0.28459,84.9927,1344591.8,122.363,4185.39,74.0,33.9265,5.54
9549.65,3096.29,0.32423,99.4665,1326016.9,125.767,3549.82,24.0,35.173,4.953
18748.2,5175.1,0.27603,234.261,2606018.5,273.69,5521.5,213.0,24.1131,5.256
9440.23,2243.94,0.23769,100.235,1326300.4,145.308,3606.0,16.0,33.6622,1.024
8852.6,1978.36,0.22347,97.5953,1247747.5,136.183,3562.29,19.0,34.4453,0.934
12804.8,3103.31,0.24235,159.011,1760507.8,203.365,4217.15,58.0,31.7585,2.117
4067.47,1375.24,0.3381,34.6355,560988.8,53.8833,1380.05,22.0,44.4141,1.902
7215.33,2322.16,0.32183,76.0063,996196.75,97.4976,3741.42,34.0,35.434,1.989
10531.6,2018.6,0.19167,150.156,1447723.1,170.297,4005.26,66.0,26.1309,1.775
7283.75,2962.09,0.40667,85.2172,999514.06,117.021,3693.65,112.0,35.3332,17.313
4377.11,1458.42,0.33319,35.0303,602062.75,54.7054,1441.37,19.0,44.2935,1.658
6031.42,1392.4,0.23085,70.1281,853285.6,72.6469,3069.5,16.0,39.2671,1.487
15378.6,6265.69,0.40742,135.749,2192564.2,217.01,5758.63,161.0,26.2175,19.277
3704.71,817.85,0.22075,30.2627,533705.94,40.4452,1137.38,47.0,44.9024,18.316
6647.48,1512.61,0.22754,59.3841,904727.4,83.7727,3056.16,27.0,40.6441,6.265
15702.3,5039.8,0.32095,187.642,2174175.5,266.152,5207.53,105.0,25.2043,7.535
16346.8,5805.01,0.35511,131.689,2357175.0,225.543,5281.7,75.0,25.9041,10.543
5234.16,2116.26,0.40431,49.7512,724102.06,80.7527,2420.85,31.0,42.5585,10.05
4045.88,1385.75,0.3425,35.1162,558158.3,50.8689,1388.97,17.0,44.2919,1.904
8049.45,2541.39,0.31572,67.6108,1136887.5,93.9427,3317.38,25.0,37.4372,7.23
9604.0,2432.7,0.2533,95.9104,1372726.2,151.498,3818.04,14.0,34.1999,0.431
9077.35,2184.21,0.24062,99.2385,1279692.2,126.452,3853.93,52.0,34.1078,12.293
8931.16,2588.79,0.28986,88.5249,1263013.6,128.562,3353.21,6.0,36.2291,2.876
13201.4,4065.68,0.30797,151.997,1861697.4,209.924,4962.08,51.0,28.9715,2.818
6240.8,1359.87,0.21789,67.3415,877246.0,73.6249,2822.3,74.0,39.4853,8.404
5394.32,1769.43,0.32801,55.8255,756372.9,69.5598,2491.16,30.0,41.9675,4.372
12263.3,4107.17,0.33491,105.828,1700787.9,162.686,4938.35,69.0,28.1844,17.17
11930.6,2547.2,0.2135,148.491,1685604.4,172.775,4664.24,147.0,29.3635,2.342
12833.4,4440.12,0.34598,102.232,1766672.4,183.625,5689.15,90.0,26.1461,18.004
8561.77,2977.3,0.34774,67.8661,1147264.5,135.732,5149.86,60.0,33.1307,18.263
7313.7,2669.4,0.36498,60.6246,1042264.4,106.956,3606.49,50.0,39.1134,13.014
8392.62,1660.95,0.1979,73.871,1101847.4,103.753,3138.65,37.0,37.7107,11.618
14811.4,2870.54,0.1938,175.59,2054473.4,220.694,4711.62,32.0,28.375,1.353
7983.37,2705.36,0.33887,80.6744,1122953.5,122.759,3393.93,38.0,37.6567,6.002
13104.2,3692.06,0.28174,169.597,1786835.1,222.177,4786.93,127.0,28.6674,5.526
7852.51,2174.23,0.27688,77.1774,1095449.4,87.7328,3354.68,50.0,37.4031,16.477
5828.9,1553.16,0.26645,55.018,836962.9,77.8765,2814.87,3.0,40.3802,11.603
9730.14,2604.24,0.26764,98.3683,1333492.2,119.221,3783.97,53.0,36.4892,13.44
9897.72,4023.75,0.40653,72.9256,1378392.4,154.101,3675.08,26.0,36.072,17.843
9851.52,2256.22,0.22902,97.2322,1368222.5,125.749,4421.49,41.0,32.6056,2.426
22936.3,8156.92,0.35563,227.959,3254481.8,296.347,6544.81,90.0,17.5499,15.178
7644.93,2510.45,0.32838,61.3728,1009543.3,105.818,4250.81,83.0,34.9164,16.811
6299.75,1827.84,0.29014,55.8032,892968.9,68.8658,3293.87,56.0,39.6406,7.713
11307.8,3103.34,0.27444,137.104,1608976.5,160.461,4124.6,126.0,32.3005,2.773
5713.37,1432.75,0.25077,43.5525,807535.7,64.2814,2456.81,10.0,41.5334,1.985
12607.7,5141.15,0.40777,146.649,1755419.8,228.869,4797.26,83.0,29.144,19.903
4837.51,1183.39,0.24462,50.938,607645.5,61.5567,2162.37,39.0,42.1742,2.18
18928.8,5665.21,0.29929,239.753,2607859.8,310.339,5352.23,209.0,21.9962,4.94
9117.48,2897.97,0.31784,88.5432,1301121.2,138.505,3971.39,3.0,34.6654,1.979
9328.65,2479.64,0.2658,96.0339,1323918.1,128.641,3626.34,123.0,35.7828,2.034
8063.74,2563.52,0.3179,68.8724,1177589.4,90.5667,4652.71,20.0,38.8228,18.998
10237.3,3907.55,0.38169,82.2067,1379501.1,155.473,6508.04,24.0,34.0858,9.627
10733.6,4622.09,0.43061,95.5246,1495034.1,159.632,4077.45,64.0,36.3623,17.313
14170.8,4789.87,0.338,182.418,1986775.2,236.21,4071.01,33.0,27.9381,1.838
8001.6,2692.51,0.33649,87.422,1146295.6,120.618,3742.46,103.0,35.3999,16.232
17938.0,6552.16,0.36526,172.62,2457878.0,287.641,5816.37,134.0,22.4516,11.484
11967.5,5053.89,0.4223,111.77,1672481.4,192.831,5249.68,96.0,27.1691,19.749
5313.99,2068.26,0.38921,34.236,754380.5,69.5251,2582.92,38.0,42.7813,3.955
13490.2,4335.01,0.32134,157.294,1898259.2,223.002,4448.5,72.0,31.6506,18.232
7188.11,2185.89,0.30409,65.5512,1012504.1,110.409,3100.38,12.0,39.5718,13.97
10832.1,4273.95,0.39456,136.604,1474305.5,197.374,4495.76,180.0,30.2898,2.61
8842.12,3218.52,0.36399,67.6585,1249224.6,130.9,4091.38,81.0,35.013,14.37
7342.65,1634.33,0.22258,62.9719,980616.94,78.6606,3490.77,25.0,36.9759,12.467
6031.37,1386.55,0.22988,65.3315,857104.8,64.0209,3547.07,45.0,39.6848,11.001
7564.68,2677.34,0.35392,65.0343,1047737.8,104.219,3363.73,45.0,36.9985,16.804
17178.3,5525.77,0.32167,159.885,2451260.8,246.713,5642.11,129.0,24.2395,13.104
4669.04,1233.67,0.26422,48.2224,594034.3,61.6126,2098.7,39.0,42.9393,3.254
7015.54,1875.62,0.26735,74.2129,961748.9,107.47,3090.93,77.0,39.0742,1.395
17572.2,5226.42,0.29742,227.769,2434431.0,296.8,4876.0,122.0,26.8169,6.581
6624.94,2330.88,0.35183,81.7864,893160.3,96.881,3723.75,22.0,36.2674,2.593
14128.7,3417.96,0.24191,165.729,1994274.8,203.263,5121.82,103.0,26.1278,14.407
9954.73,3519.05,0.3535,73.1312,1382313.9,142.322,3548.99,62.0,35.5351,17.165
11353.8,5173.54,0.45566,109.005,1517115.1,179.263,3633.9,75.0,34.7021,18.554
7727.75,2533.6,0.32785,57.7052,1102583.0,110.311,4484.41,17.0,38.6101,13.874
7878.93,2250.76,0.28566,65.0638,1092862.2,111.882,3894.5,25.0,36.3578,2.355
7233.07,1719.76,0.23776,78.0479,994058.1,92.3884,3875.61,48.0,35.6241,1.784
18106.9,7086.27,0.39135,127.743,2615368.8,288.582,14053.21,86.0,29.8047,14.584
8900.78,2508.83,0.28186,76.3604,1246274.8,108.624,3704.44,69.0,34.192,8.248
8443.72,3014.83,0.35704,77.6809,1154876.2,125.749,3451.66,14.0,37.3982,13.001
7716.36,3244.55,0.42047,84.2282,1082563.2,124.585,3310.72,44.0,37.6523,2.856
8729.04,2183.47,0.25013,90.1356,1224913.2,125.123,4051.97,171.0,23.7351,1.172
7869.81,2372.25,0.30143,90.2346,1098294.2,112.079,3030.64,21.0,38.1767,0.879
9080.08,2591.35,0.28538,98.4204,1252079.9,153.968,3671.59,42.0,32.6449,3.976
7977.67,1904.22,0.23869,58.8249,1105123.0,101.2,3519.9,41.0,37.8088,8.783
6977.78,2332.52,0.33427,75.3971,959010.56,98.4665,3723.24,32.0,30.3496,1.412
11030.8,2920.06,0.26471,109.41,1608563.4,133.035,4767.0,86.0,28.7989,16.304
10311.3,2981.94,0.28919,98.3841,1415927.4,125.445,4356.96,25.0,31.2578,19.84
14725.0,3893.74,0.26443,171.143,2017699.8,239.782,4878.73,27.0,27.968,2.96
8416.98,2228.38,0.26474,75.9153,1228392.5,100.998,3145.68,12.0,37.3441,1.471
11398.0,3761.38,0.33,115.191,1591902.2,191.183,4112.53,29.0,29.7743,2.723
5688.37,1624.7,0.28561,49.1226,791156.75,87.1685,2289.92,76.0,42.2049,13.814
13050.4,4849.37,0.37158,103.935,1832898.8,185.066,5632.92,106.0,25.501,3.591
10905.6,2768.84,0.25389,132.628,1495682.1,166.033,4441.93,103.0,31.5329,1.826
7245.07,2405.71,0.33204,56.4898,1034445.44,91.6307,3311.84,13.0,39.007,13.421
8146.14,1836.17,0.2254,73.1508,1133146.8,92.3654,3285.04,34.0,37.4092,9.835
11415.5,3050.55,0.26722,136.644,1567011.5,158.403,4457.35,89.0,31.499,1.965
5660.73,2189.47,0.38678,31.9331,799626.25,76.8083,2703.57,45.0,45.1775,3.059
11993.7,3904.12,0.32551,152.028,1712035.2,209.583,4813.17,29.0,30.6324,12.956
5221.88,835.02,0.1599,49.9082,731072.94,61.3125,2833.72,21.0,39.6616,3.716
7040.01,1628.27,0.23128,88.1646,981528.2,104.372,3745.7,22.0,35.4449,1.502
11177.8,4087.85,0.36571,51.832,1567468.4,169.134,17661.6,49.0,39.3324,2.446
5621.43,1910.31,0.33982,47.7577,801241.6,78.8337,2763.75,18.0,40.8553,1.815
6115.68,1403.29,0.22945,68.6167,850014.25,80.1897,2814.29,81.0,39.4129,8.369
8655.23,1514.59,0.17499,78.6502,1168253.5,101.418,3982.51,27.0,39.3827,10.325
21991.5,6477.44,0.29454,260.226,3053387.0,322.791,5837.42,223.0,23.196,5.164
8977.07,2539.92,0.28293,73.2042,1265352.4,121.11,4154.85,19.0,33.7762,9.511
10933.0,3692.72,0.33775,126.814,1465644.4,172.513,4050.02,53.0,33.5945,1.787
6996.28,1983.14,0.28345,67.4867,938773.06,97.3501,3445.28,45.0,38.0707,13.435
16358.3,3880.03,0.23719,218.718,2295376.0,261.91,5597.91,95.0,23.3567,2.18
12790.0,3621.09,0.28311,115.529,1773773.2,155.797,4532.6,72.0,31.3869,16.481
4485.92,1491.32,0.33244,46.6687,616064.3,62.0587,2133.76,12.0,43.1384,6.618
9109.13,3488.92,0.38301,90.8499,1190425.8,151.535,3683.83,54.0,35.7812,2.673
16090.7,4723.45,0.29355,192.093,2175375.0,233.865,5302.36,200.0,25.2786,2.781
8995.3,2429.97,0.27013,92.5152,1237218.1,145.731,3266.11,9.0,36.6309,1.471
10371.9,2315.88,0.22328,112.412,1459377.1,163.343,4252.08,48.0,46.5464,0.0
14016.6,5579.17,0.39804,84.0366,1960127.1,198.699,4944.08,97.0,29.417,18.496
7845.45,2492.75,0.31773,72.8994,1060514.6,116.38,3442.38,82.0,36.1065,3.62
12136.2,2913.94,0.2401,157.057,1687144.5,186.432,4102.84,67.0,31.6405,2.016
7705.1,2404.81,0.3121,75.0455,1074375.8,101.391,3729.47,32.0,35.705,1.728
14678.9,3336.94,0.22732,193.645,2070165.1,270.71,5022.01,219.0,26.8182,8.152
12854.8,4974.21,0.38695,133.415,1767690.5,206.178,5170.13,107.0,30.3877,17.383
7496.11,1811.5,0.24165,49.7478,1033267.25,87.2246,3503.93,21.0,37.7797,12.522
17233.7,6009.82,0.34872,231.216,2363818.2,282.382,5484.78,234.0,24.3331,1.676
5720.52,1577.63,0.27578,53.5871,799277.1,63.9736,2498.03,40.0,41.877,3.953
12416.5,2899.83,0.23354,138.351,1709405.2,185.105,5126.64,101.0,28.6822,0.0
6331.6,1904.52,0.30079,65.4382,834338.94,88.931,2573.31,28.0,39.7337,3.169
8726.43,2666.31,0.30554,68.4948,1273035.5,116.53,2785.9,64.0,39.0875,14.369
14324.3,4625.75,0.32293,170.161,1996911.8,223.325,5141.92,172.0,26.9273,2.864
8157.78,2239.41,0.27451,92.2612,1089067.4,130.5,3810.77,33.0,36.441,5.289
8623.65,4215.9,0.48887,74.8178,1148772.0,156.066,3581.81,67.0,36.7689,16.55
14636.7,3895.4,0.26613,182.465,1959514.2,236.354,4989.92,186.0,27.2842,2.346
5832.84,1264.48,0.21678,61.0832,793178.44,83.229,3025.97,41.0,38.3191,5.748
7338.66,2031.5,0.27682,72.3616,1016947.5,89.9501,3357.7,46.0,36.8002,11.736
7759.48,2832.22,0.365,59.2563,1070126.4,107.881,2992.08,61.0,38.7188,6.556
5562.11,1926.92,0.34643,52.1237,727242.56,73.8118,2253.6,19.0,43.2915,13.811
4387.2,797.98,0.18188,39.5723,581372.7,60.9269,2563.64,12.0,43.4995,2.141
10809.3,2588.16,0.23943,123.455,1473534.6,158.73,3627.54,14.0,33.314,2.059
10888.4,2581.43,0.23708,122.075,1483938.8,173.985,3905.64,60.0,33.23,1.582
6991.28,1946.55,0.27842,63.8809,1001352.56,87.1575,2283.97,65.0,40.8581,4.833
7849.64,1808.38,0.23037,61.8949,1091246.8,87.5238,3038.68,26.0,38.6745,14.212
6452.99,2164.8,0.33547,80.5555,870365.9,93.2678,3211.79,57.0,38.7985,1.486
10379.1,2755.13,0.26544,124.924,1476755.5,162.731,4315.17,46.0,31.7764,2.724
10018.3,3862.51,0.38554,136.406,1338320.5,187.672,4441.68,175.0,30.9462,2.27
9906.52,3392.53,0.34245,121.191,1397798.6,161.734,4329.54,58.0,28.766,16.373
8933.95,3705.43,0.41475,101.485,1151595.0,156.608,3600.3,90.0,36.7074,16.677
9153.02,2361.12,0.25796,94.9968,1241980.9,91.7494,3870.32,11.0,35.6581,15.659
13218.3,3982.56,0.30129,158.494,1909144.9,214.584,4654.48,54.0,29.5559,2.749
7248.31,1449.26,0.19994,72.0721,989133.8,85.5398,3170.46,29.0,37.4436,7.513
9091.5,2475.02,0.27223,98.7738,1259411.8,107.788,3676.34,47.0,31.5973,14.939
7713.52,1710.46,0.22174,84.0591,1089509.4,120.254,3588.87,96.0,38.3318,18.57
8676.48,2359.12,0.27189,66.4603,1150821.0,108.539,4079.96,15.0,34.3647,12.135
9226.0,2715.14,0.29429,97.9305,1277455.2,124.767,3883.56,19.0,33.9995,2.036
8701.51,2556.9,0.29384,90.3193,1228483.6,130.781,3769.56,18.0,34.8305,1.98
35288.8,13161.7,0.37297,308.269,4743611.0,514.463,8771.79,274.0,18.6965,1.306
7187.36,1926.06,0.26797,78.5247,993850.3,100.724,3079.04,38.0,36.1941,12.637
10891.4,3021.9,0.27745,126.737,1521533.9,161.016,4656.24,74.0,29.835,1.664
7049.68,1694.24,0.24032,71.0753,958489.56,93.8998,3097.23,44.0,37.6821,4.741
5482.73,1361.71,0.24836,42.5588,782942.94,61.2226,2533.46,17.0,41.5847,4.753
6786.63,2088.76,0.30777,62.0155,921297.94,97.9481,3101.42,27.0,40.16,1.539
15177.4,5858.14,0.38597,166.367,2120536.2,254.788,5366.77,83.0,28.5535,3.756
23268.2,7283.28,0.31301,308.1,3226196.8,376.023,6364.08,103.0,17.8161,3.197
9004.26,2884.63,0.32036,97.1491,1249990.1,146.449,3961.76,43.0,35.1632,1.892
5770.0,1379.55,0.23909,43.3564,778762.0,80.1505,2901.88,19.0,41.7869,10.362
8121.48,2436.71,0.30003,63.3155,1139434.4,105.883,2890.24,84.0,38.5601,13.795
13614.7,4311.44,0.31667,131.735,1893426.5,166.103,4995.49,156.0,27.1007,20.722
8991.47,2362.21,0.26271,114.63,1252000.1,127.402,3718.72,56.0,35.4832,3.551
7476.58,2345.73,0.31374,56.7271,1020919.94,94.3629,3119.65,30.0,42.3707,14.841
13898.5,4214.6,0.30324,195.809,1835178.8,231.238,5647.83,247.0,23.7261,3.202
7242.41,2044.75,0.28233,68.1986,994498.1,95.987,3785.22,36.0,36.3925,2.28
18852.8,6351.33,0.33689,191.447,2675368.5,277.256,5370.73,33.0,24.8803,12.767
20496.3,6328.75,0.30877,265.836,2854455.0,318.556,5522.57,90.0,22.7318,3.393
9260.23,2101.42,0.22692,85.972,1316697.0,116.865,4095.56,96.0,34.701,2.234
15823.3,5531.44,0.34957,197.445,2157865.8,221.07,4532.84,93.0,30.4718,4.372
12107.4,4315.48,0.35643,102.602,1691855.6,151.569,4989.04,37.0,34.6934,15.41
10850.5,2419.83,0.22301,147.714,1538570.1,170.49,4547.89,54.0,30.3069,0.935
10089.9,1718.89,0.17035,118.623,1363137.0,147.661,3626.68,16.0,33.0439,0.0
7048.16,1693.57,0.24028,70.0024,960087.6,94.0342,3081.82,44.0,37.5962,4.778
5475.72,1437.58,0.26253,41.6654,747871.5,85.0786,2891.42,31.0,40.8455,11.366
4915.72,1480.72,0.30122,47.9667,686731.8,63.5405,2008.25,3.0,41.9857,5.24
6164.31,1621.91,0.26311,61.3079,868646.75,108.039,2531.51,42.0,41.165,14.631
13670.1,4950.67,0.36215,134.591,1919729.9,218.313,5158.45,51.0,27.9229,2.768
8300.54,2854.71,0.34391,77.4586,1144650.6,127.278,3428.52,101.0,36.9641,12.97
10873.4,3515.89,0.32334,89.0306,1552525.8,150.051,3764.53,89.0,34.9152,10.891
9059.74,2195.03,0.24228,82.2192,1280401.8,115.133,4682.05,29.0,33.1447,2.04
4538.17,1300.67,0.2866,40.1873,611168.56,57.4102,1448.69,13.0,44.2755,3.84
22845.3,7603.57,0.33282,199.199,3263984.2,288.849,5808.13,150.0,24.6693,18.886
13953.3,2910.02,0.20855,175.452,1960610.4,197.971,4050.02,154.0,32.1754,1.266
8231.56,1837.99,0.22328,60.8866,1168772.8,84.4418,3149.03,30.0,38.3273,13.609
13491.9,3043.83,0.2256,161.456,1843420.1,199.116,5045.22,146.0,29.4933,1.628
8031.61,2047.11,0.25488,95.2965,1125441.0,123.432,3227.46,4.0,36.9771,0.513
7244.21,2446.95,0.33778,78.0485,990017.2,103.923,3752.29,35.0,36.0662,1.884
11986.8,2326.34,0.19407,146.662,1626043.0,191.936,4949.43,141.0,30.0044,0.565
9036.74,2786.13,0.30831,92.2406,1245253.5,101.689,3810.94,29.0,36.314,11.775
3816.0,1215.49,0.31852,35.3669,518671.38,50.189,1393.56,16.0,43.9805,2.021
16143.1,4925.48,0.30511,185.425,2228700.0,256.74,5480.76,181.0,25.8554,19.704
5004.66,887.32,0.17729,42.3113,719402.4,57.3563,2184.62,79.0,42.8189,0.65
6743.49,1773.95,0.26306,63.4711,930693.94,85.5646,3041.51,103.0,38.143,3.442
14633.6,4731.86,0.32335,165.722,2025703.9,227.324,4999.22,112.0,27.4834,10.274
17171.9,7002.5,0.40778,187.0,2386988.5,278.751,5509.72,152.0,21.906,19.644
8988.76,3819.86,0.42495,96.5852,1250399.1,133.58,4509.89,32.0,36.9653,15.098
9040.58,2970.58,0.32858,95.0419,1203736.2,125.399,3357.41,77.0,38.0689,3.475
6122.41,1505.79,0.24594,56.4445,837360.6,76.7198,2708.66,47.0,40.5068,14.798
9448.01,3949.36,0.418,92.6628,1377776.4,132.528,3957.85,49.0,33.517,14.53
10692.6,2195.27,0.2053,146.139,1482162.8,173.06,4035.07,68.0,32.3531,2.007
5129.4,1873.91,0.36532,41.964,708860.25,77.152,2567.3,44.0,42.2049,11.432
13365.9,2966.48,0.22194,153.499,1899318.4,224.657,5082.16,71.0,25.0731,13.641
6000.09,889.5,0.14824,50.39,840123.06,72.008,2754.0,2.0,41.9391,0.518
8886.02,2494.76,0.28075,81.8526,1263482.6,133.009,3424.88,22.0,37.7831,4.731
5710.49,1399.46,0.24506,49.4112,734743.1,70.9895,2094.43,31.0,43.7041,10.36
9805.2,3666.02,0.37388,128.355,1326908.4,188.291,4444.92,175.0,31.1185,1.314
12009.2,3482.32,0.28997,162.82,1679976.9,183.079,4473.42,103.0,30.8709,4.706
7413.96,3115.56,0.42022,79.7735,1044703.5,116.16,3305.57,45.0,37.4412,2.879
8935.52,2882.88,0.32263,95.052,1220423.8,107.081,4432.28,36.0,37.9095,13.558
17576.4,6771.67,0.38527,200.673,2508583.2,286.296,5420.58,129.0,23.7005,5.637
6695.58,2493.04,0.37234,59.1607,909461.56,102.349,3393.04,33.0,38.0606,15.749
13335.9,4087.29,0.30648,117.924,1951303.8,176.47,4466.33,157.0,33.5025,17.679
9346.12,2687.73,0.28757,85.0717,1326081.5,126.776,3934.08,4.0,34.0777,1.486
8481.54,2606.19,0.30727,62.0887,1175883.6,119.697,3862.62,47.0,35.843,14.739
6622.3,2247.2,0.33933,73.1305,932671.0,81.9392,3631.2,29.0,35.7269,15.756
7206.21,2588.29,0.35917,70.3868,1028699.7,115.292,3503.6,29.0,33.6696,14.417
5475.72,1437.58,0.26253,41.6654,747871.5,85.0786,2891.42,31.0,40.8455,11.366
5259.66,1833.74,0.34864,36.0712,704684.7,71.7138,2126.38,41.0,42.9305,11.11
8777.11,2295.5,0.26153,71.0755,1240308.4,100.935,3287.36,16.0,37.7525,8.874
7514.58,1902.27,0.25314,61.2697,1032869.06,106.533,3689.31,25.0,37.1386,1.171
15243.6,4682.97,0.3072,189.473,2112858.0,229.572,5630.77,136.0,22.7853,1.476
5719.31,926.42,0.16198,52.8835,800823.56,71.8433,2928.11,24.0,40.5962,12.013
5621.73,1857.96,0.33049,56.1669,763276.3,76.6592,3151.58,15.0,39.3745,7.673
6259.88,1801.9,0.28784,63.1709,841065.75,96.8318,2970.48,52.0,40.5915,11.827
7734.1,2571.85,0.33253,61.6582,1098461.6,107.418,3017.32,26.0,37.367,12.684
16706.3,6095.02,0.36483,164.556,2411684.0,229.88,38588.7,124.0,24.983,10.184
9489.08,3070.82,0.32361,101.736,1293404.2,144.035,3650.07,21.0,36.9302,3.996
7662.9,1812.05,0.23647,75.3752,1047642.5,97.9803,3693.63,27.0,35.6405,10.083
5196.29,1239.45,0.23852,58.3127,675488.56,79.6134,3517.75,15.0,40.3551,1.729
11509.2,5432.55,0.47201,86.0125,1624999.8,170.978,5450.64,87.0,30.2744,18.798
7522.58,2765.01,0.36756,74.3352,1072636.4,111.563,3633.28,22.0,35.8385,12.462
4756.19,1471.05,0.30929,43.8249,654929.75,61.8378,1880.73,15.0,43.3195,2.463
16614.1,5078.93,0.30569,124.695,2303944.8,243.557,5567.54,72.0,29.578,17.112
6261.19,1476.74,0.23585,51.7698,873114.56,72.6335,3275.07,57.0,39.0053,1.756
4127.86,1206.08,0.29218,34.8092,564009.56,50.9004,1392.96,32.0,44.4537,11.465
10229.5,3387.04,0.3311,89.3959,1376315.9,161.682,4018.89,7.0,34.3588,17.657
6867.25,1468.27,0.2138,68.7427,950795.75,92.051,3388.21,18.0,38.0642,1.945
9185.37,2547.94,0.27739,94.7645,1253850.0,159.115,4138.51,73.0,33.1715,0.623
4376.05,1169.53,0.26725,33.1489,633663.9,48.2263,1205.08,47.0,44.6408,18.892
9250.47,3595.51,0.38868,65.1551,1223511.2,150.007,4779.45,56.0,39.0064,15.27
4937.74,1171.32,0.23721,36.4689,689412.06,55.4344,1910.14,48.0,43.7329,11.824
4279.89,1432.67,0.33474,37.0787,574513.56,53.2265,1431.76,31.0,44.3253,11.675
15788.0,4006.24,0.25375,183.764,2238089.2,233.717,4623.46,34.0,29.2379,3.114
9331.83,2545.99,0.27282,111.636,1318027.6,146.948,4209.31,34.0,33.2261,2.393
12274.8,3910.47,0.31857,147.748,1732664.1,164.217,5207.0,32.0,27.1923,3.982
15970.1,6506.78,0.40743,188.868,2215838.2,269.751,5713.2,190.0,26.3279,5.89
7495.83,2208.73,0.29466,73.6665,1009999.4,100.541,3713.57,79.0,38.1268,6.98
7979.49,2484.93,0.31141,67.3871,1079416.8,113.183,3451.02,36.0,38.4459,15.096
4411.31,903.06,0.20471,43.6269,599941.75,66.8309,2579.6,12.0,43.0344,2.28
7455.54,2463.76,0.33046,75.3721,1026863.3,100.719,3753.35,40.0,36.1751,1.997
6537.0,2505.36,0.38325,51.9669,902762.75,102.943,2542.39,75.0,40.6106,13.532
9595.15,3263.83,0.34015,92.0761,1346099.5,129.556,3645.44,86.0,35.6323,17.748
6345.44,2005.22,0.316,58.6855,887780.94,93.9282,2669.39,42.0,40.5318,1.917
16592.4,4045.72,0.24382,100.634,2284301.2,289.272,4611.66,69.0,28.5926,20.024
8034.67,2128.01,0.26485,86.5573,1099927.6,114.169,3737.32,57.0,35.0321,16.043
12047.3,2858.21,0.23724,145.543,1715848.8,184.21,5040.64,72.0,46.5464,0.0
24762.3,7825.92,0.31604,175.914,3517120.0,363.2,12214.71,208.0,24.1183,6.913
11156.4,2769.15,0.24821,139.165,1552399.6,168.548,4688.95,173.0,28.7117,0.635
8889.88,3003.45,0.33785,87.3426,1219284.4,117.495,4225.87,26.0,32.0647,16.534
5814.76,1549.53,0.26648,63.128,726511.5,90.6101,3105.58,18.0,39.3921,2.386
9118.79,2838.12,0.31123,91.9892,1257733.1,112.818,4198.67,24.0,34.189,15.692
7131.49,2054.0,0.28801,61.1499,1029824.94,90.2833,3358.26,52.0,38.8245,11.88
8635.72,2276.99,0.26367,70.8204,1225285.8,108.841,3150.44,18.0,37.7309,15.879
7375.85,2018.27,0.27363,93.7498,1023790.8,87.5582,4082.88,14.0,36.6325,18.276
7534.13,1392.42,0.18481,71.3888,1054430.4,92.8278,3788.81,17.0,34.4426,0.0
10065.2,3028.22,0.30086,103.978,1324885.1,146.815,3992.88,76.0,35.3555,15.762
8375.93,2514.84,0.30024,81.5969,1183622.1,133.118,3585.65,6.0,36.407,1.962
4956.76,1248.49,0.25187,42.7689,685667.9,57.9584,1915.16,12.0,43.6762,1.964
6940.33,2620.56,0.37758,68.0538,1002377.1,88.9252,4374.83,76.0,36.5688,0.0
14944.2,5077.13,0.33973,175.392,2175222.8,277.931,5008.52,82.0,28.0623,2.933
5429.49,1215.91,0.22394,53.7025,741980.0,91.1942,2703.82,24.0,41.753,14.844
10740.9,2709.07,0.25222,93.3199,1506413.0,132.198,4049.99,148.0,46.5464,5.753
14924.8,3886.12,0.26038,188.035,2116567.0,207.202,5698.26,68.0,22.9925,1.348
9271.66,3001.17,0.32369,104.465,1291634.2,143.332,3631.28,44.0,27.552,4.657
5198.79,1672.27,0.32166,38.1273,718050.3,66.3974,2049.54,14.0,42.9107,11.789
8956.86,3137.02,0.35023,69.6912,1233176.2,138.609,4038.81,56.0,37.444,13.91
8796.57,2969.05,0.33752,77.2803,1212280.0,117.314,3618.99,54.0,38.871,11.494
7477.19,3078.82,0.41176,50.5516,1046157.44,131.134,2852.05,69.0,39.168,12.252
19005.2,7309.3,0.38459,162.239,2591834.0,340.873,6390.41,189.0,31.2554,17.395
19545.9,5079.68,0.25988,206.778,2799425.8,274.482,5673.1,247.0,20.6075,7.551
9187.8,2222.98,0.24194,101.276,1291596.6,158.336,3821.94,12.0,33.8852,0.541
9363.35,2108.99,0.22523,73.5438,1327019.8,106.563,3730.41,9.0,46.5464,11.289
7978.44,2402.74,0.30115,85.4719,1074686.4,109.279,3598.01,32.0,32.6522,14.764
10379.0,2253.85,0.21715,120.371,1417335.8,168.717,3866.68,52.0,33.4296,1.285
11267.1,3554.68,0.31549,73.7169,1482234.0,202.395,3934.11,80.0,33.5501,16.567
7327.64,2642.32,0.36059,60.5738,908933.6,127.052,3008.55,58.0,39.477,13.49
5734.35,1926.88,0.33602,48.5294,807482.1,78.4033,2485.05,25.0,41.6195,1.905
4007.45,1197.74,0.29887,34.3156,545550.0,50.8392,1387.99,32.0,44.4784,11.277
8744.93,2397.2,0.27412,84.6908,1241695.9,118.356,3929.74,71.0,34.7029,4.725
8856.45,2058.04,0.23237,105.413,1196607.5,137.26,3983.6,38.0,34.3041,2.139
4584.56,1506.58,0.32862,39.1957,615277.6,63.9145,1520.71,7.0,43.8701,7.433
6867.75,2435.7,0.35465,80.724,944288.25,97.7424,3246.89,59.0,38.6267,1.429
15278.0,4888.06,0.31994,219.608,2130656.2,265.241,5340.96,275.0,24.5345,1.841
13590.3,4515.52,0.33226,191.576,1839803.6,246.581,4522.68,52.0,28.8161,3.682
6244.79,1979.28,0.31694,46.7379,799155.9,98.6212,2110.25,43.0,42.3721,13.299
10201.0,2672.31,0.26196,115.89,1432531.4,149.931,4317.22,76.0,32.9141,3.12
12617.8,2601.2,0.20615,152.364,1774723.5,168.694,4697.23,135.0,29.5023,2.11
7141.63,2013.16,0.28189,73.2303,961570.4,107.363,3396.88,71.0,37.3136,4.314
12120.3,3278.22,0.27047,130.545,1720772.1,169.914,4476.72,57.0,31.0206,5.777
8412.22,2802.91,0.33319,63.614,1175399.4,112.681,3401.95,111.0,36.6888,15.682
7111.99,1657.14,0.233,67.4296,990478.1,82.9556,2889.86,17.0,38.3914,13.56
4577.23,1170.87,0.2558,35.989,632844.56,56.4761,1822.74,18.0,41.7455,9.333
12640.4,3632.12,0.28734,160.906,1692879.0,228.308,4835.51,170.0,29.2092,18.273
11707.4,3289.99,0.28101,132.262,1620509.8,168.324,4774.4,72.0,28.8988,18.918
11397.1,2044.92,0.17942,166.989,1529695.8,195.954,4414.05,133.0,30.8278,3.835
5753.8,1360.46,0.23644,56.9218,797572.5,96.5882,2840.93,47.0,40.5874,12.132
6540.6,1957.48,0.29928,70.3625,932422.3,86.8586,3147.94,15.0,39.1754,2.189
8204.3,2837.17,0.34581,83.889,1138354.9,121.532,3842.22,30.0,32.1872,4.832
8501.86,3579.72,0.42105,93.8127,1200466.4,114.975,3915.4,18.0,35.4667,16.629
7270.86,2414.55,0.33208,77.6855,990022.7,102.72,3784.14,36.0,36.0577,2.021
13667.8,3205.96,0.23456,183.379,1870053.9,201.964,4580.41,169.0,28.9883,1.623
9683.16,2221.19,0.22938,108.376,1360736.1,151.739,4164.68,60.0,33.7409,2.423
11796.8,2503.45,0.21221,149.61,1613013.8,194.253,4724.16,139.0,30.2787,0.646
14682.3,5383.03,0.36663,135.289,2017405.0,211.08,4272.7,64.0,33.1697,15.956
12746.0,4616.65,0.3622,154.67,1765466.4,227.578,4871.82,99.0,28.1776,19.426
21048.5,5527.12,0.26258,292.49,2838894.0,311.252,6576.65,288.0,18.7108,1.481
7677.74,1287.04,0.16763,74.9329,1037876.94,92.057,3247.01,34.0,38.3216,16.461
9393.26,3641.92,0.38771,91.1872,1318811.2,118.469,3866.55,27.0,36.8224,9.98
18339.1,5514.43,0.30069,234.706,2518974.5,299.493,4781.14,106.0,27.4936,6.049
6522.04,2133.97,0.32719,47.8036,903214.2,98.5415,2423.41,54.0,40.9233,12.228
3338.36,1114.09,0.33372,25.3164,454396.28,39.2869,1391.32,1.0,45.3688,1.906
6782.57,1955.06,0.28824,67.0256,956150.06,87.039,3530.41,32.0,38.1624,1.752
8594.52,2045.7,0.23802,94.0442,1167809.1,106.423,3610.59,32.0,35.1023,15.49
14112.0,5080.51,0.36001,187.43,1859124.1,284.266,5097.86,192.0,26.3213,3.053
11096.6,3930.63,0.35421,92.3516,1549850.0,149.084,4354.89,94.0,32.0666,16.423
8208.1,2046.13,0.24928,98.1436,1110995.9,120.764,3427.11,8.0,37.0487,1.597
9187.13,2875.34,0.31297,72.3052,1289631.2,123.824,4154.43,18.0,33.7115,10.148
6017.32,1232.39,0.2048,53.9316,840427.7,73.3595,2861.07,3.0,40.5476,7.313
8912.55,3319.26,0.37242,104.678,1191386.6,147.577,4260.99,68.0,34.7273,15.859
8472.72,2460.75,0.29043,95.5869,1201572.8,116.034,3564.78,93.0,36.8797,2.368
5647.87,1547.4,0.27397,68.5536,784942.75,71.4794,2819.84,80.0,39.467,7.293
4539.7,950.26,0.20932,39.0873,597480.06,63.8152,2619.15,11.0,43.4798,2.138
7093.56,1931.36,0.27226,54.2936,992645.44,90.3739,3468.78,13.0,37.62,15.648
5731.74,1867.99,0.3259,40.6162,772258.56,83.2038,2985.84,17.0,39.4026,10.515
4865.52,890.01,0.18292,39.8465,670982.7,56.2198,2728.33,31.0,40.5367,12.424
10977.0,4352.35,0.39649,123.672,1529513.8,190.949,3784.42,70.0,33.3113,19.091
6878.0,1923.83,0.2797,71.2188,949903.06,97.9385,3527.66,35.0,37.4919,2.824
8116.32,2309.82,0.28458,77.2494,1148196.9,111.742,3873.21,45.0,35.688,2.569
7262.46,3286.86,0.45258,83.2634,997948.8,130.888,3884.41,84.0,38.2155,17.417
10812.0,2772.54,0.25643,132.273,1514717.9,160.343,4328.94,40.0,32.4133,2.674
16973.6,4722.96,0.27825,227.843,2354581.2,274.758,5653.8,182.0,22.4005,2.757
6879.59,1637.56,0.23803,54.9617,905249.75,89.3357,3448.6,44.0,37.8622,6.303
6273.11,1934.27,0.30834,67.6903,854304.1,88.22,3744.9,58.0,36.7645,4.953
9886.76,2966.34,0.30003,119.821,1360243.4,147.572,4170.0,128.0,32.8222,2.257
16578.2,4457.57,0.26888,227.789,2345182.5,274.649,5563.96,108.0,22.054,2.893
9187.38,3282.45,0.35727,97.6947,1200636.8,150.726,3893.34,90.0,35.9135,16.088
8868.24,2659.62,0.2999,76.0554,1210704.0,115.105,4022.09,85.0,33.7093,13.122
14755.8,5296.1,0.35891,158.298,2031911.9,213.734,5044.96,78.0,27.215,5.632
7979.86,2189.2,0.27434,73.0458,1163828.8,97.6168,3095.16,15.0,37.2278,1.95
13223.7,5870.04,0.4439,129.997,1831285.0,204.903,4888.0,104.0,32.1747,18.877
13489.3,5632.94,0.41758,102.165,1908673.2,212.935,4441.28,23.0,31.5542,17.278
7580.06,2965.18,0.39118,65.6828,1022721.75,112.312,3570.03,63.0,37.0399,16.264
8339.78,2458.8,0.29482,68.2473,1160471.8,111.038,3416.81,37.0,34.5784,6.844
9294.93,3573.29,0.38443,96.6997,1323760.9,133.071,3582.2,59.0,36.5054,8.253
10539.0,4193.82,0.39793,90.2813,1468863.4,161.3,3938.86,45.0,37.7978,19.249
8903.99,2382.8,0.26761,87.4466,1271431.2,116.0,4130.11,10.0,33.6484,1.908
5864.59,1318.73,0.22486,53.243,856539.25,73.3611,2879.43,58.0,40.0785,1.611
9728.68,2019.74,0.2076,97.0598,1375890.4,143.788,4267.65,48.0,33.5322,0.729
8263.19,1984.5,0.24016,99.9254,1167580.0,127.37,3801.69,34.0,35.2741,14.529
9512.7,2803.69,0.29473,98.9697,1312468.2,129.651,3953.85,21.0,34.1451,2.293
17509.1,5809.93,0.33182,158.759,2405843.0,277.718,5744.02,142.0,24.8388,15.725
8789.53,2047.0,0.23289,111.501,1200930.4,133.038,3975.82,41.0,34.1183,1.972
4580.73,1240.08,0.27071,40.5629,624826.75,56.0928,2663.11,15.0,40.8169,10.808
22484.1,7567.59,0.33657,194.621,3152691.0,296.207,6227.08,95.0,46.5464,1.486
9788.03,2099.14,0.21445,98.6525,1361225.1,115.709,3784.25,20.0,33.5666,16.485
3495.1,1258.97,0.36021,24.9744,473461.7,45.7702,1300.76,7.0,45.4906,5.661
7577.9,2745.12,0.36225,79.9459,1038530.56,94.8561,3363.99,58.0,37.7573,2.991
5992.43,1439.74,0.24025,43.5975,834721.94,86.9999,3376.75,21.0,40.3277,2.795
7130.83,2134.08,0.29927,76.0007,984629.25,113.015,3030.8,82.0,39.1915,0.832
6339.03,1410.22,0.22246,42.174,862788.94,94.577,3922.8,34.0,36.8033,18.876
9028.09,3243.51,0.35926,88.4726,1203922.9,135.995,3681.11,50.0,35.8765,1.224
3536.27,1284.93,0.36335,26.7609,477390.3,42.8351,1399.12,7.0,45.2683,4.946
4000.45,1686.03,0.42146,25.1496,549230.06,56.6632,1670.37,15.0,43.9015,11.416
7283.12,2396.48,0.32904,68.4887,1017873.94,101.142,3195.2,28.0,35.7069,12.775
18304.9,5646.15,0.30845,152.273,2480257.0,311.079,4606.97,190.0,28.3651,6.853
8870.05,3356.64,0.37842,87.35,1207985.1,118.11,5104.66,34.0,32.8718,16.547
16952.3,6486.37,0.38262,87.838,2266993.0,230.819,5035.97,127.0,28.8187,18.468
12047.2,5092.26,0.42269,105.748,1642485.1,222.27,3593.14,28.0,34.5107,15.992
12715.5,3967.32,0.312,121.404,1746405.5,203.172,4225.19,66.0,31.741,6.464
6125.94,1522.4,0.24851,63.2746,844279.25,83.8848,3166.65,35.0,39.3345,13.504
4918.76,1829.06,0.37185,39.7311,667909.75,68.8495,1500.44,13.0,43.7581,12.02
7867.44,2411.35,0.30649,77.8088,1086805.0,102.118,3143.16,25.0,36.9494,15.989
8798.64,2546.86,0.28946,98.1787,1208239.6,131.715,3447.95,116.0,36.2555,1.59
15660.3,4807.18,0.30696,180.377,2180112.5,233.866,5335.91,210.0,27.504,3.397
5772.05,1831.12,0.31723,54.5559,788986.3,79.3826,3186.25,13.0,39.1317,7.968
5592.23,2126.7,0.38029,46.5132,812328.2,77.2473,2410.91,51.0,43.09,10.386
6472.16,1751.0,0.27054,67.7957,919352.7,83.5929,3129.03,17.0,38.2395,2.161
7853.17,1998.16,0.25443,84.6336,1057373.8,122.894,3565.28,36.0,36.1268,1.616
17680.5,6344.9,0.35886,238.091,2413275.8,274.727,5500.82,133.0,24.1986,2.028
9275.04,3279.32,0.35356,96.2995,1256807.8,111.522,4262.44,95.0,36.4581,12.818
12957.6,3833.94,0.29588,168.6,1796685.4,214.695,4746.66,114.0,28.8314,5.079
7459.93,3204.24,0.42952,81.56,1051047.6,118.604,3300.99,45.0,37.6416,2.878
9181.11,3228.36,0.35163,91.0178,1332239.2,142.888,3799.68,106.0,35.4438,15.992
11660.2,3674.75,0.31515,146.98,1642644.0,160.999,5188.1,34.0,27.7468,4.244
7772.72,2782.7,0.358,63.3027,1070065.2,124.362,3268.11,60.0,38.4986,12.887
12558.8,3034.87,0.24165,170.319,1712868.9,218.218,4736.03,91.0,28.6727,1.677
9143.88,2784.01,0.30446,88.9079,1311491.2,132.206,3393.73,6.0,36.0791,3.55
5669.02,1783.73,0.31464,48.9103,800813.7,71.0171,2619.7,25.0,42.0515,3.767
11833.9,3633.69,0.30705,105.125,1623917.8,167.879,4588.86,18.0,36.2511,4.082
8690.09,2219.02,0.25535,93.1471,1207990.9,95.506,3197.52,28.0,37.1458,10.996
6559.92,1943.63,0.29628,71.4409,891804.25,104.017,3049.77,81.0,39.1535,0.79
6196.9,1497.04,0.24157,65.3898,858852.7,82.3438,3447.57,42.0,37.6414,14.392
10504.3,2979.5,0.28364,120.413,1454422.6,165.499,4700.42,76.0,29.5095,1.923
4675.7,1534.67,0.32822,42.9659,659084.6,67.3417,2449.52,42.0,42.2539,10.693
7822.64,2760.42,0.35287,72.2316,1111022.9,118.232,3259.25,49.0,30.8417,2.59
3806.25,1244.35,0.32692,24.6048,518551.88,41.7969,1431.0,4.0,45.1283,3.418
8068.6,2077.5,0.25747,94.9895,1067097.9,124.702,3732.05,34.0,36.0712,4.643
12492.7,3170.89,0.25381,163.223,1757335.2,193.148,4687.3,106.0,29.3253,2.737
24686.0,8169.71,0.33094,312.423,3417855.0,426.552,6725.18,145.0,16.6168,3.115
6913.65,1891.37,0.27357,71.2008,926969.8,97.4065,2896.9,114.0,38.7459,2.279
7182.05,2065.63,0.28761,62.9917,1008240.25,93.541,3076.97,36.0,38.6233,17.104
17600.3,5352.18,0.30409,158.374,2544675.8,267.044,5414.35,45.0,24.9749,20.68
4365.09,1257.63,0.28811,31.6465,606971.44,51.9225,2073.54,42.0,44.2864,10.459
11997.2,3615.17,0.30133,158.618,1696024.8,191.901,4618.07,153.0,29.6761,9.699
17068.0,4749.84,0.27828,219.419,2341998.5,286.342,5758.17,201.0,21.701,2.021
13854.9,3986.29,0.28771,166.003,1916752.4,181.16,5053.38,129.0,27.7675,5.935
18331.5,5345.49,0.2916,250.725,2462082.8,310.195,5779.73,332.0,21.2138,3.098
8124.03,2268.89,0.27928,93.9917,1149224.0,110.314,3544.98,95.0,36.9008,4.8
12435.5,3653.2,0.29377,150.602,1697682.5,191.274,4589.51,37.0,29.8534,4.218
11776.2,3815.55,0.324,120.537,1683231.8,166.865,4501.52,149.0,31.3941,5.135
17302.9,5103.69,0.29496,227.401,2372630.5,296.204,4839.89,162.0,26.7527,5.282
11659.7,3699.53,0.31729,109.299,1699155.1,161.934,4539.13,78.0,31.4204,15.168
9231.54,3241.23,0.3511,93.1426,1246125.6,139.284,4502.85,41.0,33.0476,13.801
15759.7,5585.35,0.3544,182.538,2195065.8,258.51,5954.25,194.0,27.8142,3.037
20450.7,6467.62,0.31625,209.91,2828155.5,334.211,6414.43,175.0,19.0983,17.899
11389.3,2916.62,0.25608,147.8,1513050.5,181.798,4428.48,52.0,29.7271,2.859
5541.56,2342.91,0.42278,55.2925,759828.9,89.7063,2405.09,103.0,41.5544,14.868
7015.68,2448.31,0.34897,57.0068,953539.56,90.4149,2896.76,44.0,39.801,13.273
8164.87,2277.49,0.27893,93.7355,1091753.4,130.518,3768.55,33.0,36.0303,5.01
16464.1,5454.39,0.33128,190.646,2259900.5,277.38,5370.55,87.0,24.7673,5.437
15106.3,3712.09,0.24573,180.629,2139431.0,214.075,17317.65,96.0,26.7841,1.486
7062.06,1301.25,0.18425,73.7075,966340.7,85.5139,3145.88,28.0,37.9066,8.498
7410.1,2526.39,0.34093,63.2953,996343.5,107.882,2806.91,59.0,38.7772,14.626
6922.15,2143.02,0.30958,63.6012,989631.06,91.6472,3146.95,31.0,38.8427,4.128
7442.48,3284.29,0.44128,68.4534,1005965.3,129.6,3058.01,57.0,38.9618,14.142
7553.92,2530.31,0.33496,70.2796,1051881.8,105.187,3185.03,48.0,37.9933,15.332
3784.34,1185.24,0.31319,35.2314,514580.25,50.2593,1384.74,32.0,44.3509,11.206
9158.59,2675.2,0.29209,87.2376,1271930.6,132.669,3916.59,2.0,35.4877,2.321
8624.96,2301.64,0.26685,77.9836,1205889.6,99.7333,4171.55,60.0,34.5701,2.055
5212.05,1574.11,0.30201,39.5512,690935.75,78.1309,2861.81,11.0,42.1469,9.188
8747.27,2631.76,0.30086,103.194,1191847.0,88.8989,3775.89,9.0,35.6471,19.754
6766.56,2344.43,0.34647,48.1919,948952.8,104.929,3650.86,36.0,38.6663,3.851
8495.18,2089.81,0.24599,82.1304,1207889.1,127.973,3752.17,110.0,36.1855,16.118
10068.9,2340.03,0.2324,122.683,1404501.4,157.994,4600.47,67.0,30.1468,1.245
10480.2,2271.67,0.21675,99.8346,1432134.9,131.941,4848.22,87.0,32.8707,17.069
12742.6,4090.28,0.32099,169.701,1795029.1,183.863,4782.76,173.0,31.0,11.9
7719.7,2328.54,0.30163,88.5823,1073991.1,108.253,3951.7,30.0,36.5534,1.631
10459.7,2633.16,0.25174,67.3706,1476812.5,126.185,3876.68,44.0,36.6377,12.782
6173.51,853.74,0.13829,47.932,874847.75,73.6454,2740.46,2.0,42.0441,0.611
16017.8,5062.94,0.31608,172.233,2218127.2,251.834,5711.53,204.0,26.8389,2.508
14696.9,5292.56,0.36011,142.037,2087070.4,245.89,4852.2,103.0,29.5567,17.142
8375.36,2884.58,0.34441,94.047,1167484.9,136.124,3544.81,26.0,35.82,2.623
9218.68,2321.28,0.2518,84.9667,1246007.1,123.124,3770.74,38.0,35.0761,1.907
9505.0,2227.36,0.23433,112.313,1330218.0,123.366,4152.87,62.0,34.1753,1.963
16436.1,3801.44,0.23128,212.799,2305723.0,264.093,5562.6,92.0,23.5981,2.236
9424.75,3313.69,0.35159,78.2068,1262800.8,130.49,3321.98,105.0,34.0763,13.317
8232.83,2170.05,0.26358,98.073,1151208.6,129.346,3931.62,53.0,34.9685,2.91
10071.0,2941.68,0.29209,105.666,1400122.1,140.223,4346.0,104.0,30.333,15.937
12054.5,3654.85,0.30319,163.299,1669507.9,196.172,4708.77,92.0,29.2539,2.245
8893.08,1719.86,0.19339,78.1631,1284377.6,100.49,3894.39,11.0,35.063,1.346
9929.66,2486.0,0.25036,121.686,1366642.1,130.195,4154.05,126.0,32.9193,2.629
7140.0,2501.88,0.3504,67.6558,1018730.0,91.4884,3321.22,87.0,37.7313,12.908
11158.3,2964.38,0.26566,132.539,1531101.5,161.551,4422.34,91.0,31.4741,2.155
7280.62,2950.76,0.40528,67.3438,1024803.6,112.692,3314.38,42.0,38.1937,7.981
5052.63,1495.41,0.29596,44.9194,706381.7,64.4609,2809.89,21.0,41.4629,3.193
6132.28,1459.31,0.23797,70.923,839813.3,117.713,3044.24,68.0,38.6889,10.638
12565.9,3999.96,0.31831,122.104,1730807.6,167.966,4381.68,7.0,31.2035,16.301
4202.05,744.71,0.17722,39.6896,554911.25,59.5054,2569.43,10.0,43.4913,2.006
7863.51,2691.58,0.34228,58.5786,1102541.6,108.508,2886.69,14.0,41.2948,12.629
9719.25,3110.19,0.32,73.8478,1378818.0,132.208,4343.06,13.0,33.3033,19.128
4602.56,1381.35,0.30012,45.8228,653176.56,62.4846,1970.97,28.0,44.0339,2.198
7971.33,1960.57,0.24595,76.9916,1157283.6,92.6633,3128.5,22.0,37.43,1.394
14370.8,4515.43,0.3142,188.246,2021394.9,243.653,4448.16,52.0,29.309,2.393
8739.58,2931.76,0.33545,102.794,1200631.1,147.689,3289.48,9.0,36.3805,1.873
8831.43,2772.32,0.31391,88.6545,1257732.9,110.555,4079.11,23.0,36.132,2.916
5623.76,1734.52,0.30842,54.926,791905.25,79.2528,2596.79,41.0,41.2754,1.988
14152.2,4321.62,0.30536,161.088,1936597.6,216.685,5226.93,11.0,30.8677,16.216
15880.8,6139.66,0.3866,155.502,2183936.8,241.66,4468.99,95.0,31.6417,20.97
17332.7,4983.65,0.28752,227.774,2409079.0,282.981,5727.28,198.0,21.8532,2.466
4064.89,1303.24,0.3206,37.1042,551691.7,49.9993,1399.52,16.0,44.4045,2.18
8597.05,2494.55,0.29016,64.1887,1236123.8,107.67,2741.41,57.0,39.7146,13.537
20021.3,7373.82,0.36829,206.454,2766475.8,302.845,6581.46,199.0,19.4752,20.496
12472.2,3561.2,0.28553,155.549,1729208.4,178.814,4559.54,17.0,30.2453,2.557
6190.44,1910.69,0.30865,61.8631,802878.2,87.1732,2869.04,5.0,39.5347,12.695
7540.4,2614.58,0.34674,74.8341,1053433.6,115.45,2909.74,101.0,33.176,12.11
10039.4,2584.5,0.25743,101.751,1409138.0,138.015,3691.43,124.0,35.4509,3.617
14524.7,5336.82,0.36743,189.963,1924510.5,268.862,5199.38,70.0,26.1855,5.83
8302.5,3921.48,0.47232,64.2432,1183381.4,124.338,3038.07,75.0,37.5999,16.473
9179.88,1882.95,0.20511,83.9576,1295403.2,105.776,3840.35,21.0,34.9092,3.679
15069.8,5227.68,0.34689,156.589,2090098.2,228.82,4816.03,24.0,28.6382,3.337
14422.0,4490.65,0.31137,167.946,2084115.1,261.536,4922.5,96.0,25.5529,4.486
9842.17,3526.72,0.35832,135.215,1307058.4,171.758,4416.55,180.0,31.1771,1.772
5622.07,1520.64,0.27047,47.3844,720806.75,81.4083,2254.59,31.0,43.625,6.98
9046.0,2750.89,0.3041,104.309,1239706.2,133.611,3511.84,123.0,35.0011,1.75
6147.86,1484.81,0.24151,70.3562,870371.06,73.7482,2837.85,72.0,39.3322,7.85
12622.1,3257.72,0.25809,157.896,1757189.9,203.603,4810.21,56.0,28.7371,2.714
13473.1,5088.03,0.37764,164.058,1892245.1,207.765,4907.44,137.0,28.323,5.463
14409.5,4168.87,0.28931,140.172,2020702.9,190.784,4709.27,72.0,29.146,4.616
7690.86,1448.14,0.18829,68.9782,1095109.2,98.756,3188.02,58.0,38.6893,9.691
6872.37,1996.59,0.29052,65.1923,964600.44,97.9817,3445.05,75.0,37.4134,13.778
15451.6,5258.0,0.34028,161.294,2136753.5,224.678,5346.16,161.0,27.2383,2.521
13004.3,4709.32,0.36213,137.818,1862185.6,183.674,5040.69,106.0,27.5881,14.591
9341.47,2336.44,0.25011,115.951,1297073.6,150.352,4161.69,55.0,33.944,2.961
6227.7,2248.06,0.36097,80.0379,845400.25,92.3738,3285.73,55.0,38.2927,1.599
9974.19,2710.73,0.27177,111.222,1378754.8,154.146,4270.65,73.0,29.394,3.49
6826.76,1583.52,0.23195,64.3668,957651.3,85.6952,3542.07,36.0,38.1626,2.341
8568.52,3726.77,0.43493,67.0149,1213274.0,127.614,3110.8,83.0,37.3307,17.19
9414.83,3157.63,0.33538,102.459,1314886.0,131.465,3629.81,17.0,35.1133,2.838
7574.4,1402.61,0.18517,77.7885,1074177.8,88.5252,3791.71,16.0,35.6879,1.81
17292.1,6541.04,0.37826,183.391,2356767.2,269.798,6068.22,108.0,27.2386,15.229
4208.65,1703.57,0.40477,25.9035,571586.56,59.4655,1598.79,9.0,44.9767,6.242
11284.3,3832.37,0.33961,110.295,1513586.5,153.927,4756.42,31.0,31.2098,14.198
9155.09,3098.94,0.33849,73.4861,1234022.4,126.395,3568.08,115.0,37.1574,13.786
15538.9,5037.16,0.32416,176.088,2143795.0,231.002,5307.37,193.0,26.6255,1.846
8359.91,2179.42,0.26069,73.134,1134873.0,102.687,3479.82,89.0,34.8343,14.033
6683.42,1725.3,0.25814,66.7486,916014.56,74.9269,2903.0,50.0,39.4537,2.037
9383.65,3134.99,0.33409,72.9467,1284715.6,111.142,4310.77,50.0,33.7239,15.198
6856.52,1510.66,0.22032,65.2744,970757.94,69.9525,3423.81,20.0,37.9906,13.77
9094.78,1819.69,0.20008,78.3581,1226565.2,115.011,3445.89,37.0,36.4338,19.149
9589.2,2628.31,0.27409,104.568,1309211.0,152.784,4152.26,75.0,33.1885,0.798
4169.22,1195.41,0.28672,45.8546,603579.44,55.8384,2319.23,35.0,43.9665,9.611
8313.1,1743.51,0.20973,84.3608,1162515.8,105.132,3953.79,56.0,35.8397,14.718
8750.48,2596.18,0.29669,92.9085,1241412.5,109.549,4083.29,20.0,35.8727,1.777
9697.19,3751.96,0.38691,94.8377,1370523.2,152.127,3692.44,23.0,35.0859,4.077
9585.03,2999.54,0.31294,82.8447,1364417.9,140.107,4235.88,72.0,35.7588,5.255
9615.04,2848.88,0.29629,99.2015,1339697.4,146.101,4625.47,72.0,32.2773,11.421
11445.2,3150.74,0.27528,131.681,1560061.8,190.712,4193.81,76.0,31.4199,2.438
17588.8,5473.93,0.31121,201.299,2537703.5,282.558,5205.86,258.0,21.8786,17.555
6632.19,2410.73,0.36348,67.5619,919929.75,100.525,3678.05,92.0,38.0998,14.876
8349.98,2198.07,0.26324,84.4387,1187278.6,110.505,3932.78,43.0,35.2181,2.17
16106.0,5901.93,0.36644,154.964,2252562.8,232.36,7819.79,56.0,25.6999,15.845
13445.4,3729.91,0.27741,188.064,1864957.2,262.847,5003.76,163.0,25.3824,2.895
9978.69,1531.21,0.15344,130.131,1396543.6,160.085,4574.19,148.0,30.0519,1.659
8433.18,2227.99,0.26419,97.3052,1161011.6,90.7316,3929.34,35.0,36.259,20.116
9761.08,3760.15,0.38521,93.42,1395454.6,139.426,3537.48,56.0,34.5826,16.992
5442.56,1109.44,0.20384,49.5347,784579.5,67.2338,2210.7,78.0,42.6945,2.779
19180.6,5283.39,0.27545,205.096,2753924.0,290.533,6090.82,230.0,19.5156,13.093
6050.69,2634.08,0.43533,59.1098,822368.7,93.2254,2804.55,43.0,40.7001,12.488
14441.0,4026.72,0.27883,201.899,1981240.9,207.537,4592.37,171.0,29.1371,1.939
14971.8,5110.72,0.34135,158.466,2093395.6,225.98,4959.74,130.0,28.2452,19.426
6232.81,1300.06,0.20858,53.6482,904941.3,77.9409,2288.6,64.0,42.638,10.839
14411.1,4999.2,0.34689,164.068,2060830.0,237.928,4670.98,64.0,27.7683,3.532
7795.28,1979.72,0.25396,98.9678,1088462.6,122.061,3206.57,4.0,37.0433,0.437
7019.82,2081.09,0.29645,65.0661,969205.44,92.9956,3118.32,48.0,39.4787,2.463
17718.6,5382.62,0.30378,230.639,2446444.2,284.291,4985.22,150.0,26.1288,6.978
9878.11,4450.39,0.45053,100.112,1424251.1,146.48,4196.78,31.0,33.9753,20.185
4688.37,1264.34,0.26967,51.9153,610489.5,62.6538,1906.9,84.0,43.4467,14.352
4653.04,852.11,0.18312,43.5785,631166.6,65.4321,2614.09,13.0,42.9603,1.994
6540.46,1769.29,0.27051,69.6108,941849.75,80.2723,3133.89,18.0,38.5231,2.981
9505.23,2147.09,0.22588,112.785,1313665.2,133.9,4274.06,62.0,33.7612,2.08
10622.3,2588.18,0.24365,98.1491,1446420.1,138.061,3943.27,30.0,32.752,15.162
4276.12,1084.03,0.2535,41.1818,591927.75,48.3146,2443.11,51.0,42.6996,12.422
20568.9,5806.24,0.28228,297.342,2799023.2,309.722,6581.42,288.0,18.5942,1.557
4025.3,1226.07,0.30459,35.3516,549172.2,49.7995,1378.03,30.0,44.5272,11.277
10295.8,3114.89,0.30253,90.2612,1445553.1,136.809,4737.06,107.0,31.8399,13.714
4823.36,964.03,0.19986,44.1597,644421.44,58.2274,2688.06,11.0,43.1444,5.869
10163.6,2101.31,0.20674,100.856,1449231.4,136.518,4285.08,48.0,33.2873,0.931
5979.83,2015.32,0.33701,57.5484,822932.0,90.4662,2674.97,43.0,40.4463,3.126
8425.74,1700.15,0.20178,85.6084,1179690.0,103.144,3721.55,14.0,46.5464,1.929
12966.5,4285.31,0.33049,161.634,1794045.0,203.288,5114.97,111.0,27.2351,4.235
8108.05,1739.27,0.21451,82.6657,1141980.1,123.655,3675.37,96.0,37.8311,17.641
9001.06,2666.42,0.29623,83.5301,1279498.4,122.091,4181.04,41.0,35.1006,3.261
7896.69,1901.08,0.24074,82.2009,1117259.5,103.08,3904.13,38.0,35.4726,3.834
4253.46,1129.2,0.26547,35.0274,607222.8,50.6187,1781.26,11.0,44.0473,7.513
17655.1,6399.7,0.36248,188.395,2409156.8,252.22,5196.06,102.0,25.6264,7.404
13010.2,4294.46,0.33008,109.734,1898016.8,157.364,4514.76,76.0,31.8515,18.603
5966.51,2175.83,0.36467,73.3671,808603.8,88.7013,3075.84,34.0,40.2402,7.441
14041.1,4140.89,0.29491,172.788,1939912.8,238.175,4686.15,20.0,28.606,2.92
9907.86,1975.99,0.19943,103.558,1411409.8,136.107,4273.48,50.0,33.5088,0.977
15276.2,6094.42,0.39894,187.678,2044488.0,285.614,5703.18,79.0,28.091,5.93
6373.92,2067.63,0.32438,58.9454,892974.6,92.9589,2683.49,42.0,40.6967,1.714
8184.36,3335.4,0.40753,63.9524,1130089.6,115.668,3845.53,74.0,35.8345,10.633
4783.39,1821.57,0.38081,32.9277,693673.06,67.3215,3042.56,52.0,41.9719,9.671
13886.7,4623.55,0.33294,171.461,2017415.5,261.492,4939.62,71.0,31.006,2.807
9792.26,3159.52,0.32265,94.2666,1365141.2,144.434,4401.32,35.0,33.5231,1.705
8049.68,1725.84,0.21439,83.5447,1145734.9,109.946,3771.37,100.0,30.367,14.358
7885.89,1671.12,0.21191,68.7111,1128208.1,110.846,4063.87,97.0,34.8459,0.932
9267.76,4579.17,0.49409,83.3863,1139424.1,179.748,2331.08,61.0,40.3469,12.697
8354.95,1760.53,0.21071,104.191,1151596.5,134.996,3669.81,20.0,34.0238,1.441
6505.34,1435.63,0.22068,65.336,919893.0,78.2799,3095.72,16.0,38.8805,2.047
9568.62,2855.05,0.29837,87.2461,1329357.1,107.414,4387.64,49.0,34.186,15.446
8916.16,2644.86,0.29663,84.9762,1267641.9,126.59,3439.7,39.0,37.4564,13.533
8614.93,3373.85,0.39162,82.2739,1234108.0,135.946,3684.28,50.0,34.7066,7.195
19195.5,6411.46,0.334,201.013,2565705.5,301.331,5596.76,177.0,23.3663,3.058
7562.22,3177.37,0.42016,65.2669,1119644.9,108.774,3472.71,30.0,38.5154,2.532
12206.8,3017.47,0.24719,138.695,1685803.5,203.128,4176.76,73.0,31.8975,1.985
16424.6,5450.59,0.33185,185.82,2314529.5,267.558,4709.13,68.0,27.7506,9.538
10260.3,3166.03,0.30857,90.568,1451921.8,134.12,4246.39,98.0,32.459,3.785
9652.69,3357.61,0.34784,86.3384,1296949.4,147.18,4029.98,32.0,36.141,18.11
4639.0,1392.54,0.30018,35.0862,647065.8,58.1709,1854.4,16.0,43.4845,12.723
6291.81,1669.77,0.26538,57.0553,878053.9,102.527,3509.17,94.0,37.7407,1.508
8292.79,2401.25,0.28955,96.3881,1174552.1,112.687,3558.21,93.0,36.7574,2.167
4604.97,1350.8,0.29333,47.628,645341.06,61.5585,1962.86,21.0,42.657,2.241
9052.34,2298.39,0.2539,100.053,1274609.4,139.211,3796.9,44.0,34.9889,3.504
13652.4,3699.89,0.271,191.691,1860648.1,208.577,4570.19,182.0,29.0728,2.357
5884.37,1352.71,0.22988,59.8309,789677.94,87.4651,2857.44,61.0,40.6999,14.151
16143.6,6183.78,0.38304,112.738,2309687.5,231.8,5124.39,98.0,28.3222,17.859
15788.1,3860.22,0.2445,171.703,2225314.5,240.515,5044.88,93.0,26.1365,4.73
5137.29,973.5,0.18949,44.7404,736494.56,64.6528,2189.0,81.0,42.7205,0.992
4057.26,1254.77,0.30926,34.5694,556834.4,51.426,1386.71,32.0,44.4748,11.378
6484.79,1431.25,0.2207,67.6015,913426.0,77.724,2848.61,75.0,39.3026,7.239
17964.1,5236.28,0.29148,180.405,2519045.5,229.938,5596.53,62.0,23.974,13.014
14926.0,3915.87,0.26235,201.261,2078948.6,252.08,4988.75,111.0,25.4867,2.612
6402.22,2221.75,0.34702,52.6956,821291.7,129.137,3320.27,75.0,34.4461,16.996
10236.4,4431.14,0.43288,94.461,1458380.8,145.424,4632.97,33.0,34.5024,15.852
9676.54,3586.45,0.37063,95.7049,1281588.8,154.71,4379.21,41.0,33.1643,15.921
5368.2,2296.78,0.42784,46.4546,779851.94,75.2187,2672.57,44.0,40.0129,16.641
6685.85,2517.77,0.37658,64.541,925533.06,87.9801,3267.1,47.0,38.1896,4.566
14609.2,3617.03,0.24758,208.917,2038424.9,237.138,4970.3,146.0,26.2086,3.215
13661.3,4421.02,0.32361,193.39,1829954.1,253.032,4582.53,37.0,28.586,2.574
7865.34,2141.1,0.27221,64.0959,1122926.0,107.696,2890.96,40.0,40.8835,17.193
7057.84,2128.24,0.30154,69.6539,981940.9,95.1842,3216.97,36.0,36.8669,3.907
8681.62,3277.4,0.37751,85.1901,1236519.9,123.225,3638.42,73.0,35.9638,9.329
6518.38,1516.3,0.23261,62.1036,889862.56,77.2393,3244.72,34.0,37.9471,4.614
13947.2,4453.31,0.31929,137.211,2011559.6,172.935,5112.71,57.0,27.0134,13.756
4682.95,891.97,0.19047,42.2497,633251.25,61.0177,2661.27,16.0,42.9648,1.856
9710.1,3487.96,0.3592,95.1539,1373181.8,136.252,3322.35,92.0,36.3477,14.85
16642.0,4880.97,0.29329,198.251,2380883.2,277.926,5342.96,263.0,21.5861,16.936
13153.8,4148.32,0.31537,159.596,1865962.9,234.909,4303.89,92.0,30.657,2.354
4698.56,1605.58,0.34171,32.2184,655577.6,62.7427,2149.79,44.0,43.5632,9.775
10625.9,2875.11,0.27057,121.514,1437022.2,163.79,3829.97,18.0,33.3008,3.229
5784.31,1404.84,0.24287,39.0004,790276.56,85.0328,3028.02,21.0,39.6292,14.566
14036.0,3078.99,0.21936,171.215,1968068.2,195.793,4067.5,139.0,32.0439,1.32
8789.04,1696.56,0.19303,77.1128,1256372.9,101.697,3858.78,14.0,35.3514,0.983
11396.6,4119.53,0.36147,107.542,1649039.9,172.892,4558.59,69.0,30.9325,3.072
12797.1,3211.37,0.25094,122.266,1789769.4,164.998,4422.13,133.0,30.8725,18.695
7372.9,2957.93,0.40118,58.9365,1048809.4,99.4253,2570.16,66.0,39.4467,9.561
8077.39,2612.98,0.32349,62.1232,1113833.2,112.803,3509.15,59.0,36.9277,13.847
9080.86,1903.7,0.20963,103.984,1232269.0,135.718,4032.08,45.0,25.4596,1.913
4934.24,943.83,0.19128,41.8471,703141.75,63.4024,2684.23,15.0,41.9755,2.391
6585.03,1624.78,0.24673,62.3545,914860.1,86.4749,3283.54,30.0,37.9682,5.125
22665.4,6433.43,0.28384,310.588,3127046.8,351.271,6331.23,104.0,17.9303,4.093
3375.97,1248.27,0.36975,24.5279,461737.16,44.7686,1392.54,6.0,45.2663,6.135
5043.38,1013.85,0.20102,47.0327,716941.3,60.0574,2184.52,78.0,42.5788,1.731
16095.2,5489.41,0.34105,235.406,2195131.2,250.337,5372.26,131.0,24.2919,2.278
8537.04,2252.12,0.2638,98.5171,1170687.9,124.354,3456.61,120.0,35.4681,1.546
4802.63,937.26,0.19515,46.7999,682642.1,57.7643,2199.07,76.0,42.8198,0.761
12874.5,5815.4,0.45169,146.56,1753907.0,212.939,5636.11,138.0,25.443,15.363
16489.1,5172.4,0.31368,88.6068,2326145.8,220.842,4844.69,158.0,28.7595,12.523
15413.6,4041.69,0.26221,119.759,2075946.6,219.583,4710.58,141.0,29.0474,5.581
7348.64,2618.47,0.35632,59.2644,1000657.75,101.578,2958.65,56.0,36.9986,14.993
10929.2,3293.94,0.30138,76.7799,1472126.2,151.084,4875.69,72.0,33.6799,19.203
9660.39,3996.29,0.41367,85.0815,1352733.1,145.916,4321.99,96.0,34.1928,15.951
7221.97,1891.05,0.26184,54.0937,1017533.0,77.5058,3031.22,32.0,39.701,10.871
10237.3,4201.25,0.41038,94.8982,1460867.0,142.89,3800.36,27.0,34.6888,14.387
6056.04,1903.73,0.31435,59.4767,791077.56,101.275,2709.72,5.0,38.5003,14.373
6674.98,1582.92,0.23714,85.3559,899101.94,91.4847,3258.57,42.0,38.8456,11.227
14910.3,5606.3,0.376,168.435,2083160.8,219.451,5034.2,162.0,27.5119,5.791
7308.95,2180.57,0.29834,78.7876,1005666.7,100.339,3330.36,78.0,37.5057,18.32
8354.55,2356.81,0.28209,76.5288,1168022.2,114.846,3976.45,56.0,35.0318,15.808
22037.1,6666.28,0.3025,322.34,3021407.2,355.309,6350.64,93.0,17.6152,4.256
9983.45,2665.95,0.26703,103.681,1423342.8,150.241,4007.55,43.0,32.9637,2.045
5223.08,1828.39,0.35005,49.675,732224.75,70.278,2141.49,28.0,44.0016,4.864
19538.4,7206.24,0.36882,130.985,2748392.0,308.019,17276.74,63.0,31.7838,9.082
9972.79,2748.3,0.27557,118.04,1372701.4,142.156,4169.07,114.0,32.8103,2.202
11881.5,4373.07,0.36805,98.4025,1577149.2,181.824,5533.44,51.0,36.0855,3.82
8884.32,2700.56,0.30396,103.703,1234665.9,109.47,3324.53,33.0,37.3367,10.009
9158.82,2174.08,0.23737,101.418,1272342.6,127.849,3927.05,59.0,34.7797,3.13
13899.7,5110.21,0.36764,126.736,1980671.6,194.893,5606.79,159.0,29.1508,20.015
6696.76,1940.96,0.28983,70.0373,935398.44,85.7745,3608.04,35.0,33.9369,1.937
5447.06,787.7,0.14461,51.8974,749364.25,59.0955,2951.92,21.0,40.0187,3.597
10556.0,3323.98,0.31489,93.9478,1443342.4,140.402,5841.62,85.0,31.4528,17.738
5695.27,1188.35,0.20865,49.2365,767423.6,69.7564,2416.96,22.0,41.8676,5.218
3975.81,968.42,0.24357,32.4601,566114.5,44.0776,1781.55,12.0,44.492,1.873
6106.82,1484.35,0.24306,67.4351,866406.44,77.9061,3054.43,13.0,39.1665,2.077
4896.3,1292.34,0.26394,40.7614,684398.06,50.7453,2062.46,35.0,43.3107,11.937
12036.5,4374.08,0.3634,101.716,1687954.8,184.703,4778.85,133.0,31.7798,17.246
9470.25,3009.61,0.31779,90.8675,1283807.8,150.912,4391.07,107.0,32.4704,3.734
5263.23,1148.04,0.21812,48.4952,751250.2,70.8144,2884.5,58.0,40.2988,1.835
7010.48,1905.76,0.27184,70.8312,949990.06,98.0778,3167.63,62.0,41.0896,15.013
12765.6,4544.25,0.35597,111.97,1856741.4,171.168,4847.24,120.0,33.0995,16.943
11455.8,3961.4,0.34579,126.797,1599085.8,187.955,4126.98,44.0,31.192,2.056
4355.28,922.88,0.21189,41.1723,578464.56,51.6094,2480.31,9.0,43.6426,11.551
6409.49,3280.06,0.51175,74.3258,881981.44,137.426,3670.0,82.0,37.1988,19.826
23486.9,7173.66,0.30543,318.83,3255909.0,362.673,6338.98,95.0,17.5987,3.624
15147.5,5488.1,0.36231,142.337,2096988.2,216.924,4699.81,98.0,29.1559,17.162
10693.5,3234.03,0.30242,132.739,1457845.0,168.381,4305.99,98.0,32.6015,5.403
6774.61,1816.5,0.26813,58.7688,886840.7,91.2123,3097.29,47.0,39.14,14.724
8132.35,2017.94,0.24813,89.6485,1133368.0,122.379,3207.55,4.0,37.016,0.545
5401.8,1353.63,0.25058,57.2146,731996.2,71.3667,2944.84,25.0,40.2837,6.786
6129.13,1750.58,0.28561,60.8591,795016.75,91.8598,2585.6,42.0,38.4752,2.533
7902.7,1703.89,0.2156,90.1112,1108885.2,117.622,3567.91,81.0,35.4488,16.824
12781.7,4919.63,0.38489,136.148,1796158.8,192.27,4603.14,69.0,30.4443,7.785
23663.1,6204.99,0.26222,319.684,3247231.0,416.227,6241.78,134.0,19.7201,1.028
9268.63,3172.17,0.34224,83.0329,1273077.1,135.21,3670.51,115.0,35.242,2.973
7712.97,1526.91,0.19796,71.5822,1092587.5,74.1605,3173.34,22.0,31.2503,10.511
7687.34,3147.96,0.40949,66.7091,1084774.6,106.357,2594.17,69.0,39.3926,15.535
16577.7,5719.25,0.34499,180.425,2336603.8,253.948,4862.69,43.0,24.6066,5.522
8438.31,3315.91,0.39295,83.4785,1131511.0,121.069,4204.99,52.0,33.1026,18.365
7642.42,1915.69,0.25066,66.8941,1050225.5,92.1953,3190.82,104.0,37.8314,3.878
9138.66,2288.8,0.25045,101.681,1281694.4,125.101,3802.58,23.0,35.5261,2.065
7477.82,2306.74,0.30847,61.9324,975373.2,119.785,3050.46,26.0,38.2355,16.737
5867.53,2042.79,0.34815,70.6575,814999.94,92.1657,3027.24,33.0,40.2547,1.603
9843.41,3209.96,0.3261,73.3824,1349012.8,151.195,4189.42,62.0,32.783,15.047
7679.27,2475.41,0.32234,86.7104,1059383.0,112.767,3059.1,24.0,37.9001,2.568
5754.59,1228.49,0.21348,37.8375,790611.4,65.9989,2136.95,12.0,42.1304,11.526
11827.9,3939.17,0.33304,100.149,1717320.6,157.288,4804.17,39.0,46.5464,0.0
16928.3,5261.18,0.31079,188.769,2290058.5,268.756,5375.07,206.0,24.5653,2.687
12532.8,4056.27,0.32365,139.197,1767339.1,201.336,4347.86,96.0,32.7866,16.491
12048.3,2258.51,0.18745,152.366,1635037.1,189.563,4936.05,142.0,29.771,0.545
8758.09,1970.37,0.22497,96.1527,1219519.1,129.275,3529.59,20.0,34.152,1.17
17883.4,5514.9,0.30838,217.183,2489302.0,293.226,5739.91,209.0,21.8405,2.129
15874.0,4763.12,0.30005,192.777,2203070.5,225.83,5676.71,142.0,22.5606,0.973
8897.6,3415.85,0.3839,90.2904,1291193.0,126.419,3797.46,30.0,35.6306,11.761
7896.81,1955.23,0.24759,93.9979,1071385.8,125.503,3392.47,9.0,37.4078,1.319
9564.27,4597.69,0.48071,93.2902,1328543.5,156.498,3982.63,49.0,35.6809,16.911
10500.9,3180.09,0.30283,110.35,1426864.4,127.68,4674.77,37.0,31.77,8.597
4823.4,1555.81,0.32255,49.2139,634365.6,77.9254,1944.15,20.0,43.4487,9.888
7739.17,1979.66,0.25579,88.0217,1087290.0,109.093,3884.18,20.0,35.6903,1.751
6015.99,1499.71,0.24928,67.7764,831152.8,88.4722,2743.8,59.0,36.9656,13.035
9098.67,3265.63,0.35891,73.534,1252087.6,120.839,4823.17,29.0,37.3643,18.172
4307.7,989.15,0.22962,30.8977,599106.1,49.6102,2045.89,42.0,44.6757,4.477
4421.85,998.78,0.22587,39.6445,601362.6,57.4674,2918.1,14.0,42.8722,11.586
9920.23,2891.32,0.29145,110.403,1405848.4,155.517,4011.43,44.0,32.8752,1.889
7518.67,1971.51,0.26221,57.5657,1060465.8,83.0092,3065.47,35.0,37.7541,11.436
10753.1,3368.47,0.31325,130.98,1441284.5,160.458,4007.23,30.0,33.692,1.875
6636.17,2117.52,0.31908,59.9823,905079.44,83.4906,3255.29,30.0,38.4762,4.725
4703.34,1184.47,0.25183,44.1134,646712.25,53.9431,1971.05,13.0,43.7534,9.332
12772.8,4872.35,0.38146,111.449,1796334.9,192.587,4946.74,128.0,29.8405,20.999
13530.2,5287.22,0.39077,125.763,1862372.5,207.932,4456.19,80.0,30.5366,19.972
4025.81,1206.57,0.2997,32.7381,555345.2,51.3178,1399.1,19.0,44.315,1.447
7886.75,2240.34,0.28406,77.8253,1077498.4,100.726,3095.16,8.0,38.8022,3.981
5818.94,1291.63,0.22196,45.6233,756078.2,75.9669,2114.44,25.0,42.7921,10.626
6419.17,2281.62,0.35543,57.8672,882885.4,93.5699,3680.42,72.0,36.7249,1.859
8187.59,2168.73,0.26488,71.1812,1155118.1,104.712,3408.98,59.0,36.1974,18.306
10142.1,2966.34,0.29247,103.481,1385551.6,144.809,4652.65,80.0,31.5958,18.255
7577.4,2756.59,0.36379,79.5224,1038415.06,94.3874,3364.03,58.0,38.6555,2.988
22432.8,7780.26,0.34682,199.394,3213730.8,303.378,5449.17,126.0,24.8282,20.146
9141.83,2066.9,0.22609,115.871,1276721.4,134.19,4091.61,54.0,33.0446,20.011
8232.91,2881.43,0.34998,71.2242,1186719.0,104.699,3341.9,59.0,35.1539,14.231
3832.07,982.29,0.25633,32.8125,542175.94,48.0749,1773.57,7.0,44.4493,2.19
6796.28,2630.09,0.38698,43.926,928377.4,98.988,2592.4,52.0,43.9059,12.739
15709.9,5056.15,0.32184,176.006,2169535.8,231.607,5309.24,193.0,26.6176,1.854
7785.47,2051.45,0.26349,85.124,1091132.5,131.77,3098.94,5.0,35.1099,0.67
16909.4,5921.73,0.3502,225.616,2313888.5,283.323,5465.62,234.0,23.3,1.788
8265.5,1709.05,0.20676,82.1817,1158002.9,97.6061,3959.57,43.0,35.1478,2.389
22796.1,5534.27,0.24277,334.157,3138166.8,401.144,6225.64,153.0,19.4879,1.019
12170.9,3495.19,0.28717,163.579,1728770.6,201.562,4713.67,52.0,29.0913,3.322
5797.02,2199.57,0.37943,40.4509,797269.0,79.3778,2549.42,39.0,42.1658,13.33
6158.64,1852.05,0.30072,59.9565,816897.9,77.8405,2810.5,60.0,46.5464,12.486
6794.17,2078.98,0.30599,67.2589,953602.2,96.7746,3128.78,33.0,37.6423,9.33
6835.29,1906.83,0.27896,60.2989,953079.56,89.8747,3211.8,25.0,39.2044,11.581
16844.1,5875.95,0.34884,176.064,2362472.0,252.955,5528.81,203.0,26.6544,2.419
9834.48,2897.17,0.29459,102.933,1358879.0,168.698,3667.61,15.0,46.5464,2.833
7116.03,2242.09,0.31507,76.3505,968891.56,107.591,3360.36,43.0,34.0822,8.317
11222.3,3083.41,0.27475,150.883,1505435.2,177.377,4362.78,47.0,31.484,3.561
10884.2,3374.88,0.31007,106.65,1523619.2,144.237,5492.02,66.0,32.2802,19.697
8220.57,1871.36,0.22764,58.1758,1169593.1,77.9583,3136.4,35.0,34.7193,11.88
12626.0,3839.95,0.30413,158.057,1740831.6,195.685,5025.36,123.0,27.8119,3.988
15059.5,4432.22,0.29431,210.56,1988363.4,236.948,5932.97,255.0,21.4539,2.736
9302.76,2553.72,0.27451,110.877,1244177.2,145.274,4181.69,56.0,33.097,2.574
15024.1,3890.08,0.25892,184.361,2119913.8,218.145,5697.0,63.0,23.0261,1.29
9466.63,2820.8,0.29797,93.5137,1300884.1,131.43,4657.43,116.0,33.4941,17.074
10850.1,3394.67,0.31286,113.806,1477921.8,159.138,4496.21,84.0,34.4392,14.082
15160.7,4851.86,0.32002,159.373,2109115.5,232.219,5340.81,184.0,26.5125,1.677
7809.85,1826.97,0.23393,67.7001,1041775.2,96.4253,3252.17,18.0,38.9155,14.554
12832.3,3156.63,0.24599,158.257,1749499.4,214.501,4531.03,91.0,30.2631,4.437
10674.9,2642.95,0.24758,126.307,1436406.2,161.143,3669.13,18.0,34.7695,2.183
7860.16,2705.57,0.34421,73.5397,1105341.1,117.545,3294.75,38.0,46.5464,2.551
10317.8,3413.95,0.33087,101.495,1415714.8,160.689,3884.79,22.0,34.5609,19.633
8202.9,3413.62,0.41614,80.5883,1165836.1,130.519,3362.8,44.0,37.7605,2.817
9508.03,3258.68,0.34272,104.888,1316955.4,129.836,3936.01,31.0,33.5268,3.67
18551.0,5602.71,0.30201,236.338,2567534.5,275.429,5684.55,194.0,22.1709,2.392
5797.52,1848.3,0.3188,63.4768,771700.94,87.6623,3277.09,72.0,39.3026,14.383
11100.2,4203.54,0.37869,133.067,1510959.8,170.584,4893.04,79.0,26.8928,4.189
4786.81,1277.52,0.26688,41.3174,650078.1,74.7329,2631.16,15.0,42.6782,8.022
8820.38,2408.19,0.27302,116.868,1214746.5,133.893,4168.73,132.0,32.7059,2.573
8769.66,2224.83,0.25369,74.9428,1239598.2,123.566,3811.1,93.0,36.1663,10.694
5908.0,1340.63,0.22691,66.013,803852.06,83.3528,2783.92,13.0,40.2836,6.723
4818.97,892.09,0.18512,43.26,692898.6,58.0568,2184.95,76.0,42.8068,0.78
4584.0,1040.4,0.22696,41.9036,622892.94,70.3492,2560.63,18.0,42.9204,11.093
9839.79,2483.05,0.25234,117.044,1345973.9,141.84,4163.59,131.0,32.596,2.132
3454.37,1119.54,0.32409,26.6991,474221.66,40.3904,1331.12,6.0,45.5146,6.154
8591.93,2804.3,0.32638,80.9416,1185777.9,108.451,3931.41,41.0,34.7512,14.427
7239.6,2641.48,0.36486,74.8937,1000482.2,96.7536,3207.01,16.0,34.1476,3.01
10415.8,3083.02,0.29599,117.439,1506343.5,150.187,3782.58,131.0,35.9616,16.705
14534.0,4362.33,0.30014,153.107,1999455.9,216.683,5369.2,18.0,31.2786,8.455
7261.09,1623.06,0.22352,74.3074,982968.44,84.6497,3800.53,94.0,35.278,14.625
12663.1,5892.51,0.46532,135.157,1738020.0,226.614,5014.83,138.0,28.6662,18.586
7742.52,3077.3,0.39745,63.0793,1034231.44,124.005,3258.82,78.0,38.1548,19.556
10263.8,3335.47,0.32497,90.7559,1416641.2,126.403,4276.4,54.0,33.0448,19.226
14965.3,4533.49,0.30293,217.567,2068898.5,248.156,5313.26,287.0,24.7918,2.295
9243.99,2435.81,0.2635,100.904,1302788.5,127.601,3660.41,132.0,35.4374,1.968
11627.7,4587.83,0.39456,133.469,1552097.1,203.06,4680.34,161.0,29.4307,3.231
8326.11,2492.12,0.29931,81.5371,1197439.5,117.447,3480.76,21.0,36.233,3.723
16386.4,5272.71,0.32177,183.119,2270665.8,279.003,5244.58,99.0,25.1163,6.974
4581.61,939.81,0.20512,42.0668,648678.1,60.4209,2663.86,15.0,42.0529,2.129
16519.9,5734.31,0.34711,129.227,2353116.5,237.447,5756.33,51.0,23.9523,8.477
7868.25,3089.91,0.3927,92.8478,1110663.6,122.296,3132.18,32.0,38.2963,15.608
8138.07,2190.3,0.26914,85.9204,1139178.0,93.5771,3485.53,31.0,36.0136,14.922
16812.1,6122.21,0.36415,239.338,2259763.5,270.997,5361.96,143.0,23.3739,2.87
4048.4,724.46,0.17894,39.4545,532020.06,59.399,2571.58,11.0,43.3874,2.141
8679.35,1754.52,0.20214,73.8396,1250718.4,107.88,3918.81,9.0,35.7949,1.323
8173.35,3491.65,0.42719,82.9809,1100034.9,134.773,3911.81,44.0,36.7079,15.784
14301.9,4726.43,0.33047,164.291,1957704.0,222.99,5235.48,185.0,28.3195,2.127
11887.3,3799.54,0.31963,119.523,1636986.8,210.662,4088.64,69.0,32.3138,5.702
7267.34,1791.73,0.24654,72.4993,1032609.25,85.486,3201.01,47.0,36.8076,13.453
17546.9,5804.02,0.33077,155.817,2499931.5,258.877,5654.13,131.0,23.627,14.518
16792.4,5862.45,0.34911,203.746,2241011.0,264.954,5511.67,115.0,24.3029,9.511
6895.67,3028.69,0.43921,64.6923,980772.6,103.534,2546.8,84.0,39.8478,11.647
9075.63,2964.61,0.32665,94.6291,1309219.1,115.242,3488.06,26.0,35.9714,15.133
9650.78,2716.65,0.28149,94.846,1339351.2,125.881,4299.93,104.0,31.927,17.704
6022.55,1953.07,0.32429,58.0752,817378.4,87.9379,3124.68,50.0,39.552,14.423
6966.75,2121.58,0.30452,63.2129,966343.3,101.191,3064.43,33.0,38.6256,7.3
5001.01,1910.27,0.38197,49.9524,692472.5,72.5552,2186.66,32.0,43.2885,2.021
9156.66,2136.38,0.23331,90.9106,1249585.0,94.5775,3719.81,17.0,34.2675,8.561
14009.6,3932.87,0.28072,190.577,1906273.0,215.022,4594.73,181.0,28.5028,2.676
8300.22,2132.59,0.25693,87.9528,1187166.6,117.116,3978.77,10.0,33.261,1.729
9373.83,2038.44,0.21746,75.8319,1230049.4,121.815,3752.4,27.0,37.5515,17.275
7153.71,2393.53,0.33458,79.0283,984247.25,99.7867,3742.53,35.0,36.214,1.788
19173.0,5861.53,0.30571,260.74,2620271.8,308.675,5801.42,324.0,21.2402,2.649
7915.06,3078.62,0.38895,76.8323,1109702.6,132.292,3162.87,100.0,38.2561,13.381
8701.81,2661.25,0.30582,68.5698,1168834.5,123.982,5070.04,65.0,46.5464,4.933
11846.7,3741.71,0.31584,116.379,1667139.4,152.986,3855.86,65.0,34.777,2.887
18547.0,5001.42,0.26966,229.905,2565495.2,272.815,5668.0,194.0,22.3182,2.438
10783.5,4057.19,0.37624,93.2237,1542837.5,166.244,4147.97,78.0,33.5373,16.602
10171.9,2986.93,0.29364,95.6963,1342214.8,119.643,4401.75,48.0,32.9965,16.603
4442.87,1385.53,0.31185,41.4677,604094.4,63.235,1459.56,7.0,44.2817,10.224
8046.44,1951.89,0.24257,96.6801,1126254.2,119.639,3224.68,4.0,36.9823,0.489
7613.99,1885.26,0.2476,78.9058,1067356.2,90.2497,3846.04,49.0,35.3102,1.787
6963.95,1753.3,0.25176,64.1615,941139.4,83.6887,3195.24,26.0,38.8602,3.716
13195.9,3758.36,0.28481,156.175,1886374.6,196.216,5132.93,99.0,27.4603,2.955
6262.8,1075.32,0.17169,52.1794,880518.2,60.9431,3057.9,20.0,39.9254,3.874
17667.7,5840.92,0.33059,167.86,2531370.0,254.897,5160.78,47.0,26.4737,3.266
9769.38,2702.62,0.27664,98.9133,1356296.8,158.011,3711.03,10.0,34.7751,1.857
6205.22,1664.83,0.26829,52.4628,877917.56,75.1967,3246.21,10.0,38.3379,11.653
8971.72,2546.59,0.28384,95.1787,1228743.5,99.5801,3899.13,12.0,34.5246,19.075
7700.26,2319.65,0.30124,72.132,1041895.94,101.773,3450.12,43.0,37.0873,8.841
17484.4,6593.75,0.37712,178.014,2432766.8,258.499,6087.53,139.0,24.8932,19.894
7119.04,2484.09,0.34893,90.1006,959323.06,115.752,4342.87,110.0,33.3455,10.3
13849.0,4025.42,0.29066,200.833,1927500.1,250.612,5301.93,284.0,24.9407,1.707
8880.12,2497.8,0.28127,84.7118,1252402.1,119.603,3860.78,83.0,34.4438,4.326
15464.6,5180.73,0.335,214.724,2154764.0,256.177,5368.17,284.0,24.5632,1.627
10594.5,4387.12,0.41409,132.493,1440258.6,208.883,4493.09,162.0,31.3236,3.726
7051.2,2397.21,0.33997,59.7998,947996.56,105.745,3256.33,15.0,39.6465,1.152
12405.1,2629.25,0.21194,161.113,1680492.5,190.676,4877.65,141.0,29.5355,0.859
10552.0,3722.23,0.35275,97.7042,1439913.1,119.088,4920.37,21.0,35.5251,15.945
11197.9,4369.09,0.39017,78.5252,1584870.2,165.43,5196.35,61.0,34.0411,20.376
9264.98,2992.53,0.32299,71.4852,1286231.9,126.242,3638.88,45.0,35.5585,5.346
11996.6,2618.57,0.21827,95.0642,1679885.6,118.982,4293.98,46.0,31.9015,18.482
14407.9,3232.55,0.22435,145.512,1981005.9,178.714,4667.68,36.0,29.1739,14.785
7044.61,2776.25,0.39409,64.0054,1029221.8,99.7137,3227.42,28.0,38.8629,1.024
9457.88,3317.48,0.35076,94.3341,1325438.4,143.871,3744.18,85.0,36.6288,3.323
14591.6,4682.95,0.32093,169.751,2018030.9,216.274,5268.41,188.0,27.1086,2.014
8914.55,2464.07,0.2764,77.8785,1239462.4,107.757,3883.3,75.0,34.5451,5.959
7304.79,2021.55,0.27674,63.1197,1001473.0,96.6195,3205.75,41.0,38.2929,6.999
14027.0,4190.6,0.29875,141.403,1921245.0,214.77,5352.1,16.0,30.6295,7.893
4219.43,1138.01,0.2697,34.7952,589721.44,47.8082,1815.18,14.0,44.4599,7.323
4713.52,1092.77,0.23183,42.2735,657917.4,73.0104,2466.89,32.0,42.3434,11.737
9214.81,2906.65,0.31543,86.3604,1253264.9,114.571,4043.62,55.0,35.492,13.731
4924.96,2082.57,0.42286,47.6067,709172.9,83.2112,2159.55,64.0,42.588,11.329
9945.23,3625.13,0.3645,108.963,1399029.4,141.093,3663.21,18.0,34.775,3.378
15111.5,5558.02,0.3678,174.044,2094825.8,262.673,4883.36,168.0,29.3506,18.18
8429.95,2979.24,0.35341,82.1311,1134258.6,110.819,3862.37,67.0,35.0969,8.202
8252.09,2277.76,0.27602,85.1133,1168273.6,114.602,3997.3,43.0,35.0068,2.078
3781.86,943.73,0.24954,33.2211,544253.1,37.2144,1176.53,36.0,44.4793,16.854
6458.15,1575.05,0.24388,59.8599,910054.56,86.4615,2978.73,98.0,38.661,2.954
6620.1,2390.81,0.36114,60.5446,906619.4,87.8261,2877.38,52.0,40.7465,8.993
6179.65,1484.63,0.24024,57.3649,836292.1,80.0976,3164.19,46.0,39.6178,9.222
7642.75,1937.04,0.25344,87.8864,1088772.2,106.471,3267.54,79.0,46.5464,14.249
7495.41,2818.85,0.37607,62.7016,1094230.0,98.7753,3228.84,28.0,38.813,1.359
19597.3,6023.66,0.30737,249.953,2703002.5,308.312,5548.65,80.0,23.3981,3.75
8698.0,2558.25,0.29411,78.3036,1211636.8,110.122,4116.93,62.0,34.2448,1.695
11244.9,4256.59,0.37853,92.8925,1522220.1,154.757,4812.17,54.0,37.0146,18.855
13835.3,4515.71,0.32639,146.391,1985182.2,226.054,5361.19,75.0,28.6063,1.269
13289.1,4869.73,0.36644,157.433,1876669.9,249.962,4333.37,109.0,27.6579,15.053
9654.6,2230.74,0.23105,88.2039,1363773.1,110.283,4664.43,35.0,32.828,4.537
11910.5,4320.56,0.36275,98.968,1630844.9,182.238,4270.92,66.0,31.877,20.057
19400.2,6521.73,0.33616,251.515,2634325.0,331.635,5692.24,330.0,21.5156,2.711
10012.5,3161.24,0.31572,105.368,1392165.1,173.457,4303.79,62.0,46.5464,4.158
7317.62,2417.71,0.33039,60.4731,1007195.25,92.8074,3468.66,24.0,37.6825,3.63
8417.37,3055.96,0.36305,79.6841,1124516.8,122.654,3619.05,19.0,35.9954,14.972
7444.72,1673.42,0.22477,64.4601,1012950.6,84.4134,3333.13,49.0,38.6979,3.682
7313.96,2083.28,0.28483,68.4898,984791.8,107.286,3402.7,74.0,36.7098,3.234
6046.39,2715.38,0.44909,63.443,858193.1,92.16,2667.9,62.0,41.3531,13.721
8390.72,2612.2,0.31132,62.0062,1122933.6,112.867,4652.78,81.0,37.4316,17.572
16005.2,3952.62,0.24695,243.232,2204963.2,267.107,4789.68,305.0,24.6844,3.188
8894.35,3480.7,0.39133,83.5238,1276604.9,152.845,3524.57,61.0,37.6208,5.201
5810.31,877.81,0.15107,52.135,817018.94,71.7064,2700.0,1.0,42.225,1.466
6150.87,1375.94,0.22369,67.1819,857824.9,75.936,2854.47,74.0,39.2595,6.812
9511.69,2300.42,0.24185,94.9713,1309784.1,115.46,4075.43,66.0,34.5436,10.453
9295.35,1830.19,0.19689,99.758,1289538.1,132.572,3660.73,22.0,34.3521,1.872
6369.48,1626.68,0.25538,64.8399,851914.7,85.3142,3713.88,72.0,33.734,4.729
13749.1,3550.29,0.25821,191.524,1865674.0,216.27,4618.48,178.0,28.8239,1.9
9839.25,2886.62,0.29337,75.2712,1348701.9,119.803,4820.71,43.0,34.9975,19.639
7988.45,2856.1,0.35752,80.0199,1095275.9,126.363,3556.68,23.0,36.8708,10.952
19394.6,5930.24,0.30576,217.389,2693944.0,273.211,5972.03,121.0,20.027,18.937
7102.94,1717.07,0.24174,64.0685,985978.3,104.843,3431.93,43.0,37.2659,10.77
8282.62,2436.02,0.29411,72.526,1128114.6,117.269,3789.33,71.0,34.4244,17.187
5237.92,1474.56,0.28151,49.4018,718514.0,75.0316,2408.49,82.0,41.5431,15.02
11264.8,3849.36,0.34171,122.781,1560626.2,185.569,4142.99,50.0,31.205,2.055
5873.27,1767.93,0.30101,52.8677,784094.4,89.4221,2570.66,52.0,41.0533,3.73
8679.99,2245.36,0.25868,82.7754,1225963.8,109.186,4014.85,41.0,36.0838,2.405
14537.1,4932.68,0.33931,197.508,1984815.6,251.061,4626.04,39.0,28.547,2.615
7887.53,2925.58,0.37091,81.8607,1110241.9,117.416,3339.77,50.0,35.9468,3.303
6517.37,1640.17,0.25166,55.0096,934155.4,74.6721,2945.95,50.0,38.246,15.351
12326.2,4146.77,0.33641,118.082,1767300.5,174.731,3720.59,163.0,35.8975,15.725
8878.93,3055.78,0.34416,94.0314,1242266.0,115.195,3421.79,41.0,35.6045,9.791
11174.6,3807.06,0.34068,106.625,1531817.2,178.527,4918.39,95.0,31.3896,13.852
6496.28,1946.21,0.29958,54.3908,914760.56,93.7662,3025.9,5.0,39.5982,13.011
7836.86,2081.28,0.26557,91.9625,1099746.6,92.7288,4101.92,40.0,34.9526,1.47
5949.35,1960.2,0.32948,38.5788,830898.0,82.7416,3182.04,36.0,41.8281,10.231
6494.86,1867.41,0.28752,47.8287,911389.25,97.0102,3184.91,3.0,38.5727,5.663
4239.89,756.36,0.17839,40.7348,561823.8,61.1931,2552.57,11.0,43.5301,1.904
5960.34,2205.26,0.36998,54.7933,820299.9,88.9227,3217.84,30.0,39.8764,10.952
9147.03,2479.16,0.27103,93.1446,1250829.6,157.885,4146.39,72.0,33.2329,0.606
15024.1,3890.08,0.25892,184.361,2119913.8,218.145,5697.0,63.0,22.895,1.273
5247.07,2062.63,0.3931,42.2519,714947.1,75.9875,1711.04,14.0,42.7316,12.81
8381.16,2585.41,0.30847,66.9905,1138262.1,114.819,4063.63,74.0,37.1022,12.916
7130.64,1647.14,0.23099,55.1162,976531.25,87.3302,2958.71,28.0,41.0752,10.688
9932.94,2998.56,0.30188,109.271,1402333.2,165.995,4053.42,67.0,32.6899,4.42
8083.6,2024.25,0.25041,91.1828,1126341.1,123.566,3251.09,5.0,37.023,0.554
3877.08,940.21,0.2425,33.1539,550363.2,43.8696,1790.32,12.0,44.4217,1.687
12382.6,3330.14,0.26893,168.619,1709137.2,190.482,4789.09,183.0,27.5748,2.897
7267.98,2378.45,0.32725,70.2639,1013145.44,99.9628,3472.66,1.0,31.0367,11.448
6696.76,1940.96,0.28983,70.0373,935398.44,85.7745,3608.04,35.0,35.4292,1.937
14163.4,5407.85,0.38181,194.025,1876251.9,259.595,5105.05,93.0,26.8604,7.497
19706.7,8032.45,0.40759,194.049,2715789.8,352.399,7744.16,149.0,27.0756,14.377
8829.65,1750.47,0.19824,81.1515,1265148.0,102.042,3959.65,9.0,35.092,1.211
16970.3,5587.31,0.32924,206.693,2229253.2,269.656,6137.0,246.0,21.934,2.351
9876.22,3845.06,0.38932,87.5479,1387743.8,150.168,4863.95,39.0,35.0022,19.883
6263.73,1644.25,0.2625,67.5339,899757.4,78.8478,3107.92,16.0,38.917,2.48
4106.17,1401.1,0.34121,37.444,553351.8,55.618,1405.17,31.0,44.2123,11.678
13490.1,5506.47,0.40818,136.43,1877211.5,204.228,4789.76,94.0,29.9462,8.562
6729.02,2781.1,0.41329,63.2249,985861.56,97.5235,3060.92,28.0,39.3233,12.849
15372.4,3937.45,0.25613,246.029,2087013.2,266.475,4824.85,280.0,27.3272,4.119
15787.9,5944.28,0.3765,152.747,2203490.0,235.875,7183.05,54.0,26.5175,5.005
8675.5,2408.38,0.2776,84.719,1233032.0,111.299,4044.88,38.0,34.5478,2.504
11397.9,3838.54,0.33677,82.1314,1597846.8,156.851,4038.47,63.0,33.9768,18.033
5694.5,1841.75,0.32342,36.9255,787251.2,79.7432,2240.22,14.0,42.2148,18.002
11592.4,3283.8,0.28327,147.254,1662329.8,158.914,4130.82,127.0,32.5724,2.781
11522.9,2860.03,0.2482,135.763,1606650.5,154.159,4455.16,53.0,29.8794,2.902
10172.7,3507.66,0.34481,92.1813,1400200.2,143.006,3793.75,22.0,34.7777,3.617
10837.2,4314.88,0.39815,125.186,1526183.2,262.383,4125.2,137.0,32.6962,16.676
7938.3,2203.57,0.27758,85.4833,1095569.0,112.489,3100.17,21.0,37.6302,0.605
8822.43,2341.39,0.26539,79.8791,1231855.2,116.285,3545.11,77.0,37.1206,0.0
18583.6,5946.2,0.31997,250.097,2519023.8,323.089,5660.15,296.0,21.688,2.579
8282.62,2436.02,0.29411,72.526,1128114.6,117.269,3789.33,71.0,35.8347,17.187
14387.0,4521.24,0.31425,224.042,1961420.1,255.569,5125.83,123.0,24.2251,1.891
3375.34,1315.03,0.38959,25.9502,454954.84,44.0744,1358.21,1.0,45.3838,3.901
4483.1,826.6,0.18438,43.7485,599508.56,62.3452,2526.67,20.0,43.1886,12.194
10235.0,4394.36,0.42934,98.3849,1469572.8,147.909,4161.27,47.0,34.2051,20.152
12908.6,3636.67,0.28172,158.872,1788989.8,203.322,4868.36,196.0,29.6217,1.336
7839.96,2138.23,0.27273,66.6291,1143066.9,95.8719,2650.26,55.0,40.1385,14.266
5808.67,2283.82,0.39317,50.4325,815563.7,92.8295,2341.21,81.0,41.4514,11.745
10840.8,3870.47,0.35702,126.475,1481255.2,177.083,3880.04,30.0,33.7085,3.638
5914.4,829.23,0.1402,49.1641,833055.1,68.4223,2712.87,1.0,42.1401,0.802
7822.29,1595.15,0.20392,75.0708,1073292.1,87.9578,3346.49,35.0,37.5066,7.497
5380.82,2163.8,0.40213,48.8025,770387.75,90.0893,2272.7,75.0,41.8515,11.702
13033.8,4475.5,0.34337,153.243,1837091.5,170.655,5213.99,29.0,27.3972,4.189
6597.62,1892.55,0.28685,66.5113,826169.06,103.25,3091.88,20.0,39.4379,2.317
15073.0,3469.5,0.23017,177.94,2139735.8,224.856,4952.76,80.0,26.8693,3.965
15027.1,4544.86,0.30244,175.082,2071042.2,226.283,5270.01,192.0,28.2648,2.95
12139.9,2977.97,0.2453,131.999,1655948.8,156.572,3998.9,225.0,32.2613,2.29
13974.8,4698.75,0.33623,180.211,2016924.9,262.091,4943.3,90.0,26.9453,3.667
13301.7,3174.28,0.23863,175.265,1811152.0,215.872,4776.85,106.0,28.3671,2.649
7740.14,2522.05,0.32584,67.1989,1061175.8,116.315,3140.73,54.0,37.0118,16.617
5472.01,1430.64,0.26144,58.1587,721274.25,81.7476,3508.44,17.0,40.1394,2.654
12713.4,4497.01,0.35372,153.516,1780979.5,227.934,4738.87,66.0,29.275,14.858
19880.2,6226.21,0.31318,207.396,2731899.8,334.099,5960.08,229.0,21.1853,10.36
12503.6,3257.35,0.26051,154.998,1674677.6,172.767,4626.45,77.0,30.6878,3.455
11448.2,4387.67,0.38326,106.413,1603758.1,162.27,4186.18,13.0,32.8819,3.229
17125.6,4491.64,0.26227,223.564,2434372.5,281.507,5620.04,101.0,21.5152,3.37
6376.42,2094.15,0.32842,41.2501,894083.8,85.5818,3158.57,40.0,40.555,13.734
23356.7,7224.66,0.30931,311.5,3242444.0,383.931,6324.62,103.0,17.6938,3.869
5610.18,1719.09,0.30642,45.4352,792055.9,76.7441,2575.33,39.0,38.71,9.472
11228.5,3386.33,0.30158,180.647,1527754.5,217.536,4655.76,157.0,29.51,7.319
9757.56,4134.83,0.42375,86.8235,1407781.8,130.886,4138.84,68.0,33.4768,15.678
6698.03,2596.73,0.38768,87.2133,963197.75,122.657,3210.72,44.0,35.306,13.767
11107.5,4222.64,0.38016,130.237,1514713.0,208.423,4638.6,166.0,30.9392,3.107
13087.7,3912.61,0.29895,143.532,1841460.4,183.871,5019.71,49.0,27.8438,4.43
19597.0,7825.0,0.39929,128.226,2811250.8,297.326,8562.19,109.0,29.3758,20.562
7136.3,2340.55,0.32797,57.8461,997564.94,103.607,3324.95,27.0,38.2218,10.274
5825.73,1002.34,0.17205,52.516,802861.8,60.3561,3036.33,24.0,39.7704,3.897
6583.7,2443.89,0.3712,80.3346,896971.4,96.669,3272.32,59.0,38.9253,1.544
8860.16,2128.09,0.24018,95.6703,1198545.2,129.595,3553.89,7.0,36.5982,1.041
10566.4,3386.53,0.32049,105.856,1426253.6,150.973,4354.64,52.0,33.388,13.898
15389.9,4475.9,0.29083,178.184,2132568.5,243.052,4573.12,30.0,29.9814,4.922
10500.6,2397.58,0.22832,78.1841,1483085.1,137.313,4250.66,70.0,35.0633,18.562
10576.3,2698.29,0.25512,126.486,1477145.4,165.587,4635.96,68.0,30.0545,1.514
5557.38,1245.39,0.22409,68.588,777211.94,70.8138,3058.1,16.0,39.1358,1.708
5847.92,1136.99,0.19442,52.4672,809089.25,80.9097,2946.47,15.0,39.9169,7.216
13187.7,5528.73,0.41923,140.904,1898997.2,203.043,5755.86,140.0,25.0661,18.494
6701.77,1449.26,0.21625,69.6653,918082.7,89.9986,3079.08,29.0,38.8793,11.422
15858.4,5104.87,0.3219,188.812,2203015.2,232.782,4712.03,130.0,27.9399,10.474
11729.9,3223.26,0.27479,130.92,1613017.4,161.893,4514.27,86.0,31.7527,2.467
11302.0,2849.52,0.25212,123.022,1587503.0,170.887,4302.43,51.0,30.7133,3.465
10494.4,2932.58,0.27944,110.132,1431060.9,164.701,4266.67,85.0,31.5747,1.446
9574.73,2438.35,0.25466,81.3366,1363282.2,117.916,4120.45,67.0,33.5537,14.415
13905.5,4125.31,0.29666,145.807,1982718.2,200.668,5619.08,75.0,25.292,1.704
6959.71,1734.93,0.24928,56.806,955155.44,95.2786,3362.63,51.0,37.799,15.197
7937.17,2592.56,0.32663,65.7192,1088665.8,125.73,3912.7,62.0,35.1643,15.106
9196.88,2726.28,0.29643,95.6525,1274362.6,133.101,3539.92,29.0,36.6268,2.837
12211.9,3656.73,0.29943,144.565,1722973.2,164.091,4484.16,120.0,30.7101,18.162
16399.7,5959.02,0.36336,94.647,2186534.5,273.987,12919.76,71.0,31.2509,3.727
8806.62,2304.36,0.26166,113.961,1187663.1,135.65,4007.13,50.0,34.2532,3.216
14099.8,5254.11,0.37263,194.096,1929646.8,273.342,4691.76,43.0,29.3997,3.083
6096.83,2423.8,0.39755,52.6408,809718.25,97.1919,2780.97,61.0,40.351,13.836
9097.04,2892.65,0.31797,62.3238,1283562.8,110.946,3044.45,50.0,37.1704,13.821
13781.8,4464.12,0.32391,161.949,1900615.6,214.467,5210.04,177.0,27.3106,1.641
7375.26,2029.2,0.27513,70.408,978677.2,101.974,3610.06,77.0,37.6324,2.931
5383.86,1954.15,0.36296,34.1923,748575.8,75.6227,1996.18,41.0,43.8456,11.188
7190.83,1668.26,0.23199,99.771,1020681.1,95.0887,3005.17,40.0,35.7495,11.969
8269.03,2553.09,0.30875,95.3222,1120802.4,114.538,3261.33,84.0,38.565,1.742
13664.1,3344.27,0.24474,206.188,1864347.6,242.919,5059.75,113.0,26.3298,4.132
14443.0,4111.52,0.28467,218.297,2006423.6,259.407,5135.69,139.0,25.2037,3.193
12470.1,3573.22,0.28654,133.77,1695933.6,167.213,4028.0,198.0,31.9374,3.244
11488.8,4432.45,0.3858,135.944,1566831.2,202.381,4282.34,82.0,32.6324,18.528
6730.22,2713.61,0.40319,57.8314,932178.8,90.3495,2891.73,50.0,39.9921,7.674
14627.8,4043.95,0.27645,168.184,2011129.1,243.457,4965.01,31.0,28.0949,3.424
8178.83,2070.17,0.25311,67.6477,1164589.8,97.979,3376.81,17.0,38.9757,11.359
9991.02,2293.38,0.22954,97.1939,1380871.4,125.946,4406.82,39.0,32.7496,2.54
9770.45,2541.02,0.26007,75.7602,1344097.1,120.259,3955.82,43.0,37.7499,3.304
16106.9,5993.34,0.37209,203.876,2229895.2,269.617,4748.93,78.0,27.7723,7.133
12625.7,3641.14,0.28839,160.983,1779035.8,187.221,4798.64,174.0,29.1279,11.134
6903.59,2248.46,0.32569,67.8781,983597.44,103.393,3518.43,17.0,37.1809,16.436
16585.2,6440.67,0.38833,208.036,2239474.8,285.304,4637.87,121.0,28.6976,17.189
5984.92,1463.04,0.24445,68.0346,850316.94,74.8282,2792.86,66.0,39.7712,18.469
5918.19,1702.05,0.28759,52.9543,836254.7,87.7804,2423.79,21.0,37.8344,12.137
6518.42,1167.29,0.17907,63.1191,939202.94,70.7578,2751.6,45.0,46.5464,14.846
6509.22,2158.21,0.33156,68.7079,880378.7,99.7924,3017.39,109.0,38.469,3.632
11969.8,3129.37,0.26143,129.115,1625271.6,151.198,3984.52,231.0,32.3383,2.77
10105.4,3080.33,0.30482,104.015,1360754.8,172.852,3984.97,96.0,32.8182,18.718
9337.76,3134.65,0.33569,114.678,1327950.5,127.195,3759.37,79.0,35.2927,2.394
23370.4,7009.24,0.29991,302.995,3253168.2,375.782,6288.69,104.0,17.8998,3.126
16782.4,3517.83,0.20961,213.304,2369968.8,250.132,5555.22,92.0,23.6467,2.111
10601.7,4159.55,0.39234,90.7269,1517339.5,152.558,4097.53,6.0,35.1209,4.961
7593.06,2119.24,0.2791,88.0892,1074644.9,97.5411,3601.51,30.0,35.6021,13.5
9404.0,3909.74,0.41575,98.0503,1217075.0,159.473,3770.41,68.0,35.7912,17.848
5438.44,1288.64,0.23695,45.5458,769039.5,64.3335,2458.42,13.0,41.2818,3.469
15808.2,5859.62,0.37066,190.421,2161299.8,265.983,5914.0,138.0,27.0568,14.502
6785.71,2123.85,0.31298,52.0046,880512.94,113.883,4745.84,22.0,38.9407,3.963
11237.4,4040.63,0.35956,101.632,1597868.1,147.846,4346.0,56.0,46.5464,11.413
10598.8,3777.16,0.35637,123.849,1505765.4,182.592,4477.92,77.0,32.414,19.107
10085.3,2632.1,0.26098,97.9308,1438892.8,147.763,3959.03,39.0,33.1908,1.537
4877.16,1301.05,0.26676,37.3181,660863.8,69.5465,2768.1,29.0,41.2405,14.781
10895.7,3102.87,0.28477,97.0134,1503103.5,150.699,3923.13,19.0,35.5087,2.67
4326.76,1574.28,0.36384,36.4292,597527.56,55.6475,1483.83,36.0,44.5152,1.59
13739.2,5652.69,0.41142,94.7243,1880842.5,200.525,4243.1,21.0,34.4053,15.419
14107.1,2971.26,0.21062,203.194,1970193.5,228.317,4981.07,121.0,26.8726,2.08
6183.77,1952.54,0.31575,58.9579,842843.75,86.7187,3604.55,79.0,37.854,14.099
8846.66,1823.49,0.20612,75.9028,1180045.4,115.425,4182.89,29.0,36.9703,14.824
11359.2,3246.96,0.28584,160.278,1581210.6,195.181,4507.71,114.0,30.666,4.443
5841.68,1289.12,0.22067,59.2049,799628.6,75.3315,2819.05,19.0,40.3495,1.227
11848.6,4363.1,0.36823,108.408,1664856.5,164.4,5326.2,91.0,29.7252,19.452
6794.82,2568.48,0.378,81.6157,932451.75,95.8625,3279.24,59.0,38.5939,1.585
8340.98,2019.31,0.24209,86.4633,1103001.8,125.041,4083.49,28.0,35.6839,5.18
11694.8,3003.3,0.2568,149.425,1649941.1,156.777,4156.45,113.0,32.0624,3.139
10504.3,3596.13,0.34234,97.18,1438462.5,119.507,6972.22,12.0,35.3193,17.281
10154.0,2767.21,0.27252,96.2255,1403967.1,132.517,4600.6,119.0,29.7852,19.37
12969.3,4649.53,0.3585,134.478,1767904.8,197.392,4027.96,151.0,31.8186,20.824
8566.47,3598.67,0.42008,67.9952,1249235.5,123.896,3946.87,43.0,35.5181,14.326
5710.09,1487.41,0.26048,46.8072,740754.56,72.2498,2265.7,30.0,43.5167,11.607
5979.86,1471.55,0.24608,70.2304,831906.44,75.0148,2857.64,73.0,39.4315,7.965
16647.4,4518.92,0.27144,247.404,2295416.5,274.264,4780.78,226.0,27.5555,4.35
17388.3,6179.2,0.35536,193.189,2333518.8,292.043,5568.3,162.0,23.3681,6.64
9128.51,3018.49,0.33066,87.6995,1231408.6,107.866,3699.54,48.0,36.0254,16.451
6976.8,1802.88,0.25841,64.5996,956919.7,101.534,3576.54,19.0,37.1876,2.027
8822.82,3424.79,0.38817,77.873,1204872.5,131.333,3428.62,12.0,38.273,16.165
23706.3,8380.98,0.35353,237.059,3259050.0,321.191,5928.5,97.0,21.7146,6.094
5753.75,1915.57,0.33292,56.5021,782373.6,77.6474,3140.33,13.0,39.4259,7.811
6255.53,1875.1,0.29975,56.5393,895543.3,79.2483,2570.96,50.0,41.347,3.78
8830.37,1897.93,0.21493,77.3504,1281269.0,106.543,3884.29,9.0,35.063,1.39
8832.45,3325.58,0.37651,91.3824,1250218.5,109.258,3879.74,26.0,34.6483,14.044
23039.8,7496.21,0.32535,312.389,3197279.8,373.036,6593.82,90.0,16.7208,3.091
8857.07,3935.66,0.44435,74.4784,1242389.4,134.99,4563.43,82.0,37.0411,15.71
4300.57,1228.51,0.28566,35.7037,579243.0,55.2513,1409.24,16.0,44.5186,2.113
11216.0,3708.83,0.33067,131.694,1494756.0,166.03,4155.12,37.0,33.6463,2.668
9301.78,3192.61,0.34322,82.3888,1335302.6,126.361,3663.41,37.0,35.929,4.587
4934.53,1120.25,0.22702,42.8268,685353.56,63.2611,2729.93,28.0,41.9406,2.314
6073.15,2157.48,0.35524,55.0452,841159.0,81.7542,2702.93,26.0,40.8226,3.158
13160.2,4030.8,0.30628,87.8942,1863789.4,195.01,9222.98,49.0,32.5599,17.369
6264.79,2713.94,0.4332,65.3739,854358.6,95.8027,3255.57,61.0,38.1356,14.119
8874.21,2407.1,0.27124,98.1951,1275790.0,126.178,3803.29,55.0,34.8601,2.748
17733.9,6787.51,0.38274,173.258,2443664.5,285.779,5259.46,64.0,26.5444,20.903
12282.5,4209.54,0.34272,147.74,1724118.9,173.959,5076.2,30.0,27.8516,4.123
21560.8,6480.96,0.30058,252.47,3009456.0,314.395,6047.02,216.0,24.2428,4.952
10235.5,2726.73,0.26639,121.09,1447768.2,156.585,4415.96,40.0,31.7155,3.044
14031.4,4997.1,0.35613,202.526,1888215.6,248.026,4736.1,31.0,29.4413,2.824
15995.0,5799.52,0.36258,180.031,2263974.2,249.045,5005.55,139.0,28.0436,18.184
9334.43,3752.44,0.40199,90.7161,1291435.0,152.666,3922.26,36.0,35.0441,18.477
5861.56,1413.38,0.24112,56.2715,790655.9,84.2495,2963.74,42.0,40.6097,12.065
13736.6,4030.63,0.29342,211.263,1905880.9,238.856,5312.18,291.0,24.9411,1.731
6812.26,2141.14,0.3143,63.2395,919546.6,95.2968,3153.45,22.0,40.1998,1.705
9171.67,2804.3,0.30575,90.6707,1291888.2,142.48,3828.89,36.0,35.2989,6.211
8778.39,2525.94,0.28774,79.8701,1216490.0,110.928,4231.66,62.0,34.7698,2.411
8769.69,3176.23,0.36218,90.0916,1227511.8,151.65,3927.89,46.0,34.4919,7.989
5938.88,1558.46,0.26241,71.8422,834447.44,73.6592,2829.54,74.0,39.5797,7.59
14787.5,4257.54,0.28791,194.872,2046286.2,225.767,5589.39,135.0,22.7277,1.188
14252.2,4669.34,0.32762,172.046,2039878.9,268.555,4881.29,89.0,26.7932,2.999
6144.77,1979.16,0.32208,55.6195,823221.3,90.2236,2564.84,44.0,40.7298,15.555
5484.01,1453.23,0.26499,46.5199,765915.56,71.9107,3106.66,16.0,40.3177,1.977
9978.63,3927.01,0.39354,98.8374,1325593.9,140.787,3353.81,69.0,37.8602,14.238
4601.74,1337.69,0.29069,36.0375,652394.8,54.0563,1907.91,16.0,44.4804,2.042
6787.89,1680.14,0.24752,70.8299,905304.2,96.1153,3460.59,71.0,38.0877,2.334
13669.0,4133.62,0.3024,154.727,1869596.0,215.369,5371.89,15.0,46.5464,7.494
6818.34,1794.4,0.26317,62.3312,967805.1,78.135,3609.63,77.0,46.5464,13.502
9390.28,2993.74,0.31881,114.882,1322143.8,169.121,3792.38,44.0,31.6949,2.454
14032.4,4288.29,0.30559,189.766,1928750.9,200.008,4607.11,182.0,28.1922,2.477
5763.87,1688.57,0.29295,39.4935,802239.4,69.8488,2024.2,30.0,43.6565,10.162
7178.75,1894.53,0.2639,64.1227,1010801.0,98.2906,3271.56,21.0,35.3455,15.255
5695.23,1315.46,0.23097,42.4622,785930.56,84.8204,2810.32,14.0,41.382,12.796
7928.15,2457.61,0.30998,91.3371,1120584.0,108.482,3944.54,22.0,35.7417,0.0
8642.43,2350.1,0.27192,83.6992,1211473.0,112.291,4103.66,49.0,34.8394,1.382
6081.95,921.01,0.15143,45.4568,856243.3,73.6534,2676.31,1.0,42.1781,0.732
15762.5,5161.05,0.32742,165.002,2200183.0,269.72,4609.67,112.0,30.6562,4.218
6859.06,2257.36,0.3291,56.809,952409.94,99.8818,3637.62,76.0,37.5912,1.358
8858.01,2563.14,0.28935,76.8149,1236549.2,115.323,4290.06,61.0,34.2635,2.13
8153.51,3195.02,0.39185,56.187,1180208.9,118.515,4913.68,34.0,34.352,20.498
6733.51,2187.93,0.32493,64.6155,880404.3,93.1802,3574.0,67.0,38.1176,4.32
6639.35,1541.52,0.23217,47.2364,862879.2,116.925,2848.79,65.0,40.8734,11.852
6754.38,2533.99,0.37516,50.3178,946666.4,98.1545,3496.83,30.0,39.6276,6.387
22928.5,7264.03,0.31681,305.307,3167910.0,384.961,6327.07,117.0,17.693,4.293
7985.82,2661.53,0.33328,81.8432,1098422.9,109.202,3743.91,35.0,35.3223,14.784
6483.05,2141.72,0.33035,69.8513,893932.7,92.9241,3316.17,45.0,39.2518,8.139
7051.87,2130.59,0.30213,79.3661,959424.06,113.021,3058.34,77.0,39.1834,1.042
11943.5,3294.08,0.2758,148.516,1611634.9,169.007,4995.72,60.0,30.6756,12.88
14622.8,5247.55,0.35886,198.317,2009021.6,250.939,4614.38,28.0,28.7876,2.796
6636.06,2653.11,0.3998,59.7981,954427.6,99.7258,2601.62,60.0,40.7653,13.22
10356.3,3004.2,0.29008,143.955,1451829.8,149.732,4367.07,141.0,32.5073,2.645
12743.0,4204.0,0.3299,156.09,1788841.1,171.614,5066.65,40.0,27.7389,3.654
13675.0,4073.5,0.29787,191.51,1871197.5,249.567,5143.91,93.0,26.3953,5.078
15266.7,5801.34,0.37999,141.744,2098054.2,224.977,6718.62,88.0,29.9833,8.717
14547.7,4778.21,0.32845,146.084,2068588.8,233.378,4949.13,86.0,29.0495,1.581
9951.8,3017.92,0.30325,71.8411,1402656.9,124.7,3979.62,35.0,32.7865,18.91
13199.3,3545.77,0.26863,172.79,1858495.9,205.083,4941.6,205.0,28.1854,2.281
5658.67,1667.68,0.29471,44.8447,764819.44,81.9733,2888.39,14.0,41.3998,9.172
13572.5,4945.69,0.36439,113.428,1874921.1,190.192,5885.19,78.0,34.0557,1.642
6778.24,1702.12,0.25111,57.7422,900118.56,77.5832,3228.07,38.0,38.9461,3.509
7070.66,2309.36,0.32661,53.9436,995748.4,97.8592,3414.2,83.0,38.1651,14.918
7580.92,2376.19,0.31344,70.7479,1054959.0,105.113,3297.77,31.0,36.6076,4.164
5045.31,1453.8,0.28814,52.7454,697216.75,74.6961,2693.74,28.0,40.6748,4.175
10597.0,3285.74,0.31006,97.1661,1483130.1,148.513,4298.56,80.0,32.2541,17.618
8319.03,1790.61,0.21524,91.6169,1133666.2,92.8596,3659.92,30.0,35.5826,15.659
9093.67,2660.46,0.29256,75.4685,1284952.1,115.097,4081.86,23.0,34.2681,8.153
7123.7,1866.58,0.26202,65.1411,981551.7,88.0083,3039.25,44.0,39.7471,2.014
21442.9,6674.93,0.31128,311.728,2965939.2,362.782,6576.2,88.0,16.9147,3.738
12482.1,3441.66,0.27572,135.663,1699610.0,161.114,4087.14,209.0,31.8089,3.101
4050.28,1265.97,0.31256,36.7864,552289.7,50.0243,1390.39,17.0,44.1548,1.556
9246.97,2579.79,0.27898,97.4966,1266036.4,159.622,4128.75,73.0,33.1645,0.6
8084.88,1964.29,0.24295,83.9927,1155104.5,100.462,3883.88,37.0,35.3791,2.27
7072.44,2245.89,0.31755,66.7192,997473.06,106.187,2846.36,37.0,39.6513,9.372
6344.07,1491.13,0.23504,59.0278,840878.4,74.5854,3177.73,37.0,38.7817,10.342
8863.27,3152.35,0.35566,68.5552,1246823.5,124.563,3679.01,23.0,29.4428,13.779
14730.6,4589.71,0.31157,171.881,2041926.9,218.688,5272.86,200.0,27.3526,2.073
10004.4,2552.73,0.25516,106.006,1427165.8,158.196,3948.03,38.0,33.2224,2.054
12272.7,2836.1,0.23109,140.008,1665676.8,157.185,3950.52,226.0,32.5431,2.534
8406.56,2362.69,0.28105,91.8378,1150525.2,120.243,3409.03,119.0,36.5712,1.792
10283.9,2604.13,0.25322,129.806,1424202.9,158.618,4636.94,72.0,30.0363,1.621
15689.5,3502.81,0.22325,191.904,2162153.8,260.2,5693.36,86.0,46.5464,0.0
9783.25,3748.04,0.3831,97.1279,1388431.9,153.484,4010.71,90.0,35.8223,13.955
9608.15,3311.34,0.34463,95.5628,1357801.6,126.567,3475.93,63.0,35.3823,16.677
7384.14,1545.78,0.20933,78.3565,1054823.8,103.375,4052.65,99.0,34.9381,1.07
8365.97,3552.23,0.4246,86.6981,1157137.9,134.677,3647.21,106.0,35.4693,2.491
15471.8,5784.49,0.37387,130.15,2221841.8,227.438,6535.16,134.0,30.0029,4.859
13771.9,4519.32,0.32815,113.172,1931172.9,180.033,4457.28,138.0,31.3519,19.897
11383.8,4340.32,0.38127,76.324,1545641.1,175.302,4361.74,65.0,32.7136,18.364
8867.11,2439.81,0.27515,78.7114,1314870.4,152.229,5248.1,131.0,35.4796,17.59
7097.54,1113.53,0.15688,59.7506,951161.0,82.5483,3295.38,42.0,38.9686,6.26
13160.2,3062.05,0.23267,103.252,1812373.0,283.189,4551.53,175.0,30.6296,17.144
4620.88,1001.73,0.21678,37.3792,649159.4,45.2937,2039.52,35.0,43.5212,9.869
10952.8,2894.9,0.2643,142.871,1543503.5,166.948,4287.53,48.0,32.051,1.553
6012.82,1855.44,0.30858,55.0467,827806.44,89.5155,2627.11,47.0,40.5795,1.986
6420.52,2153.23,0.33536,58.3538,895148.44,91.4127,2693.4,42.0,40.5699,1.822
5955.67,1717.66,0.2884,60.0461,811557.3,82.266,3132.24,31.0,38.9751,7.276
4366.05,1389.91,0.31834,35.9277,606302.75,53.4468,1389.38,17.0,44.37,1.515
9763.81,2724.58,0.27904,97.554,1366136.9,115.43,3489.67,45.0,36.0152,9.536
21636.0,6427.37,0.29706,182.334,3061524.8,262.052,6236.87,221.0,20.6943,18.907
7273.14,2577.17,0.35434,61.1864,1022664.44,107.896,2299.53,79.0,40.607,11.612
15632.1,4590.19,0.29363,209.32,2053927.9,242.206,6262.29,256.0,21.6865,2.452
7968.06,1564.39,0.19633,79.3918,1117884.4,100.87,3808.84,13.0,32.8804,1.797
8255.1,2672.76,0.32377,97.3162,1169383.1,121.402,3594.76,16.0,36.2586,2.895
7967.06,2365.89,0.29695,60.9833,1138965.1,102.147,5130.84,41.0,35.8482,13.313
9798.13,2503.56,0.25551,115.249,1344575.1,137.686,4193.86,143.0,32.7008,2.286
15309.8,5239.28,0.34221,176.065,2228137.2,260.345,5056.06,106.0,25.9504,3.926
8571.42,3430.41,0.40021,78.9791,1193958.0,136.502,3608.42,135.0,35.7889,5.711
7905.06,2032.29,0.25708,68.3997,1156410.2,85.1754,2651.6,36.0,39.8076,6.264
6256.23,1751.53,0.27996,56.2894,814041.2,90.17,3211.97,37.0,38.6467,5.362
9423.41,2367.81,0.25126,94.8465,1312030.6,98.9418,3926.23,48.0,36.0324,15.179
6576.81,2410.77,0.36655,80.6149,896248.8,92.1813,3263.23,60.0,38.9253,1.14
11510.3,3883.04,0.33735,96.881,1604927.2,160.585,4632.74,114.0,35.8183,20.004
7105.6,2366.87,0.33309,86.112,1022820.1,168.308,3695.87,83.0,36.9351,19.718
13543.9,3977.06,0.29364,153.79,1884883.5,194.084,4835.74,81.0,28.9401,3.151
7999.23,2518.7,0.31486,95.1974,1136212.4,115.851,3523.72,89.0,36.8864,2.237
11666.7,3656.29,0.31339,99.3346,1624850.9,182.641,4239.02,36.0,33.3046,4.162
7046.24,1873.28,0.26585,65.4182,1026906.25,75.3912,4725.44,30.0,33.1952,15.031
7264.3,2334.35,0.32134,68.2192,972355.1,99.6791,3165.82,39.0,38.1352,3.935
7725.14,1744.69,0.22584,77.7812,1042551.7,121.19,3489.51,35.0,36.2758,1.462
4843.71,1600.49,0.33042,40.3992,686098.9,65.9174,2460.32,41.0,40.1952,10.896
5189.88,1122.02,0.21619,41.2772,698974.7,84.3399,2547.64,20.0,42.2659,9.571
6399.53,1684.12,0.26316,59.478,914679.6,80.7403,2401.17,26.0,40.6705,10.253
7352.15,1575.8,0.21433,69.3001,1060646.1,90.2044,3008.8,15.0,38.1457,1.304
8128.99,1777.57,0.21867,74.2097,1119717.8,104.006,3674.01,38.0,46.5464,9.192
8329.7,1741.72,0.20909,75.6751,1153297.4,85.9728,3151.98,28.0,32.6471,10.217
5064.14,1019.63,0.20134,45.9319,725785.25,62.1257,2199.94,81.0,42.6733,0.867
12713.0,3431.1,0.26988,160.679,1771600.0,201.688,4821.27,53.0,28.4838,2.534
11740.2,2748.33,0.23409,106.99,1626177.2,149.011,4566.98,153.0,33.8331,13.467
16518.0,4720.74,0.28579,230.498,2250423.5,283.03,4850.06,261.0,27.4923,3.945
8349.53,2835.11,0.33955,66.7742,1165816.8,163.847,4252.47,188.0,33.7672,10.954
6762.63,2308.07,0.34129,80.7238,926072.4,91.847,3219.17,66.0,38.4853,2.406
14094.3,2865.72,0.20332,176.098,1989389.1,203.452,4054.24,135.0,32.1145,1.497
10394.4,4496.5,0.43258,97.1443,1462290.9,154.499,3819.2,35.0,37.8309,13.998
9892.31,2927.52,0.29593,93.8324,1387315.4,156.861,3608.86,34.0,30.4333,12.408
13864.5,4913.14,0.35436,197.068,1888425.5,258.928,4603.72,29.0,28.9349,2.236
8244.3,2766.38,0.33555,61.418,1124518.0,115.904,3405.14,31.0,37.0799,12.486
9791.72,3937.63,0.40213,90.7481,1324938.9,153.86,3823.8,52.0,31.9734,16.873
6956.79,2016.35,0.28983,54.7489,903950.6,113.889,5098.39,24.0,37.1437,16.423
13341.2,3783.15,0.28356,142.971,1844474.0,169.318,4555.98,89.0,31.2972,2.191
6378.85,2121.06,0.33251,57.9985,916125.6,77.2301,2699.25,60.0,41.1816,4.218
6383.01,2267.92,0.3553,80.2862,879653.06,91.8927,3156.95,70.0,38.8222,1.928
13056.6,3588.49,0.27484,171.204,1806855.5,193.639,5135.9,70.0,26.4282,2.08
11549.6,2444.33,0.21163,149.057,1607640.4,171.821,4103.4,67.0,31.4638,1.67
11630.8,2446.63,0.21035,144.262,1644738.8,176.855,4592.62,51.0,30.034,0.976
5947.17,1427.21,0.23998,56.4746,805831.3,73.6199,2632.28,59.0,38.8683,11.354
7289.15,2563.74,0.35172,94.8073,973497.5,131.343,3243.65,74.0,38.6319,2.085
9020.27,1442.73,0.15994,83.1645,1221372.1,102.389,3951.83,46.0,34.4108,0.0
4538.35,1335.5,0.29426,38.3278,621187.6,54.6421,2015.09,18.0,38.8708,12.948
8166.4,2618.34,0.32062,65.1515,1121817.0,116.813,3671.19,55.0,36.8369,1.983
15342.8,6444.69,0.42004,195.2,2138558.5,265.378,5942.78,147.0,24.7458,20.091
13689.6,3878.73,0.28333,151.845,1926916.1,193.882,5604.44,74.0,25.7206,1.854
16541.0,7072.15,0.42755,136.65,2274707.5,247.364,5539.41,109.0,27.3021,17.947
12097.1,3021.3,0.24975,128.637,1645058.1,155.835,4021.89,226.0,32.124,1.948
9487.59,1633.08,0.17212,75.8623,1266293.9,110.088,3832.05,56.0,35.5787,8.854
6867.75,2435.7,0.35465,80.724,944288.25,97.7424,3246.89,59.0,38.6166,1.463
6318.44,1593.18,0.25214,58.6425,848127.25,73.0657,3194.56,38.0,39.0064,7.533
5524.93,1208.54,0.21874,51.2556,791999.6,73.5991,2849.03,58.0,39.4249,1.576
16360.1,4186.56,0.2559,182.961,2258941.0,207.835,5726.54,77.0,23.178,16.102
9473.34,1877.16,0.19815,94.1986,1326247.0,107.046,3835.22,157.0,35.0609,4.217
7228.56,1914.38,0.26483,73.2691,977082.6,95.1791,3240.46,38.0,38.1324,12.338
6450.88,2058.7,0.31913,61.35,903292.6,88.693,2823.25,48.0,39.9835,2.722
17983.9,5776.31,0.32119,163.778,2455707.2,227.046,5289.66,85.0,25.8259,9.473
11537.4,3653.71,0.31668,117.199,1666783.0,157.125,3973.73,160.0,34.9952,15.455
5537.24,1311.79,0.2369,41.2074,750778.25,82.4746,3027.03,37.0,40.2434,15.377
24513.6,6863.55,0.27998,225.612,3457542.5,310.385,6288.3,296.0,18.6766,20.178
10486.0,2349.54,0.22406,128.211,1457748.4,165.911,3945.3,72.0,33.1271,1.763
7059.77,2967.21,0.42029,59.1605,934534.8,117.37,3543.02,5.0,39.9429,13.266
13327.3,4067.34,0.30518,166.679,1858201.6,243.924,4384.13,83.0,29.6565,1.482
11848.1,2876.32,0.24276,142.059,1650949.6,197.06,4047.67,69.0,32.7065,1.939
13513.7,6055.82,0.44812,59.7822,1731991.4,247.315,4671.17,67.0,32.8301,18.961
22796.7,5426.32,0.23803,334.056,3129072.2,400.781,6235.79,164.0,19.5313,0.927
17263.9,4596.39,0.26624,211.759,2402893.0,271.751,5359.06,153.0,24.8213,2.959
8480.54,4085.24,0.48171,85.0839,1039574.94,161.368,2361.4,62.0,40.6547,16.927
10534.9,2945.11,0.27955,92.397,1452603.2,147.582,3777.15,21.0,35.9416,2.882
8250.63,2560.99,0.31039,68.1134,1158972.0,107.849,4281.97,41.0,35.2444,4.278
16443.9,4677.07,0.28442,212.184,2294227.2,300.168,5643.26,82.0,23.0345,2.422
7227.22,2638.79,0.36511,53.704,1019222.7,103.564,2894.72,74.0,39.1417,15.538
6915.27,1831.07,0.26478,68.0149,944678.06,104.194,3198.02,90.0,34.7852,10.062
4794.94,1979.44,0.41281,41.7467,650996.5,77.9761,1574.64,18.0,43.5514,11.597
9846.83,4162.51,0.42272,53.0018,1380937.2,174.435,3579.34,90.0,36.0538,15.703
8312.31,1624.43,0.19542,76.1645,1197906.2,96.623,3919.54,9.0,35.368,1.288
8275.47,2802.59,0.33866,70.9576,1158883.6,130.65,4273.02,1.0,35.612,12.018
14644.0,5503.53,0.37582,192.884,1950066.6,243.173,4303.31,98.0,30.4109,19.969
16414.6,6460.81,0.3936,192.142,2300704.5,311.828,5548.99,136.0,26.1474,6.642
5397.83,2109.37,0.39078,16.7026,731544.4,76.8433,2635.92,41.0,42.2307,11.364
6683.57,1886.99,0.28233,65.6556,892603.1,83.8139,2801.29,41.0,38.1765,3.326
7031.37,1826.07,0.2597,66.4469,974582.94,98.0909,3655.62,24.0,36.9223,3.685
7455.51,1575.44,0.21131,92.431,1041088.0,90.7796,3248.99,35.0,37.5846,7.083
5162.11,1353.27,0.26215,53.5284,699388.25,76.2926,2766.63,8.0,40.8399,9.857
15509.3,5775.23,0.37237,113.379,2214214.2,245.126,4089.69,96.0,33.949,17.868
8814.67,3074.13,0.34875,81.8841,1217351.1,114.233,4160.25,27.0,36.3427,11.807
12074.9,2939.38,0.24342,110.073,1693091.9,139.676,4247.58,36.0,32.6055,14.763
9433.17,2370.77,0.25132,97.1974,1330214.2,131.367,3589.75,119.0,36.0754,2.668
6271.32,1882.66,0.3002,59.6311,879662.9,87.4203,2737.78,42.0,40.6496,1.939
8217.87,2911.82,0.35432,66.0031,1154049.9,111.409,4850.06,62.0,39.7238,11.432
7798.01,3009.46,0.38592,62.1901,1116499.2,104.742,2630.98,80.0,39.1594,5.723
14812.4,4453.33,0.30064,169.841,2042257.6,251.718,4825.99,26.0,28.3498,2.874
8117.95,2120.8,0.26124,59.8102,1153811.8,89.1389,3049.9,26.0,38.1553,16.727
9343.4,2573.59,0.27544,99.2023,1324066.9,137.697,3629.94,125.0,36.0144,1.855
9838.59,3220.23,0.3273,107.714,1391729.8,137.082,3666.81,10.0,35.1851,3.121
9302.53,2500.21,0.26876,93.7828,1283646.1,123.368,3824.64,41.0,35.0484,2.53
10065.1,3048.41,0.30286,91.0065,1418099.1,132.015,4403.68,49.0,33.4614,2.98
9260.44,2065.79,0.22307,100.252,1259916.9,148.114,3969.08,38.0,34.1407,1.811
10238.5,2529.08,0.24701,90.9808,1438410.2,123.974,4687.39,31.0,33.1331,4.734
4779.92,1053.25,0.22034,42.0166,671794.75,59.7164,2593.76,17.0,42.397,3.765
4792.09,1656.92,0.34576,38.9527,663002.4,70.5138,1476.51,13.0,42.9082,6.695
9785.32,3296.91,0.33692,114.881,1360241.6,172.242,4103.23,46.0,34.0113,4.999
13375.2,4458.34,0.33332,152.838,1827685.5,214.266,5203.51,24.0,30.7277,9.629
8302.88,3205.96,0.38612,84.447,1145770.4,104.632,5150.95,29.0,32.1275,18.037
8651.07,2284.87,0.26411,73.8185,1187447.4,100.667,3734.34,86.0,33.0129,17.248
8358.45,1730.97,0.20709,76.8458,1204349.6,96.9349,3934.32,9.0,33.6724,1.256
15607.0,5484.44,0.3514,107.257,2151783.0,244.711,5691.23,110.0,25.6897,17.448
9595.3,2123.54,0.22131,106.532,1321285.8,131.942,4269.71,58.0,34.1608,1.693
8076.86,1746.52,0.21623,79.9122,1140473.6,97.9237,3910.44,37.0,34.8151,2.871
9144.76,3239.12,0.3542,98.2608,1296291.4,132.267,3703.15,124.0,31.8864,16.339
9098.33,2475.96,0.27213,58.6956,1279126.5,113.882,6202.27,41.0,39.9578,15.29
14623.4,3841.29,0.26268,160.907,2109642.8,198.891,4919.04,31.0,28.8936,2.558
12678.8,3886.04,0.30649,132.21,1710438.5,202.728,3602.94,185.0,34.6394,16.258
17632.3,6463.71,0.36658,184.899,2448722.5,295.372,6804.07,216.0,26.7405,5.722
13219.4,3740.93,0.28298,135.701,1853839.8,166.096,4845.86,152.0,29.4736,17.941
20274.0,6420.99,0.31671,245.373,2796594.2,333.253,5542.78,70.0,23.3098,3.514
7905.44,2442.17,0.30892,64.8937,1068103.6,108.195,4347.25,24.0,39.2358,18.675
16026.6,6098.0,0.38049,179.67,2194754.5,268.308,5362.8,120.0,25.4136,5.133
8768.2,1784.02,0.20346,102.783,1179998.4,143.159,3954.35,34.0,34.3756,2.009
5649.79,900.33,0.15935,53.372,796620.9,68.3768,2632.25,1.0,42.3518,1.307
13435.2,4074.29,0.30325,143.936,1847619.2,262.382,4898.63,143.0,24.3778,4.52
10627.5,4728.0,0.44488,97.0389,1526668.9,151.197,3773.02,38.0,35.4984,14.235
8570.95,3087.69,0.36025,107.114,1166698.2,140.892,3734.87,45.0,34.553,10.185
13503.0,3798.27,0.28129,118.232,1826688.6,236.606,4218.71,93.0,29.9817,6.566
7193.73,3502.48,0.48687,48.2095,1024661.8,110.557,2443.44,65.0,39.9013,15.283
12069.7,3719.25,0.30814,110.242,1750685.1,155.181,4589.64,87.0,27.8423,17.65
16063.2,5324.55,0.33147,167.91,2299082.2,261.375,5065.78,46.0,26.975,2.588
6904.79,1976.0,0.28617,65.6908,932646.2,88.4902,3349.07,45.0,38.488,10.417
10202.2,3185.33,0.31221,119.446,1442062.6,157.706,4263.27,50.0,33.4879,4.009
8527.11,2133.96,0.25025,97.2807,1155914.2,128.439,3505.19,11.0,36.7383,1.59
12824.4,4487.08,0.34988,141.768,1802086.2,188.437,4673.07,57.0,31.1872,15.179
6262.74,1743.98,0.27846,69.1686,846991.2,97.2078,3142.01,18.0,38.6262,4.707
9705.52,2209.78,0.22768,97.1801,1333734.5,122.191,4866.92,47.0,29.1786,13.474
4917.17,1948.52,0.39626,44.104,720178.5,71.027,2364.1,42.0,42.9827,10.943
5402.41,2360.86,0.437,50.1116,757860.44,95.0952,2204.43,68.0,42.1964,13.787
15885.4,5061.32,0.31861,188.864,2185092.8,279.508,5281.67,83.0,25.0995,6.054
11794.3,3047.7,0.2584,156.509,1694956.8,173.148,4688.03,29.0,29.2907,1.828
3997.38,1593.1,0.39853,33.4395,554969.9,60.6089,2118.45,42.0,43.2876,10.784
8838.08,3382.83,0.38275,86.822,1222144.6,122.846,3919.32,41.0,40.0824,13.426
6740.25,1847.7,0.27412,68.2007,891621.4,95.6727,4113.32,24.0,32.8798,3.675
6255.53,1875.1,0.29975,56.5393,895543.3,79.2483,2570.96,50.0,41.347,3.78
10427.2,2603.8,0.24971,92.2674,1456346.6,134.506,4985.9,152.0,35.0396,5.654
9058.59,1527.88,0.16866,82.6693,1296695.8,100.542,3840.34,24.0,35.5438,4.497
9681.64,3386.07,0.34974,107.743,1311108.9,166.79,4009.83,109.0,34.1185,16.983
8447.91,3294.06,0.38992,69.3855,1176089.8,122.909,3227.05,61.0,37.161,17.903
6372.26,1811.57,0.28429,59.3503,836710.06,91.252,2790.17,58.0,40.5776,9.483
11008.2,2913.81,0.26469,131.382,1530678.9,174.909,4709.31,173.0,28.6083,0.739
7932.62,2081.8,0.26243,101.7,1045931.25,113.159,3274.43,82.0,38.4186,2.243
5329.66,1804.81,0.33863,40.6566,743043.3,74.6873,2701.42,45.0,40.5076,4.355
6313.57,1992.46,0.31558,47.2852,895108.4,73.9248,2515.19,16.0,40.6855,11.154
14237.0,3259.18,0.22892,158.412,2033684.5,238.812,4806.05,105.0,28.2983,4.267
9029.98,2072.89,0.22955,115.944,1222762.2,132.202,3950.9,46.0,32.3546,2.259
6619.03,2175.46,0.32866,70.275,879158.5,86.1477,3365.28,35.0,37.2168,14.879
13734.5,5553.41,0.40434,136.457,1882878.8,222.31,5170.79,123.0,24.3196,18.934
5513.71,889.37,0.1613,45.6743,771300.5,68.5895,2623.84,1.0,42.134,1.634
3938.7,1157.32,0.29383,32.3045,536201.1,49.2133,1385.92,32.0,44.474,11.236
6321.89,2502.13,0.39578,39.3454,864452.9,104.271,1842.72,7.0,42.8029,11.822
7411.48,1930.37,0.26045,54.7726,1049652.1,100.345,2916.85,77.0,39.6824,13.58
7237.06,2280.86,0.31516,52.3749,1035587.75,91.6777,3359.27,13.0,38.7105,8.182
12713.3,3594.87,0.28276,154.05,1806050.4,180.62,4806.56,24.0,28.9604,2.251
12814.3,5016.66,0.39148,108.473,1869182.4,184.892,4612.19,66.0,30.7272,5.767
7212.71,2107.1,0.29213,68.8163,1016253.2,92.7542,3609.36,31.0,36.9441,1.974
13728.3,4261.81,0.31043,155.57,1976347.8,203.882,5700.14,86.0,24.9284,1.833
7165.42,2366.44,0.33025,64.2095,951254.3,110.878,3772.94,70.0,37.2477,8.183
7205.92,2075.01,0.28795,74.378,962613.6,106.138,3360.84,96.0,35.6081,12.722
9653.46,3494.49,0.36199,96.984,1351629.0,123.141,3451.14,35.0,36.2455,11.503
19176.2,6638.15,0.34616,220.219,2620723.2,332.048,5198.53,143.0,25.2378,14.22
13260.2,4394.05,0.33137,126.049,1890427.4,199.492,4855.4,97.0,28.4436,20.026
2987.4,968.03,0.32403,22.1981,434595.22,44.8072,1662.72,42.0,46.7656,11.161
6227.83,1459.73,0.23438,53.9644,820928.6,72.4476,3246.72,45.0,39.8668,5.922
7108.74,2079.94,0.29258,63.4179,961338.7,105.868,4048.87,65.0,36.8648,5.627
7063.88,3108.02,0.43998,46.046,1012228.9,115.428,2979.41,39.0,43.1816,13.226
4880.49,1134.22,0.23239,44.5635,665517.9,67.6396,2767.31,14.0,43.0259,2.227
10775.6,2936.32,0.27249,135.714,1500625.5,175.967,4649.87,162.0,28.9956,0.919
12143.3,4675.17,0.38499,177.236,1621231.2,258.995,4552.97,99.0,23.7295,5.839
15928.3,5086.57,0.31934,183.539,2208672.2,257.934,5435.24,86.0,24.4668,8.221
9242.45,3363.23,0.36388,68.1469,1287220.8,135.289,3496.89,63.0,36.1094,14.854
8649.25,3826.0,0.44235,80.7442,1222063.4,137.931,3388.04,43.0,37.6791,3.066
11416.6,2343.23,0.20524,136.454,1613904.6,179.671,4537.17,54.0,30.446,0.884
13009.8,3311.73,0.25455,163.369,1829965.4,203.251,5048.82,201.0,28.3378,2.049
10815.0,3172.81,0.29337,99.2693,1478520.2,137.01,5718.39,39.0,30.1368,15.127
6343.95,1647.26,0.25965,51.9725,893055.5,77.9351,3231.31,8.0,38.3569,11.618
5045.18,1812.96,0.35934,50.4621,700726.5,73.0414,2255.07,21.0,42.6504,1.922
14307.6,5539.19,0.38715,189.906,1953414.9,268.324,4922.73,178.0,27.6324,18.678
8383.25,2447.25,0.29192,82.3323,1196867.2,120.4,3900.52,45.0,35.5496,2.905
9217.19,3132.22,0.33982,78.205,1254230.2,122.467,3858.95,94.0,35.2885,7.433
5462.91,2191.24,0.40111,34.5308,774825.2,74.0756,2633.04,35.0,42.7972,2.808
7553.74,1524.61,0.20183,66.5427,1069992.6,82.4021,3033.4,42.0,39.4167,14.971
10467.6,2751.72,0.26287,160.285,1483798.1,160.687,4687.44,26.0,28.9802,1.858
6023.0,1618.94,0.26879,67.4127,852630.3,78.7206,3092.19,14.0,38.8847,2.072
23331.2,7224.27,0.30963,307.027,3223232.8,387.969,6327.76,101.0,17.5396,3.69
4682.97,1428.7,0.30508,53.7063,648874.94,74.8229,2741.15,40.0,41.6341,8.066
10514.1,3896.79,0.37062,98.375,1513620.8,137.477,5004.14,94.0,33.4988,18.244
8114.34,2718.34,0.335,67.947,1161518.5,106.02,3365.74,69.0,37.8567,18.467
6959.77,2002.31,0.28769,62.2325,989197.6,91.568,3738.15,46.0,38.4696,7.715
6976.18,2162.54,0.30998,65.0938,972269.94,82.4376,3970.81,71.0,34.9912,4.183
5946.23,1901.77,0.31982,58.2931,816899.3,84.577,2689.3,44.0,40.5881,2.172
7465.81,2675.92,0.35842,58.0935,1006787.7,116.722,3643.29,45.0,36.7696,15.958
17893.2,4772.82,0.26673,241.792,2484903.8,293.49,5266.29,218.0,23.029,5.982
6120.98,1588.76,0.25955,51.0227,800104.75,94.9073,3912.73,17.0,37.4204,1.732
4623.59,1529.16,0.33073,43.9662,666558.2,76.6763,2290.66,46.0,43.0932,9.139
19396.9,5854.77,0.30184,226.863,2653879.2,291.269,5883.1,175.0,21.7276,5.152
16779.7,5206.66,0.31029,136.723,2297469.0,217.802,6999.75,94.0,22.1674,19.939
9388.33,4103.74,0.43711,90.6777,1323772.8,149.967,3534.8,30.0,36.5004,15.697
6642.09,1679.57,0.25286,50.0777,940877.56,85.2416,2498.38,76.0,41.5749,9.177
10507.9,2762.7,0.26291,94.8014,1391877.4,138.475,4198.03,74.0,34.6198,17.926
13486.5,3430.12,0.25433,147.924,1901826.2,210.172,5066.43,198.0,27.0229,1.877
8263.76,2455.61,0.29715,88.7401,1167333.4,101.227,4022.58,26.0,35.4557,1.78
8064.62,1531.78,0.18993,82.7486,1152629.5,96.7329,3805.05,18.0,34.7537,1.878
7905.8,2939.51,0.37181,71.3839,1090132.5,111.8,3229.19,16.0,36.1196,3.199
6659.96,2145.86,0.3222,71.6066,922892.9,87.2427,3100.18,51.0,39.3685,8.943
14475.1,5134.3,0.35469,193.043,2072795.9,279.56,5197.62,106.0,25.895,6.07
9927.02,2793.26,0.28137,99.5407,1357404.2,149.45,4125.0,119.0,33.1625,2.288
19218.6,5562.3,0.28942,283.039,2611795.5,313.784,6351.54,289.0,19.3888,3.211
6705.33,1950.75,0.29092,61.6083,898892.94,94.9889,3666.62,63.0,38.3,4.084
8804.56,3405.94,0.38683,80.7863,1206996.2,118.932,3952.24,38.0,35.3119,15.403
6222.41,1664.2,0.26745,63.5371,850967.3,89.5671,3103.74,61.0,39.6405,8.23
11368.8,2671.45,0.23498,151.137,1608501.2,153.773,4137.46,119.0,32.3552,3.798
8608.25,2700.54,0.31371,82.3595,1185376.8,116.113,3623.93,34.0,36.3992,15.001
5768.63,1967.56,0.34107,70.2113,798661.44,91.1312,2980.75,30.0,40.4951,2.027
14786.3,3795.15,0.25666,157.899,2093010.5,279.462,4585.2,40.0,29.1767,20.533
16367.4,5721.35,0.34955,185.409,2266914.0,254.768,5205.88,112.0,26.6395,17.731
17099.1,5994.03,0.35054,223.806,2316828.5,278.863,5468.55,135.0,23.3121,1.834
7862.41,2170.7,0.27608,72.0358,1138297.1,93.2272,3862.43,19.0,37.48,15.46
16805.3,6945.83,0.41331,169.475,2373118.0,300.977,5197.63,90.0,26.2152,19.547
12232.3,2695.44,0.22035,143.865,1699784.5,191.38,4132.96,65.0,32.1894,1.769
8954.9,2282.05,0.25483,98.0467,1220628.1,122.568,3641.23,119.0,33.0339,1.413
9251.26,2981.58,0.32228,99.5077,1266241.8,140.464,4012.57,34.0,33.3902,3.707
18919.0,5089.59,0.26902,184.848,2630446.2,284.086,5175.09,46.0,26.0352,7.242
11370.5,3742.2,0.32911,115.059,1630804.6,138.881,3899.1,76.0,34.6237,2.176
4886.87,1615.6,0.3306,31.2742,686403.44,63.637,2417.75,59.0,43.4143,10.336
9675.54,1905.03,0.19689,97.5722,1367147.5,130.042,4250.26,38.0,33.3248,0.934
11647.9,4826.84,0.41439,89.1654,1652002.2,192.493,5364.55,105.0,28.9528,20.352
15320.5,6978.87,0.45552,90.6018,2051455.6,252.385,7064.51,48.0,30.049,15.001
12495.6,4573.86,0.36603,124.444,1726992.6,203.809,4245.57,22.0,30.6885,2.692
7367.5,2188.47,0.29704,97.1252,1002344.1,99.7364,3533.5,20.0,35.8486,19.682
6997.23,2297.65,0.32836,60.573,951615.5,88.8067,3379.75,27.0,38.0916,5.675
9074.82,3964.37,0.43685,68.1467,1207522.1,149.977,4116.28,57.0,35.4602,13.761
10045.3,2837.49,0.28246,118.646,1378474.6,142.244,4160.39,128.0,32.9035,2.228
23220.5,10282.1,0.4428,185.375,3211791.5,343.433,5945.53,128.0,24.9652,20.948
7584.99,1706.16,0.22493,56.9291,1079540.6,87.2801,2784.98,27.0,38.8669,7.09
11579.1,4451.36,0.38443,125.699,1591159.1,198.008,3915.21,80.0,33.1238,16.122
6690.16,2175.98,0.32525,58.3876,926933.9,102.191,3585.16,75.0,36.7142,1.447
7292.17,2983.0,0.40906,61.1081,958621.4,123.089,3375.65,5.0,38.7458,16.896
13712.0,4047.62,0.29518,163.441,1922893.4,237.777,4421.01,82.0,29.8061,1.553
5709.8,998.75,0.17491,59.6757,778353.06,70.6617,2912.17,54.0,40.4288,8.318
7855.12,2350.14,0.29918,82.1692,1065326.4,101.284,3613.17,12.0,36.7844,4.738
6141.49,2215.67,0.36077,56.784,844856.44,85.5453,3033.15,18.0,40.1675,9.237
15082.5,5166.97,0.34258,151.435,2149109.5,236.296,4951.41,78.0,28.5797,19.354
7403.83,2991.79,0.40408,78.2015,999075.0,118.8,3434.87,58.0,36.7764,18.289
17528.1,5342.69,0.3048,206.604,2506246.2,292.501,5536.19,277.0,19.2975,13.858
7991.15,2253.24,0.28196,78.8035,1084667.9,101.308,3286.6,34.0,37.5296,14.449
9880.24,3524.21,0.35669,61.0974,1336071.8,152.027,4139.22,59.0,34.4421,14.501
6483.06,1413.24,0.21798,64.4188,897261.56,81.324,3317.01,31.0,38.0352,5.116
9742.97,3074.17,0.31552,100.556,1320682.6,152.463,3360.93,15.0,36.5713,2.203
5323.12,1665.83,0.31294,48.8402,749414.0,67.069,2207.56,19.0,42.8364,7.341
14703.6,4255.28,0.2894,193.377,2047215.9,223.079,5624.95,139.0,22.7587,0.799
7200.27,1699.9,0.23608,65.361,1027663.1,97.6585,3439.46,16.0,37.263,11.998
16388.0,6569.74,0.40088,232.234,2244839.0,307.834,5587.91,164.0,23.2753,8.156
9797.77,2729.37,0.27857,100.685,1338587.9,131.237,4366.4,130.0,29.5341,18.237
8716.67,2369.97,0.27188,83.0696,1222296.6,116.879,4092.53,49.0,33.9539,1.572
7754.49,2130.51,0.27474,71.2226,1089027.2,101.806,3181.25,74.0,36.1557,14.956
5849.27,2276.94,0.38926,53.0384,779529.0,91.3228,2705.36,57.0,40.6287,15.728
8945.44,3358.21,0.37541,92.4161,1176117.0,150.598,3956.95,70.0,33.0705,17.443
7152.21,2370.92,0.33149,67.2665,1040123.56,106.979,2441.07,62.0,41.2326,13.786
9576.79,3681.48,0.38441,71.9333,1321417.2,143.362,3859.94,57.0,35.0994,15.563
10139.5,2842.98,0.28038,93.6763,1386909.5,146.63,3708.22,122.0,33.431,1.956
17214.6,5091.37,0.29575,178.455,2370341.0,220.394,5405.43,78.0,28.523,17.431
10224.1,2892.09,0.28286,121.777,1381728.0,163.461,3838.22,22.0,33.7422,2.797
14687.2,5249.34,0.3574,200.289,2008672.2,259.208,4697.28,68.0,26.5969,2.757
9658.36,2915.49,0.30186,115.193,1321798.8,162.167,4167.58,73.0,31.1059,1.099
7568.75,1923.45,0.25413,61.7654,1100550.6,89.4258,2744.57,43.0,39.5473,4.886
9110.67,2601.3,0.28552,86.5977,1300856.6,114.596,4223.2,41.0,34.7233,2.769
9773.16,2582.38,0.26423,101.264,1371929.6,142.352,3656.07,121.0,35.5135,2.048
9145.7,2675.44,0.29253,90.3133,1293460.8,140.237,4170.56,160.0,32.5852,1.346
14971.0,4257.79,0.2844,196.094,2070214.2,222.219,5637.25,135.0,22.7599,1.3
15426.7,5298.17,0.34344,128.595,2209387.8,206.494,5225.91,62.0,28.2905,17.967
9967.97,3330.23,0.33409,69.2718,1405874.6,123.588,3971.57,49.0,35.2689,16.548
10062.9,3296.1,0.32754,68.2021,1418311.2,132.756,3280.5,54.0,37.2088,11.575
21894.2,7843.24,0.35823,216.284,3105460.8,339.693,6037.06,288.0,21.6162,15.858
8230.17,3103.24,0.37705,84.2981,1150107.5,114.341,3840.52,50.0,46.5464,17.762
7072.46,2067.54,0.29233,64.8432,998246.4,90.0443,3601.36,32.0,37.9615,1.8
15789.2,4249.82,0.26915,180.952,2228472.0,227.423,15477.73,144.0,25.6537,17.0
16693.3,5034.34,0.30157,204.343,2198005.8,262.159,6300.32,259.0,21.4571,2.669
15239.5,4864.74,0.31921,160.815,2099679.0,227.231,4908.5,79.0,29.5958,14.613
10308.9,3543.76,0.34375,105.788,1435978.0,164.105,4633.79,63.0,31.033,17.536
6932.91,1859.81,0.26825,66.7527,949125.2,88.994,3089.78,47.0,39.9409,1.666
8856.75,2781.14,0.31401,98.4629,1245407.4,134.07,4210.8,52.0,34.041,2.643
18804.4,6078.74,0.32326,174.64,2543309.8,280.038,5673.69,132.0,21.9449,20.889
12190.7,3270.57,0.26828,166.281,1724034.0,191.078,4680.86,117.0,29.3821,2.663
10974.2,2574.38,0.23458,128.391,1489639.1,174.82,3927.39,60.0,33.008,1.591
4567.92,1220.66,0.26722,43.6176,619507.3,73.0589,2557.9,10.0,42.3443,9.669
10085.9,3305.95,0.32777,93.0512,1437116.6,130.441,4318.89,107.0,30.6324,17.767
7182.52,1857.21,0.25857,88.68,1001825.4,107.069,3775.1,48.0,36.2077,2.05
9004.33,2460.44,0.27325,90.7131,1277267.6,118.815,3835.77,11.0,34.5921,1.6
8959.56,2089.55,0.23322,91.2105,1269880.1,129.287,4137.7,171.0,33.3162,1.336
16355.4,6116.13,0.37395,158.243,2262016.0,244.888,5381.3,81.0,25.3071,5.766
22838.3,6397.91,0.28013,303.703,3120666.2,373.508,6315.45,93.0,17.6179,3.247
9797.55,2419.16,0.24691,142.103,1382717.0,156.051,4153.45,116.0,32.2402,2.527
12734.4,3842.97,0.30177,165.2,1796575.4,215.154,4753.44,62.0,28.7294,3.894
8044.73,2574.59,0.32003,70.6856,1124432.8,100.586,3605.96,57.0,36.6944,10.404
25667.9,8592.53,0.33475,250.833,3580844.8,394.827,9803.21,204.0,21.9559,5.178
8632.25,2684.97,0.31103,69.0244,1202796.6,119.021,4152.43,65.0,34.1455,16.197
4754.83,959.45,0.20178,45.6942,682499.56,55.5684,2183.3,80.0,42.8158,0.661
14646.7,5804.27,0.39628,157.508,2059140.9,230.079,4882.05,114.0,28.1658,8.986
16922.8,5982.0,0.35348,185.166,2362715.0,285.703,5356.34,158.0,23.0878,2.389
5102.13,1620.43,0.31759,49.552,715993.2,65.1455,2191.99,39.0,42.966,2.469
5760.61,2559.33,0.44428,51.8208,793134.06,107.952,2679.18,69.0,40.2052,10.991
13217.8,3381.37,0.25581,157.691,1810611.8,211.069,4187.27,54.0,31.4638,2.117
10215.8,2772.91,0.27143,83.3352,1456044.2,126.231,3356.7,28.0,36.4405,17.08
7605.09,1503.41,0.19768,80.3385,1069549.5,96.1231,3802.07,9.0,34.0335,2.486
8957.48,1809.03,0.20195,101.03,1241905.0,124.486,3654.98,16.0,33.9941,1.81
16016.6,3100.78,0.19359,170.633,2234723.5,210.99,4084.79,175.0,31.9757,1.943
9261.82,3391.93,0.36622,66.6158,1286751.9,132.167,4746.45,59.0,37.3526,18.108
6088.24,2033.36,0.33398,72.4027,846809.5,89.3613,3036.11,36.0,40.2077,1.612
11378.3,3202.42,0.28144,131.802,1572637.4,168.154,4435.0,88.0,31.6129,2.026
9719.38,3018.39,0.31055,95.7281,1370230.5,136.546,3906.93,20.0,34.5009,4.716
8745.61,2650.79,0.30309,79.7558,1216687.2,111.169,4264.42,59.0,34.9479,2.539
7466.26,2559.99,0.34287,84.0466,1035063.94,97.1591,3404.34,51.0,37.6641,3.166
9408.86,3452.33,0.36692,71.5957,1338892.2,117.512,4405.63,30.0,35.0084,19.736
14938.1,4745.59,0.31768,177.754,2100264.0,240.508,4642.3,36.0,28.3221,5.736
7222.06,2058.42,0.28501,64.5387,984433.2,105.149,3119.41,44.0,37.8357,4.683
14866.2,3855.79,0.25936,211.613,2033527.6,262.65,5080.57,160.0,25.3982,2.668
8829.49,2531.14,0.28666,90.1492,1248400.9,135.52,3748.35,43.0,35.2074,4.531
13707.2,4555.0,0.3323,164.936,1972682.4,265.371,4841.18,86.0,26.9949,3.132
12992.7,3914.49,0.30128,135.841,1820138.4,173.48,5260.82,158.0,27.0556,15.608
11777.6,3802.93,0.32289,153.353,1682776.2,195.775,5455.47,74.0,26.078,1.759
12560.7,4347.81,0.34614,167.145,1758174.2,221.048,4847.22,84.0,28.0792,3.564
4342.65,915.61,0.21084,40.1142,571424.1,63.7277,2568.05,11.0,43.3578,2.16
5810.31,877.81,0.15107,52.135,817018.94,71.7064,2700.0,1.0,42.225,1.466
6390.25,1931.17,0.3022,37.0,887202.75,84.2681,3406.51,37.0,38.0349,16.743
9543.17,2251.35,0.23591,101.444,1338057.6,127.72,3949.07,43.0,34.9357,3.012
16610.3,6859.89,0.41299,168.741,2295914.5,268.25,5351.51,131.0,24.4682,18.959
9612.0,3411.62,0.35493,98.2834,1363840.2,135.962,3679.73,41.0,35.4853,16.149
5820.73,1820.86,0.31282,52.2669,814444.75,75.6121,2603.92,24.0,41.2754,2.77
5811.82,1053.23,0.18122,52.5591,799977.1,65.2332,3034.98,24.0,39.7659,4.07
9517.91,2976.48,0.31272,117.863,1316763.5,169.963,3790.34,18.0,33.0916,2.813
8552.2,2287.13,0.26743,97.3312,1214349.6,124.557,4007.2,163.0,33.7061,1.232
7719.85,1989.68,0.25773,75.6643,1067915.0,105.799,3393.92,41.0,37.2484,16.364
7325.95,2241.99,0.30603,60.5349,1035077.75,105.565,3448.24,26.0,38.5209,12.939
8867.34,2535.72,0.28596,94.4561,1204839.6,160.517,4136.11,71.0,33.767,0.61
6702.36,1269.69,0.18943,69.045,908391.25,93.2638,3343.63,27.0,37.2862,3.35
6658.2,1931.11,0.29003,63.8078,855963.56,89.9598,3315.57,30.0,37.7898,3.513
7990.73,2540.74,0.31796,68.5283,1121809.0,98.5654,4617.47,15.0,39.6867,8.331
4190.15,1679.09,0.40072,27.0762,578152.5,56.4427,2340.4,5.0,43.9796,14.556
5814.18,1992.84,0.34275,39.5112,794327.75,81.3338,2237.42,7.0,41.8141,12.358
8732.55,2663.04,0.30495,98.1591,1193646.5,123.752,4056.28,80.0,35.837,13.402
4422.29,785.86,0.1777,38.5813,585700.44,63.407,2559.14,11.0,43.5156,2.036
11489.6,3315.59,0.28857,139.306,1600853.4,161.99,4565.62,62.0,30.2536,3.669
7219.53,2241.16,0.31043,57.3786,1014779.44,93.3146,3407.2,93.0,38.5836,13.741
7536.96,2094.31,0.27787,63.9107,949679.5,107.739,3450.96,25.0,37.9974,2.21
9530.29,2819.17,0.29581,97.0962,1357222.5,119.99,4161.83,110.0,33.4613,3.768
5491.93,2219.45,0.40412,40.8844,735902.1,86.3105,1643.91,17.0,44.9377,12.01
5475.72,1437.58,0.26253,41.6654,747871.5,85.0786,2891.42,31.0,40.8455,11.366
8711.16,2189.78,0.25137,96.1123,1163408.5,128.783,3530.16,22.0,36.6179,1.349
7017.64,1742.66,0.24832,64.3453,994398.6,83.8794,3564.52,23.0,38.0432,1.967
6885.71,1665.93,0.24194,74.7458,948555.2,98.7549,3545.83,35.0,37.7478,3.428
10631.4,3143.66,0.29569,135.311,1494309.2,165.246,4231.7,55.0,32.573,1.532
8684.76,2317.2,0.26681,60.6621,1245115.4,95.1235,3221.91,58.0,35.4813,15.659
8563.54,2474.39,0.28894,91.7517,1165347.9,121.007,3740.06,32.0,35.0459,3.936
4913.32,1418.35,0.28867,52.1858,641369.06,71.5052,1919.89,39.0,43.1342,3.458
6570.31,1364.41,0.20766,54.7378,928344.56,62.917,3235.16,26.0,39.8395,6.854
10245.8,3479.47,0.33959,133.811,1354531.4,165.719,4039.82,32.0,33.5193,2.363
8394.61,2284.83,0.27217,93.971,1149370.6,115.019,3969.18,82.0,35.2852,12.862
8842.55,2249.22,0.25436,85.7213,1268462.9,118.167,3972.01,30.0,35.4031,2.638
8159.83,1406.82,0.1724,76.9727,1143855.5,99.0575,3756.61,25.0,34.2829,1.945
6101.93,1710.25,0.28028,63.5678,818687.6,89.6815,3217.67,60.0,38.375,12.365
14039.6,3917.3,0.27901,181.504,1969657.6,238.712,4901.39,89.0,27.0385,5.06
16100.7,6197.09,0.38489,184.688,2221537.5,264.014,4467.02,61.0,25.1875,5.66
9617.92,3335.98,0.34685,105.135,1338122.1,139.055,3651.24,23.0,35.2716,2.693
6550.38,1617.13,0.24687,62.2193,918393.1,83.538,2969.71,98.0,38.7992,2.868
9097.5,3534.24,0.38848,84.2089,1255536.5,136.024,3794.55,112.0,34.5025,3.226
6646.0,2055.88,0.30934,67.9726,878485.7,101.507,2919.01,37.0,39.7334,8.922
8120.04,2129.8,0.26228,70.4716,1136631.6,107.312,4087.36,17.0,34.274,4.977
13120.1,3202.01,0.24405,182.204,1796824.0,205.21,4589.82,179.0,29.1468,1.618
4927.62,1758.22,0.3568,40.0202,691426.94,66.0575,1908.66,42.0,43.9696,5.767
12046.0,2624.27,0.21785,145.256,1709359.9,181.045,4642.48,50.0,29.6825,0.864
10060.6,3901.31,0.38778,69.549,1439383.4,134.512,3570.94,28.0,35.7381,13.363
10300.1,3075.51,0.29859,96.7829,1478006.1,158.299,4199.12,152.0,27.2055,17.958
6249.6,2086.2,0.33381,59.7396,870355.6,84.9495,2696.05,41.0,40.3722,2.238
13075.8,4849.16,0.37084,95.6798,1737605.8,217.235,4401.22,58.0,33.7448,19.962
12276.6,4013.17,0.32689,111.191,1668741.5,175.846,4715.95,67.0,30.3059,11.505
11540.0,4848.13,0.42011,153.266,1610651.9,223.909,4357.38,119.0,31.5159,15.148
10770.2,3134.84,0.29106,96.8573,1467509.2,137.714,5876.58,37.0,30.0883,15.825
15534.0,6170.14,0.3972,188.743,2149192.8,249.807,4576.5,90.0,26.387,2.441
7200.27,1699.9,0.23608,65.361,1027663.1,97.6585,3439.46,16.0,32.752,11.998
6185.3,2056.89,0.33254,40.4527,848324.6,88.3681,3027.37,64.0,39.8995,4.405
4815.01,948.26,0.19693,45.3503,693078.06,54.6066,2183.33,80.0,42.8312,0.641
15952.4,4781.43,0.29973,197.623,2127017.5,254.212,5144.1,168.0,25.9279,5.676
6282.4,1630.85,0.25959,54.852,876912.0,76.1141,3357.92,55.0,39.0632,2.39
7243.59,2369.53,0.32712,65.891,1020444.75,109.153,3628.62,24.0,35.7371,15.901
8484.68,2609.88,0.30759,54.3811,1151646.2,115.571,3918.13,22.0,36.0608,13.986
9277.86,2149.49,0.23167,106.113,1260902.6,140.671,4011.76,37.0,34.0007,2.045
11931.9,4275.15,0.35829,128.007,1698659.5,178.37,4854.42,160.0,28.8293,15.424
4965.34,1409.72,0.28391,36.4536,680503.2,65.075,2024.12,15.0,42.6393,13.79
8076.0,1634.35,0.20237,72.6313,1155418.9,109.158,4063.17,99.0,34.7794,0.956
15043.3,2920.75,0.19415,185.285,2104156.8,226.235,4699.67,32.0,46.5464,1.637
5850.88,1126.85,0.19259,52.1859,807425.94,69.8971,3057.38,30.0,39.836,4.125
14818.6,4486.72,0.30277,178.304,2080070.5,237.506,4450.64,16.0,30.1447,2.64
14162.8,6170.58,0.43568,99.5728,1981166.2,221.015,10040.95,57.0,36.1422,9.554
9534.62,2896.65,0.3038,96.3029,1345825.6,126.195,3715.85,96.0,36.3748,14.87
9675.98,3193.2,0.33001,86.1531,1269502.6,159.388,3703.58,17.0,35.6663,14.515
9419.76,2392.42,0.25397,78.5711,1285645.5,118.811,3630.74,51.0,35.905,16.018
6208.65,1241.9,0.20002,55.482,852362.06,83.3048,2811.67,17.0,40.2291,1.086
10238.3,3279.28,0.32029,94.9183,1434314.2,144.315,5035.12,34.0,32.3584,1.557
6307.79,1772.46,0.28099,55.6026,859375.94,81.3037,2663.06,34.0,41.6628,15.687
7876.73,2246.89,0.28525,88.2758,1081444.2,114.798,3095.97,21.0,38.3686,0.759
24247.1,8022.77,0.33087,181.287,3439793.0,318.02,6786.1,205.0,20.0622,11.881
9113.26,2955.44,0.3243,92.1028,1266847.8,138.088,3818.45,94.0,34.3962,17.718
5581.78,1019.47,0.18264,49.7737,801326.25,69.1021,2857.21,58.0,40.2249,0.985
6131.79,1996.6,0.32561,58.3242,826127.8,91.7029,3023.83,36.0,39.7089,7.05
10924.8,2661.68,0.24363,133.151,1521981.1,169.233,4640.37,173.0,28.9535,0.787
14930.8,5200.78,0.34832,143.714,2076488.5,249.538,5113.72,127.0,27.2237,19.883
3838.69,875.79,0.22814,33.6284,546840.06,42.2245,1780.76,12.0,44.5486,2.283
7482.74,2870.91,0.38367,52.5636,1023583.6,113.838,4004.64,31.0,35.9921,16.785
7878.58,2093.56,0.26572,61.4533,1036376.0,105.574,3434.43,47.0,39.1974,12.208
7095.29,1973.12,0.27808,69.3939,964063.2,111.396,3344.66,47.0,38.4008,10.319
9639.98,2856.04,0.29627,62.8793,1303538.0,147.143,3769.75,47.0,36.4541,13.18
8597.27,2748.5,0.31969,69.98,1156089.4,123.407,3791.39,70.0,36.608,2.609
14753.7,5261.08,0.35659,169.742,2038000.8,225.063,4916.39,141.0,27.4508,8.172
5559.01,2155.71,0.38778,49.5259,773673.06,81.1072,2380.65,28.0,42.8384,2.353
8064.01,3039.6,0.37693,75.1253,1130400.6,109.129,3477.36,25.0,37.1114,13.839
16903.9,6219.69,0.36794,191.922,2364060.8,297.659,5658.49,136.0,24.9371,7.482
11427.8,3787.25,0.3314,108.828,1564601.8,191.079,4363.22,79.0,32.0502,0.762
15234.7,6039.64,0.39643,153.916,2120918.8,235.194,5230.92,66.0,27.9638,16.163
4247.03,1430.21,0.33675,33.3702,600180.0,54.2202,1351.92,41.0,42.6879,5.604
10654.3,4676.97,0.43897,97.6534,1500245.9,157.791,3949.86,40.0,33.6555,15.8
6943.66,1590.79,0.22909,66.5466,977506.6,88.0616,3579.01,38.0,37.7395,2.575
15164.9,5765.73,0.3802,188.416,2120887.5,258.957,4520.7,31.0,26.2074,1.872
17680.5,6344.9,0.35886,238.091,2413275.8,274.727,5500.82,133.0,24.1986,2.028
9539.07,2418.26,0.25351,116.88,1315110.2,138.525,4136.06,126.0,33.0713,2.74
7678.9,1441.98,0.18778,82.5783,1109772.8,106.021,3328.11,29.0,46.5464,2.678
14933.8,3891.22,0.26056,207.351,2059778.9,251.735,5098.89,144.0,25.6273,4.284
13823.4,4192.82,0.30331,173.746,1911333.2,217.653,4779.47,119.0,28.7425,5.167
11377.5,4167.42,0.36628,111.779,1543843.2,166.778,4726.78,94.0,30.5899,14.262
15110.2,4536.95,0.30025,180.957,2090120.9,240.975,5346.14,167.0,24.6921,1.849
4609.5,1333.84,0.28936,35.4296,632932.4,57.2424,1903.51,38.0,43.7171,12.511
8498.07,2399.4,0.28234,94.6018,1165721.9,97.4976,4350.57,27.0,30.7924,20.754
11559.2,3935.14,0.34043,90.389,1560185.2,173.47,4198.44,127.0,32.6353,4.271
3878.12,1257.92,0.32436,34.5283,531308.06,48.1197,1398.88,24.0,44.2958,2.089
11387.7,4584.06,0.40254,128.109,1603872.0,187.336,4318.9,149.0,32.858,17.271
7080.45,2393.48,0.33804,65.0284,954629.6,99.6249,3041.73,37.0,40.6286,2.167
16316.9,5531.74,0.33901,175.933,2282217.8,269.332,4768.01,87.0,26.3184,12.402
7787.78,1992.95,0.2559,98.7061,1086377.1,124.713,3215.36,5.0,37.0203,0.706
8031.56,1487.25,0.18517,92.5577,1081649.0,114.452,3887.83,45.0,35.483,4.911
8555.65,3100.65,0.3624,64.8104,1123488.1,138.085,3744.04,47.0,37.5908,14.525
7894.96,2422.3,0.30681,94.047,1068697.9,104.415,3400.1,23.0,31.802,16.269
18132.0,5366.43,0.29596,220.867,2534020.8,287.679,5702.92,202.0,22.0894,2.165
14201.2,4635.79,0.32643,169.086,1962180.1,211.788,5211.21,186.0,27.269,1.78
14649.7,5781.32,0.39463,192.204,1962620.1,257.535,5278.22,168.0,27.4019,6.967
14924.4,4155.67,0.27844,214.217,2061482.5,248.452,5097.11,166.0,24.5618,3.245
14434.9,5134.09,0.35567,164.42,2044768.1,204.678,5035.53,166.0,27.2293,7.158
8537.71,2493.5,0.29205,89.7387,1206210.9,130.266,4457.48,100.0,33.0205,15.673
4605.3,1417.58,0.30781,40.2157,617285.94,63.5068,1530.5,7.0,43.2169,6.772
12009.8,4498.21,0.37454,107.41,1657357.5,202.189,3673.16,33.0,36.9029,18.521
16216.4,4176.99,0.25757,197.239,2137656.5,267.933,5226.34,187.0,25.7251,2.761
11627.0,4396.74,0.37814,121.425,1604561.8,182.626,5198.85,127.0,25.2144,17.35
9183.95,2325.19,0.25317,85.5359,1285409.4,119.802,4294.02,79.0,36.4131,17.965
10622.5,3702.33,0.34853,108.69,1550236.2,150.761,4504.8,74.0,31.2592,4.137
5222.96,1724.82,0.33023,51.8679,692304.44,80.1911,2791.96,40.0,40.8931,14.862
8724.29,1832.7,0.21006,97.0898,1236743.6,110.175,3809.62,46.0,35.1146,2.898
12578.5,4795.28,0.38122,152.377,1815830.2,183.008,5982.54,161.0,27.0574,19.64
5716.48,875.54,0.15316,59.4215,839239.8,67.1931,2316.99,55.0,42.129,8.805
20388.1,6635.7,0.32546,243.032,2827590.5,332.988,5528.32,75.0,23.1847,3.396
7972.28,2791.3,0.35012,68.2671,1127283.0,111.688,3138.54,25.0,37.7556,12.873
7780.17,1973.67,0.25367,92.5959,1081506.6,126.097,3211.99,5.0,37.0007,0.521
6656.53,1848.21,0.27765,55.1203,944503.0,80.5285,3044.79,35.0,39.9942,14.954
19316.8,5457.37,0.28251,263.031,2645026.0,305.346,5957.52,215.0,22.0812,4.856
5673.74,1150.51,0.20277,58.0735,788354.44,74.1914,2658.71,20.0,40.4978,1.507
11697.8,2666.24,0.22792,146.145,1637832.4,169.495,4699.47,145.0,29.5588,1.766
11147.3,4642.52,0.41647,102.259,1574447.6,173.371,4110.65,39.0,33.2517,15.794
6283.34,1930.91,0.3073,53.3524,841604.0,107.152,3702.4,22.0,42.8965,14.443
22548.1,6293.1,0.27909,293.607,3122034.5,363.399,6265.33,93.0,17.9361,3.359
11175.7,4629.5,0.41424,88.2817,1569097.1,169.046,3760.77,51.0,34.7647,15.251
7465.48,2035.65,0.27267,62.8122,1038027.3,83.4597,3398.57,41.0,37.3531,15.607
7405.42,2477.99,0.33461,65.5281,1017803.5,112.474,3553.87,37.0,36.9778,13.263
8344.45,2681.19,0.32131,70.8729,1114767.2,124.782,3368.24,70.0,37.753,12.674
13603.7,4116.8,0.30262,158.199,1911748.4,211.589,4762.13,85.0,30.0618,1.88
8979.21,2417.64,0.26924,71.8502,1202919.6,115.971,3581.74,69.0,37.2854,15.768
11953.5,2912.7,0.24366,159.829,1711216.0,165.622,4800.74,32.0,29.1519,2.255
6895.49,1517.46,0.22006,58.0234,931766.5,84.3198,2503.85,35.0,40.7619,9.797
4697.12,900.42,0.19169,45.7278,638076.44,65.0984,2735.95,13.0,42.1335,2.416
6285.37,2290.84,0.36447,65.0374,849206.25,107.058,2996.72,77.0,39.8486,16.651
8563.02,2421.42,0.28277,67.4065,1132174.0,110.772,4146.94,13.0,38.0935,10.313
7026.29,1811.12,0.25776,77.1883,936308.3,95.1253,3538.38,79.0,37.6273,2.089
10259.6,2412.85,0.23517,107.161,1449242.0,141.156,4302.18,72.0,27.4674,3.815
6762.42,2468.19,0.36498,67.196,888226.75,94.0633,3673.68,81.0,37.4096,4.26
6180.06,3109.3,0.50311,56.0514,870901.8,112.058,2375.99,53.0,41.9518,15.11
6087.11,1464.73,0.24062,69.054,850183.44,75.5463,2809.83,75.0,37.9993,8.631
10077.6,3826.87,0.37974,74.2071,1350006.6,162.568,4412.18,70.0,33.2193,17.736
7017.76,1864.25,0.26564,54.1982,980124.4,87.3787,3574.66,48.0,38.9304,3.096
6845.95,1689.63,0.2468,63.6453,959751.9,84.8868,3652.69,23.0,38.0691,2.236
12519.2,3901.11,0.31161,145.832,1757071.5,172.533,5035.99,40.0,27.8348,4.102
6436.59,1676.02,0.26038,68.0635,912935.5,76.5676,3117.88,15.0,38.7127,1.852
9073.37,3582.65,0.39485,85.6366,1253999.1,128.563,4161.72,49.0,35.6488,9.742
6704.38,1604.55,0.23932,59.2184,926599.0,84.0114,2811.83,34.0,40.0431,3.499
13742.3,2966.51,0.21586,168.184,1936766.5,205.491,4076.18,141.0,31.9797,1.443
9437.12,2359.09,0.24997,114.78,1334346.1,155.419,3830.48,17.0,34.1549,0.559
4982.24,1505.43,0.30215,55.3292,685054.6,69.3925,3050.25,10.0,40.2122,7.675
5598.61,2297.46,0.41036,49.8295,763215.06,103.209,2523.14,82.0,40.6681,11.084
8878.77,2474.83,0.27873,77.5293,1234564.5,106.97,4215.58,63.0,34.7667,2.735
11078.9,2660.97,0.24018,134.535,1543117.6,170.161,4667.05,173.0,28.7369,0.733
11782.5,4724.5,0.40097,100.798,1679064.1,167.382,4381.44,41.0,37.1823,9.937
6017.92,2060.47,0.34238,54.9355,819618.9,84.9307,3200.23,12.0,39.3607,7.745
9879.21,2688.64,0.27215,93.479,1396574.9,121.482,4304.44,89.0,34.8708,10.432
8637.0,2613.16,0.30255,92.9859,1188379.9,145.076,3259.52,8.0,36.5805,1.901
5486.34,2095.69,0.38198,49.235,766548.75,80.7626,2318.15,34.0,42.4009,1.919
4670.89,1866.32,0.39956,46.7282,686984.94,66.6405,2334.29,57.0,43.1816,11.249
7616.97,1754.39,0.23032,68.0612,1104205.2,97.6673,3026.0,14.0,38.0874,1.771
13755.9,4974.62,0.36163,103.249,1927474.1,195.66,5642.51,94.0,25.9166,19.629
9479.97,2446.59,0.25807,89.9335,1317700.4,119.474,3513.64,75.0,35.6547,9.27
15301.7,4574.65,0.29896,171.109,2180826.8,217.041,6819.86,80.0,24.3147,19.74
8926.15,2671.72,0.29931,95.6294,1253260.2,115.169,3486.7,76.0,36.5521,15.08
7843.35,2347.54,0.2993,79.68,1068615.1,121.943,3209.88,81.0,39.5926,1.352
7996.93,2536.19,0.31714,95.3199,1124109.0,113.711,3294.52,37.0,36.3794,14.333
21890.5,6443.2,0.29433,185.478,3107885.2,275.086,5778.28,204.0,27.4182,19.927
14310.0,5896.81,0.41207,184.009,1953779.5,290.482,4517.68,159.0,29.3117,20.81
12757.3,5088.17,0.39884,146.098,1856077.5,300.971,4525.94,193.0,54.7551,20.531
11941.2,3969.37,0.3324,147.284,1664515.0,170.235,5018.66,34.0,29.5817,12.247
9266.07,2209.24,0.23842,81.1977,1310078.8,114.71,3932.94,31.0,34.4263,1.965
9600.0,2249.16,0.23428,107.642,1339229.4,138.605,4245.56,56.0,33.716,1.919
6949.47,2426.41,0.34915,60.9902,968338.25,109.802,3798.8,72.0,36.1273,1.434
11448.9,2991.47,0.26128,105.358,1658187.6,159.697,3681.63,151.0,36.4656,16.433
3875.91,983.02,0.25362,32.6092,555594.9,42.5395,1137.39,39.0,44.9623,19.205
7955.28,2287.86,0.28759,88.3804,1089309.9,112.696,3209.37,84.0,38.7671,1.717
9647.76,2825.05,0.29281,105.574,1336111.8,155.453,3834.66,14.0,33.6705,1.628
9241.22,3548.14,0.38394,55.9604,1279412.8,139.675,3084.09,58.0,40.3514,12.564
10960.3,3226.16,0.29434,129.216,1508127.6,157.763,4889.07,75.0,29.4109,3.125
14832.9,4813.45,0.32451,158.081,2143482.0,213.051,5320.0,146.0,28.7304,12.068
6938.86,2013.19,0.29013,68.5086,969712.0,96.3737,3127.8,32.0,37.9407,4.42
12388.7,4497.28,0.36301,82.9818,1760798.2,168.77,5952.24,27.0,38.0789,19.922
7409.56,1465.74,0.19781,76.3992,1002359.5,116.303,3448.58,37.0,36.9922,1.652
16810.3,4595.19,0.27335,176.165,2390497.8,229.45,5906.61,217.0,21.4057,7.678
8671.95,2685.09,0.30962,65.7988,1195498.5,107.168,3329.48,72.0,39.1962,13.832
7517.56,3220.08,0.42834,68.1045,1096628.1,111.741,3263.92,25.0,38.6909,12.358
7082.17,1546.93,0.21842,61.3696,1026327.3,78.4966,2545.53,54.0,40.7363,8.955
7096.07,2021.12,0.28482,63.0138,994339.2,93.027,3575.64,31.0,38.0585,1.907
10938.6,3623.23,0.33123,102.004,1522321.0,150.814,4601.06,120.0,31.1182,16.306
4308.23,1524.14,0.35377,34.6902,610014.8,52.0488,1371.82,44.0,43.5754,19.883
6449.33,1563.26,0.24239,49.0396,910291.6,79.735,3325.86,52.0,38.9704,2.805
8336.89,3122.91,0.37458,72.8404,1189432.6,104.743,3746.65,61.0,37.6524,16.065
11045.3,3117.63,0.28225,94.4331,1530394.5,121.262,3657.34,40.0,35.505,17.795
7716.03,2864.91,0.37129,86.4228,1069527.0,111.857,3734.85,41.0,36.1947,12.506
6339.94,1951.77,0.30785,56.1016,916280.2,75.8991,2604.42,62.0,41.1924,10.879
7995.56,2082.08,0.2604,85.2375,1121171.0,113.262,3901.07,21.0,35.9498,1.478
8065.03,2824.47,0.35021,100.931,1075546.1,148.306,3371.73,72.0,37.4491,7.7
9425.76,3164.1,0.33568,66.5615,1355866.1,119.406,3225.8,64.0,37.8563,13.75
7615.53,2419.25,0.31767,69.6809,1054112.5,103.466,3203.21,12.0,38.3823,2.677
8958.16,3331.8,0.37192,74.0521,1250160.6,121.81,4581.82,29.0,37.697,15.738
6761.26,1552.72,0.22964,70.0452,891123.5,96.5422,3521.69,73.0,46.5464,1.35
9509.11,3210.77,0.33765,68.9663,1356433.9,113.845,3380.07,69.0,38.975,18.029
18681.3,6108.64,0.32699,254.523,2568174.0,292.078,5325.03,266.0,26.3298,3.624
12077.6,3163.03,0.26189,88.0056,1640206.0,173.769,4603.14,69.0,36.9382,15.602
6800.06,1770.45,0.26035,65.3409,941959.56,89.8003,3022.84,44.0,38.2367,8.369
9178.11,3337.5,0.36363,95.6747,1236737.1,131.689,3357.87,80.0,38.0875,2.521
9256.12,2895.42,0.31281,88.1765,1309075.8,126.722,3369.63,9.0,36.4801,2.582
8058.86,2272.69,0.28201,62.0893,1020792.25,110.824,3031.15,49.0,38.9317,15.164
15908.9,3507.58,0.22047,178.159,2238984.2,221.933,4954.02,85.0,26.7985,4.399
10577.8,2631.42,0.24876,124.306,1440281.5,155.408,3624.67,15.0,34.8189,2.216
9397.97,2404.24,0.25582,115.941,1254680.2,147.746,4063.15,87.0,33.0764,0.0
6099.46,1147.42,0.18811,75.791,841528.25,74.9959,3174.51,30.0,38.4348,8.044
13905.3,4373.81,0.31454,191.057,1882204.4,245.318,4576.55,36.0,28.8442,1.857
6689.33,1766.05,0.264,66.5622,950347.5,74.9835,3576.26,16.0,35.2199,8.135
9828.56,2372.88,0.24142,96.8219,1392626.1,134.939,3987.46,54.0,33.9788,16.595
6793.99,2331.86,0.34322,64.9099,881951.8,103.943,3159.39,55.0,38.7607,13.218
15330.4,5433.5,0.35442,149.822,2105333.8,253.13,7186.13,27.0,28.7355,9.779
6796.2,2176.11,0.32019,65.2706,929526.3,87.0818,3403.66,23.0,37.9253,3.406
8889.04,3031.94,0.34108,95.8907,1209949.1,144.875,4350.13,112.0,32.4892,8.634
6267.03,1916.96,0.30588,61.7862,868091.2,84.5162,4059.18,82.0,36.6678,14.481
4712.35,1325.82,0.28135,24.1207,647765.3,56.7834,1981.41,22.0,43.5077,10.694
6831.38,2028.21,0.29689,61.4277,920966.06,94.9999,3321.08,59.0,38.4546,15.056
8151.29,1555.44,0.19082,81.1551,1148996.2,101.206,3799.87,12.0,34.0327,2.553
9720.39,2825.98,0.29072,93.2551,1325154.0,131.474,3703.8,17.0,35.9061,2.134
6110.76,1799.5,0.29448,57.3327,829334.5,85.4303,3192.15,36.0,38.9996,7.193
11479.3,3053.2,0.26597,138.905,1599396.0,175.958,4707.56,172.0,28.6243,0.893
3921.64,1189.36,0.30328,35.2321,532830.75,49.1543,1388.24,32.0,44.4362,12.05
9019.63,2626.72,0.29122,97.6362,1225551.6,129.442,4024.63,32.0,46.5464,2.342
15450.5,5075.86,0.32852,214.293,2154863.0,253.287,5364.91,283.0,24.7374,1.756
9869.49,3354.94,0.33993,75.6856,1394851.4,139.107,3786.63,18.0,35.3782,13.338
15653.7,5370.22,0.34306,159.339,2248472.0,231.076,5508.93,163.0,24.1972,11.116
10090.6,2859.08,0.28334,122.153,1335771.8,157.97,4122.06,46.0,33.5357,1.636
3920.69,1121.63,0.28607,34.3601,535154.6,47.3889,1393.9,17.0,44.1867,1.491
8950.14,3497.96,0.39082,84.8507,1228027.0,119.501,3967.23,68.0,36.5327,3.056
6059.68,1652.34,0.27267,64.1218,838553.94,86.9748,2844.85,23.0,40.32,12.17
5303.44,1918.59,0.36176,49.5824,745987.94,74.0276,1940.76,15.0,42.604,8.251
9586.61,3553.54,0.37067,93.5564,1377714.0,148.54,3647.31,104.0,34.4178,12.649
8825.91,2112.16,0.23931,92.3196,1185927.5,118.243,3881.21,30.0,35.4264,4.355
13539.9,4689.9,0.34637,176.307,1875829.2,228.856,4296.93,42.0,26.6326,2.879
5720.73,1263.71,0.2209,54.8189,785967.7,80.737,2701.48,17.0,40.4096,1.182
7286.47,2228.76,0.30587,61.5953,986351.25,101.032,3810.71,44.0,37.2226,10.448
4694.14,2240.1,0.47721,36.5574,633046.9,74.4778,1571.75,28.0,44.4988,11.638
4018.64,1185.35,0.29496,34.2053,549742.7,48.6019,1403.25,17.0,44.3929,1.444
17047.8,5396.28,0.31653,210.339,2249061.8,268.747,6201.96,255.0,22.1558,2.375
8732.5,2670.47,0.3058,108.171,1192127.1,154.86,4106.71,67.0,33.3804,0.805
12507.8,3048.41,0.24372,123.675,1753256.5,171.79,4676.0,61.0,30.2539,2.488
5968.58,1052.84,0.17639,54.7993,820558.0,82.5594,2991.81,45.0,40.7465,5.029
14185.9,4391.91,0.30959,177.768,1960618.5,241.491,4341.08,37.0,30.0035,5.248
9815.26,3435.76,0.35004,86.1558,1362555.4,138.064,3952.36,13.0,36.0843,15.239
8768.76,2602.8,0.29682,93.4682,1235386.4,130.694,4059.8,116.0,34.2389,14.604
9076.39,2173.41,0.23945,102.722,1287245.8,128.094,3817.57,43.0,35.1469,2.725
5911.62,1695.08,0.28673,56.82,847358.1,73.9287,2535.84,65.0,41.7265,3.444
4306.91,676.83,0.15714,41.9821,584776.5,58.5692,2583.53,11.0,43.1628,2.413
8861.0,3405.45,0.38431,81.031,1190451.0,154.784,3505.17,44.0,35.1938,17.646
3833.0,1153.91,0.30104,35.6713,520815.7,47.6217,1397.92,32.0,44.4291,11.291
7116.77,2889.0,0.40594,82.4283,956262.06,110.404,3353.99,62.0,37.6555,14.12
23134.8,8195.85,0.35426,236.744,3236302.5,335.739,6411.82,116.0,18.3949,9.449
20440.3,5289.84,0.25879,190.105,2888146.5,251.993,5556.04,202.0,23.3222,20.956
16497.8,4519.77,0.27396,176.223,2382392.0,233.781,5038.7,225.0,26.4296,16.339
5734.14,1609.15,0.28062,49.8421,795113.0,80.7215,2343.09,65.0,40.1592,11.847
7546.19,1367.33,0.18119,57.2904,1065686.6,87.3244,2814.64,31.0,39.2171,7.412
6775.82,2026.75,0.29911,54.2573,883653.5,109.377,3837.87,22.0,39.5385,4.255
6973.04,1644.3,0.2358,62.1882,985116.4,87.0941,3625.05,27.0,37.6545,2.328
6381.05,1119.63,0.17546,57.7601,863627.3,72.3142,3008.58,32.0,39.9366,3.633
9725.82,2668.38,0.27436,83.0883,1370233.9,129.853,4695.14,38.0,32.4619,5.253
23906.7,9548.29,0.39939,184.746,3260196.0,413.146,19987.55,187.0,29.8194,8.105
6411.31,2061.5,0.32154,44.7148,831886.25,90.1626,3011.5,55.0,38.9741,3.429
13822.9,4519.71,0.32697,162.387,1914735.6,217.54,5203.29,193.0,27.0622,1.418
7815.46,1904.94,0.24373,90.7816,1096296.9,124.575,3164.23,6.0,36.9012,0.694
6601.88,2485.79,0.37652,34.5002,928429.94,97.6321,3894.31,34.0,43.5558,17.66
13996.2,4353.94,0.31108,148.193,1910840.1,221.231,5392.21,16.0,30.8073,8.418
6783.85,1667.86,0.24585,63.1864,931578.44,83.2671,3265.1,34.0,37.8818,6.177
4602.37,1672.77,0.36345,45.8621,672008.94,65.1669,2343.78,58.0,42.3843,11.167
12313.9,3680.99,0.29892,117.914,1708685.2,180.429,4847.86,117.0,30.9859,15.018
5652.28,2209.14,0.39084,52.7729,789971.44,87.6488,2464.9,104.0,40.8109,10.21
6222.65,1783.7,0.28664,67.6013,839717.8,93.2115,2864.75,99.0,38.9305,1.756
8022.69,3056.47,0.38097,90.8003,1136608.1,111.839,3652.83,32.0,36.8213,0.0
6009.03,1786.87,0.29736,40.2812,832758.25,69.1722,2125.74,32.0,43.136,12.954
9441.61,2588.62,0.27417,115.151,1325994.4,150.204,4221.09,51.0,33.7134,3.793
9137.38,2435.03,0.26649,104.763,1246588.5,154.125,4146.42,74.0,32.1566,0.663
9609.2,3788.35,0.39424,82.0673,1313443.4,141.751,4054.07,60.0,35.2514,15.608
8515.22,2930.96,0.3442,37.548,1170288.5,116.298,3925.47,40.0,36.9648,14.296
6677.5,2725.35,0.40813,39.915,904267.25,113.351,1774.55,7.0,42.4682,10.092
13359.6,3319.69,0.24848,190.323,1814607.4,212.358,4543.16,168.0,29.0665,1.805
7672.37,2063.79,0.26898,65.3548,1049986.1,111.71,3728.98,24.0,37.4116,1.593
14730.8,2689.2,0.18255,178.489,2043699.5,224.618,4731.63,31.0,28.4384,1.372
8961.15,4054.56,0.45245,65.998,1227276.8,149.472,3220.16,36.0,38.0793,15.914
8876.13,2193.06,0.24707,82.8078,1248500.0,119.84,4275.44,38.0,34.9572,2.804
9004.37,4449.48,0.49414,88.1732,1130800.6,161.947,2475.61,100.0,39.4714,17.321
4126.11,1198.39,0.29044,33.2941,562200.44,50.9517,1380.84,32.0,44.4941,11.487
9191.49,2449.6,0.2665,101.44,1272274.0,104.953,3284.15,40.0,36.4145,9.719
14161.1,4059.61,0.28667,142.306,1931444.0,208.281,4349.66,30.0,31.0343,2.105
5500.97,1849.39,0.33619,56.4862,758037.8,72.0619,3145.48,13.0,39.6442,7.017
6395.76,1265.59,0.19787,62.7605,883128.6,76.7366,3130.53,53.0,39.292,10.03
9258.24,2981.51,0.32203,76.7478,1297170.2,117.841,3729.26,34.0,35.6392,14.478
8921.76,3520.34,0.39457,77.4553,1239339.2,131.361,3300.94,96.0,35.6942,15.323
9831.5,2477.37,0.25198,108.052,1398743.9,153.309,3824.83,12.0,34.1777,0.569
12118.2,3706.84,0.30589,163.488,1671843.2,216.186,4767.04,68.0,28.3481,3.215
12152.5,2562.23,0.21083,149.894,1711372.5,169.594,4655.02,152.0,29.8953,1.801
10209.3,3160.08,0.30952,118.194,1436839.6,161.018,4254.72,50.0,33.5394,3.967
15110.7,4241.53,0.28069,192.558,2102965.8,219.947,5627.94,134.0,22.7453,0.945
9055.49,2612.27,0.28847,80.9065,1271261.4,111.042,4244.52,59.0,35.6632,2.752
12283.6,2523.84,0.20546,151.234,1670247.0,198.645,4873.21,138.0,29.7966,0.684
6810.18,1413.22,0.20751,71.5949,902017.0,89.4562,3487.33,77.0,37.7681,2.139
7144.61,2546.14,0.35637,62.181,989827.5,111.266,3161.17,18.0,39.1352,15.439
6717.02,2265.19,0.33723,41.7968,945263.3,95.3063,3126.64,52.0,41.2277,8.601
7385.7,1737.02,0.23518,80.2045,993580.6,117.388,3393.36,38.0,28.6668,1.676
11436.0,4311.49,0.37701,99.0354,1568299.2,180.188,4021.76,73.0,33.4339,16.497
10651.9,3940.94,0.36997,95.8844,1512458.0,161.445,3835.23,89.0,35.1541,16.781
7621.72,1849.56,0.24266,61.6028,1093767.4,75.5686,2685.97,20.0,39.4193,13.545
6422.07,967.34,0.15062,49.5094,894974.94,80.1737,2806.31,4.0,42.4037,10.456
9625.85,3281.74,0.34092,99.0344,1345885.9,141.334,3635.94,14.0,34.0822,2.379
6385.58,2189.76,0.34292,60.8591,824105.5,107.966,2785.18,15.0,39.5352,11.745
9445.27,3184.27,0.33712,94.0822,1338348.9,142.284,3816.43,102.0,35.1268,12.2
12888.5,3610.26,0.28011,149.154,1775595.5,221.078,4537.78,135.0,30.2236,4.654
9300.01,2241.69,0.24104,101.828,1282664.9,126.015,4292.86,52.0,33.6606,3.054
9314.33,2840.32,0.30494,103.724,1265974.1,152.677,3326.41,15.0,36.1866,2.338
7418.72,1955.32,0.26356,90.2236,1038293.75,103.374,3905.78,25.0,35.5217,1.283
6039.2,1005.27,0.16645,51.1064,839306.75,66.5637,2977.77,22.0,39.9529,2.225
19865.0,6830.8,0.34386,181.268,2749128.2,338.216,8299.13,151.0,23.451,4.822
6787.22,2246.76,0.33102,62.8983,918182.25,101.616,3121.01,21.0,40.1462,1.384
11294.7,4606.66,0.40786,97.6401,1587074.4,159.252,4315.44,29.0,31.2592,17.27
6495.71,2703.66,0.41622,70.9906,925847.8,109.54,3151.72,45.0,38.1964,13.076
8236.81,2436.26,0.29577,95.3715,1114334.6,131.38,3971.9,39.0,35.1941,4.616
23570.1,5708.46,0.24219,315.952,3250498.5,400.505,6231.52,145.0,19.8103,0.93
19160.3,5204.46,0.27162,252.594,2646975.2,307.941,5447.79,210.0,25.4881,4.142
12771.1,4182.8,0.32752,111.855,1841679.6,193.744,4429.34,27.0,34.0491,4.389
8239.18,2738.92,0.33242,67.0414,1132964.2,118.261,3248.82,63.0,37.8346,15.634
9773.31,2251.37,0.23035,65.627,1356779.4,137.459,4234.49,45.0,35.9245,12.149
4476.36,859.04,0.1919,41.8461,600156.7,49.8914,2643.01,13.0,42.6808,10.418
11679.4,2603.31,0.22289,154.519,1650030.2,169.78,4607.99,55.0,29.9713,0.915
11921.8,3711.29,0.3113,115.474,1703941.0,198.924,4391.56,49.0,31.8694,10.913
13652.8,4785.63,0.35052,160.107,1911706.6,194.064,4999.77,76.0,27.5974,5.11
5685.84,1852.23,0.32576,61.9547,747621.06,90.401,2785.93,44.0,40.4248,6.049
8311.96,3429.11,0.41255,80.4857,1179505.0,126.41,3310.95,43.0,38.0609,2.694
15542.2,5888.74,0.37888,184.857,2172724.0,263.526,4785.46,31.0,27.0572,2.009
6370.65,3577.01,0.56148,88.0587,805651.6,142.764,2025.14,107.0,41.7775,14.72
8331.14,2614.21,0.31378,75.6374,1156190.2,119.597,4001.87,73.0,35.124,14.979
10190.0,3003.97,0.29479,88.656,1437966.9,110.153,3617.13,57.0,33.4567,12.812
8400.3,2617.06,0.31154,95.4624,1191642.9,118.32,3563.79,87.0,37.3204,2.171
3924.46,1125.8,0.28686,35.4526,534484.9,48.1802,1397.53,17.0,44.328,1.495
9253.84,2652.01,0.28658,100.135,1266476.1,160.321,4149.07,72.0,33.1645,0.556
8166.66,1668.1,0.20425,65.8841,1130864.6,90.5372,3129.74,61.0,38.7772,11.543
15990.8,5559.46,0.34766,187.614,2205052.2,260.896,4583.81,33.0,25.7478,2.027
9916.42,2881.75,0.2906,113.105,1401958.4,150.529,4307.82,45.0,33.4407,3.028
12888.8,2651.77,0.20574,154.303,1772299.0,192.88,4740.68,133.0,30.0985,0.739
9038.25,3615.77,0.40005,92.3667,1275453.9,117.216,3746.7,29.0,34.2648,16.834
9310.14,2858.22,0.307,97.967,1284558.8,126.059,3419.21,21.0,35.4192,3.339
19583.4,6344.46,0.32397,255.198,2708327.2,320.044,5532.65,81.0,23.1914,3.762
4366.05,1389.91,0.31834,35.9277,606302.75,53.4468,1389.38,17.0,44.6474,1.515
15532.1,5941.33,0.38251,203.698,2078433.5,263.116,5148.21,82.0,26.1922,8.992
14798.3,3875.84,0.26191,184.759,2086277.5,210.078,5701.25,69.0,22.9791,1.126
6939.75,2307.93,0.33256,73.2802,918901.75,101.123,3092.23,39.0,38.5574,7.548
7447.86,3032.03,0.4071,67.0604,1023743.0,118.067,2790.58,88.0,39.1679,16.472
8459.92,3184.76,0.37645,86.8516,1191063.6,122.6,3364.05,52.0,36.9359,12.288
19585.2,6152.96,0.31416,244.331,2725113.2,315.291,5428.92,74.0,23.6258,3.835
4268.34,1080.62,0.25317,30.2149,595806.94,49.7492,2069.23,42.0,44.5321,5.026
6578.48,2388.93,0.36314,50.3839,905097.25,105.173,3003.27,77.0,39.2559,12.194
3905.51,1102.49,0.28229,34.2034,564398.8,48.1646,1834.36,13.0,44.5123,3.805
4839.14,1566.2,0.32365,46.7777,671776.1,64.9895,2132.52,24.0,42.9492,5.183
14008.8,4645.74,0.33163,159.18,2006206.6,217.841,5043.81,157.0,25.5094,14.271
4985.89,1270.02,0.25472,40.6759,714393.06,71.3872,2566.53,44.0,42.145,8.373
7440.55,3238.3,0.43522,74.8725,1000685.7,137.227,3445.57,58.0,36.5865,8.745
7737.88,2318.89,0.29968,83.884,1119950.0,112.912,3486.02,31.0,37.4883,4.222
12492.6,3458.19,0.27681,165.248,1724449.0,190.774,4712.36,110.0,29.131,3.642
8024.83,1675.44,0.20878,58.6073,1128476.8,89.4278,2836.46,28.0,39.3045,5.185
8419.36,1841.54,0.21872,89.2278,1149678.2,112.879,3767.46,38.0,35.1686,1.843
17118.5,5447.6,0.31822,172.851,2370073.5,274.022,105476.8,84.0,24.7878,5.801
8745.94,2728.6,0.31198,85.157,1242825.4,122.849,3469.77,7.0,35.6551,2.778
14958.5,3828.99,0.25597,191.592,2114837.8,211.148,13378.93,93.0,26.5125,3.438
7254.55,2390.03,0.32945,70.2754,973201.7,109.664,3310.17,78.0,37.4192,4.321
22171.9,6047.44,0.27275,294.009,3002970.0,318.445,6681.1,279.0,18.7901,1.521
10568.3,3402.63,0.32196,101.059,1516469.8,171.692,3548.39,120.0,36.5181,16.285
13881.1,3636.91,0.262,197.705,1819548.2,230.978,5654.22,250.0,23.7356,2.824
10021.1,4153.4,0.41446,126.917,1426351.5,251.233,3878.99,122.0,34.2396,18.515
8805.63,2257.88,0.25641,93.0614,1241436.4,111.051,4723.44,39.0,33.0433,2.205
7779.25,2742.37,0.35252,54.2002,1116923.5,116.107,4712.9,21.0,38.4315,17.486
6364.27,2673.28,0.42004,52.0459,881092.06,108.223,2848.16,82.0,39.5929,15.436
6642.38,1699.18,0.2558,59.9057,951095.7,77.4876,3716.45,45.0,36.2915,13.876
9682.23,3624.17,0.37431,90.8652,1372264.8,144.679,4065.01,98.0,33.8341,17.574
6039.59,1852.66,0.30675,48.3248,792970.25,123.228,3271.55,100.0,39.3896,12.296
6791.66,1623.85,0.23909,61.6173,922072.75,86.8418,3003.48,34.0,39.1468,6.827
18848.0,5489.57,0.29125,212.874,2587573.8,290.938,5931.58,225.0,20.4966,12.614
9428.29,2494.83,0.26461,91.6686,1331804.6,136.588,4111.25,167.0,33.7947,1.306
12622.7,4434.27,0.35129,166.69,1761870.5,213.567,4767.48,134.0,28.8592,4.639
14065.8,4798.62,0.34115,157.94,2032905.2,214.373,5699.65,80.0,24.8951,1.632
11184.3,3082.49,0.2756,143.67,1552975.6,170.396,4235.67,67.0,32.7069,2.15
10153.4,3390.35,0.33391,83.1698,1410025.6,154.45,3871.4,33.0,34.1444,3.619
14696.3,6035.47,0.41067,199.315,1940654.2,270.692,5188.22,68.0,27.0097,7.054
8358.75,2917.84,0.34907,66.9883,1182469.5,116.334,3143.28,81.0,38.8047,18.918
15716.3,5568.07,0.35428,196.154,2177645.8,238.318,4755.36,153.0,28.1714,16.529
7519.87,3312.39,0.44048,67.0072,1003934.94,124.993,3054.32,67.0,38.8287,15.43
10464.6,3998.55,0.3821,36.0911,1436914.8,145.1,3840.67,66.0,35.7313,10.186
9588.15,3163.83,0.32997,95.4283,1336812.5,139.996,3642.03,110.0,35.7814,18.653
9584.9,2485.75,0.25934,120.97,1317879.2,131.927,4176.97,121.0,32.7469,4.515
9356.16,2264.41,0.24202,107.926,1272182.8,141.039,4037.36,41.0,34.303,2.324
9561.45,2513.55,0.26288,105.472,1328463.4,159.616,4256.25,53.0,46.5464,2.652
4791.47,1185.05,0.24732,30.1417,675674.8,51.2364,2192.6,56.0,43.866,7.238
10543.8,3562.24,0.33785,128.591,1401473.4,164.286,4135.34,44.0,32.9111,2.49
9503.98,2622.46,0.27593,108.529,1279876.1,149.962,4092.86,46.0,33.6152,1.926
21857.7,9063.77,0.41467,128.928,3103321.5,334.524,9940.57,103.0,25.3313,19.943
16348.1,5800.15,0.35479,187.547,2290917.2,251.26,5549.79,150.0,25.4664,16.887
9736.23,2852.07,0.29293,96.2608,1349826.8,142.553,4218.97,39.0,34.2136,1.352
6669.75,1602.89,0.24032,56.1221,891501.6,78.9317,3260.18,33.0,38.2077,6.135
16627.2,5346.68,0.32156,212.507,2191331.5,254.87,5868.94,256.0,21.8169,2.362
12186.5,2327.04,0.19095,156.933,1644782.1,214.579,4585.35,106.0,29.8006,2.415
5376.06,2136.64,0.39743,38.9689,713078.75,90.8311,3219.87,7.0,43.3172,11.001
8564.75,2210.11,0.25804,94.7041,1135333.0,134.66,3566.83,12.0,36.9694,1.257
6169.0,1346.51,0.21827,70.3107,865414.7,72.9499,2855.21,81.0,39.2483,9.308
10492.8,2848.88,0.2715,107.385,1493612.6,155.88,4028.99,45.0,32.7095,1.694
10515.9,3261.04,0.3101,82.0724,1481725.0,153.221,4516.43,79.0,32.4043,4.066
9061.23,3590.68,0.39626,68.4418,1254086.9,151.759,3917.79,58.0,35.9084,12.817
10445.6,3234.08,0.30961,98.098,1432671.0,113.469,6638.47,16.0,31.1983,20.976
14316.9,4376.92,0.30571,167.586,2031996.8,229.456,4951.64,206.0,23.0574,10.783
6422.56,1518.75,0.23647,67.0707,847343.1,97.1268,3425.45,79.0,37.9487,1.372
12415.9,3332.18,0.26838,153.329,1656494.1,176.947,4599.95,76.0,31.2322,3.652
12759.8,4706.53,0.36885,152.37,1784473.1,177.944,5130.96,41.0,27.5807,4.208
16604.0,5039.02,0.30348,179.563,2381081.8,242.076,5508.31,217.0,26.2582,19.912
9595.05,3321.42,0.34615,118.677,1356062.9,158.776,4182.35,81.0,33.3971,4.146
3851.33,1187.23,0.30826,33.8875,527549.56,49.2438,1375.29,32.0,44.4284,11.863
14731.8,5253.41,0.3566,147.152,2064042.1,226.344,5615.23,179.0,24.4896,19.35
18948.6,5827.01,0.30751,208.604,2612983.8,296.095,6057.09,243.0,21.7473,9.809
16608.7,4512.77,0.27171,225.234,2358092.2,284.188,5557.87,102.0,22.1053,2.822
11519.7,3678.09,0.31928,68.379,1544162.0,179.792,9268.27,56.0,33.2087,19.179
6317.14,1067.18,0.16893,57.8948,873638.7,93.3985,3112.23,56.0,39.7031,14.306
16557.3,5637.38,0.34047,114.472,2345532.2,232.551,5012.25,119.0,31.7141,18.43
6750.06,1746.12,0.25868,57.8976,933380.56,76.3798,3247.93,36.0,38.67,14.867
10123.8,3058.85,0.30214,109.69,1371028.0,122.333,4784.79,35.0,31.3566,14.106
22537.9,7215.15,0.32013,306.848,3132518.5,403.877,6480.91,111.0,16.5798,5.507
8994.45,4122.35,0.45832,64.3333,1249979.8,132.107,2698.77,102.0,38.6913,16.922
14926.7,5516.11,0.36954,172.046,2032471.6,256.681,4572.34,99.0,28.6905,10.524
6671.49,1770.56,0.26539,63.1896,901727.4,86.7357,3237.04,46.0,38.8753,11.71
9496.66,2742.72,0.2888,91.791,1318652.2,137.867,3819.66,30.0,35.5709,4.2
6969.47,2337.09,0.33533,63.0394,910465.94,112.582,2744.42,25.0,38.6689,3.322
6343.78,1971.19,0.31072,51.8143,863615.2,100.675,3068.45,16.0,39.6375,13.032
4147.33,714.4,0.17225,40.3865,546221.6,59.7347,2536.29,13.0,46.5464,2.049
11954.0,3004.87,0.25136,150.701,1711410.9,161.555,4690.7,26.0,29.0693,1.508
8387.19,2278.04,0.2716,91.7564,1178104.0,109.957,4083.76,125.0,34.6103,4.951
9646.16,2846.96,0.29513,98.6159,1378845.5,126.224,4130.44,108.0,34.3101,4.066
4286.59,805.61,0.18793,37.5385,575521.9,58.757,2609.66,12.0,43.6627,9.319
6671.11,2327.5,0.34889,81.414,910036.7,100.356,3766.48,32.0,36.2309,2.325
8597.87,3189.9,0.37101,93.7021,1214021.1,135.743,3699.98,34.0,35.4027,4.292
14495.9,4306.26,0.29706,195.027,1934590.2,239.642,5111.18,190.0,26.1452,2.745
16658.3,5105.13,0.30646,251.503,2296920.8,341.915,5874.24,268.0,17.2115,6.3
7635.15,2302.06,0.3015,58.7513,1001220.7,98.0939,3151.38,49.0,38.2327,5.804
6221.82,1731.28,0.27825,51.8212,857937.94,82.4207,2953.93,35.0,39.7314,11.825
14551.7,3630.48,0.24948,134.918,1998883.1,201.337,4673.92,156.0,29.4073,16.679
9663.0,3120.19,0.3229,97.8838,1349208.2,146.993,4256.77,36.0,34.1099,1.46
6274.64,1670.88,0.26629,60.3464,847948.6,85.6708,3352.52,35.0,38.4294,7.586
8866.97,2336.89,0.26355,110.378,1244863.8,157.384,3727.41,16.0,46.5464,2.317
10436.8,2965.38,0.28412,113.504,1482518.8,161.235,4209.69,43.0,32.8403,3.312
9141.85,2873.83,0.31435,88.7262,1290398.9,135.224,3828.98,3.0,35.2357,2.203
8525.2,2545.21,0.29855,95.7719,1201045.4,121.462,3576.88,90.0,36.8005,2.309
7813.83,2629.13,0.33647,70.2958,1067249.2,110.695,3569.84,92.0,35.665,16.184
8889.76,2103.87,0.23666,76.6573,1212760.9,110.199,3641.74,23.0,37.0731,12.697
6658.08,2181.55,0.32765,57.4644,919995.2,92.2751,3674.62,73.0,36.9916,1.534
7805.43,1986.66,0.25452,69.7021,1133849.8,87.255,2868.9,54.0,39.6469,12.613
7939.84,2234.18,0.28138,83.9832,1081784.4,117.774,3211.61,82.0,38.7498,1.671
16051.9,5226.27,0.32558,116.357,2261858.0,228.116,8206.13,98.0,30.3836,3.365
5326.22,1829.84,0.34355,45.765,756114.44,76.3746,2645.96,41.0,42.4556,7.314
5260.87,1478.59,0.28105,52.5618,713999.8,75.1129,2293.71,48.0,41.6327,14.195
8201.73,2865.04,0.34932,70.4354,1161722.4,107.544,3339.72,64.0,37.238,17.079
5494.41,1314.89,0.23931,51.2513,767874.2,74.6003,2309.62,73.0,41.7395,15.125
13586.5,3820.97,0.28123,110.815,1960289.9,186.551,3698.07,123.0,36.0388,19.532
22926.8,7106.74,0.30997,203.11,3198361.0,286.993,6535.2,103.0,19.0773,20.984
10559.6,2363.09,0.22378,132.258,1427889.9,150.199,3713.27,19.0,34.3952,2.567
11948.3,4926.71,0.41233,83.1507,1704924.0,177.885,3864.21,20.0,34.8705,16.511
8194.9,2426.34,0.29607,92.236,1112116.4,119.879,3232.39,81.0,38.6481,1.727
14247.9,4063.92,0.28522,152.694,1942685.5,192.032,4636.74,23.0,31.5884,18.292
20090.8,7226.36,0.35968,156.268,2882111.5,321.346,10032.69,68.0,29.7925,4.791
8842.55,2603.56,0.29443,92.9403,1223636.6,126.816,3375.73,13.0,37.3184,2.042
8417.63,1777.29,0.21113,86.2654,1191189.8,105.69,4673.98,55.0,33.1941,2.804
14625.9,5395.34,0.36888,197.004,2110681.0,278.814,4994.85,86.0,25.3534,4.106
8222.41,2940.33,0.35759,60.6399,1139027.5,123.664,3488.58,55.0,38.6016,16.273
12903.7,4194.08,0.32502,90.8306,1808330.5,177.939,9492.18,51.0,29.1512,18.096
8684.27,3761.27,0.43311,77.408,1180459.4,130.358,3315.77,38.0,38.4474,12.498
8641.83,3137.62,0.36307,82.7543,1130613.5,147.351,3391.57,107.0,38.8799,15.038
6265.37,2785.08,0.44451,47.9195,861454.44,97.6444,2597.97,37.0,39.9947,13.251
12353.1,4009.14,0.32454,174.72,1726427.2,204.621,4716.54,112.0,29.1231,2.272
19416.4,4901.5,0.25244,177.064,2760299.2,242.936,6348.27,246.0,21.7103,14.642
9833.07,2874.47,0.29232,92.2944,1395230.6,143.446,3985.82,4.0,34.8337,2.215
10434.7,3743.42,0.35874,117.768,1505711.1,184.985,4257.1,92.0,31.0604,20.042
4034.05,1112.79,0.27584,36.3528,577247.44,48.0043,1810.52,11.0,44.2632,2.137
4279.97,864.01,0.20187,39.1241,564642.6,60.0667,2565.21,9.0,43.4482,2.198
5837.27,2413.22,0.41341,53.6939,810542.4,96.0025,2508.14,58.0,40.6652,14.958
8915.06,3160.41,0.3545,86.8765,1190566.2,149.831,2977.05,81.0,39.8031,14.235
10910.6,4622.3,0.42365,64.4583,1555177.4,163.272,5087.8,66.0,31.5535,17.232
9358.69,3422.1,0.36566,96.8691,1315714.8,134.002,3273.74,30.0,36.6979,17.102
7556.87,2894.88,0.38307,78.2656,1042446.56,122.474,3565.07,62.0,36.9575,12.686
9393.95,2600.24,0.27679,107.841,1357674.5,141.751,4056.7,50.0,33.1326,4.26
8762.68,3092.21,0.35288,66.1319,1297419.0,126.017,3185.42,87.0,38.2575,14.786
7151.99,1984.81,0.27751,73.7283,962886.4,96.9154,3350.01,84.0,37.0249,2.917
8896.93,2727.19,0.30653,97.5338,1221935.9,142.719,3278.01,11.0,36.5369,1.554
7991.94,3858.42,0.48278,87.0681,986509.5,150.876,2382.34,111.0,40.2913,5.751
5800.95,1546.69,0.26662,47.2794,816807.06,71.9864,2913.9,13.0,40.8108,2.299
5827.04,1233.09,0.21161,67.9842,802244.5,80.5566,2804.75,64.0,39.5805,8.749
14726.2,4472.18,0.30368,181.828,2052891.4,247.989,4447.67,38.0,30.2755,5.826
17086.8,5508.19,0.32236,193.176,2303398.5,273.431,5670.52,208.0,24.2563,2.454
5783.28,2144.76,0.37085,57.1671,796312.75,83.4598,3252.79,17.0,39.4532,0.0
4544.31,1361.11,0.29951,46.1546,637024.25,61.779,1973.03,22.0,43.8909,2.195
11814.7,3719.49,0.31481,107.725,1700381.2,143.603,4855.4,40.0,30.8844,18.062
6236.35,2473.85,0.39668,56.0522,822555.7,103.846,2810.74,49.0,40.2534,17.334
8050.81,1987.51,0.24687,76.1961,1070037.2,93.0266,3568.71,92.0,37.4788,11.432
4847.82,1087.45,0.22431,47.1201,610458.2,62.0308,2180.05,22.0,42.9149,2.258
11635.0,3710.04,0.31886,103.34,1630012.2,154.345,3971.53,150.0,33.6085,18.503
8345.31,2659.49,0.31868,93.1374,1173051.5,124.283,3537.31,92.0,36.975,2.315
5447.22,1411.99,0.25921,64.3815,676741.8,87.7165,3052.76,24.0,39.4416,2.788
12979.7,4338.42,0.33424,147.09,1871403.5,221.184,4496.0,45.0,29.3815,3.93
8013.59,2349.56,0.29319,97.7138,1058242.9,130.168,3883.34,45.0,35.5406,4.57
15180.3,5308.13,0.34967,128.977,2176945.5,203.101,5242.46,63.0,28.3115,18.054
6665.06,2145.7,0.32193,64.2377,901716.3,95.5321,3120.86,20.0,40.2729,1.585
6837.56,1963.81,0.2872,73.7744,963835.8,90.9833,3306.36,39.0,37.4789,12.947
18632.5,6781.76,0.36397,186.015,2636628.2,282.759,5839.2,149.0,21.9658,2.916
8717.27,3211.53,0.36841,73.4235,1241849.8,104.727,3699.65,59.0,37.2834,16.339
20034.1,7144.88,0.35663,230.737,2753999.2,315.288,5669.58,173.0,21.9798,4.833
5893.32,1859.5,0.31552,53.348,784031.44,102.321,3398.4,27.0,39.1923,15.196
7312.93,2272.44,0.31074,68.2661,986764.1,103.748,3959.89,71.0,35.6555,3.707
14313.8,4864.14,0.33982,91.8533,1972511.8,192.799,5070.02,149.0,28.5373,4.428
13191.6,3368.37,0.25534,163.314,1854391.1,181.238,4605.83,54.0,29.9098,1.107
17642.8,7432.89,0.42129,192.171,2412479.2,300.09,6009.53,174.0,26.6939,17.107
6861.93,2298.88,0.33501,60.2969,954529.1,100.755,3861.24,72.0,36.0601,1.245
15826.3,4497.86,0.2842,216.959,2192977.2,271.204,5776.61,82.0,22.4303,1.915
9045.15,1963.67,0.21709,97.48,1256923.4,139.997,3659.57,26.0,33.8779,1.306
5878.84,1489.5,0.25336,66.2115,809758.1,73.7407,2875.67,71.0,36.2181,6.819
11047.8,4542.75,0.41119,96.115,1510559.4,162.164,4551.18,64.0,33.0737,16.959
9560.99,2478.68,0.25924,100.369,1331984.5,129.604,4006.43,20.0,34.6248,2.852
4606.54,1749.71,0.37983,38.0677,633338.3,64.0686,1963.87,68.0,43.691,12.644
12110.7,4206.32,0.34732,154.939,1690484.2,227.487,4719.94,106.0,28.9076,4.284
14463.4,5484.27,0.37918,134.221,2035455.1,195.657,6009.88,129.0,23.2409,17.346
7542.06,2344.74,0.31088,79.6724,1004934.8,104.43,3086.13,81.0,39.1724,8.187
11116.0,4318.85,0.38852,96.6446,1548307.5,164.188,4115.46,96.0,33.2305,17.453
7578.55,2191.98,0.28923,69.3207,1032718.4,106.605,3371.11,76.0,37.1011,3.574
12496.0,4260.1,0.34091,137.079,1790276.6,179.905,4517.38,48.0,29.9648,4.485
5894.89,1630.18,0.27654,47.0977,809952.25,83.6114,3286.45,35.0,39.3017,14.141
6640.33,1165.16,0.17546,50.2539,898015.1,88.787,3028.98,41.0,39.2169,10.481
10593.6,3196.4,0.30172,101.93,1451923.2,134.09,4381.45,91.0,33.327,20.456
14971.0,3216.18,0.21482,187.228,2106914.8,197.609,4083.57,140.0,31.9371,1.932
6967.72,2423.76,0.34785,61.0376,967344.94,97.0303,3627.51,63.0,35.6998,2.755
11091.6,3487.83,0.31445,131.026,1572178.4,170.859,4364.37,52.0,31.3349,4.137
7587.83,2284.05,0.30101,92.399,1022369.2,118.984,3218.97,81.0,38.7581,1.909
9688.73,2767.12,0.2856,95.3496,1353951.2,137.997,3894.4,24.0,35.151,3.682
14099.1,5458.3,0.38713,188.081,1928663.8,265.664,4926.37,176.0,27.6565,18.703
6129.72,2643.08,0.43119,69.5792,859509.44,102.281,3065.6,70.0,39.4609,15.163
9944.72,3611.24,0.36313,98.6744,1397974.1,125.286,3520.5,47.0,35.5574,14.413
11350.0,2929.42,0.25809,141.373,1607444.1,165.012,4153.8,129.0,32.2758,2.92
6338.32,1913.52,0.30189,63.0379,881457.7,80.0306,3767.42,76.0,38.0395,4.337
13872.4,4274.09,0.3081,137.933,1949260.5,185.653,4315.38,36.0,31.3078,3.37
4809.57,899.75,0.18707,45.7047,691578.8,57.3519,2189.39,80.0,42.7689,0.691
8938.51,2258.41,0.25266,75.2732,1263224.2,104.669,4148.17,25.0,33.875,5.862
5733.31,2137.78,0.37287,56.0254,773624.5,89.6894,2954.23,12.0,40.5415,9.943
5375.93,1279.69,0.23804,46.1075,757831.56,70.1465,2607.76,5.0,41.5908,6.439
8144.85,2551.47,0.31326,55.098,1166895.9,100.283,3975.11,14.0,37.1094,13.479
16879.4,5547.05,0.32862,195.993,2344636.2,215.947,5115.54,129.0,27.36,19.637
8066.74,2976.99,0.36904,64.6774,1144765.6,111.824,4144.21,69.0,37.6988,13.503
10205.4,4097.63,0.40151,86.1088,1473065.8,158.84,4394.6,55.0,34.9765,5.179
8231.34,3092.22,0.37566,73.6539,1174594.6,107.546,3434.45,31.0,37.341,16.817
15137.4,4411.82,0.29145,167.553,2220641.5,244.478,4905.26,186.0,27.3793,17.923
5608.5,1636.49,0.29178,47.9048,784788.0,74.8498,3120.16,17.0,41.9237,2.13
7259.78,1221.69,0.16828,68.9029,958962.5,88.6469,3303.02,42.0,34.5923,8.117
9124.11,2646.67,0.29007,94.9164,1266784.5,122.102,3825.32,23.0,35.5327,4.125
10345.6,3206.81,0.30996,96.9936,1490318.1,151.233,4224.02,153.0,32.8673,18.048
21067.2,7130.93,0.33848,279.176,2823857.5,393.575,6369.94,306.0,19.2191,19.355
10750.2,3387.18,0.31508,131.481,1471815.8,147.407,4957.08,72.0,29.2902,3.201
8130.72,2925.4,0.35979,67.9638,1120418.2,131.598,3404.78,83.0,37.3478,12.539
12620.0,4726.44,0.37451,134.898,1734560.6,198.563,5119.49,103.0,27.8317,17.06
14412.9,3544.92,0.24595,181.106,2027074.0,202.762,4072.8,136.0,32.0174,1.523
9205.05,3034.96,0.3297,88.4359,1232316.4,138.142,3660.12,51.0,35.9042,1.239
7257.58,2305.37,0.31764,62.8529,997250.3,107.677,3373.23,43.0,37.4134,9.857
15260.2,3324.56,0.21785,174.457,2157571.0,232.04,4868.84,87.0,27.4257,3.551
10231.8,2196.85,0.2147,91.2607,1413447.0,119.471,3934.52,120.0,33.5894,8.899
8007.78,3165.47,0.39529,75.2841,1103215.4,125.224,3083.78,43.0,38.7153,14.058
7908.97,2606.32,0.32953,90.4046,1062306.4,133.503,3961.96,44.0,35.521,5.661
10056.4,3809.42,0.3788,88.751,1407667.6,140.61,3634.93,72.0,34.6476,14.342
10439.0,3226.64,0.30909,99.459,1439546.6,132.085,3881.14,13.0,34.4891,2.861
7399.41,1472.92,0.19905,77.5084,1003050.56,116.343,3447.09,44.0,36.7545,1.527
14935.8,4802.01,0.32151,165.543,2060166.6,229.583,5255.88,180.0,27.2466,1.925
11213.8,3406.43,0.30377,108.197,1643257.1,147.741,4473.74,99.0,32.1508,20.039
6357.91,1688.73,0.26561,52.5004,882657.94,75.7706,3351.58,56.0,38.2405,2.284
8914.8,3216.86,0.36084,70.1676,1235331.9,122.669,3501.28,51.0,37.0324,13.582
12993.8,4373.09,0.33655,129.385,1864475.4,161.064,4996.02,149.0,25.0219,15.903
2392.05,660.26,0.27602,42.4746,319490.22,32.9397,1788.09,46.0,46.1914,9.491
9900.25,2190.71,0.22127,103.66,1411226.5,133.252,4285.03,45.0,32.2097,0.919
5253.91,1917.23,0.36491,36.6466,728099.5,72.3719,2516.59,8.0,43.4537,18.294
11612.6,2237.25,0.19265,150.074,1636339.0,173.232,4656.07,142.0,29.7052,2.054
6881.28,2513.47,0.36526,68.1291,945492.25,109.015,3367.62,44.0,38.2535,6.583
8036.79,2106.43,0.26209,60.4182,1130980.0,85.9811,3385.78,47.0,37.4173,13.944
9263.89,2824.53,0.30489,101.686,1265566.9,129.524,3437.06,16.0,37.0209,2.451
8861.36,2357.91,0.26608,85.5875,1206161.1,118.23,3725.42,30.0,35.3986,2.145
5130.23,1781.17,0.34719,41.7532,741255.25,74.358,2672.3,42.0,41.4626,10.857
7094.17,1694.38,0.23884,71.2658,943029.4,101.436,3560.52,69.0,37.302,1.824
6304.41,2248.83,0.3567,64.8429,833956.0,94.7126,3647.09,47.0,38.3735,9.595
6608.25,2334.14,0.35321,76.2705,896717.94,95.8155,3200.13,60.0,38.4385,1.881
6085.9,2134.55,0.35073,37.6606,834193.5,87.8427,2452.05,12.0,41.4985,12.843
22900.5,5382.94,0.23505,324.145,3154646.8,406.115,6217.65,160.0,19.8423,0.998
8805.21,2806.67,0.31875,74.2345,1232189.2,125.749,3646.21,17.0,36.2364,13.137
9402.3,2195.17,0.23347,107.322,1314173.0,133.258,4220.35,57.0,34.0751,1.965
3990.82,1216.9,0.30492,34.0579,545038.06,51.7429,1388.9,32.0,44.4531,11.312
6142.8,2005.53,0.32648,71.1537,852153.75,91.3223,3042.4,38.0,40.206,1.739
8090.02,2316.91,0.28639,81.4551,1138643.9,112.644,3872.24,42.0,35.5545,3.947
9441.29,3694.61,0.39132,88.4813,1307010.1,153.955,4168.89,86.0,33.8336,14.902
8324.02,1967.89,0.23641,87.0884,1175245.5,127.535,3863.65,159.0,34.0491,1.311
6474.51,2251.08,0.34768,63.3417,895386.4,87.5783,3196.31,33.0,38.9398,5.877
18446.5,6313.24,0.34224,171.753,2637264.0,320.38,7448.83,111.0,22.4116,9.576
15764.7,5956.89,0.37786,188.604,2219547.8,281.015,5324.74,148.0,21.8862,20.365
9265.28,2406.98,0.25978,113.604,1254708.9,132.712,4059.58,51.0,34.1261,2.8
8433.18,2227.99,0.26419,97.3052,1161011.6,90.7316,3929.34,35.0,37.0146,20.629
12408.3,2969.9,0.23934,163.43,1689380.9,214.106,4789.42,106.0,28.2684,2.04
8937.04,2940.01,0.32896,81.9466,1218295.0,113.45,3478.69,110.0,35.3637,6.862
17504.7,4902.3,0.28005,219.864,2438581.5,285.045,5743.33,200.0,21.8699,1.937
7904.31,1984.2,0.25102,99.2415,1071992.1,111.564,3352.33,114.0,36.4427,1.461
5724.09,1533.92,0.26797,45.3943,830723.0,64.2779,2522.18,22.0,41.607,2.707
6999.97,2185.46,0.3122,64.1166,976689.5,96.0462,3067.17,56.0,39.8862,1.545
10805.2,4979.13,0.4608,97.2922,1511303.4,186.224,3957.07,45.0,33.2082,18.414
5761.34,1489.55,0.25854,68.2507,724435.6,85.4152,3102.27,23.0,39.4046,2.318
11642.5,3141.73,0.26985,152.679,1563218.8,182.299,4434.25,62.0,31.1244,2.934
8520.5,2567.45,0.30132,93.043,1207388.8,118.855,3617.47,88.0,36.9077,2.185
8512.1,2091.17,0.24567,99.6077,1182935.6,121.381,3235.76,4.0,36.9183,0.584
17380.1,4601.85,0.26477,173.21,2409068.2,222.797,5710.86,200.0,28.382,18.614
3843.64,1211.74,0.31525,35.8703,527755.3,51.0716,1347.85,29.0,44.5642,11.598
5944.3,1184.33,0.19923,55.6013,823011.0,77.3859,2697.59,17.0,40.4997,1.173
4625.34,1359.3,0.29388,46.0792,587537.2,72.6592,2035.18,23.0,42.9515,2.006
11463.9,3727.28,0.32513,89.0081,1629676.4,143.939,4666.19,111.0,31.624,15.636
7167.05,2156.34,0.30086,72.8544,1008436.7,88.6172,3630.09,41.0,37.9658,3.189
5003.2,1884.48,0.37665,47.3077,682329.9,71.8553,2282.06,35.0,42.8078,10.918
7550.82,1982.76,0.26258,86.1373,1051756.8,106.483,3078.85,22.0,36.0527,1.051
7276.77,2099.6,0.28853,70.2091,1012410.3,100.615,2920.79,16.0,39.3774,12.955
8268.66,2169.53,0.26237,101.003,1150342.0,135.154,3481.76,22.0,32.9427,2.356
5968.27,1679.4,0.28138,64.4213,820149.0,75.3152,3682.3,70.0,38.4447,13.423
8067.92,2127.67,0.26371,77.0262,1077309.6,124.287,3351.86,58.0,39.29,14.071
16781.3,4331.27,0.2581,179.602,2356421.0,217.574,5710.42,75.0,23.3308,17.923
11201.0,4441.79,0.39655,91.827,1533058.8,147.466,4641.98,41.0,37.3931,19.323
8933.44,2240.34,0.25078,93.6575,1243272.0,128.529,3285.11,4.0,36.639,0.578
11124.1,3655.44,0.3286,92.793,1579672.9,146.753,4953.02,114.0,30.7771,13.887
8507.0,2578.09,0.30305,95.7775,1165224.8,145.279,3258.87,8.0,36.5875,1.952
6978.86,1782.19,0.25536,76.042,1010882.4,100.801,4257.3,30.0,36.0446,3.185
5475.99,2222.52,0.40586,54.8868,758425.06,91.2384,2653.85,39.0,41.07,4.039
5867.4,1215.83,0.20721,55.3628,799928.9,79.6743,2739.63,19.0,40.5485,0.993
9223.98,2250.16,0.24394,105.349,1292890.9,149.253,3892.01,36.0,33.3526,2.085
11974.3,4775.34,0.39879,123.354,1682736.8,188.845,4619.33,143.0,28.0276,20.95
5915.43,1853.74,0.31337,45.5202,820912.5,94.9664,2999.98,33.0,40.809,11.889
10984.9,2665.08,0.24261,128.471,1488624.0,154.596,3686.64,16.0,34.564,2.23
16358.8,5182.94,0.31682,187.882,2258800.0,277.694,5407.92,97.0,24.9507,8.123
7664.44,2306.42,0.30092,71.3602,1031160.25,105.388,3121.41,117.0,37.6126,2.234
4276.13,1194.27,0.27928,51.9311,594042.5,53.7526,2090.83,20.0,43.3222,10.339
13263.5,3861.77,0.29115,155.483,1817429.1,189.838,4918.44,120.0,28.6845,11.907
16063.9,5740.04,0.35732,182.138,2243921.2,264.06,4683.29,34.0,27.0468,1.577
7098.49,1775.14,0.25007,74.9031,1031737.7,93.0267,2985.27,17.0,38.336,1.871
5480.29,1296.71,0.23661,46.0964,740286.7,77.3452,2657.44,39.0,40.8391,4.521
14742.9,4299.58,0.29163,186.478,2050208.4,226.267,5634.62,137.0,22.8157,0.821
24052.4,7400.67,0.30768,172.665,3414001.2,348.836,12217.87,196.0,24.1632,7.6
14224.0,2956.9,0.20788,177.044,1991293.8,217.942,4831.84,79.0,27.6683,2.594
19404.1,5860.23,0.302,252.915,2610601.2,310.918,5816.81,336.0,20.9903,2.514
7809.95,2980.44,0.38162,79.2832,1088670.0,112.103,3727.33,42.0,36.7781,12.819
15412.3,4907.74,0.31843,233.176,2109687.2,262.289,5383.41,131.0,24.1897,2.188
5469.77,1397.17,0.25543,46.9595,762399.06,56.5748,1961.13,16.0,43.3947,4.746
7920.99,2167.35,0.27362,82.8549,1068325.2,108.661,3051.38,79.0,38.7809,5.562
6628.49,2109.08,0.31818,64.8176,937702.56,96.0569,3514.66,44.0,37.5195,17.281
6436.22,1986.06,0.30857,56.9692,892835.5,94.7281,3726.56,68.0,36.8311,1.354
14617.3,2705.8,0.1851,171.741,2037933.9,228.166,4848.47,85.0,27.6406,3.122
12998.8,4047.33,0.31136,166.123,1765120.6,216.486,4772.83,115.0,28.7337,4.612
9081.51,2284.66,0.25157,92.3905,1288529.5,132.551,3620.56,121.0,36.0018,2.378
13952.9,4817.65,0.34527,154.856,1957629.6,197.653,5475.63,46.0,27.9557,3.172
13344.9,5099.81,0.38215,125.578,1938703.4,195.507,4789.02,126.0,29.349,7.715
8743.43,1860.47,0.21278,77.1202,1256729.6,105.104,3772.83,19.0,34.98,1.674
4823.4,1555.81,0.32255,49.2139,634365.6,77.9254,1944.15,20.0,43.4487,9.888
18341.5,5054.17,0.27555,246.161,2525941.0,308.767,5268.13,207.0,25.2829,4.28
14365.3,4651.83,0.32382,171.433,2000286.1,250.246,5362.47,164.0,23.9409,1.415
7028.39,1851.72,0.26346,67.2002,961198.8,104.699,3613.89,22.0,37.4325,1.605
19331.1,5431.0,0.28094,299.301,2614612.0,307.071,6563.09,285.0,18.6772,1.543
12057.9,3218.45,0.26691,149.423,1725340.8,175.338,4696.08,26.0,29.1611,1.597
13529.8,4129.37,0.3052,141.568,1915920.0,175.389,4501.13,53.0,32.4872,14.73
4195.05,751.4,0.17911,39.6187,555175.75,59.9775,2561.02,11.0,43.4718,2.109
7608.24,3177.5,0.41763,66.8042,1004887.75,119.128,3405.67,96.0,40.3035,17.105
6343.78,1971.19,0.31072,51.8143,863615.2,100.675,3068.45,16.0,39.6375,13.032
12386.2,5763.16,0.46528,100.663,1613330.5,211.119,4174.37,77.0,34.0413,14.924
10233.8,2312.23,0.22594,150.774,1429399.8,179.115,4544.51,55.0,30.3731,0.862
5707.38,2061.04,0.36111,58.4852,759678.94,97.3916,2656.6,38.0,41.1127,5.464
8942.72,2745.78,0.30704,59.1771,1280775.2,100.561,4750.94,86.0,36.7413,20.231
18672.2,6193.64,0.3317,239.04,2552546.8,324.361,5546.42,96.0,23.3424,3.807
4203.22,1321.04,0.31429,35.3114,569082.94,53.1297,1429.01,25.0,44.2689,8.025
10072.5,4342.8,0.43115,132.142,1370769.9,204.344,4392.84,176.0,30.2445,3.651
12329.2,3751.01,0.30423,134.486,1725807.1,164.988,4899.68,76.0,28.7153,12.543
11515.1,2677.75,0.23254,152.878,1589705.8,185.296,4189.5,65.0,31.695,2.251
9007.33,2168.88,0.24079,89.8921,1224284.1,83.8679,3843.55,26.0,34.3674,17.077
6143.83,1574.51,0.25627,65.1444,856171.7,108.703,2789.53,83.0,41.7136,12.466
7353.75,2471.99,0.33615,50.5474,1047081.8,107.537,2965.32,68.0,39.5696,12.684
9663.52,3203.53,0.3315,88.4683,1294126.8,138.328,4585.76,96.0,31.7779,3.342
4753.18,1778.38,0.37414,30.5316,670215.2,67.4173,2103.99,39.0,43.8578,9.874
5811.82,1053.23,0.18122,52.5591,799977.1,65.2332,3034.98,24.0,39.7659,4.07
8643.11,2877.3,0.3329,98.7253,1216709.9,128.228,3489.62,94.0,36.5788,11.563
11931.2,3079.55,0.2581,131.446,1650146.6,166.682,4477.66,87.0,31.5748,1.783
5229.79,991.22,0.18953,48.0477,730893.9,62.533,2603.83,3.0,41.1855,4.189
4726.64,1479.61,0.31303,46.3867,652546.06,60.492,1945.21,17.0,43.689,8.674
9492.64,2313.09,0.24367,130.904,1306771.9,158.31,4605.86,69.0,30.1736,1.65
9686.93,2884.07,0.29772,92.7195,1380059.9,128.591,4181.24,88.0,33.1551,7.254
9133.52,2546.6,0.27881,113.303,1247824.2,156.123,4151.45,75.0,29.0135,16.047
9455.99,4298.09,0.45453,95.329,1349521.6,152.362,3980.33,40.0,35.3305,13.727
6401.34,1541.57,0.24081,75.6127,855995.2,92.3182,3455.63,81.0,37.3925,1.508
4756.98,1302.89,0.27389,43.0003,660610.44,56.3563,1825.3,14.0,43.8993,6.981
5101.67,1442.43,0.28273,46.9988,705452.7,59.8838,1956.83,18.0,43.7995,1.895
7166.59,2004.67,0.27972,73.6682,961963.44,100.387,3488.98,79.0,37.8936,2.317
4720.5,1633.14,0.34596,43.6778,643230.25,59.8563,1940.86,36.0,43.8831,4.68
9022.08,2416.42,0.26783,60.3034,1233313.8,131.276,3924.04,21.0,35.5295,4.355
6360.96,1419.4,0.22314,62.9612,879758.7,79.693,3563.32,77.0,39.6833,3.876
7954.43,2858.74,0.35938,79.3321,1126747.0,133.456,3297.15,109.0,37.9106,14.589
8210.8,2285.81,0.27839,97.9184,1116884.9,119.21,3272.3,114.0,37.5476,1.579
7067.99,2546.51,0.36028,63.6358,957607.5,97.0056,3216.16,45.0,38.3303,6.567
6867.41,2953.09,0.43001,61.1242,981409.5,92.0858,2448.55,66.0,40.2798,9.514
9228.49,2912.83,0.31563,85.4307,1291535.2,139.253,3919.22,3.0,34.9569,2.72
13569.3,4528.53,0.33373,164.149,1866377.6,196.023,4872.49,75.0,28.5128,3.292
8880.42,3981.32,0.44832,79.9673,1218555.9,145.041,3862.6,80.0,34.7221,19.548
11015.5,4141.61,0.37598,85.8017,1489113.4,155.2,4708.96,35.0,32.6207,16.135
9325.98,3408.71,0.3655,61.6804,1318387.5,129.628,3297.94,44.0,39.5032,16.516
8533.74,1839.63,0.21557,76.494,1225807.4,109.338,4083.72,105.0,34.7815,1.092
6666.05,1686.88,0.25305,65.9476,939714.2,82.0352,3281.68,24.0,38.3151,5.16
14740.4,4684.49,0.31779,210.806,1937681.6,243.716,5829.52,255.0,22.7774,2.675
8735.06,3420.9,0.39162,60.0585,1173557.4,130.741,4052.79,73.0,35.5803,17.023
15702.7,5632.95,0.35872,172.308,2235265.0,248.972,5465.62,64.0,25.9201,19.656
8622.48,2265.13,0.2627,66.0413,1245706.1,90.0043,2818.57,41.0,38.9985,13.555
12236.8,3424.42,0.27984,142.945,1692763.0,151.251,5241.79,50.0,28.3529,4.013
8568.03,2368.05,0.27638,98.6964,1177110.8,124.959,3354.59,113.0,36.1968,1.536
10820.1,3472.59,0.32093,110.515,1556625.8,143.735,3852.92,55.0,34.8323,1.964
8314.73,2368.48,0.28485,95.3382,1152188.1,116.526,3917.8,45.0,35.2141,3.184
10891.7,5174.9,0.47512,113.835,1497928.8,183.706,4497.11,88.0,32.4673,18.129
6086.46,1973.37,0.32422,58.7591,841358.0,92.4355,2705.25,43.0,40.5542,2.028
15675.0,5352.18,0.34144,164.39,2283070.8,217.053,6950.19,167.0,23.7565,14.983
14403.0,4979.68,0.34573,166.385,1941566.9,210.319,4838.44,88.0,28.4793,8.139
12029.3,2905.47,0.24153,100.156,1689657.0,123.85,5860.91,51.0,27.0938,17.235
13196.1,3507.6,0.2658,143.55,1860531.2,154.265,4823.19,105.0,29.2153,16.453
13815.6,5805.4,0.4202,128.572,1906218.8,219.85,5003.11,107.0,29.58,19.447
10565.0,2743.17,0.25964,163.769,1496232.0,155.205,4724.13,34.0,28.9334,1.732
6469.11,1439.3,0.22248,50.4243,852467.5,81.8503,2845.85,53.0,39.7959,17.732
12923.1,3320.29,0.25692,116.68,1843060.8,165.43,4279.01,125.0,33.8291,19.103
6643.32,2045.06,0.30783,59.9888,895658.0,98.0296,3116.99,31.0,40.0666,1.516
7206.72,2482.44,0.34446,93.9468,938202.06,121.889,3433.1,91.0,38.0937,15.245
9882.32,3411.82,0.34524,106.916,1378884.6,131.718,3700.45,10.0,35.1454,2.599
5813.39,1912.46,0.32897,54.021,808347.8,89.7389,2572.9,95.0,40.8057,12.912
6005.64,1585.41,0.26398,69.1694,843214.25,79.0817,2824.35,71.0,36.0289,7.406
13057.3,3230.42,0.2474,139.195,1756235.2,169.767,4152.89,203.0,31.5338,3.883
11581.1,2581.36,0.22289,155.522,1644011.4,174.55,4587.03,53.0,30.0945,1.01
19312.8,6161.92,0.31905,254.89,2606871.0,301.907,5754.61,311.0,20.8988,4.041
3328.18,1053.58,0.31656,24.251,452984.94,36.0849,1381.83,2.0,45.5305,3.153
5935.32,1522.24,0.25647,46.6238,834309.06,66.22,2478.08,11.0,41.6115,2.469
7877.81,3492.04,0.44327,82.9229,1129297.1,119.212,3313.44,38.0,37.9243,3.087
7754.9,2422.5,0.31238,73.6154,1069616.1,101.641,3163.51,47.0,38.2839,10.956
9904.74,3227.52,0.32585,104.046,1373222.1,144.194,4001.61,30.0,31.6648,10.702
7459.03,2840.45,0.3808,85.9476,1027003.5,105.808,3918.59,21.0,35.5875,8.794
8841.55,2850.02,0.32234,56.2952,1210186.1,118.429,3938.34,27.0,35.8341,16.627
6248.96,1494.18,0.2391,57.1194,858209.06,95.6944,2728.73,66.0,40.1793,10.98
11313.2,3004.69,0.26559,130.551,1542118.6,178.219,4137.97,90.0,31.7933,3.403
8769.62,2624.99,0.29932,89.45,1225391.4,125.062,4715.49,29.0,33.0801,2.994
12244.3,3165.44,0.25852,149.994,1751472.4,172.051,4715.48,32.0,28.8186,1.801
9505.48,3380.27,0.35561,73.1249,1338639.0,144.724,3950.76,22.0,34.109,13.715
12993.2,4103.25,0.31579,142.54,1863255.4,163.472,4849.28,62.0,28.4898,11.109
14340.1,4419.95,0.30822,164.742,1987304.0,220.154,5227.8,177.0,27.027,1.62
6669.85,1724.05,0.25848,77.7865,901393.3,94.9752,3451.66,81.0,38.0009,1.815
5506.3,1040.74,0.189,51.5306,787303.4,70.5645,2860.26,56.0,40.2461,1.269
5912.1,1399.05,0.23664,48.8017,824619.2,72.5899,3142.52,60.0,38.4617,1.619
7362.61,2020.68,0.27445,69.8312,1017506.1,100.83,3565.63,35.0,36.2455,2.111
8179.29,2636.45,0.32233,66.2999,1087583.6,117.298,4105.03,70.0,34.318,11.555
10300.2,2824.55,0.27422,100.632,1401714.8,128.248,3616.25,114.0,37.5037,3.656
8031.38,2408.3,0.29986,63.5891,1116222.6,107.435,3446.01,35.0,40.4565,9.638
19586.2,6470.54,0.33036,258.967,2732067.8,319.027,5523.51,88.0,23.3685,3.586
9242.92,3465.62,0.37494,96.7416,1307911.0,147.102,3717.65,84.0,35.4623,15.129
26514.5,8433.87,0.31808,257.95,3711334.0,401.576,8734.88,195.0,24.1973,4.588
8902.28,1818.85,0.20431,75.7327,1285389.1,99.1035,3831.55,14.0,31.6187,1.311
9070.7,2635.64,0.29056,95.9567,1229471.0,130.752,4422.91,113.0,32.7814,5.312
6310.08,1786.41,0.2831,60.5947,839149.4,86.2323,3104.11,58.0,39.6308,12.569
14850.0,3625.41,0.24413,178.82,2116701.0,230.27,4833.72,91.0,27.5972,2.576
9395.03,1820.31,0.19375,100.891,1303196.2,120.769,3937.68,59.0,35.3234,9.189
14688.3,4673.12,0.31815,156.597,2071426.5,260.126,4583.55,110.0,28.983,4.495
14796.4,3802.63,0.25699,211.248,2068400.2,236.488,4954.38,136.0,26.8096,2.74
8896.36,4045.23,0.4547,86.0511,1242482.5,147.491,3688.3,119.0,35.1287,4.298
8695.52,2751.92,0.31647,81.2405,1172954.6,116.234,3869.0,43.0,36.1093,12.966
8864.96,1797.52,0.20276,108.601,1202026.9,131.167,4035.59,41.0,34.2045,2.177
8024.49,2008.86,0.25034,73.0632,1124941.5,100.462,3461.72,40.0,36.9205,16.907
14722.0,4671.05,0.31728,160.817,2038221.9,227.16,5282.18,186.0,29.7661,1.65
7618.83,1453.56,0.19078,72.0032,1068832.9,92.0257,3243.66,38.0,37.3878,18.063
8134.69,2168.45,0.26656,94.7908,1153280.4,110.125,3538.3,97.0,46.5464,2.078
7128.7,1825.45,0.25607,82.2566,988553.5,111.34,3739.88,19.0,46.5464,1.496
13127.4,4923.3,0.37503,124.749,1881115.1,206.74,5002.88,122.0,27.4124,19.135
5588.17,1660.11,0.29707,39.1784,765257.5,85.1506,3288.74,36.0,41.7732,14.529
9735.11,4118.35,0.42304,86.8314,1403209.0,130.596,4139.3,68.0,33.4783,15.688
3780.0,945.16,0.25004,32.3344,536731.2,43.6177,1770.89,12.0,45.3469,2.74
4291.07,769.95,0.17943,40.711,575937.75,59.472,2469.59,21.0,43.1895,3.94
4351.48,1378.15,0.3167,36.8751,589022.56,52.9248,1417.04,29.0,44.5173,11.459
13782.9,3889.25,0.28217,165.77,1971988.4,218.883,4687.6,134.0,28.6913,19.571
14157.5,5856.96,0.4137,150.238,2011723.8,205.154,4552.5,111.0,30.8862,16.673
17573.8,6107.49,0.34753,182.987,2448413.8,264.336,4965.38,39.0,23.8445,6.968
6203.06,2321.63,0.37427,53.2993,869723.56,101.815,2556.44,89.0,40.5206,13.286
6974.88,2200.45,0.31548,53.822,987939.06,85.7039,3863.82,62.0,37.9203,9.754
8984.61,2874.73,0.31996,57.8741,1264279.2,103.251,3679.19,40.0,38.5589,15.831
7451.38,2021.93,0.27134,71.0573,1043775.2,103.698,2829.41,41.0,40.0384,16.273
6001.6,1731.09,0.28843,55.7944,820445.06,84.6195,2455.92,27.0,41.3349,12.67
23439.3,7824.75,0.33383,315.753,3260509.8,375.132,6630.38,94.0,17.3639,4.099
14426.1,3877.76,0.2688,211.199,1973042.1,257.011,5173.1,162.0,25.0325,3.527
8581.23,2971.47,0.34627,81.933,1220147.9,126.745,3669.47,29.0,36.3681,4.622
8326.61,2085.88,0.2505,69.9221,1215553.2,104.409,3123.27,26.0,37.9854,1.796
12107.9,4475.85,0.36966,103.782,1698430.5,156.039,4143.93,52.0,34.9685,13.206
6561.61,2808.5,0.42801,65.488,899938.75,105.584,3374.8,67.0,38.3884,12.752
7456.31,2545.99,0.34145,75.8916,1032076.94,106.035,3742.45,76.0,37.5863,17.714
12691.0,3619.48,0.2852,111.543,1803328.4,168.783,4170.07,163.0,34.5621,17.452
5682.13,1250.9,0.22014,58.1515,783269.44,78.5275,2689.6,23.0,40.6219,1.114
9076.73,3367.9,0.37104,80.2823,1258046.8,130.318,3960.45,53.0,35.4344,12.835
6507.05,2218.67,0.34096,64.1486,888460.7,104.364,2820.46,50.0,36.4947,15.145
12304.5,4304.55,0.34983,156.17,1648825.1,241.204,4590.7,170.0,29.9459,19.332
9020.1,2144.22,0.23771,109.071,1246277.1,130.685,4204.19,58.0,34.2176,2.092
17438.1,4984.01,0.28581,261.332,2387798.0,245.305,4839.52,292.0,46.5464,4.341
8600.63,3022.18,0.35139,101.904,1199264.4,128.667,3296.21,41.0,36.5472,11.886
7898.66,2887.26,0.36553,83.1178,1108045.1,118.462,3460.08,59.0,38.1825,6.27
8627.68,3468.18,0.40198,69.4246,1209192.2,129.252,4375.26,90.0,30.6434,15.978
8235.61,1814.31,0.2203,79.063,1181187.9,102.296,3678.26,23.0,35.4408,1.863
5884.65,1950.54,0.33146,41.8778,812460.0,78.6205,2803.83,46.0,36.4314,16.11
10501.1,4091.47,0.38962,93.3855,1495564.4,143.519,3485.4,38.0,31.2101,17.361
25889.1,11787.1,0.45529,204.159,3392471.5,470.897,21110.17,140.0,27.7866,14.366
8097.91,1862.6,0.23,93.2308,1132172.6,121.795,3206.16,4.0,37.6554,0.537
9884.36,3700.75,0.3744,65.0529,1317325.0,151.598,3838.9,61.0,36.1394,11.542
6499.54,2113.95,0.32524,62.8825,921601.25,83.3237,2722.1,41.0,40.4688,1.543
9451.47,3003.89,0.31782,74.1749,1264670.4,143.372,4379.06,60.0,34.2721,19.903
20646.3,6658.65,0.32251,256.558,2883657.0,318.864,5512.8,80.0,23.4744,3.918
10907.5,2632.15,0.24131,133.618,1513866.5,172.283,4731.57,175.0,28.4298,0.694
10082.5,2918.87,0.28949,96.5174,1388966.2,131.647,4260.85,124.0,46.5464,19.171
6691.86,2285.39,0.34151,51.8174,923611.0,98.6344,2512.19,88.0,41.0363,14.526
7837.14,2320.69,0.29611,116.358,1078673.9,142.021,3672.72,58.0,35.6565,4.54
5325.19,1378.58,0.25887,52.3995,708036.44,66.9138,3234.81,28.0,40.8043,11.853
10098.8,4295.71,0.42536,84.1984,1422529.8,153.399,3808.24,110.0,34.5143,3.029
17319.9,5655.97,0.32655,171.419,2379360.0,236.644,4370.42,126.0,30.4069,20.002
7201.07,1721.37,0.23904,59.2554,980710.25,95.848,3472.01,35.0,37.3488,13.5
5798.52,1966.33,0.3391,51.1488,823483.9,91.7858,2553.44,93.0,40.7266,12.056
12679.8,3168.09,0.24985,138.701,1881604.4,233.744,4007.94,121.0,32.8177,16.976
16579.0,5031.23,0.30347,211.54,2183757.5,252.429,6215.52,250.0,21.4218,2.241
8201.19,2531.94,0.30872,74.0926,1167696.5,112.002,3504.19,14.0,36.3001,15.286
7983.46,1953.84,0.24473,71.1463,1126228.4,98.9277,4135.23,9.0,34.1241,4.737
5386.27,1217.3,0.226,41.604,737486.44,91.8856,3437.49,27.0,39.7425,13.193
7132.55,2011.89,0.28207,62.7913,976682.25,96.8642,3101.65,50.0,40.7409,2.391
11300.7,4562.66,0.40375,127.645,1600077.2,185.337,4969.49,142.0,28.7771,12.129
5718.95,1662.77,0.29074,46.1713,814205.2,67.9025,2495.32,14.0,41.6407,3.919
12018.2,3149.6,0.26206,152.064,1712656.0,170.365,4717.21,27.0,29.019,2.623
7831.18,1891.48,0.24153,68.2341,1079327.4,97.6795,3343.69,32.0,37.9187,6.035
16614.6,5440.46,0.32745,186.468,2300548.5,286.159,5521.18,102.0,24.5833,7.528
17667.1,5468.21,0.30951,268.877,2391216.8,310.658,5674.07,326.0,22.097,2.507
9720.56,3926.29,0.40391,73.6196,1344048.1,147.377,3723.59,42.0,34.2587,14.42
6317.44,2438.89,0.38605,65.566,917939.2,95.8331,3472.19,79.0,37.0564,15.394
9048.06,2840.36,0.31391,102.015,1235425.4,134.657,3696.19,125.0,34.626,1.588
7886.88,1746.72,0.22147,55.6559,1113571.0,86.7453,3123.53,26.0,37.2815,9.904
8873.58,2543.22,0.2866,97.2226,1225871.0,148.26,3314.59,14.0,36.1902,1.06
6602.79,1398.94,0.21187,55.2771,915948.56,87.0865,2801.39,17.0,40.6538,0.976
6083.37,1346.77,0.22138,70.2727,858939.94,75.3391,3062.93,15.0,39.0713,1.525
10296.1,3811.37,0.37017,97.9893,1434435.5,158.254,5849.54,117.0,34.9317,4.403
7252.39,2149.18,0.29634,74.4241,982937.2,113.369,3100.9,81.0,39.4261,1.292
6080.61,1434.17,0.23585,69.6611,857159.56,76.0902,2842.08,70.0,39.203,8.406
8543.41,2073.22,0.24266,64.0094,1254366.6,89.6018,2882.21,40.0,39.1498,11.985
7270.26,1733.1,0.23838,62.5604,982647.44,100.346,3218.95,43.0,38.4027,10.042
8236.32,1799.0,0.21842,71.1092,1156301.4,97.0412,3228.2,27.0,37.6012,18.063
10024.1,3429.05,0.34208,114.413,1430616.0,136.416,3904.84,75.0,34.5062,5.324
9633.17,2864.84,0.29739,121.128,1320655.1,143.559,4178.42,131.0,32.7162,2.721
7814.73,2729.96,0.34933,80.7161,1103133.0,116.922,3563.88,81.0,30.883,18.912
8256.51,1322.23,0.16014,74.9628,1108921.6,95.0565,3977.02,28.0,36.0885,10.05
11957.5,5380.57,0.44997,97.0613,1706782.0,167.044,4331.11,29.0,37.7177,17.206
11631.4,4197.95,0.36091,107.347,1701000.2,156.524,4673.0,58.0,30.6065,3.495
21190.7,5556.61,0.26221,294.525,2872072.2,312.338,6562.45,288.0,18.7636,1.408
10747.6,3802.15,0.35376,134.964,1471674.6,160.676,5022.18,68.0,28.4384,4.177
6627.09,1754.89,0.2648,88.896,922262.06,100.052,3864.24,24.0,36.0669,1.644
13034.4,4344.25,0.33329,163.145,1769829.6,196.349,4925.87,76.0,28.1427,3.006
6807.54,2210.54,0.32471,71.9382,958578.6,89.124,2966.62,78.0,39.5928,10.101
12241.6,4639.88,0.37902,82.1174,1734996.0,170.263,4402.54,64.0,30.9434,18.09
15994.8,4996.13,0.31235,187.858,2205465.2,276.764,5281.61,96.0,25.6708,7.723
15264.9,4124.51,0.27019,187.411,2157689.0,218.923,5693.95,64.0,22.9337,1.587
10202.2,3026.96,0.29669,128.621,1452577.9,158.898,4313.33,61.0,32.5937,7.736
17891.9,5385.76,0.30101,142.512,2472513.0,245.018,5582.9,187.0,23.4836,3.877
8112.29,2495.18,0.30758,61.8378,1164856.9,103.21,3226.59,45.0,38.3024,12.312
4938.05,1554.23,0.31474,42.6271,679686.8,64.0181,1877.56,24.0,43.5097,1.964
7587.0,2093.13,0.27588,56.9896,1072913.5,83.332,3608.47,40.0,38.3469,15.21
4526.66,933.19,0.20615,35.4572,614950.1,50.1653,1908.97,22.0,42.518,11.492
9735.51,3276.1,0.33651,95.502,1329513.9,134.868,4047.4,47.0,34.669,3.022
22644.9,8636.95,0.3814,167.254,3190508.2,314.125,6457.94,152.0,21.253,18.225
9689.37,2486.17,0.25658,98.4846,1369557.8,139.182,3562.2,128.0,35.0516,7.56
16669.9,6015.14,0.36083,183.621,2259705.0,268.101,5023.4,95.0,28.6315,9.893
9301.13,1958.15,0.21052,104.744,1327040.1,118.069,3819.71,41.0,34.8665,2.747
14946.5,4072.8,0.27249,216.353,2085122.2,256.562,5657.75,94.0,23.0436,1.614
9824.68,2505.12,0.25498,105.457,1394057.5,152.901,3925.2,42.0,32.5653,2.261
9265.49,2400.93,0.25912,56.0801,1205100.1,133.72,3256.94,25.0,37.4589,14.957
7223.21,2312.16,0.3201,51.7186,1000497.94,91.9537,4442.2,58.0,39.5403,12.668
6947.14,1872.96,0.2696,59.5051,951654.5,84.6461,2928.54,31.0,40.3462,15.954
7436.6,2227.43,0.29952,74.2325,1006970.3,102.436,3404.25,75.0,35.4544,3.516
6823.16,1670.42,0.24481,63.6565,992640.06,93.4153,2999.44,10.0,37.9273,0.0
13938.5,4610.11,0.33074,151.976,1935502.9,236.436,4655.83,98.0,29.4044,5.413
6920.49,2520.95,0.36427,78.6498,963242.1,112.482,3450.49,28.0,36.3562,10.812
7360.46,3036.36,0.41252,75.3467,1036777.3,118.023,3279.02,46.0,37.9302,3.6
10272.3,4061.19,0.39535,75.9342,1414039.9,146.728,4430.78,66.0,34.258,14.972
9555.57,2879.86,0.30138,99.3257,1278997.8,134.819,4157.37,38.0,31.8718,15.126
7938.3,2203.57,0.27758,85.4833,1095569.0,112.489,3100.17,21.0,37.68,0.605
6274.54,2578.64,0.41096,62.1599,822583.2,120.465,2792.23,5.0,38.8517,14.042
5272.92,1857.85,0.35233,49.4719,732763.3,68.0817,2267.16,17.0,42.7422,4.036
3962.29,1038.37,0.26206,34.0651,562705.5,46.1584,1792.39,13.0,44.1237,8.188
4144.61,1809.1,0.43649,32.6984,574593.25,62.7233,2103.63,47.0,44.3093,8.288
11482.2,3170.88,0.27615,138.469,1571467.1,156.198,4498.77,90.0,31.3187,1.955
13657.8,3366.8,0.24651,193.306,1859778.6,217.782,4576.72,169.0,29.0602,1.731
4212.58,1493.81,0.3546,31.9007,598129.5,56.3129,1356.3,44.0,42.7567,17.331
7358.93,1911.82,0.25979,86.2138,995287.6,128.689,3460.17,38.0,36.129,1.96
9384.6,2397.64,0.25548,118.295,1304877.8,139.878,4355.49,59.0,33.0946,3.006
13782.7,5700.94,0.41363,148.528,1967039.5,200.133,4297.11,114.0,29.298,17.503
6319.09,1440.36,0.22793,60.6544,893648.2,75.9252,3144.78,31.0,37.312,14.47
7179.44,1772.17,0.24683,86.4906,991218.8,107.885,3835.1,31.0,35.3647,1.678
11404.8,3810.91,0.33414,147.676,1586856.8,160.246,5122.41,40.0,27.9387,4.075
19217.7,5130.82,0.26698,228.516,2696414.0,305.102,5556.77,96.0,23.8085,3.503
11766.9,4310.86,0.36635,165.383,1722409.5,210.203,4664.21,113.0,25.2797,19.833
8954.9,2282.05,0.25483,98.0467,1220628.1,122.568,3641.23,119.0,32.8732,1.413
23067.5,7017.48,0.30421,302.991,3209735.5,375.866,6314.99,90.0,17.5184,3.045
9952.46,3348.64,0.33646,80.7888,1378011.6,136.97,3948.8,50.0,33.7516,16.163
5804.98,908.29,0.15646,54.0987,803899.1,56.5713,2877.4,22.0,39.1121,7.681
10085.5,4057.4,0.4023,83.3028,1389034.5,160.638,4406.89,39.0,35.0631,19.332
8182.36,1721.38,0.21037,79.8392,1135325.8,86.9549,3364.89,51.0,38.4011,12.716
9375.89,3005.65,0.32057,90.6587,1330180.4,146.138,3907.93,5.0,35.1392,2.249
8740.97,3043.12,0.34814,78.5501,1195612.9,111.6,3298.08,6.0,37.6857,13.122
10748.6,2481.02,0.23082,132.976,1461946.4,143.335,3810.68,18.0,34.4272,3.168
10218.0,3891.2,0.38081,82.9449,1411695.2,150.607,3858.03,83.0,35.5353,17.157
7650.22,2418.75,0.31616,70.0034,1040703.44,102.538,3419.04,74.0,36.8564,3.045
8463.1,3127.13,0.3695,81.8466,1211219.2,131.466,3532.57,36.0,37.1714,4.031
17047.8,5396.28,0.31653,210.339,2249061.8,268.747,6201.96,255.0,21.6347,2.375
6297.41,2411.64,0.38295,60.954,869193.5,99.7225,2686.39,44.0,40.5662,2.644
9815.24,2497.2,0.25442,117.176,1380055.0,149.637,4187.66,46.0,34.0567,3.883
10376.5,3882.22,0.37413,92.0482,1471693.5,143.538,3888.79,108.0,34.3428,7.705
14567.7,6177.44,0.42405,189.357,2112647.8,289.817,4979.43,115.0,26.5457,6.192
10445.6,3234.08,0.30961,98.098,1432671.0,113.469,6638.47,16.0,31.1983,20.976
8488.1,2233.01,0.26307,87.4562,1161456.0,129.185,3593.67,46.0,36.1991,4.967
7995.13,2370.43,0.29648,90.7251,1083568.8,139.239,3612.15,75.0,37.2762,15.859
6463.98,1926.16,0.29798,57.1875,920338.1,73.7063,3317.35,70.0,40.3828,11.675
5994.25,1935.55,0.3229,55.3857,853175.06,82.9615,2549.51,67.0,41.5017,2.761
17615.6,6791.15,0.38551,151.417,2409600.0,314.861,11420.93,56.0,31.0942,4.318
9825.45,2589.79,0.26357,103.166,1341602.0,122.076,3736.9,16.0,33.4362,15.484
9390.99,3244.42,0.34548,65.3386,1271547.6,143.833,3297.06,51.0,36.6231,4.339
7978.06,2019.3,0.2531,65.662,1156170.0,87.2051,2805.8,33.0,39.6016,5.123
7071.72,2526.14,0.35721,63.0098,945304.25,111.674,3088.17,47.0,41.4549,3.856
8735.76,2223.56,0.25453,89.9902,1226820.5,133.92,4124.75,170.0,32.573,1.352
13178.6,4213.11,0.31969,163.755,1790870.4,224.984,4779.06,114.0,28.1658,4.685
7417.15,1768.56,0.23844,75.1165,1082034.2,88.0744,3025.66,11.0,37.1589,1.588
8976.42,3516.94,0.39179,67.4162,1273514.5,129.252,3337.76,28.0,37.3436,15.478
8243.9,3320.06,0.40272,82.6703,1133378.1,118.251,3739.05,12.0,37.7077,10.856
5790.06,1993.92,0.34436,55.7938,795312.44,76.714,3573.25,12.0,38.5978,4.671
15948.9,5539.84,0.34734,188.089,2300937.2,273.421,5283.77,91.0,24.1447,4.941
18976.9,5470.56,0.28827,258.171,2572820.0,311.776,5733.96,333.0,21.2553,2.747
5454.85,2286.38,0.41914,51.6111,735502.75,91.3739,2585.5,70.0,41.1193,4.184
18690.0,5381.99,0.28796,248.057,2527241.2,308.825,5714.94,320.0,21.4685,2.854
6519.32,2646.11,0.40588,51.8606,903740.75,110.617,2656.4,77.0,40.3848,12.524
13982.9,4290.8,0.30686,159.226,1914754.8,212.489,5568.53,10.0,30.7843,5.924
17345.2,4673.62,0.26944,178.206,2410986.5,268.04,4863.84,47.0,46.5464,7.789
13873.0,3580.53,0.25809,187.902,1827057.9,226.797,5696.08,257.0,22.7073,2.657
6795.28,2517.44,0.37046,64.1404,981917.4,115.493,3097.61,15.0,38.6004,12.169
7552.19,2415.18,0.31979,61.848,1041616.6,96.8597,3615.0,29.0,37.2775,3.033
7036.64,2235.56,0.3177,58.0924,916334.25,116.173,2797.16,42.0,38.8493,3.783
6159.84,1520.03,0.24676,61.8027,848626.8,82.8843,3102.39,51.0,39.3068,8.761
11507.4,3033.61,0.26362,116.27,1629546.1,162.012,4406.09,63.0,32.9933,4.957
12179.5,3341.38,0.27434,168.265,1694996.5,202.99,4762.09,66.0,28.7774,3.624
5935.36,1914.38,0.32253,56.3656,808269.2,96.0892,3288.99,66.0,36.0959,1.813
5621.27,1270.69,0.22605,41.9541,761399.5,76.5595,3018.39,35.0,40.1219,14.889
6800.71,2197.64,0.32314,69.5304,907681.44,103.386,2891.17,33.0,39.6895,7.637
11291.3,3498.19,0.30981,120.926,1549577.5,180.756,4119.51,22.0,31.6598,2.969
12692.9,5906.01,0.4653,111.174,1839370.0,200.509,5783.88,86.0,24.4352,15.134
13755.9,3582.0,0.26039,161.722,1945903.4,216.674,5012.13,196.0,27.7597,2.33
3530.6,1171.62,0.33184,25.8308,478029.84,43.908,1369.93,1.0,45.3953,2.509
14064.2,4526.31,0.32183,115.521,1931957.8,179.008,7514.78,116.0,34.096,9.896
8621.28,1914.0,0.222,73.7374,1182036.0,96.9139,3397.38,47.0,32.6718,17.101
18661.3,6367.14,0.34119,206.322,2568885.8,312.325,5895.16,229.0,21.6885,9.613
15345.1,5506.67,0.35885,190.845,2120127.8,244.509,5172.24,106.0,26.7611,19.069
8250.9,2522.05,0.30566,92.4027,1121669.8,124.657,3265.02,86.0,38.5431,1.71
8312.3,2444.95,0.29413,73.1299,1077630.2,125.003,3456.33,70.0,37.5155,12.322
8560.37,2427.75,0.2836,69.4558,1185399.5,99.1623,3741.76,51.0,34.7941,17.92
9153.15,2552.74,0.27889,57.3513,1285873.4,113.966,4029.46,53.0,38.1764,16.172
7115.05,2466.84,0.3467,57.7859,1023930.0,93.2069,4693.56,29.0,36.6851,12.649
15512.9,5208.54,0.33575,90.5817,2052079.4,219.905,4754.94,96.0,28.1117,20.055
4461.2,2156.29,0.48334,56.7589,567216.4,115.458,1631.4,109.0,44.5818,14.798
4859.13,1345.14,0.27682,47.1101,673841.56,60.006,1846.87,34.0,43.6551,1.904
9184.57,1398.04,0.15221,92.0702,1264659.9,112.229,3953.48,59.0,34.2836,8.939
8960.07,2770.99,0.30925,52.8125,1205142.9,123.552,4281.98,26.0,35.0661,14.589
19275.9,6211.85,0.32225,184.143,2658218.0,268.965,5255.85,45.0,26.6664,17.332
8145.15,2668.39,0.3276,63.7441,1137030.0,106.527,3675.51,12.0,37.1747,16.515
5915.66,789.78,0.1335,44.5227,832389.94,69.7511,2665.46,4.0,42.2213,1.022
9098.74,2296.09,0.25235,92.9858,1266804.6,118.557,3802.52,43.0,35.225,2.683
8098.16,2150.47,0.26555,81.6456,1146026.0,103.144,3915.77,39.0,34.7866,2.051
6073.1,983.18,0.16189,52.0399,837555.9,68.8386,3055.19,16.0,40.418,2.277
18509.7,5638.02,0.30459,205.425,2550532.8,289.562,6220.54,251.0,20.6565,8.727
12183.7,3484.31,0.28598,101.301,1686821.0,181.461,4619.5,123.0,29.9071,2.827
6774.43,1832.38,0.27048,67.8684,909523.9,90.2421,3015.57,17.0,38.9168,2.057
15409.3,5278.09,0.34252,156.169,2168318.8,208.632,6760.22,38.0,24.0464,15.425
7971.79,3149.48,0.39507,72.8633,1126437.6,122.538,3241.6,40.0,37.4774,3.259
10247.4,2909.01,0.28387,104.257,1420026.1,143.407,3775.15,123.0,35.4803,1.555
9454.54,3346.27,0.35393,77.6657,1284697.9,130.312,3787.91,94.0,38.5207,6.71
5734.69,1293.71,0.22559,50.8754,809660.25,74.2878,3032.19,58.0,39.882,1.259
14949.1,4683.6,0.3133,176.647,2059838.8,254.134,4864.07,26.0,28.1224,3.044
21682.3,6203.67,0.28611,299.443,2930439.0,312.738,6632.19,291.0,18.6346,1.569
6388.33,1494.46,0.23393,64.7405,920141.44,73.5714,3070.49,21.0,39.0406,2.503
9009.01,2427.46,0.26944,76.6504,1238188.8,108.032,3856.3,39.0,36.9558,5.842
6776.51,2096.81,0.30942,74.2855,949170.9,99.5523,3228.34,96.0,38.1785,12.525
11854.0,4677.77,0.39461,135.016,1568816.1,187.801,4150.02,36.0,33.1668,5.22
5874.42,1917.21,0.32636,57.9981,823391.8,90.4889,2619.15,39.0,40.5941,2.256
7787.71,1558.35,0.2001,74.7961,1093255.8,82.1524,3225.93,23.0,35.3611,16.754
8144.53,1854.21,0.22766,86.8191,1153399.0,117.684,3562.32,10.0,36.4018,1.687
4890.64,1289.71,0.2637,35.2261,672299.8,59.6443,1871.09,29.0,43.3473,10.646
4690.15,1820.76,0.3882,42.9229,632477.6,76.791,1696.41,20.0,43.5202,13.595
8333.18,1779.37,0.21352,79.7432,1184108.5,97.2167,3826.08,19.0,34.9669,1.306
8595.31,2427.22,0.28238,63.0505,1211530.0,99.1075,2821.69,21.0,38.4716,10.697
19584.7,5455.05,0.27853,296.467,2652650.0,309.069,6579.83,278.0,18.6114,1.489
7837.68,1480.94,0.18895,74.5484,1084192.9,88.1095,3388.04,77.0,37.6967,14.961
18679.0,5966.18,0.3194,179.757,2650896.8,268.661,6149.89,213.0,23.8081,8.114
6809.23,2170.04,0.31869,81.3199,912560.2,114.3,3134.95,80.0,38.8254,1.335
7031.19,1993.74,0.28355,81.5457,955428.3,110.964,3079.94,79.0,39.0143,1.537
13953.2,2148.22,0.15395,164.937,1934578.6,224.892,4777.64,91.0,28.1132,2.963
15837.4,4890.65,0.3088,184.37,2185950.2,267.956,5273.34,100.0,25.2174,7.553
14299.9,4110.33,0.28743,176.525,1970034.5,241.004,5296.57,148.0,25.0837,2.365
9928.69,3164.7,0.31874,125.764,1320770.8,165.571,3979.33,38.0,34.0119,1.798
5962.6,2053.84,0.34445,59.4506,844431.94,81.9593,2519.02,64.0,41.4304,13.612
6082.36,1023.18,0.16822,51.4312,860830.6,60.0344,3039.61,11.0,38.7433,8.502
4753.12,1064.38,0.22393,37.8307,651655.06,52.391,1874.0,37.0,44.0633,12.353
8827.3,2151.99,0.24378,98.7484,1230178.2,137.741,3657.69,12.0,33.9944,1.503
8366.17,2142.77,0.25612,101.982,1167381.4,125.745,3232.21,5.0,37.0129,0.817
6849.08,3006.32,0.43893,66.4312,930584.8,101.266,3314.21,57.0,37.9943,15.491
9055.49,2612.27,0.28847,80.9065,1271261.4,111.042,4244.52,59.0,34.4652,2.752
10941.5,4659.05,0.42581,87.1941,1516333.0,173.439,3948.82,30.0,34.3857,18.228
5246.89,1879.01,0.35811,48.1936,727461.3,71.4216,2247.59,20.0,42.0686,3.84
8908.2,1970.28,0.22117,96.4188,1269612.1,130.065,3790.06,48.0,34.5138,2.897
9881.29,2875.17,0.29097,86.0603,1396516.5,129.595,3273.04,11.0,36.8333,17.32
7020.16,1705.25,0.2429,61.6874,967790.0,83.8345,3331.95,30.0,37.703,5.507
7382.79,2974.04,0.40283,93.6105,1032581.75,129.41,2904.6,38.0,39.1275,13.292
8974.14,2671.79,0.29772,92.9762,1250110.8,123.872,3216.48,22.0,37.2959,1.185
11946.3,4044.53,0.33855,115.022,1688705.2,183.71,4727.43,102.0,32.9361,12.232
13051.6,3994.51,0.30605,156.269,1811333.8,213.328,5249.05,48.0,25.7002,2.216
4156.43,1259.56,0.30303,32.0645,587430.44,49.0955,2206.45,50.0,43.9274,9.011
7562.8,1999.72,0.26441,73.1498,1027647.44,90.7884,3745.03,84.0,36.6491,13.878
11770.4,2922.4,0.24828,157.325,1621157.0,185.562,4185.27,62.0,31.8218,2.001
7865.16,2004.18,0.25481,93.8823,1096836.2,124.813,3211.39,4.0,37.0456,0.677
5020.17,1301.82,0.25931,41.5113,672386.06,63.0664,2755.12,12.0,42.557,4.353
20858.4,5617.63,0.26932,247.212,2863113.0,312.85,5500.47,213.0,25.4053,5.366
12886.6,5432.96,0.42159,129.967,1807242.9,203.173,4567.59,68.0,31.0437,17.333
6929.56,2774.45,0.40037,61.8491,1014321.0,102.003,3187.55,32.0,38.8768,1.335
5978.39,1651.41,0.27622,61.1738,751500.75,91.7397,3122.66,23.0,39.3759,2.335
13515.4,4483.91,0.33176,174.565,1842150.8,245.128,4854.77,143.0,28.297,16.259
5782.92,1922.35,0.33241,63.1317,737935.7,95.8972,2893.02,27.0,37.7286,14.648
16218.0,6364.02,0.3924,186.295,2200413.8,284.931,5326.06,210.0,26.3796,5.749
11506.7,3210.41,0.279,141.229,1569472.1,158.365,4477.97,89.0,30.3154,1.936
9460.69,2219.92,0.23464,103.483,1302028.4,145.236,4001.25,37.0,34.0733,2.007
8254.43,1748.29,0.2118,66.665,1171456.8,88.4613,3028.0,27.0,38.7837,14.663
6841.84,1806.77,0.26407,66.151,926900.9,92.7842,2960.0,17.0,39.1523,1.834
6880.08,1761.33,0.256,75.4283,924072.9,99.8845,3502.78,72.0,37.6159,1.984
7800.94,1461.09,0.18729,71.0343,1093930.1,90.1109,3345.74,32.0,39.0323,15.251
7858.65,2349.1,0.29891,51.6347,1098405.8,97.6835,3650.81,40.0,37.5869,12.359
13183.6,3919.54,0.2973,160.963,1874740.4,229.204,4328.97,78.0,30.5658,1.636
10158.7,3935.85,0.38743,75.4179,1380180.4,149.244,3935.37,33.0,35.6887,17.327
13000.3,4257.85,0.32751,163.172,1788026.0,189.771,4895.78,146.0,28.4245,4.816
12994.0,3785.49,0.29132,166.398,1800339.8,202.037,4841.8,69.0,28.2376,3.297
11009.2,3910.47,0.3552,98.0543,1554184.0,141.415,4709.23,108.0,30.8023,13.981
21217.7,7207.63,0.33969,229.282,2957098.2,360.11,5805.8,196.0,24.217,5.717
4730.85,965.05,0.20399,41.7855,616941.0,69.2351,2591.36,11.0,43.3168,2.235
8421.67,3050.75,0.36225,73.2987,1190014.4,115.63,3319.66,18.0,37.6222,16.931
13704.2,4466.0,0.32588,171.103,1978002.0,248.971,4945.57,102.0,26.7471,4.489
8695.6,1915.88,0.22032,77.2759,1238908.8,110.775,4223.84,95.0,34.3604,1.574
9580.9,2639.22,0.27546,106.427,1308104.0,162.758,4155.82,73.0,33.1287,0.774
7692.12,2107.45,0.27397,89.0128,1067454.9,107.975,3083.35,21.0,37.9138,1.072
9053.98,2053.48,0.2268,100.691,1270081.4,138.674,3561.04,21.0,34.2027,0.94
14332.9,5899.14,0.41158,190.865,1911592.6,277.289,4952.14,83.0,25.985,5.91
7040.03,1798.45,0.25546,66.6104,947602.6,91.0226,4234.22,62.0,34.6712,5.469
8040.29,2400.84,0.2986,66.1815,1096918.1,103.811,3755.53,41.0,36.3083,15.925
13279.2,5970.64,0.44962,171.298,1831913.5,254.768,63609.66,111.0,31.204,19.876
4941.33,1465.78,0.29663,37.9478,695625.94,72.4075,2453.4,44.0,41.4984,8.844
8262.41,2287.55,0.27686,61.7955,1166160.1,96.3185,3024.97,32.0,38.2878,9.624
11347.9,3838.38,0.33824,115.908,1622789.4,194.136,4278.25,21.0,32.4755,4.038
15598.4,5090.13,0.32632,177.24,2176909.8,256.398,5385.63,226.0,27.9688,13.145
13976.8,4718.41,0.33758,187.613,1896615.9,246.127,4930.43,208.0,29.5831,15.91
6262.41,1734.2,0.27692,53.9304,862714.25,80.3597,2492.93,28.0,40.3552,15.243
6721.47,2087.72,0.3106,48.1854,941831.9,87.0748,2635.26,60.0,39.903,13.009
8178.14,2755.87,0.33698,40.3022,1146937.4,122.091,3767.45,23.0,36.0158,15.044
13921.9,5346.12,0.384,203.628,1838821.6,244.969,5132.49,93.0,26.1583,5.548
13812.5,3984.14,0.28844,146.483,1878933.2,204.046,4717.26,22.0,29.3372,3.381
10119.8,4597.94,0.45435,140.745,1373631.9,216.098,4174.52,124.0,32.3737,10.831
9517.11,2745.3,0.28845,102.356,1302198.5,163.132,4158.95,71.0,33.1641,0.611
6126.19,1741.13,0.28421,69.946,867286.0,73.768,2821.41,74.0,40.188,7.258
13430.9,2813.69,0.20949,159.015,1823219.8,220.886,4758.68,109.0,28.5862,1.792
8808.61,3154.1,0.35807,85.5552,1259573.0,122.981,3585.7,54.0,36.369,11.607
10898.4,4235.52,0.38863,109.991,1603207.5,176.096,4426.48,77.0,31.8344,3.567
7812.1,3164.86,0.40512,76.3018,1098069.5,126.353,3302.12,45.0,37.777,2.894
9115.54,2838.96,0.31144,89.4582,1306127.8,124.933,3825.66,5.0,31.7797,3.565
5521.58,1512.33,0.27389,45.2233,774329.6,64.5984,2906.31,16.0,41.4353,1.99
7893.39,1746.31,0.22123,79.4017,1122121.2,98.8803,3883.72,39.0,35.3587,2.277
11581.6,2087.37,0.18023,145.476,1640311.5,168.677,4611.32,144.0,29.9514,1.623
27546.4,10263.9,0.3726,230.493,3759338.5,420.142,6643.26,179.0,19.0452,15.591
6573.38,2181.7,0.33189,64.4343,886002.06,101.496,3100.7,21.0,39.9979,1.459
9715.37,4011.72,0.41292,89.5083,1364357.2,159.641,4147.88,85.0,34.6782,16.788
6009.93,2155.82,0.3587,39.5162,820294.56,88.299,2160.38,7.0,43.3193,16.98
12330.6,4380.2,0.35523,195.93,1710154.9,232.154,4321.41,164.0,30.4491,6.11
4800.58,1519.38,0.31649,42.4004,674679.7,65.6465,1777.24,22.0,43.5467,3.968
13930.1,4959.09,0.35599,217.939,1932761.9,221.665,4363.53,105.0,30.2583,3.714
9355.43,2739.02,0.29277,90.576,1328187.4,131.49,3782.95,10.0,35.5309,2.589
15177.2,3739.7,0.2464,183.632,2118340.2,227.235,4734.18,37.0,28.2784,1.559
9264.5,2432.26,0.26253,82.8991,1316559.6,112.917,3983.9,82.0,34.3184,6.856
16540.6,5430.24,0.32829,208.067,2177268.0,265.056,6060.78,255.0,21.7068,2.412
6341.01,1736.33,0.27382,53.7023,915805.3,81.1866,3122.47,56.0,39.2184,1.536
7219.97,2046.64,0.28346,64.9353,1012508.1,96.8793,3146.49,89.0,37.9158,2.74
9488.34,3598.19,0.37922,72.0305,1322515.0,144.903,4559.79,40.0,37.3177,17.207
9463.12,2726.78,0.28814,99.5362,1283257.1,134.238,3388.01,13.0,36.5632,2.795
7248.11,1841.65,0.25408,63.3212,1007757.75,94.6454,4125.89,54.0,37.4428,8.959
10852.4,3860.33,0.35571,98.1833,1558099.6,136.116,4307.05,70.0,32.7869,18.861
10553.7,2709.03,0.25669,91.5661,1446237.6,151.686,3783.32,97.0,34.4877,18.733
12897.4,2641.94,0.20484,159.767,1742513.0,192.861,4908.34,146.0,29.8573,1.331
6305.19,2216.99,0.35161,66.2285,831682.75,99.8198,2709.47,27.0,41.1778,10.634
14960.8,5919.8,0.39568,134.828,2101720.8,237.384,5347.14,116.0,25.5715,18.653
15128.0,4016.59,0.2655,211.361,2092733.1,246.204,5136.49,183.0,24.9535,3.825
9705.04,2789.49,0.28742,93.8699,1334602.1,123.103,3907.34,40.0,35.0412,2.909
18015.1,4567.41,0.25353,166.582,2534404.8,211.639,6398.58,158.0,20.7653,17.718
21040.1,6204.09,0.29486,204.453,3018903.0,311.28,6563.47,281.0,18.7811,10.744
9510.18,3656.17,0.38444,63.9534,1369443.1,128.396,3375.51,44.0,37.564,16.244
8105.16,2587.7,0.31926,99.387,1136092.5,135.083,3945.22,165.0,32.5853,16.275
21364.9,6122.85,0.28658,238.549,2976126.2,317.283,5638.65,85.0,23.362,3.337
4565.73,1151.0,0.25209,42.9583,617896.3,59.9344,2360.92,53.0,41.0812,9.363
9436.27,2593.08,0.27479,100.772,1292527.6,163.65,4151.7,72.0,33.1733,0.759
18606.5,4324.26,0.2324,239.39,2614538.2,268.298,5572.03,93.0,23.5666,2.392
4573.97,1049.85,0.22952,30.7999,636668.44,50.7085,2001.77,50.0,44.4361,6.909
8977.09,2450.24,0.27294,85.7609,1259291.5,115.918,4125.03,112.0,31.7817,4.262
9245.11,2072.01,0.22411,98.7111,1258955.0,137.396,3987.77,36.0,34.2321,2.028
7593.9,2609.47,0.34362,68.2104,1042553.44,109.739,3895.4,68.0,36.1924,11.71
7620.9,1968.53,0.2583,53.5086,1042084.8,92.8074,2970.17,36.0,38.3403,18.079
9177.72,3247.76,0.35387,92.0332,1296762.0,133.823,3823.19,15.0,34.6968,4.127
7498.45,2474.66,0.33002,71.3799,1020151.06,109.425,3876.9,78.0,35.7352,13.954
4772.37,986.96,0.2068,43.1333,636854.56,65.8414,2435.32,46.0,42.7636,10.674
10508.2,2871.55,0.27326,95.9436,1500360.8,119.55,4174.65,100.0,33.4008,4.475
10792.2,2686.04,0.24888,122.919,1461924.5,171.245,3963.27,70.0,32.6974,2.065
14107.1,3589.05,0.25441,156.401,2034127.4,206.011,4600.75,34.0,29.2473,2.866
8643.22,2980.41,0.34482,87.1871,1229394.2,127.587,3396.59,30.0,35.304,4.443
7318.29,2341.94,0.32001,77.1113,1006076.2,106.327,3313.36,44.0,37.7304,15.081
7111.33,1560.54,0.21944,85.3209,955755.94,97.4744,3392.46,11.0,37.2596,14.305
11572.2,2537.47,0.21927,149.257,1641480.9,182.162,4603.87,50.0,29.903,0.892
7433.37,2809.23,0.37792,65.8517,1028148.44,112.992,3134.01,103.0,37.3204,18.357
23388.0,9357.05,0.40007,150.623,3224539.8,371.198,6493.75,138.0,20.553,20.957
7420.77,2000.37,0.26956,63.663,1036791.8,92.9898,3131.48,77.0,37.9224,4.046
9303.03,2861.2,0.30755,99.4938,1264735.8,143.398,3375.64,114.0,36.1396,2.959
16052.6,5377.6,0.33499,234.42,2186644.0,259.224,5358.67,121.0,24.8802,2.017
14506.6,3236.53,0.2231,200.518,2021917.4,249.528,4967.57,135.0,26.8279,2.237
8853.35,2526.03,0.28531,98.533,1202743.0,96.4742,4048.7,12.0,32.6495,11.659
18210.8,6644.9,0.36488,186.845,2575296.5,295.631,4987.06,116.0,26.8885,20.432
9383.65,2683.43,0.28596,96.4109,1312673.2,129.711,3983.62,22.0,34.494,3.614
9735.3,2337.0,0.24005,101.887,1379264.5,128.216,3648.79,136.0,35.7386,3.435
5765.27,1451.04,0.25168,60.9022,722986.8,89.1352,3090.8,19.0,39.589,2.233
8750.63,1766.4,0.20185,97.4348,1177781.0,114.726,4186.95,23.0,46.5464,0.0
8113.83,2295.08,0.28286,85.7405,1120143.6,112.028,3106.1,23.0,37.6921,0.921
15441.5,4404.2,0.28521,190.396,2123967.2,253.081,5227.71,94.0,25.7883,6.505
8650.43,2708.79,0.31313,94.973,1185420.8,151.145,3274.2,7.0,36.7771,1.499
